     0.000      1.417      0.541
     0.500      3.120      0.159
     1.000      3.131      0.155
     1.500      3.183      0.123
     2.000      3.203      0.116
     2.500      3.239      0.092
     3.000      3.264      0.087
     3.500      3.292      0.070
     4.000      3.314      0.065
     4.500      3.338      0.055
     5.000      3.356      0.053
     5.500      3.378      0.047
     6.000      3.391      0.048
     6.500      3.411      0.045
     7.000      3.422      0.046
     7.500      3.436      0.047
     8.000      3.448      0.046
     8.500      3.458      0.049
     9.000      3.470      0.047
     9.500      3.478      0.049
    10.000      3.486      0.050
    10.500      3.495      0.049
    11.000      3.502      0.050
    11.500      3.509      0.050
    12.000      3.516      0.049
    12.500      3.522      0.050
    13.000      3.528      0.050
    13.500      3.534      0.049
    14.000      3.540      0.049
    14.500      3.546      0.048
    15.000      3.552      0.048
    15.500      3.558      0.047
    16.000      3.564      0.047
    16.500      3.571      0.046
    17.000      3.578      0.046
    17.500      3.584      0.045
    18.000      3.592      0.045
    18.500      3.599      0.044
    19.000      3.606      0.043
    19.500      3.614      0.043
    20.000      3.622      0.042
    20.500      3.630      0.042
    21.000      3.639      0.042
    21.500      3.648      0.041
    22.000      3.656      0.042
    22.500      3.666      0.041
    23.000      3.675      0.042
    23.500      3.686      0.042
    24.000      3.696      0.042
    24.500      3.708      0.042
    25.000      3.719      0.043
    25.500      3.730      0.044
    26.000      3.742      0.044
    26.500      3.755      0.045
    27.000      3.768      0.045
    27.500      3.781      0.045
    28.000      3.796      0.047
    28.500      3.810      0.048
    29.000      3.825      0.049
    29.500      3.840      0.051
    30.000      3.856      0.053
    30.500      3.873      0.053
    31.000      3.891      0.053
    31.500      3.908      0.053
    32.000      3.925      0.052
    32.500      3.942      0.051
    33.000      3.960      0.050
    33.500      3.977      0.051
    34.000      3.996      0.051
    34.500      4.012      0.052
    35.000      4.032      0.055
    35.500      4.050      0.058
    36.000      4.067      0.060
    36.500      4.087      0.063
    37.000      4.107      0.067
    37.500      4.128      0.072
    38.000      4.148      0.077
    38.500      4.170      0.080
    39.000      4.190      0.085
    39.500      4.210      0.089
    40.000      4.229      0.093
    40.500      4.248      0.097
    41.000      4.262      0.097
    41.500      4.274      0.099
    42.000      4.288      0.099
    42.500      4.545      0.222
    43.000      4.545      0.210
    43.500      4.543      0.199
    44.000      4.540      0.190
    44.500      4.536      0.182
    45.000      4.533      0.175
    45.500      4.529      0.166
    46.000      4.526      0.159
    46.500      4.526      0.155
    47.000      4.526      0.153
    47.500      4.526      0.153
    48.000      4.529      0.156
    48.500      4.531      0.159
    49.000      4.535      0.161
    49.500      4.533      0.160
    50.000      4.534      0.160
    50.500      4.532      0.158
    51.000      4.530      0.157
    51.500      4.525      0.154
    52.000      4.517      0.147
    52.500      4.509      0.142
    53.000      4.498      0.135
    53.500      4.490      0.129
    54.000      4.482      0.122
    54.500      4.472      0.115
    55.000      4.462      0.108
    55.500      4.454      0.104
    56.000      4.445      0.100
    56.500      4.439      0.099
    57.000      4.433      0.097
    57.500      4.426      0.095
    58.000      4.421      0.101
    58.500      4.418      0.107
    59.000      4.412      0.110
    59.500      4.407      0.113
    60.000      4.401      0.112
    60.500      4.395      0.113
    61.000      4.386      0.107
    61.500      4.378      0.104
    62.000      4.370      0.100
    62.500      4.363      0.099
    63.000      4.356      0.095
    63.500      4.349      0.093
    64.000      4.342      0.091
    64.500      4.335      0.090
    65.000      4.329      0.089
    65.500      4.323      0.088
    66.000      4.316      0.087
    66.500      4.311      0.085
    67.000      4.304      0.086
    67.500      4.298      0.085
    68.000      4.293      0.086
    68.500      4.288      0.086
    69.000      4.282      0.086
    69.500      4.277      0.086
    70.000      4.272      0.087
    70.500      4.267      0.088
    71.000      4.262      0.089
    71.500      4.258      0.089
    72.000      4.253      0.090
    72.500      4.248      0.091
    73.000      4.244      0.092
    73.500      4.241      0.093
    74.000      4.236      0.094
    74.500      4.233      0.094
    75.000      4.229      0.095
    75.500      4.225      0.097
    76.000      4.222      0.097
    76.500      4.219      0.098
    77.000      4.215      0.098
    77.500      4.212      0.098
    78.000      4.209      0.100
    78.500      4.206      0.101
    79.000      4.204      0.102
    79.500      4.201      0.102
    80.000      4.198      0.102
    80.500      4.196      0.102
    81.000      4.193      0.103
    81.500      4.191      0.104
    82.000      4.189      0.105
    82.500      4.187      0.105
    83.000      4.186      0.105
    83.500      4.184      0.105
    84.000      4.182      0.105
    84.500      4.180      0.106
    85.000      4.179      0.106
    85.500      4.178      0.107
    86.000      4.176      0.107
    86.500      4.175      0.107
    87.000      4.173      0.107
    87.500      4.172      0.107
    88.000      4.171      0.107
    88.500      4.171      0.108
    89.000      4.170      0.108
    89.500      4.169      0.108
    90.000      4.168      0.107
    90.500      4.167      0.107
    91.000      4.167      0.107
    91.500      4.167      0.107
    92.000      4.167      0.108
    92.500      4.166      0.108
    93.000      4.166      0.108
    93.500      4.165      0.107
    94.000      4.165      0.107
    94.500      4.165      0.106
    95.000      4.166      0.107
    95.500      4.166      0.107
    96.000      4.166      0.107
    96.500      4.165      0.107
    97.000      4.166      0.106
    97.500      4.166      0.106
    98.000      4.166      0.106
    98.500      4.167      0.106
    99.000      4.168      0.106
    99.500      4.167      0.106
   100.000      4.168      0.106
   100.500      4.168      0.106
   101.000      4.169      0.105
   101.500      4.170      0.105
   102.000      4.170      0.106
   102.500      4.171      0.106
   103.000      4.171      0.106
   103.500      4.172      0.106
   104.000      4.173      0.105
   104.500      4.174      0.105
   105.000      4.175      0.105
   105.500      4.176      0.106
   106.000      4.176      0.106
   106.500      4.177      0.106
   107.000      4.178      0.106
   107.500      4.179      0.106
   108.000      4.180      0.106
   108.500      4.181      0.106
   109.000      4.182      0.107
   109.500      4.183      0.108
   110.000      4.184      0.108
   110.500      4.185      0.108
   111.000      4.187      0.108
   111.500      4.188      0.109
   112.000      4.189      0.109
   112.500      4.190      0.110
   113.000      4.191      0.111
   113.500      4.193      0.111
   114.000      4.194      0.112
   114.500      4.195      0.112
   115.000      4.197      0.113
   115.500      4.198      0.114
   116.000      4.200      0.116
   116.500      4.201      0.116
   117.000      4.202      0.117
   117.500      4.204      0.117
   118.000      4.206      0.118
   118.500      4.207      0.120
   119.000      4.208      0.121
   119.500      4.209      0.122
   120.000      4.211      0.123
   120.500      4.212      0.124
   121.000      4.215      0.125
   121.500      4.216      0.127
   122.000      4.218      0.128
   122.500      4.219      0.129
   123.000      4.220      0.130
   123.500      4.222      0.131
   124.000      4.224      0.132
   124.500      4.226      0.135
   125.000      4.227      0.137
   125.500      4.228      0.138
   126.000      4.230      0.139
   126.500      4.231      0.140
   127.000      4.234      0.141
   127.500      4.236      0.144
   128.000      4.237      0.146
   128.500      4.239      0.147
   129.000      4.240      0.148
   129.500      4.241      0.149
   130.000      4.243      0.151
   130.500      4.246      0.153
   131.000      4.248      0.156
   131.500      4.249      0.157
   132.000      4.250      0.158
   132.500      4.252      0.159
   133.000      4.253      0.161
   133.500      4.256      0.163
   134.000      4.258      0.166
   134.500      4.260      0.168
   135.000      4.261      0.169
   135.500      4.262      0.170
   136.000      4.263      0.171
   136.500      4.266      0.173
   137.000      4.268      0.177
   137.500      4.270      0.179
   138.000      4.271      0.180
   138.500      4.272      0.181
   139.000      4.273      0.182
   139.500      4.275      0.184
   140.000      4.278      0.186
   140.500      4.280      0.190
   141.000      4.282      0.191
   141.500      4.282      0.191
   142.000      4.283      0.192
   142.500      4.285      0.194
   143.000      4.288      0.196
   143.500      4.290      0.200
   144.000      4.291      0.201
   144.500      4.292      0.202
   145.000      4.293      0.203
   145.500      4.295      0.204
   146.000      4.297      0.206
   146.500      4.300      0.209
   147.000      4.301      0.211
   147.500      4.301      0.211
   148.000      4.302      0.212
   148.500      4.303      0.214
   149.000      4.306      0.216
   149.500      4.308      0.218
   150.000      4.309      0.220
   150.500      4.310      0.221
   151.000      4.311      0.221
   151.500      4.312      0.222
   152.000      4.314      0.225
   152.500      4.316      0.226
   153.000      4.317      0.228
   153.500      4.317      0.229
   154.000      4.318      0.229
   154.500      4.320      0.231
   155.000      4.322      0.233
   155.500      4.323      0.233
   156.000      4.325      0.235
   156.500      4.325      0.236
   157.000      4.325      0.237
   157.500      4.327      0.238
   158.000      4.329      0.239
   158.500      4.330      0.240
   159.000      4.331      0.241
   159.500      4.331      0.242
   160.000      4.331      0.243
   160.500      4.333      0.244
   161.000      4.335      0.245
   161.500      4.335      0.245
   162.000      4.335      0.245
   162.500      4.337      0.247
   163.000      4.337      0.248
   163.500      4.337      0.249
   164.000      4.339      0.250
   164.500      4.339      0.250
   165.000      4.340      0.249
   165.500      4.340      0.250
   166.000      4.341      0.252
   166.500      4.341      0.253
   167.000      4.342      0.254
   167.500      4.343      0.253
   168.000      4.342      0.253
   168.500      4.343      0.253
   169.000      4.344      0.255
   169.500      4.345      0.256
   170.000      4.343      0.257
   170.500      4.344      0.256
   171.000      4.344      0.256
   171.500      4.344      0.255
   172.000      4.345      0.257
   172.500      4.345      0.258
   173.000      4.345      0.258
   173.500      4.343      0.259
   174.000      4.344      0.258
   174.500      4.344      0.258
   175.000      4.344      0.258
   175.500      4.344      0.259
   176.000      4.344      0.259
   176.500      4.342      0.260
   177.000      4.342      0.260
   177.500      4.343      0.260
   178.000      4.341      0.260
   178.500      4.342      0.261
   179.000      4.341      0.261
   179.500      4.341      0.261
   180.000      4.338      0.263
   180.500      4.339      0.262
   181.000      4.337      0.264
   181.500      4.337      0.263
   182.000      4.336      0.264
   182.500      4.335      0.263
   183.000      4.335      0.263
   183.500      4.332      0.266
   184.000      4.333      0.267
   184.500      4.330      0.268
   185.000      4.329      0.268
   185.500      4.328      0.268
   186.000      4.328      0.267
   186.500      4.327      0.268
   187.000      4.326      0.271
   187.500      4.322      0.275
   188.000      4.320      0.276
   188.500      4.318      0.276
   189.000      4.318      0.275
   189.500      4.318      0.275
   190.000      4.314      0.279
   190.500      4.312      0.289
   191.000      4.308      0.288
   191.500      4.306      0.287
   192.000      4.306      0.287
   192.500      4.306      0.287
   193.000      4.306      0.287
   193.500      4.304      0.294
   194.000      4.294      0.306
   194.500      4.291      0.305
   195.000      4.291      0.305
   195.500      4.291      0.305
   196.000      4.291      0.305
   196.500      4.291      0.305
   197.000      4.277      0.331
   197.500      4.274      0.329
   198.000      4.274      0.329
   198.500      4.274      0.329
   199.000      4.274      0.329
   199.500      4.274      0.329
