     0.000      1.564      0.478
     0.500      3.065      0.171
     1.000      3.118      0.159
     1.500      3.162      0.131
     2.000      3.206      0.108
     2.500      3.235      0.097
     3.000      3.278      0.071
     3.500      3.303      0.067
     4.000      3.338      0.049
     4.500      3.360      0.050
     5.000      3.388      0.042
     5.500      3.409      0.043
     6.000      3.430      0.041
     6.500      3.449      0.042
     7.000      3.465      0.042
     7.500      3.482      0.044
     8.000      3.495      0.044
     8.500      3.508      0.045
     9.000      3.519      0.045
     9.500      3.530      0.044
    10.000      3.539      0.044
    10.500      3.548      0.043
    11.000      3.555      0.042
    11.500      3.563      0.042
    12.000      3.569      0.040
    12.500      3.576      0.039
    13.000      3.581      0.039
    13.500      3.587      0.037
    14.000      3.592      0.036
    14.500      3.598      0.035
    15.000      3.602      0.034
    15.500      3.607      0.033
    16.000      3.612      0.032
    16.500      3.617      0.031
    17.000      3.621      0.030
    17.500      3.626      0.030
    18.000      3.631      0.029
    18.500      3.636      0.028
    19.000      3.640      0.028
    19.500      3.645      0.027
    20.000      3.650      0.027
    20.500      3.655      0.026
    21.000      3.660      0.026
    21.500      3.665      0.027
    22.000      3.670      0.027
    22.500      3.675      0.027
    23.000      3.681      0.028
    23.500      3.686      0.029
    24.000      3.692      0.030
    24.500      3.698      0.031
    25.000      3.704      0.032
    25.500      3.710      0.033
    26.000      3.717      0.035
    26.500      3.723      0.036
    27.000      3.730      0.038
    27.500      3.737      0.039
    28.000      3.745      0.041
    28.500      3.753      0.042
    29.000      3.762      0.042
    29.500      3.771      0.044
    30.000      3.780      0.045
    30.500      3.789      0.047
    31.000      3.798      0.048
    31.500      3.809      0.049
    32.000      3.819      0.051
    32.500      3.830      0.053
    33.000      3.841      0.055
    33.500      3.853      0.058
    34.000      3.864      0.060
    34.500      3.876      0.063
    35.000      3.887      0.066
    35.500      3.899      0.070
    36.000      3.909      0.073
    36.500      3.920      0.077
    37.000      3.932      0.080
    37.500      3.945      0.084
    38.000      3.960      0.087
    38.500      3.976      0.089
    39.000      3.994      0.090
    39.500      4.263      0.218
    40.000      4.287      0.220
    40.500      4.305      0.217
    41.000      4.317      0.212
    41.500      4.324      0.206
    42.000      4.336      0.197
    42.500      4.346      0.183
    43.000      4.356      0.170
    43.500      4.365      0.164
    44.000      4.373      0.160
    44.500      4.385      0.165
    45.000      4.398      0.166
    45.500      4.415      0.163
    46.000      4.436      0.164
    46.500      4.453      0.164
    47.000      4.470      0.168
    47.500      4.482      0.169
    48.000      4.491      0.170
    48.500      4.497      0.167
    49.000      4.503      0.161
    49.500      4.506      0.154
    50.000      4.509      0.149
    50.500      4.512      0.144
    51.000      4.512      0.139
    51.500      4.512      0.134
    52.000      4.511      0.130
    52.500      4.512      0.125
    53.000      4.512      0.119
    53.500      4.511      0.113
    54.000      4.510      0.109
    54.500      4.509      0.106
    55.000      4.508      0.103
    55.500      4.507      0.102
    56.000      4.506      0.099
    56.500      4.506      0.096
    57.000      4.505      0.093
    57.500      4.504      0.091
    58.000      4.503      0.090
    58.500      4.501      0.090
    59.000      4.500      0.090
    59.500      4.499      0.089
    60.000      4.498      0.088
    60.500      4.497      0.087
    61.000      4.496      0.087
    61.500      4.494      0.087
    62.000      4.492      0.088
    62.500      4.490      0.088
    63.000      4.489      0.088
    63.500      4.488      0.088
    64.000      4.486      0.089
    64.500      4.485      0.089
    65.000      4.483      0.089
    65.500      4.481      0.090
    66.000      4.479      0.090
    66.500      4.477      0.090
    67.000      4.475      0.090
    67.500      4.474      0.090
    68.000      4.472      0.090
    68.500      4.470      0.090
    69.000      4.468      0.090
    69.500      4.465      0.090
    70.000      4.463      0.091
    70.500      4.462      0.090
    71.000      4.460      0.090
    71.500      4.458      0.090
    72.000      4.456      0.090
    72.500      4.453      0.089
    73.000      4.451      0.089
    73.500      4.449      0.089
    74.000      4.447      0.089
    74.500      4.445      0.089
    75.000      4.444      0.088
    75.500      4.441      0.088
    76.000      4.438      0.088
    76.500      4.436      0.088
    77.000      4.433      0.087
    77.500      4.432      0.087
    78.000      4.430      0.086
    78.500      4.428      0.086
    79.000      4.425      0.086
    79.500      4.423      0.086
    80.000      4.420      0.086
    80.500      4.418      0.085
    81.000      4.416      0.085
    81.500      4.415      0.085
    82.000      4.412      0.086
    82.500      4.409      0.086
    83.000      4.407      0.086
    83.500      4.405      0.086
    84.000      4.403      0.086
    84.500      4.401      0.086
    85.000      4.399      0.087
    85.500      4.397      0.088
    86.000      4.394      0.088
    86.500      4.392      0.088
    87.000      4.390      0.088
    87.500      4.388      0.089
    88.000      4.386      0.090
    88.500      4.385      0.091
    89.000      4.382      0.092
    89.500      4.380      0.092
    90.000      4.378      0.093
    90.500      4.376      0.094
    91.000      4.374      0.095
    91.500      4.373      0.096
    92.000      4.371      0.097
    92.500      4.369      0.098
    93.000      4.366      0.099
    93.500      4.365      0.099
    94.000      4.363      0.100
    94.500      4.361      0.101
    95.000      4.360      0.102
    95.500      4.358      0.103
    96.000      4.356      0.104
    96.500      4.354      0.104
    97.000      4.353      0.105
    97.500      4.351      0.105
    98.000      4.350      0.106
    98.500      4.348      0.107
    99.000      4.347      0.108
    99.500      4.345      0.108
   100.000      4.343      0.108
   100.500      4.342      0.109
   101.000      4.340      0.109
   101.500      4.339      0.110
   102.000      4.338      0.110
   102.500      4.336      0.110
   103.000      4.335      0.111
   103.500      4.334      0.111
   104.000      4.332      0.111
   104.500      4.331      0.111
   105.000      4.330      0.111
   105.500      4.328      0.111
   106.000      4.327      0.111
   106.500      4.326      0.111
   107.000      4.325      0.111
   107.500      4.323      0.111
   108.000      4.322      0.111
   108.500      4.321      0.111
   109.000      4.320      0.111
   109.500      4.319      0.110
   110.000      4.318      0.111
   110.500      4.317      0.110
   111.000      4.315      0.110
   111.500      4.314      0.110
   112.000      4.314      0.109
   112.500      4.313      0.109
   113.000      4.312      0.109
   113.500      4.311      0.109
   114.000      4.310      0.108
   114.500      4.309      0.108
   115.000      4.308      0.107
   115.500      4.307      0.107
   116.000      4.307      0.107
   116.500      4.306      0.107
   117.000      4.304      0.106
   117.500      4.304      0.106
   118.000      4.303      0.106
   118.500      4.303      0.106
   119.000      4.302      0.105
   119.500      4.302      0.105
   120.000      4.300      0.105
   120.500      4.300      0.104
   121.000      4.300      0.104
   121.500      4.299      0.105
   122.000      4.298      0.105
   122.500      4.298      0.104
   123.000      4.296      0.104
   123.500      4.296      0.104
   124.000      4.296      0.104
   124.500      4.296      0.105
   125.000      4.295      0.105
   125.500      4.295      0.105
   126.000      4.294      0.106
   126.500      4.293      0.106
   127.000      4.293      0.106
   127.500      4.294      0.106
   128.000      4.293      0.107
   128.500      4.292      0.108
   129.000      4.292      0.109
   129.500      4.290      0.109
   130.000      4.291      0.110
   130.500      4.292      0.111
   131.000      4.292      0.111
   131.500      4.291      0.112
   132.000      4.290      0.114
   132.500      4.289      0.115
   133.000      4.289      0.116
   133.500      4.290      0.117
   134.000      4.290      0.117
   134.500      4.290      0.118
   135.000      4.289      0.120
   135.500      4.288      0.122
   136.000      4.288      0.124
   136.500      4.289      0.125
   137.000      4.290      0.125
   137.500      4.290      0.126
   138.000      4.290      0.128
   138.500      4.288      0.131
   139.000      4.288      0.133
   139.500      4.289      0.134
   140.000      4.290      0.135
   140.500      4.290      0.135
   141.000      4.290      0.137
   141.500      4.290      0.140
   142.000      4.289      0.143
   142.500      4.289      0.145
   143.000      4.290      0.145
   143.500      4.290      0.146
   144.000      4.291      0.147
   144.500      4.291      0.150
   145.000      4.290      0.153
   145.500      4.290      0.156
   146.000      4.290      0.157
   146.500      4.291      0.157
   147.000      4.292      0.158
   147.500      4.293      0.160
   148.000      4.293      0.164
   148.500      4.292      0.167
   149.000      4.292      0.168
   149.500      4.293      0.169
   150.000      4.294      0.169
   150.500      4.295      0.171
   151.000      4.295      0.174
   151.500      4.296      0.178
   152.000      4.294      0.179
   152.500      4.295      0.180
   153.000      4.296      0.180
   153.500      4.297      0.182
   154.000      4.298      0.184
   154.500      4.299      0.188
   155.000      4.298      0.190
   155.500      4.298      0.190
   156.000      4.299      0.191
   156.500      4.300      0.192
   157.000      4.301      0.194
   157.500      4.303      0.197
   158.000      4.302      0.199
   158.500      4.301      0.200
   159.000      4.302      0.201
   159.500      4.303      0.201
   160.000      4.305      0.203
   160.500      4.307      0.205
   161.000      4.307      0.207
   161.500      4.306      0.209
   162.000      4.306      0.210
   162.500      4.307      0.210
   163.000      4.309      0.211
   163.500      4.311      0.213
   164.000      4.312      0.214
   164.500      4.311      0.216
   165.000      4.311      0.217
   165.500      4.312      0.217
   166.000      4.313      0.218
   166.500      4.315      0.220
   167.000      4.317      0.220
   167.500      4.317      0.221
   168.000      4.317      0.223
   168.500      4.318      0.223
   169.000      4.318      0.224
   169.500      4.320      0.225
   170.000      4.322      0.226
   170.500      4.323      0.226
   171.000      4.323      0.227
   171.500      4.324      0.228
   172.000      4.324      0.229
   172.500      4.326      0.229
   173.000      4.326      0.230
   173.500      4.329      0.230
   174.000      4.330      0.230
   174.500      4.330      0.232
   175.000      4.331      0.232
   175.500      4.333      0.232
   176.000      4.333      0.233
   176.500      4.333      0.233
   177.000      4.337      0.233
   177.500      4.338      0.234
   178.000      4.339      0.234
   178.500      4.340      0.234
   179.000      4.339      0.235
   179.500      4.340      0.235
   180.000      4.342      0.235
   180.500      4.346      0.235
   181.000      4.347      0.237
   181.500      4.347      0.236
   182.000      4.347      0.236
   182.500      4.347      0.237
   183.000      4.348      0.236
   183.500      4.352      0.238
   184.000      4.355      0.239
   184.500      4.356      0.239
   185.000      4.356      0.239
   185.500      4.355      0.239
   186.000      4.355      0.239
   186.500      4.357      0.239
   187.000      4.364      0.241
   187.500      4.365      0.242
   188.000      4.364      0.243
   188.500      4.364      0.244
   189.000      4.364      0.244
   189.500      4.364      0.244
   190.000      4.368      0.246
   190.500      4.375      0.249
   191.000      4.374      0.251
   191.500      4.373      0.252
   192.000      4.373      0.252
   192.500      4.373      0.252
   193.000      4.373      0.252
   193.500      4.384      0.257
   194.000      4.384      0.264
   194.500      4.383      0.265
   195.000      4.383      0.265
   195.500      4.383      0.265
   196.000      4.383      0.265
   196.500      4.383      0.265
   197.000      4.394      0.283
   197.500      4.394      0.284
   198.000      4.394      0.284
   198.500      4.394      0.284
   199.000      4.394      0.284
   199.500      4.394      0.284
