     0.000      1.491      0.596
     0.500      3.072      0.171
     1.000      3.098      0.157
     1.500      3.166      0.123
     2.000      3.199      0.107
     2.500      3.253      0.082
     3.000      3.281      0.070
     3.500      3.324      0.055
     4.000      3.348      0.047
     4.500      3.380      0.041
     5.000      3.405      0.037
     5.500      3.427      0.036
     6.000      3.449      0.038
     6.500      3.466      0.037
     7.000      3.483      0.040
     7.500      3.497      0.041
     8.000      3.509      0.042
     8.500      3.520      0.042
     9.000      3.529      0.043
     9.500      3.537      0.042
    10.000      3.544      0.041
    10.500      3.550      0.040
    11.000      3.555      0.039
    11.500      3.559      0.038
    12.000      3.564      0.037
    12.500      3.567      0.036
    13.000      3.571      0.035
    13.500      3.574      0.034
    14.000      3.579      0.033
    14.500      3.582      0.033
    15.000      3.586      0.032
    15.500      3.589      0.032
    16.000      3.594      0.031
    16.500      3.598      0.031
    17.000      3.602      0.030
    17.500      3.606      0.030
    18.000      3.611      0.030
    18.500      3.616      0.030
    19.000      3.620      0.030
    19.500      3.626      0.030
    20.000      3.631      0.030
    20.500      3.637      0.031
    21.000      3.642      0.031
    21.500      3.648      0.032
    22.000      3.655      0.033
    22.500      3.661      0.034
    23.000      3.668      0.036
    23.500      3.675      0.037
    24.000      3.682      0.038
    24.500      3.690      0.040
    25.000      3.698      0.042
    25.500      3.706      0.043
    26.000      3.714      0.045
    26.500      3.723      0.047
    27.000      3.732      0.049
    27.500      3.741      0.050
    28.000      3.752      0.052
    28.500      3.761      0.054
    29.000      3.772      0.056
    29.500      3.783      0.057
    30.000      3.798      0.056
    30.500      3.810      0.055
    31.000      3.825      0.056
    31.500      3.838      0.056
    32.000      3.855      0.054
    32.500      3.870      0.054
    33.000      3.887      0.055
    33.500      3.901      0.058
    34.000      3.917      0.060
    34.500      3.935      0.061
    35.000      3.954      0.061
    35.500      3.976      0.059
    36.000      3.998      0.058
    36.500      4.016      0.059
    37.000      4.034      0.065
    37.500      4.053      0.070
    38.000      4.074      0.078
    38.500      4.096      0.085
    39.000      4.379      0.126
    39.500      4.393      0.142
    40.000      4.427      0.171
    40.500      4.468      0.198
    41.000      4.502      0.210
    41.500      4.523      0.211
    42.000      4.541      0.207
    42.500      4.559      0.203
    43.000      4.574      0.199
    43.500      4.585      0.193
    44.000      4.590      0.187
    44.500      4.592      0.181
    45.000      4.597      0.176
    45.500      4.600      0.171
    46.000      4.600      0.163
    46.500      4.596      0.155
    47.000      4.590      0.146
    47.500      4.585      0.138
    48.000      4.583      0.133
    48.500      4.582      0.128
    49.000      4.581      0.123
    49.500      4.578      0.117
    50.000      4.573      0.110
    50.500      4.568      0.105
    51.000      4.566      0.101
    51.500      4.564      0.098
    52.000      4.563      0.096
    52.500      4.561      0.093
    53.000      4.557      0.090
    53.500      4.552      0.087
    54.000      4.549      0.085
    54.500      4.547      0.083
    55.000      4.546      0.083
    55.500      4.544      0.082
    56.000      4.541      0.081
    56.500      4.537      0.081
    57.000      4.534      0.081
    57.500      4.532      0.081
    58.000      4.530      0.081
    58.500      4.528      0.081
    59.000      4.525      0.081
    59.500      4.522      0.082
    60.000      4.519      0.083
    60.500      4.517      0.084
    61.000      4.515      0.084
    61.500      4.513      0.084
    62.000      4.511      0.084
    62.500      4.508      0.085
    63.000      4.505      0.087
    63.500      4.502      0.088
    64.000      4.501      0.089
    64.500      4.499      0.088
    65.000      4.497      0.088
    65.500      4.494      0.088
    66.000      4.492      0.090
    66.500      4.490      0.091
    67.000      4.488      0.091
    67.500      4.486      0.091
    68.000      4.484      0.090
    68.500      4.481      0.090
    69.000      4.479      0.091
    69.500      4.477      0.092
    70.000      4.475      0.092
    70.500      4.474      0.092
    71.000      4.472      0.091
    71.500      4.469      0.091
    72.000      4.467      0.091
    72.500      4.465      0.091
    73.000      4.463      0.092
    73.500      4.462      0.091
    74.000      4.460      0.091
    74.500      4.458      0.091
    75.000      4.455      0.090
    75.500      4.453      0.090
    76.000      4.451      0.091
    76.500      4.450      0.090
    77.000      4.449      0.090
    77.500      4.447      0.090
    78.000      4.445      0.089
    78.500      4.442      0.089
    79.000      4.440      0.090
    79.500      4.439      0.090
    80.000      4.438      0.090
    80.500      4.436      0.089
    81.000      4.434      0.089
    81.500      4.432      0.089
    82.000      4.430      0.090
    82.500      4.428      0.090
    83.000      4.428      0.090
    83.500      4.426      0.090
    84.000      4.425      0.090
    84.500      4.422      0.090
    85.000      4.420      0.091
    85.500      4.418      0.092
    86.000      4.417      0.092
    86.500      4.416      0.093
    87.000      4.414      0.093
    87.500      4.413      0.093
    88.000      4.410      0.093
    88.500      4.408      0.095
    89.000      4.407      0.095
    89.500      4.406      0.096
    90.000      4.405      0.096
    90.500      4.404      0.097
    91.000      4.402      0.097
    91.500      4.399      0.098
    92.000      4.397      0.099
    92.500      4.396      0.100
    93.000      4.395      0.100
    93.500      4.394      0.101
    94.000      4.393      0.101
    94.500      4.391      0.102
    95.000      4.388      0.103
    95.500      4.387      0.103
    96.000      4.385      0.104
    96.500      4.385      0.105
    97.000      4.384      0.105
    97.500      4.382      0.106
    98.000      4.380      0.107
    98.500      4.377      0.108
    99.000      4.376      0.108
    99.500      4.375      0.108
   100.000      4.374      0.109
   100.500      4.373      0.109
   101.000      4.371      0.110
   101.500      4.368      0.111
   102.000      4.367      0.111
   102.500      4.365      0.111
   103.000      4.365      0.112
   103.500      4.364      0.113
   104.000      4.362      0.114
   104.500      4.360      0.115
   105.000      4.358      0.115
   105.500      4.356      0.115
   106.000      4.355      0.115
   106.500      4.354      0.116
   107.000      4.353      0.117
   107.500      4.352      0.117
   108.000      4.349      0.118
   108.500      4.348      0.118
   109.000      4.346      0.118
   109.500      4.345      0.118
   110.000      4.344      0.119
   110.500      4.343      0.120
   111.000      4.341      0.121
   111.500      4.339      0.121
   112.000      4.338      0.121
   112.500      4.337      0.121
   113.000      4.336      0.122
   113.500      4.334      0.123
   114.000      4.333      0.124
   114.500      4.331      0.124
   115.000      4.330      0.124
   115.500      4.329      0.124
   116.000      4.328      0.125
   116.500      4.326      0.126
   117.000      4.325      0.127
   117.500      4.323      0.127
   118.000      4.323      0.128
   118.500      4.321      0.128
   119.000      4.320      0.129
   119.500      4.319      0.129
   120.000      4.317      0.130
   120.500      4.316      0.131
   121.000      4.315      0.132
   121.500      4.315      0.132
   122.000      4.313      0.133
   122.500      4.312      0.133
   123.000      4.310      0.134
   123.500      4.309      0.135
   124.000      4.308      0.136
   124.500      4.308      0.136
   125.000      4.307      0.137
   125.500      4.306      0.138
   126.000      4.304      0.138
   126.500      4.302      0.139
   127.000      4.301      0.140
   127.500      4.301      0.141
   128.000      4.301      0.142
   128.500      4.300      0.142
   129.000      4.299      0.143
   129.500      4.297      0.144
   130.000      4.295      0.145
   130.500      4.295      0.146
   131.000      4.295      0.147
   131.500      4.295      0.148
   132.000      4.294      0.148
   132.500      4.293      0.149
   133.000      4.291      0.150
   133.500      4.289      0.151
   134.000      4.290      0.152
   134.500      4.291      0.152
   135.000      4.290      0.153
   135.500      4.289      0.154
   136.000      4.287      0.155
   136.500      4.285      0.156
   137.000      4.285      0.157
   137.500      4.286      0.158
   138.000      4.287      0.158
   138.500      4.286      0.159
   139.000      4.284      0.160
   139.500      4.283      0.161
   140.000      4.282      0.162
   140.500      4.282      0.163
   141.000      4.283      0.163
   141.500      4.283      0.164
   142.000      4.283      0.164
   142.500      4.281      0.166
   143.000      4.280      0.167
   143.500      4.279      0.167
   144.000      4.281      0.168
   144.500      4.282      0.169
   145.000      4.281      0.169
   145.500      4.281      0.170
   146.000      4.280      0.171
   146.500      4.278      0.172
   147.000      4.279      0.172
   147.500      4.281      0.173
   148.000      4.281      0.173
   148.500      4.281      0.173
   149.000      4.280      0.174
   149.500      4.279      0.175
   150.000      4.279      0.175
   150.500      4.280      0.175
   151.000      4.281      0.177
   151.500      4.281      0.177
   152.000      4.282      0.176
   152.500      4.282      0.177
   153.000      4.281      0.177
   153.500      4.280      0.177
   154.000      4.283      0.179
   154.500      4.283      0.179
   155.000      4.284      0.179
   155.500      4.285      0.178
   156.000      4.285      0.178
   156.500      4.283      0.178
   157.000      4.284      0.178
   157.500      4.286      0.181
   158.000      4.287      0.180
   158.500      4.288      0.179
   159.000      4.289      0.178
   159.500      4.289      0.178
   160.000      4.288      0.178
   160.500      4.290      0.180
   161.000      4.291      0.181
   161.500      4.292      0.179
   162.000      4.295      0.177
   162.500      4.296      0.176
   163.000      4.295      0.176
   163.500      4.294      0.176
   164.000      4.297      0.180
   164.500      4.298      0.179
   165.000      4.301      0.176
   165.500      4.303      0.174
   166.000      4.303      0.173
   166.500      4.302      0.174
   167.000      4.302      0.175
   167.500      4.305      0.178
   168.000      4.308      0.175
   168.500      4.312      0.171
   169.000      4.312      0.170
   169.500      4.312      0.170
   170.000      4.311      0.170
   170.500      4.314      0.175
   171.000      4.316      0.174
   171.500      4.321      0.170
   172.000      4.323      0.167
   172.500      4.323      0.167
   173.000      4.323      0.167
   173.500      4.322      0.168
   174.000      4.325      0.172
   174.500      4.331      0.169
   175.000      4.336      0.165
   175.500      4.336      0.165
   176.000      4.336      0.165
   176.500      4.336      0.164
   177.000      4.337      0.169
   177.500      4.341      0.169
   178.000      4.350      0.165
   178.500      4.350      0.165
   179.000      4.350      0.165
   179.500      4.350      0.165
   180.000      4.350      0.165
   180.500      4.353      0.170
   181.000      4.364      0.168
   181.500      4.367      0.169
   182.000      4.367      0.169
   182.500      4.367      0.169
   183.000      4.367      0.168
   183.500      4.367      0.171
   184.000      4.376      0.175
   184.500      4.386      0.179
   185.000      4.386      0.179
   185.500      4.386      0.179
   186.000      4.386      0.179
   186.500      4.387      0.177
   187.000      4.389      0.185
   187.500      4.406      0.195
   188.000      4.406      0.196
   188.500      4.406      0.196
   189.000      4.406      0.196
   189.500      4.406      0.196
   190.000      4.407      0.196
   190.500      4.426      0.212
   191.000      4.429      0.221
   191.500      4.429      0.221
   192.000      4.429      0.221
   192.500      4.429      0.221
   193.000      4.429      0.221
   193.500      4.434      0.228
   194.000      4.455      0.255
   194.500      4.455      0.255
   195.000      4.455      0.255
   195.500      4.455      0.255
   196.000      4.455      0.255
   196.500      4.455      0.255
   197.000      4.482      0.297
   197.500      4.482      0.297
   198.000      4.482      0.297
   198.500      4.482      0.297
   199.000      4.482      0.297
   199.500      4.482      0.297
