     0.000      1.342      0.511
     0.500      3.061      0.164
     1.000      3.106      0.154
     1.500      3.155      0.129
     2.000      3.209      0.103
     2.500      3.250      0.090
     3.000      3.288      0.078
     3.500      3.327      0.064
     4.000      3.360      0.059
     4.500      3.390      0.055
     5.000      3.416      0.052
     5.500      3.443      0.050
     6.000      3.465      0.047
     6.500      3.484      0.048
     7.000      3.502      0.045
     7.500      3.519      0.043
     8.000      3.531      0.042
     8.500      3.545      0.041
     9.000      3.556      0.039
     9.500      3.566      0.038
    10.000      3.574      0.038
    10.500      3.583      0.038
    11.000      3.589      0.038
    11.500      3.595      0.038
    12.000      3.601      0.039
    12.500      3.607      0.039
    13.000      3.611      0.039
    13.500      3.616      0.039
    14.000      3.620      0.039
    14.500      3.625      0.039
    15.000      3.629      0.038
    15.500      3.633      0.038
    16.000      3.637      0.037
    16.500      3.642      0.036
    17.000      3.646      0.036
    17.500      3.651      0.035
    18.000      3.656      0.035
    18.500      3.661      0.035
    19.000      3.668      0.035
    19.500      3.674      0.035
    20.000      3.681      0.035
    20.500      3.688      0.036
    21.000      3.697      0.038
    21.500      3.705      0.038
    22.000      3.715      0.041
    22.500      3.726      0.041
    23.000      3.738      0.044
    23.500      3.749      0.046
    24.000      3.764      0.049
    24.500      3.778      0.050
    25.000      3.794      0.054
    25.500      3.811      0.057
    26.000      3.829      0.061
    26.500      3.849      0.063
    27.000      3.871      0.069
    27.500      3.895      0.072
    28.000      3.923      0.074
    28.500      3.954      0.074
    29.000      3.989      0.073
    29.500      4.026      0.075
    30.000      4.063      0.079
    30.500      4.098      0.086
    31.000      4.134      0.093
    31.500      4.164      0.100
    32.000      4.190      0.105
    32.500      4.208      0.103
    33.000      4.508      0.141
    33.500      4.523      0.145
    34.000      4.525      0.143
    34.500      4.525      0.137
    35.000      4.524      0.132
    35.500      4.529      0.132
    36.000      4.533      0.132
    36.500      4.532      0.129
    37.000      4.538      0.133
    37.500      4.542      0.137
    38.000      4.539      0.137
    38.500      4.534      0.134
    39.000      4.529      0.128
    39.500      4.524      0.121
    40.000      4.517      0.114
    40.500      4.511      0.104
    41.000      4.507      0.099
    41.500      4.506      0.099
    42.000      4.501      0.096
    42.500      4.498      0.094
    43.000      4.494      0.091
    43.500      4.489      0.085
    44.000      4.486      0.081
    44.500      4.481      0.077
    45.000      4.476      0.076
    45.500      4.471      0.075
    46.000      4.467      0.073
    46.500      4.462      0.071
    47.000      4.456      0.064
    47.500      4.452      0.059
    48.000      4.447      0.058
    48.500      4.443      0.060
    49.000      4.439      0.060
    49.500      4.435      0.061
    50.000      4.429      0.058
    50.500      4.425      0.054
    51.000      4.421      0.053
    51.500      4.418      0.054
    52.000      4.414      0.056
    52.500      4.411      0.057
    53.000      4.407      0.057
    53.500      4.401      0.056
    54.000      4.397      0.055
    54.500      4.395      0.055
    55.000      4.392      0.057
    55.500      4.390      0.058
    56.000      4.386      0.059
    56.500      4.382      0.059
    57.000      4.377      0.059
    57.500      4.374      0.058
    58.000      4.372      0.059
    58.500      4.370      0.060
    59.000      4.368      0.061
    59.500      4.365      0.061
    60.000      4.360      0.061
    60.500      4.356      0.061
    61.000      4.354      0.060
    61.500      4.353      0.061
    62.000      4.352      0.062
    62.500      4.350      0.063
    63.000      4.346      0.062
    63.500      4.342      0.062
    64.000      4.339      0.061
    64.500      4.338      0.060
    65.000      4.337      0.061
    65.500      4.336      0.061
    66.000      4.335      0.062
    66.500      4.331      0.060
    67.000      4.327      0.060
    67.500      4.325      0.059
    68.000      4.324      0.059
    68.500      4.324      0.059
    69.000      4.324      0.059
    69.500      4.322      0.059
    70.000      4.318      0.058
    70.500      4.316      0.057
    71.000      4.314      0.056
    71.500      4.314      0.056
    72.000      4.314      0.057
    72.500      4.314      0.057
    73.000      4.312      0.056
    73.500      4.309      0.055
    74.000      4.307      0.054
    74.500      4.306      0.054
    75.000      4.306      0.053
    75.500      4.307      0.054
    76.000      4.306      0.054
    76.500      4.305      0.054
    77.000      4.302      0.052
    77.500      4.300      0.052
    78.000      4.300      0.052
    78.500      4.301      0.052
    79.000      4.302      0.053
    79.500      4.302      0.053
    80.000      4.300      0.053
    80.500      4.298      0.053
    81.000      4.297      0.053
    81.500      4.297      0.053
    82.000      4.298      0.053
    82.500      4.299      0.054
    83.000      4.299      0.055
    83.500      4.298      0.055
    84.000      4.296      0.055
    84.500      4.296      0.055
    85.000      4.296      0.055
    85.500      4.297      0.057
    86.000      4.298      0.058
    86.500      4.298      0.059
    87.000      4.297      0.059
    87.500      4.296      0.059
    88.000      4.296      0.059
    88.500      4.297      0.060
    89.000      4.298      0.061
    89.500      4.299      0.062
    90.000      4.299      0.063
    90.500      4.299      0.064
    91.000      4.298      0.064
    91.500      4.299      0.064
    92.000      4.299      0.065
    92.500      4.301      0.066
    93.000      4.302      0.068
    93.500      4.302      0.068
    94.000      4.302      0.068
    94.500      4.302      0.068
    95.000      4.302      0.069
    95.500      4.304      0.070
    96.000      4.305      0.072
    96.500      4.306      0.072
    97.000      4.306      0.073
    97.500      4.306      0.073
    98.000      4.307      0.073
    98.500      4.308      0.074
    99.000      4.309      0.075
    99.500      4.310      0.077
   100.000      4.311      0.077
   100.500      4.311      0.078
   101.000      4.312      0.078
   101.500      4.313      0.078
   102.000      4.314      0.079
   102.500      4.315      0.080
   103.000      4.317      0.081
   103.500      4.318      0.082
   104.000      4.318      0.082
   104.500      4.319      0.083
   105.000      4.320      0.083
   105.500      4.321      0.084
   106.000      4.323      0.085
   106.500      4.324      0.086
   107.000      4.325      0.086
   107.500      4.325      0.087
   108.000      4.327      0.088
   108.500      4.329      0.088
   109.000      4.330      0.089
   109.500      4.331      0.090
   110.000      4.332      0.091
   110.500      4.333      0.091
   111.000      4.334      0.092
   111.500      4.336      0.092
   112.000      4.338      0.093
   112.500      4.339      0.094
   113.000      4.340      0.095
   113.500      4.341      0.095
   114.000      4.342      0.096
   114.500      4.344      0.097
   115.000      4.346      0.097
   115.500      4.347      0.098
   116.000      4.349      0.099
   116.500      4.350      0.100
   117.000      4.351      0.100
   117.500      4.352      0.101
   118.000      4.354      0.102
   118.500      4.357      0.102
   119.000      4.358      0.103
   119.500      4.359      0.104
   120.000      4.360      0.105
   120.500      4.361      0.105
   121.000      4.362      0.105
   121.500      4.365      0.106
   122.000      4.367      0.107
   122.500      4.368      0.108
   123.000      4.369      0.110
   123.500      4.371      0.110
   124.000      4.372      0.110
   124.500      4.373      0.110
   125.000      4.376      0.111
   125.500      4.378      0.112
   126.000      4.379      0.114
   126.500      4.381      0.114
   127.000      4.382      0.115
   127.500      4.383      0.115
   128.000      4.384      0.115
   128.500      4.388      0.116
   129.000      4.390      0.117
   129.500      4.390      0.119
   130.000      4.392      0.119
   130.500      4.394      0.119
   131.000      4.394      0.119
   131.500      4.396      0.119
   132.000      4.400      0.121
   132.500      4.401      0.122
   133.000      4.402      0.123
   133.500      4.404      0.123
   134.000      4.405      0.123
   134.500      4.406      0.123
   135.000      4.408      0.123
   135.500      4.411      0.125
   136.000      4.412      0.126
   136.500      4.414      0.127
   137.000      4.416      0.126
   137.500      4.417      0.126
   138.000      4.417      0.126
   138.500      4.420      0.127
   139.000      4.423      0.129
   139.500      4.424      0.130
   140.000      4.426      0.130
   140.500      4.427      0.129
   141.000      4.428      0.129
   141.500      4.428      0.129
   142.000      4.431      0.130
   142.500      4.434      0.132
   143.000      4.435      0.132
   143.500      4.437      0.132
   144.000      4.438      0.131
   144.500      4.438      0.131
   145.000      4.439      0.130
   145.500      4.443      0.132
   146.000      4.445      0.133
   146.500      4.447      0.133
   147.000      4.448      0.132
   147.500      4.448      0.132
   148.000      4.449      0.132
   148.500      4.450      0.131
   149.000      4.455      0.134
   149.500      4.456      0.134
   150.000      4.457      0.133
   150.500      4.458      0.132
   151.000      4.458      0.132
   151.500      4.459      0.132
   152.000      4.460      0.131
   152.500      4.465      0.133
   153.000      4.466      0.133
   153.500      4.467      0.132
   154.000      4.468      0.132
   154.500      4.468      0.131
   155.000      4.468      0.131
   155.500      4.471      0.129
   156.000      4.475      0.132
   156.500      4.475      0.131
   157.000      4.476      0.130
   157.500      4.477      0.130
   158.000      4.477      0.130
   158.500      4.477      0.130
   159.000      4.481      0.127
   159.500      4.483      0.129
   160.000      4.483      0.129
   160.500      4.484      0.128
   161.000      4.485      0.128
   161.500      4.485      0.128
   162.000      4.486      0.127
   162.500      4.490      0.126
   163.000      4.490      0.127
   163.500      4.491      0.127
   164.000      4.492      0.127
   164.500      4.492      0.126
   165.000      4.493      0.126
   165.500      4.493      0.126
   166.000      4.497      0.126
   166.500      4.496      0.126
   167.000      4.497      0.126
   167.500      4.499      0.126
   168.000      4.499      0.126
   168.500      4.499      0.126
   169.000      4.499      0.126
   169.500      4.503      0.126
   170.000      4.502      0.127
   170.500      4.503      0.128
   171.000      4.504      0.128
   171.500      4.504      0.129
   172.000      4.503      0.130
   172.500      4.505      0.129
   173.000      4.508      0.129
   173.500      4.507      0.133
   174.000      4.508      0.134
   174.500      4.508      0.134
   175.000      4.508      0.137
   175.500      4.507      0.137
   176.000      4.510      0.137
   176.500      4.510      0.139
   177.000      4.510      0.144
   177.500      4.511      0.145
   178.000      4.511      0.148
   178.500      4.510      0.150
   179.000      4.510      0.150
   179.500      4.513      0.151
   180.000      4.510      0.158
   180.500      4.512      0.162
   181.000      4.512      0.165
   181.500      4.511      0.169
   182.000      4.511      0.169
   182.500      4.511      0.169
   183.000      4.514      0.172
   183.500      4.511      0.184
   184.000      4.513      0.187
   184.500      4.511      0.194
   185.000      4.511      0.194
   185.500      4.511      0.194
   186.000      4.511      0.194
   186.500      4.512      0.200
   187.000      4.511      0.217
   187.500      4.509      0.226
   188.000      4.509      0.227
   188.500      4.509      0.227
   189.000      4.509      0.227
   189.500      4.509      0.227
   190.000      4.506      0.248
   190.500      4.507      0.260
   191.000      4.505      0.265
   191.500      4.505      0.265
   192.000      4.505      0.265
   192.500      4.505      0.265
   193.000      4.505      0.265
   193.500      4.503      0.299
   194.000      4.500      0.311
   194.500      4.500      0.311
   195.000      4.500      0.311
   195.500      4.500      0.311
   196.000      4.500      0.311
   196.500      4.500      0.311
   197.000      4.493      0.362
   197.500      4.493      0.362
   198.000      4.493      0.362
   198.500      4.493      0.362
   199.000      4.493      0.362
   199.500      4.493      0.362
