     0.000      1.549      0.548
     0.500      3.114      0.171
     1.000      3.155      0.147
     1.500      3.198      0.119
     2.000      3.246      0.099
     2.500      3.283      0.079
     3.000      3.317      0.071
     3.500      3.354      0.058
     4.000      3.384      0.054
     4.500      3.409      0.048
     5.000      3.436      0.047
     5.500      3.457      0.044
     6.000      3.479      0.044
     6.500      3.496      0.044
     7.000      3.515      0.042
     7.500      3.527      0.041
     8.000      3.542      0.041
     8.500      3.554      0.039
     9.000      3.563      0.039
     9.500      3.574      0.038
    10.000      3.582      0.037
    10.500      3.589      0.037
    11.000      3.596      0.037
    11.500      3.602      0.036
    12.000      3.608      0.036
    12.500      3.612      0.036
    13.000      3.617      0.036
    13.500      3.621      0.036
    14.000      3.625      0.035
    14.500      3.629      0.035
    15.000      3.632      0.035
    15.500      3.636      0.034
    16.000      3.639      0.034
    16.500      3.643      0.033
    17.000      3.647      0.033
    17.500      3.651      0.033
    18.000      3.655      0.034
    18.500      3.660      0.034
    19.000      3.664      0.035
    19.500      3.670      0.036
    20.000      3.676      0.037
    20.500      3.683      0.038
    21.000      3.689      0.039
    21.500      3.698      0.040
    22.000      3.706      0.041
    22.500      3.716      0.043
    23.000      3.726      0.044
    23.500      3.738      0.046
    24.000      3.751      0.047
    24.500      3.764      0.049
    25.000      3.779      0.050
    25.500      3.796      0.053
    26.000      3.813      0.055
    26.500      3.831      0.058
    27.000      3.851      0.062
    27.500      3.873      0.066
    28.000      3.896      0.071
    28.500      3.924      0.076
    29.000      3.952      0.081
    29.500      3.983      0.085
    30.000      4.018      0.089
    30.500      4.056      0.092
    31.000      4.096      0.100
    31.500      4.136      0.104
    32.000      4.172      0.106
    32.500      4.197      0.098
    33.000      4.460      0.188
    33.500      4.475      0.180
    34.000      4.484      0.170
    34.500      4.488      0.164
    35.000      4.488      0.160
    35.500      4.489      0.155
    36.000      4.493      0.149
    36.500      4.494      0.140
    37.000      4.498      0.138
    37.500      4.503      0.138
    38.000      4.508      0.137
    38.500      4.510      0.136
    39.000      4.513      0.137
    39.500      4.510      0.130
    40.000      4.509      0.127
    40.500      4.510      0.124
    41.000      4.511      0.122
    41.500      4.510      0.119
    42.000      4.508      0.117
    42.500      4.505      0.114
    43.000      4.501      0.111
    43.500      4.497      0.105
    44.000      4.494      0.098
    44.500      4.491      0.093
    45.000      4.489      0.090
    45.500      4.484      0.083
    46.000      4.478      0.074
    46.500      4.473      0.069
    47.000      4.469      0.065
    47.500      4.467      0.059
    48.000      4.465      0.058
    48.500      4.462      0.053
    49.000      4.458      0.049
    49.500      4.453      0.046
    50.000      4.449      0.044
    50.500      4.447      0.042
    51.000      4.445      0.041
    51.500      4.444      0.040
    52.000      4.441      0.039
    52.500      4.437      0.040
    53.000      4.434      0.041
    53.500      4.432      0.043
    54.000      4.429      0.044
    54.500      4.429      0.044
    55.000      4.427      0.045
    55.500      4.424      0.047
    56.000      4.422      0.049
    56.500      4.419      0.052
    57.000      4.418      0.054
    57.500      4.417      0.054
    58.000      4.416      0.055
    58.500      4.414      0.057
    59.000      4.413      0.059
    59.500      4.411      0.061
    60.000      4.409      0.063
    60.500      4.408      0.064
    61.000      4.407      0.064
    61.500      4.406      0.066
    62.000      4.405      0.067
    62.500      4.404      0.068
    63.000      4.403      0.069
    63.500      4.402      0.070
    64.000      4.401      0.071
    64.500      4.401      0.071
    65.000      4.400      0.072
    65.500      4.400      0.073
    66.000      4.399      0.073
    66.500      4.399      0.074
    67.000      4.398      0.074
    67.500      4.398      0.074
    68.000      4.397      0.074
    68.500      4.397      0.075
    69.000      4.398      0.075
    69.500      4.397      0.075
    70.000      4.397      0.075
    70.500      4.397      0.075
    71.000      4.396      0.075
    71.500      4.396      0.074
    72.000      4.397      0.074
    72.500      4.397      0.074
    73.000      4.397      0.074
    73.500      4.397      0.074
    74.000      4.397      0.074
    74.500      4.397      0.073
    75.000      4.397      0.072
    75.500      4.398      0.072
    76.000      4.398      0.072
    76.500      4.399      0.072
    77.000      4.399      0.071
    77.500      4.399      0.071
    78.000      4.399      0.070
    78.500      4.399      0.069
    79.000      4.400      0.069
    79.500      4.401      0.069
    80.000      4.401      0.068
    80.500      4.402      0.068
    81.000      4.402      0.068
    81.500      4.402      0.067
    82.000      4.403      0.067
    82.500      4.403      0.066
    83.000      4.404      0.066
    83.500      4.404      0.066
    84.000      4.405      0.066
    84.500      4.405      0.066
    85.000      4.405      0.065
    85.500      4.406      0.065
    86.000      4.407      0.064
    86.500      4.407      0.064
    87.000      4.408      0.064
    87.500      4.408      0.065
    88.000      4.408      0.065
    88.500      4.409      0.064
    89.000      4.409      0.064
    89.500      4.410      0.063
    90.000      4.410      0.063
    90.500      4.411      0.064
    91.000      4.411      0.064
    91.500      4.411      0.065
    92.000      4.411      0.064
    92.500      4.411      0.064
    93.000      4.412      0.063
    93.500      4.412      0.064
    94.000      4.412      0.065
    94.500      4.413      0.065
    95.000      4.413      0.065
    95.500      4.412      0.064
    96.000      4.413      0.064
    96.500      4.413      0.064
    97.000      4.413      0.065
    97.500      4.413      0.065
    98.000      4.413      0.066
    98.500      4.413      0.066
    99.000      4.413      0.066
    99.500      4.413      0.065
   100.000      4.413      0.065
   100.500      4.413      0.066
   101.000      4.413      0.067
   101.500      4.413      0.067
   102.000      4.412      0.067
   102.500      4.412      0.068
   103.000      4.412      0.067
   103.500      4.412      0.067
   104.000      4.412      0.068
   104.500      4.412      0.069
   105.000      4.411      0.069
   105.500      4.411      0.070
   106.000      4.410      0.070
   106.500      4.411      0.069
   107.000      4.410      0.070
   107.500      4.410      0.071
   108.000      4.410      0.071
   108.500      4.409      0.072
   109.000      4.409      0.073
   109.500      4.408      0.073
   110.000      4.408      0.073
   110.500      4.407      0.074
   111.000      4.407      0.074
   111.500      4.407      0.075
   112.000      4.406      0.076
   112.500      4.405      0.077
   113.000      4.405      0.077
   113.500      4.404      0.078
   114.000      4.403      0.078
   114.500      4.403      0.079
   115.000      4.403      0.080
   115.500      4.402      0.081
   116.000      4.401      0.082
   116.500      4.401      0.083
   117.000      4.400      0.084
   117.500      4.399      0.084
   118.000      4.399      0.085
   118.500      4.399      0.086
   119.000      4.398      0.087
   119.500      4.397      0.088
   120.000      4.396      0.090
   120.500      4.395      0.091
   121.000      4.395      0.091
   121.500      4.394      0.092
   122.000      4.394      0.093
   122.500      4.393      0.094
   123.000      4.392      0.096
   123.500      4.391      0.097
   124.000      4.390      0.098
   124.500      4.390      0.099
   125.000      4.389      0.099
   125.500      4.388      0.101
   126.000      4.387      0.102
   126.500      4.387      0.104
   127.000      4.385      0.106
   127.500      4.385      0.106
   128.000      4.384      0.107
   128.500      4.383      0.107
   129.000      4.382      0.109
   129.500      4.381      0.111
   130.000      4.381      0.113
   130.500      4.380      0.114
   131.000      4.379      0.114
   131.500      4.378      0.115
   132.000      4.377      0.116
   132.500      4.376      0.118
   133.000      4.375      0.119
   133.500      4.375      0.121
   134.000      4.374      0.122
   134.500      4.373      0.122
   135.000      4.372      0.123
   135.500      4.371      0.124
   136.000      4.370      0.126
   136.500      4.370      0.128
   137.000      4.369      0.129
   137.500      4.368      0.130
   138.000      4.367      0.130
   138.500      4.366      0.131
   139.000      4.364      0.132
   139.500      4.363      0.134
   140.000      4.363      0.136
   140.500      4.363      0.136
   141.000      4.362      0.137
   141.500      4.361      0.137
   142.000      4.359      0.138
   142.500      4.358      0.139
   143.000      4.357      0.141
   143.500      4.357      0.142
   144.000      4.357      0.142
   144.500      4.356      0.143
   145.000      4.355      0.144
   145.500      4.353      0.145
   146.000      4.352      0.146
   146.500      4.352      0.147
   147.000      4.352      0.148
   147.500      4.351      0.148
   148.000      4.350      0.149
   148.500      4.348      0.150
   149.000      4.347      0.150
   149.500      4.346      0.150
   150.000      4.346      0.152
   150.500      4.346      0.152
   151.000      4.346      0.152
   151.500      4.344      0.154
   152.000      4.342      0.154
   152.500      4.341      0.154
   153.000      4.340      0.154
   153.500      4.341      0.155
   154.000      4.341      0.155
   154.500      4.340      0.156
   155.000      4.338      0.157
   155.500      4.337      0.157
   156.000      4.335      0.155
   156.500      4.335      0.157
   157.000      4.336      0.157
   157.500      4.336      0.157
   158.000      4.335      0.158
   158.500      4.333      0.158
   159.000      4.331      0.158
   159.500      4.330      0.156
   160.000      4.331      0.157
   160.500      4.332      0.158
   161.000      4.332      0.157
   161.500      4.330      0.158
   162.000      4.328      0.158
   162.500      4.327      0.157
   163.000      4.326      0.156
   163.500      4.328      0.157
   164.000      4.328      0.157
   164.500      4.327      0.157
   165.000      4.326      0.156
   165.500      4.324      0.155
   166.000      4.323      0.156
   166.500      4.323      0.155
   167.000      4.325      0.155
   167.500      4.325      0.155
   168.000      4.323      0.155
   168.500      4.322      0.154
   169.000      4.321      0.153
   169.500      4.320      0.154
   170.000      4.321      0.153
   170.500      4.322      0.154
   171.000      4.322      0.153
   171.500      4.320      0.152
   172.000      4.319      0.151
   172.500      4.319      0.151
   173.000      4.317      0.152
   173.500      4.320      0.152
   174.000      4.321      0.152
   174.500      4.319      0.151
   175.000      4.318      0.150
   175.500      4.318      0.150
   176.000      4.317      0.150
   176.500      4.316      0.152
   177.000      4.320      0.153
   177.500      4.320      0.152
   178.000      4.317      0.151
   178.500      4.317      0.151
   179.000      4.317      0.151
   179.500      4.316      0.153
   180.000      4.317      0.155
   180.500      4.321      0.156
   181.000      4.319      0.156
   181.500      4.317      0.156
   182.000      4.317      0.156
   182.500      4.318      0.156
   183.000      4.316      0.160
   183.500      4.320      0.165
   184.000      4.321      0.165
   184.500      4.318      0.167
   185.000      4.318      0.167
   185.500      4.318      0.167
   186.000      4.319      0.167
   186.500      4.317      0.177
   187.000      4.325      0.181
   187.500      4.321      0.184
   188.000      4.321      0.184
   188.500      4.321      0.184
   189.000      4.321      0.184
   189.500      4.322      0.184
   190.000      4.322      0.200
   190.500      4.326      0.208
   191.000      4.325      0.210
   191.500      4.325      0.210
   192.000      4.325      0.210
   192.500      4.325      0.210
   193.000      4.325      0.210
   193.500      4.333      0.235
   194.000      4.329      0.243
   194.500      4.329      0.243
   195.000      4.329      0.243
   195.500      4.329      0.243
   196.000      4.329      0.243
   196.500      4.330      0.243
   197.000      4.336      0.284
   197.500      4.336      0.284
   198.000      4.336      0.284
   198.500      4.336      0.284
   199.000      4.336      0.284
   199.500      4.336      0.284
