     0.000      1.144      0.545
     0.500      3.213      0.168
     1.000      3.249      0.142
     1.500      3.290      0.127
     2.000      3.322      0.097
     2.500      3.354      0.090
     3.000      3.380      0.064
     3.500      3.414      0.050
     4.000      3.429      0.041
     4.500      3.454      0.032
     5.000      3.470      0.028
     5.500      3.485      0.026
     6.000      3.501      0.027
     6.500      3.510      0.027
     7.000      3.521      0.030
     7.500      3.529      0.032
     8.000      3.537      0.033
     8.500      3.543      0.035
     9.000      3.547      0.036
     9.500      3.552      0.036
    10.000      3.555      0.036
    10.500      3.558      0.036
    11.000      3.560      0.036
    11.500      3.563      0.036
    12.000      3.565      0.036
    12.500      3.567      0.035
    13.000      3.569      0.035
    13.500      3.572      0.034
    14.000      3.575      0.034
    14.500      3.579      0.033
    15.000      3.582      0.033
    15.500      3.586      0.032
    16.000      3.591      0.031
    16.500      3.596      0.031
    17.000      3.601      0.030
    17.500      3.608      0.031
    18.000      3.615      0.031
    18.500      3.622      0.032
    19.000      3.630      0.032
    19.500      3.639      0.034
    20.000      3.648      0.035
    20.500      3.658      0.037
    21.000      3.668      0.039
    21.500      3.680      0.041
    22.000      3.691      0.042
    22.500      3.705      0.045
    23.000      3.717      0.046
    23.500      3.732      0.048
    24.000      3.746      0.050
    24.500      3.762      0.051
    25.000      3.778      0.052
    25.500      3.796      0.053
    26.000      3.813      0.053
    26.500      3.833      0.053
    27.000      3.852      0.054
    27.500      3.874      0.054
    28.000      3.895      0.053
    28.500      3.918      0.053
    29.000      3.941      0.053
    29.500      3.966      0.053
    30.000      3.992      0.053
    30.500      4.021      0.052
    31.000      4.050      0.052
    31.500      4.081      0.056
    32.000      4.110      0.059
    32.500      4.142      0.065
    33.000      4.177      0.071
    33.500      4.215      0.077
    34.000      4.248      0.086
    34.500      4.284      0.098
    35.000      4.314      0.112
    35.500      4.344      0.122
    36.000      4.361      0.122
    36.500      4.363      0.110
    37.000      4.354      0.083
    37.500      4.640      0.124
    38.000      4.633      0.125
    38.500      4.629      0.126
    39.000      4.625      0.125
    39.500      4.614      0.123
    40.000      4.599      0.114
    40.500      4.591      0.105
    41.000      4.588      0.102
    41.500      4.585      0.102
    42.000      4.583      0.099
    42.500      4.577      0.098
    43.000      4.566      0.096
    43.500      4.554      0.091
    44.000      4.547      0.088
    44.500      4.541      0.088
    45.000      4.532      0.085
    45.500      4.523      0.082
    46.000      4.512      0.079
    46.500      4.500      0.077
    47.000      4.491      0.075
    47.500      4.484      0.071
    48.000      4.476      0.070
    48.500      4.469      0.068
    49.000      4.461      0.068
    49.500      4.452      0.067
    50.000      4.442      0.066
    50.500      4.436      0.063
    51.000      4.431      0.062
    51.500      4.425      0.061
    52.000      4.419      0.061
    52.500      4.413      0.062
    53.000      4.405      0.062
    53.500      4.398      0.061
    54.000      4.394      0.059
    54.500      4.390      0.059
    55.000      4.385      0.060
    55.500      4.381      0.060
    56.000      4.375      0.061
    56.500      4.370      0.062
    57.000      4.366      0.060
    57.500      4.363      0.059
    58.000      4.360      0.060
    58.500      4.357      0.060
    59.000      4.354      0.060
    59.500      4.350      0.062
    60.000      4.346      0.061
    60.500      4.344      0.061
    61.000      4.342      0.061
    61.500      4.340      0.061
    62.000      4.339      0.061
    62.500      4.336      0.061
    63.000      4.334      0.062
    63.500      4.332      0.062
    64.000      4.331      0.062
    64.500      4.330      0.062
    65.000      4.329      0.062
    65.500      4.329      0.061
    66.000      4.328      0.062
    66.500      4.327      0.062
    67.000      4.326      0.063
    67.500      4.326      0.063
    68.000      4.326      0.062
    68.500      4.326      0.061
    69.000      4.326      0.061
    69.500      4.326      0.061
    70.000      4.327      0.062
    70.500      4.328      0.063
    71.000      4.328      0.063
    71.500      4.329      0.062
    72.000      4.329      0.062
    72.500      4.330      0.061
    73.000      4.332      0.062
    73.500      4.333      0.063
    74.000      4.334      0.063
    74.500      4.335      0.063
    75.000      4.336      0.062
    75.500      4.338      0.062
    76.000      4.340      0.062
    76.500      4.342      0.063
    77.000      4.344      0.064
    77.500      4.345      0.064
    78.000      4.346      0.064
    78.500      4.348      0.064
    79.000      4.351      0.063
    79.500      4.354      0.063
    80.000      4.356      0.064
    80.500      4.357      0.065
    81.000      4.359      0.065
    81.500      4.360      0.065
    82.000      4.363      0.066
    82.500      4.367      0.065
    83.000      4.370      0.066
    83.500      4.372      0.067
    84.000      4.374      0.068
    84.500      4.375      0.068
    85.000      4.377      0.068
    85.500      4.381      0.068
    86.000      4.385      0.068
    86.500      4.387      0.069
    87.000      4.389      0.070
    87.500      4.390      0.070
    88.000      4.392      0.070
    88.500      4.395      0.071
    89.000      4.399      0.071
    89.500      4.402      0.071
    90.000      4.404      0.072
    90.500      4.406      0.073
    91.000      4.407      0.073
    91.500      4.409      0.072
    92.000      4.413      0.073
    92.500      4.417      0.073
    93.000      4.419      0.073
    93.500      4.420      0.074
    94.000      4.421      0.074
    94.500      4.423      0.074
    95.000      4.426      0.074
    95.500      4.430      0.075
    96.000      4.433      0.075
    96.500      4.433      0.075
    97.000      4.434      0.076
    97.500      4.436      0.076
    98.000      4.438      0.075
    98.500      4.441      0.075
    99.000      4.445      0.076
    99.500      4.446      0.076
   100.000      4.447      0.077
   100.500      4.448      0.077
   101.000      4.449      0.076
   101.500      4.451      0.076
   102.000      4.455      0.077
   102.500      4.457      0.077
   103.000      4.458      0.077
   103.500      4.458      0.078
   104.000      4.460      0.077
   104.500      4.462      0.077
   105.000      4.464      0.077
   105.500      4.467      0.078
   106.000      4.468      0.078
   106.500      4.468      0.079
   107.000      4.469      0.079
   107.500      4.470      0.078
   108.000      4.472      0.078
   108.500      4.474      0.079
   109.000      4.477      0.080
   109.500      4.477      0.080
   110.000      4.477      0.081
   110.500      4.478      0.081
   111.000      4.480      0.081
   111.500      4.481      0.081
   112.000      4.484      0.083
   112.500      4.485      0.083
   113.000      4.485      0.084
   113.500      4.485      0.085
   114.000      4.487      0.085
   114.500      4.488      0.085
   115.000      4.489      0.086
   115.500      4.491      0.087
   116.000      4.491      0.087
   116.500      4.491      0.089
   117.000      4.492      0.090
   117.500      4.493      0.090
   118.000      4.494      0.091
   118.500      4.496      0.093
   119.000      4.496      0.093
   119.500      4.496      0.093
   120.000      4.496      0.096
   120.500      4.497      0.097
   121.000      4.498      0.097
   121.500      4.499      0.099
   122.000      4.500      0.100
   122.500      4.500      0.100
   123.000      4.500      0.101
   123.500      4.500      0.105
   124.000      4.501      0.105
   124.500      4.502      0.106
   125.000      4.503      0.107
   125.500      4.503      0.108
   126.000      4.503      0.108
   126.500      4.503      0.111
   127.000      4.503      0.113
   127.500      4.503      0.114
   128.000      4.504      0.115
   128.500      4.505      0.116
   129.000      4.505      0.116
   129.500      4.505      0.117
   130.000      4.504      0.121
   130.500      4.504      0.122
   131.000      4.505      0.123
   131.500      4.505      0.124
   132.000      4.505      0.125
   132.500      4.505      0.125
   133.000      4.505      0.126
   133.500      4.504      0.130
   134.000      4.504      0.131
   134.500      4.505      0.132
   135.000      4.505      0.133
   135.500      4.504      0.133
   136.000      4.504      0.133
   136.500      4.504      0.136
   137.000      4.503      0.139
   137.500      4.503      0.139
   138.000      4.503      0.140
   138.500      4.503      0.141
   139.000      4.502      0.141
   139.500      4.503      0.141
   140.000      4.501      0.145
   140.500      4.501      0.146
   141.000      4.501      0.146
   141.500      4.500      0.147
   142.000      4.500      0.147
   142.500      4.499      0.147
   143.000      4.499      0.148
   143.500      4.497      0.151
   144.000      4.498      0.152
   144.500      4.497      0.152
   145.000      4.496      0.153
   145.500      4.495      0.153
   146.000      4.495      0.153
   146.500      4.494      0.154
   147.000      4.493      0.156
   147.500      4.493      0.156
   148.000      4.492      0.156
   148.500      4.491      0.156
   149.000      4.490      0.156
   149.500      4.489      0.156
   150.000      4.488      0.157
   150.500      4.488      0.158
   151.000      4.486      0.158
   151.500      4.485      0.158
   152.000      4.484      0.158
   152.500      4.483      0.157
   153.000      4.482      0.157
   153.500      4.481      0.158
   154.000      4.481      0.158
   154.500      4.479      0.157
   155.000      4.478      0.157
   155.500      4.476      0.156
   156.000      4.475      0.156
   156.500      4.475      0.156
   157.000      4.474      0.156
   157.500      4.472      0.154
   158.000      4.471      0.154
   158.500      4.468      0.153
   159.000      4.467      0.153
   159.500      4.467      0.153
   160.000      4.466      0.151
   160.500      4.465      0.150
   161.000      4.462      0.148
   161.500      4.460      0.148
   162.000      4.458      0.147
   162.500      4.458      0.147
   163.000      4.457      0.147
   163.500      4.456      0.144
   164.000      4.454      0.142
   164.500      4.452      0.140
   165.000      4.448      0.139
   165.500      4.448      0.139
   166.000      4.448      0.139
   166.500      4.446      0.138
   167.000      4.446      0.134
   167.500      4.441      0.130
   168.000      4.439      0.130
   168.500      4.436      0.129
   169.000      4.437      0.130
   169.500      4.436      0.130
   170.000      4.435      0.125
   170.500      4.433      0.122
   171.000      4.429      0.118
   171.500      4.424      0.119
   172.000      4.425      0.119
   172.500      4.425      0.120
   173.000      4.423      0.119
   173.500      4.423      0.113
   174.000      4.417      0.107
   174.500      4.412      0.110
   175.000      4.411      0.111
   175.500      4.412      0.111
   176.000      4.412      0.111
   176.500      4.409      0.111
   177.000      4.408      0.104
   177.500      4.403      0.102
   178.000      4.397      0.109
   178.500      4.398      0.109
   179.000      4.398      0.109
   179.500      4.398      0.109
   180.000      4.396      0.107
   180.500      4.390      0.102
   181.000      4.382      0.117
   181.500      4.383      0.118
   182.000      4.383      0.118
   182.500      4.383      0.118
   183.000      4.383      0.118
   183.500      4.381      0.119
   184.000      4.371      0.126
   184.500      4.367      0.140
   185.000      4.367      0.140
   185.500      4.367      0.140
   186.000      4.367      0.140
   186.500      4.365      0.140
   187.000      4.359      0.147
   187.500      4.351      0.174
   188.000      4.351      0.174
   188.500      4.351      0.174
   189.000      4.351      0.174
   189.500      4.351      0.174
   190.000      4.350      0.183
   190.500      4.333      0.217
   191.000      4.334      0.219
   191.500      4.334      0.219
   192.000      4.334      0.219
   192.500      4.334      0.219
   193.000      4.334      0.219
   193.500      4.325      0.240
   194.000      4.316      0.274
   194.500      4.316      0.274
   195.000      4.316      0.274
   195.500      4.316      0.274
   196.000      4.316      0.274
   196.500      4.316      0.274
   197.000      4.298      0.336
   197.500      4.298      0.336
   198.000      4.298      0.336
   198.500      4.298      0.336
   199.000      4.298      0.336
   199.500      4.298      0.336
