     0.000      1.479      0.670
     0.500      3.133      0.141
     1.000      3.165      0.138
     1.500      3.221      0.103
     2.000      3.246      0.095
     2.500      3.290      0.072
     3.000      3.316      0.062
     3.500      3.346      0.054
     4.000      3.376      0.043
     4.500      3.396      0.041
     5.000      3.421      0.038
     5.500      3.440      0.040
     6.000      3.455      0.039
     6.500      3.473      0.041
     7.000      3.484      0.041
     7.500      3.499      0.042
     8.000      3.508      0.041
     8.500      3.519      0.043
     9.000      3.527      0.041
     9.500      3.535      0.041
    10.000      3.542      0.040
    10.500      3.549      0.038
    11.000      3.555      0.038
    11.500      3.560      0.037
    12.000      3.566      0.037
    12.500      3.571      0.036
    13.000      3.576      0.035
    13.500      3.581      0.035
    14.000      3.586      0.033
    14.500      3.591      0.033
    15.000      3.596      0.032
    15.500      3.601      0.032
    16.000      3.606      0.031
    16.500      3.611      0.031
    17.000      3.617      0.031
    17.500      3.623      0.030
    18.000      3.628      0.030
    18.500      3.635      0.029
    19.000      3.640      0.030
    19.500      3.647      0.029
    20.000      3.653      0.030
    20.500      3.661      0.030
    21.000      3.667      0.031
    21.500      3.675      0.032
    22.000      3.682      0.033
    22.500      3.690      0.034
    23.000      3.699      0.035
    23.500      3.706      0.037
    24.000      3.716      0.039
    24.500      3.724      0.040
    25.000      3.734      0.042
    25.500      3.743      0.043
    26.000      3.754      0.045
    26.500      3.764      0.047
    27.000      3.774      0.049
    27.500      3.786      0.051
    28.000      3.797      0.052
    28.500      3.811      0.054
    29.000      3.824      0.055
    29.500      3.839      0.055
    30.000      3.854      0.056
    30.500      3.871      0.055
    31.000      3.886      0.057
    31.500      3.902      0.057
    32.000      3.918      0.059
    32.500      3.935      0.058
    33.000      3.953      0.058
    33.500      3.971      0.060
    34.000      3.989      0.063
    34.500      4.010      0.064
    35.000      4.030      0.066
    35.500      4.049      0.068
    36.000      4.070      0.071
    36.500      4.088      0.072
    37.000      4.110      0.077
    37.500      4.130      0.076
    38.000      4.142      0.067
    38.500      4.381      0.208
    39.000      4.390      0.204
    39.500      4.399      0.198
    40.000      4.403      0.186
    40.500      4.405      0.177
    41.000      4.405      0.165
    41.500      4.403      0.155
    42.000      4.403      0.149
    42.500      4.404      0.143
    43.000      4.407      0.136
    43.500      4.410      0.127
    44.000      4.415      0.123
    44.500      4.424      0.125
    45.000      4.433      0.134
    45.500      4.444      0.142
    46.000      4.453      0.147
    46.500      4.465      0.151
    47.000      4.475      0.155
    47.500      4.486      0.160
    48.000      4.489      0.159
    48.500      4.488      0.155
    49.000      4.489      0.150
    49.500      4.490      0.144
    50.000      4.490      0.137
    50.500      4.487      0.126
    51.000      4.484      0.117
    51.500      4.482      0.112
    52.000      4.481      0.109
    52.500      4.481      0.104
    53.000      4.481      0.099
    53.500      4.478      0.091
    54.000      4.477      0.085
    54.500      4.476      0.082
    55.000      4.475      0.080
    55.500      4.475      0.077
    56.000      4.476      0.074
    56.500      4.475      0.070
    57.000      4.474      0.068
    57.500      4.474      0.067
    58.000      4.474      0.067
    58.500      4.474      0.066
    59.000      4.475      0.065
    59.500      4.475      0.064
    60.000      4.475      0.065
    60.500      4.476      0.066
    61.000      4.477      0.067
    61.500      4.478      0.066
    62.000      4.478      0.067
    62.500      4.479      0.068
    63.000      4.480      0.070
    63.500      4.482      0.072
    64.000      4.484      0.072
    64.500      4.486      0.073
    65.000      4.487      0.074
    65.500      4.487      0.075
    66.000      4.489      0.077
    66.500      4.490      0.078
    67.000      4.493      0.079
    67.500      4.495      0.080
    68.000      4.497      0.081
    68.500      4.498      0.081
    69.000      4.500      0.083
    69.500      4.502      0.084
    70.000      4.504      0.084
    70.500      4.507      0.084
    71.000      4.510      0.085
    71.500      4.512      0.086
    72.000      4.513      0.086
    72.500      4.515      0.087
    73.000      4.518      0.087
    73.500      4.521      0.087
    74.000      4.524      0.087
    74.500      4.527      0.088
    75.000      4.528      0.088
    75.500      4.530      0.088
    76.000      4.533      0.088
    76.500      4.536      0.088
    77.000      4.538      0.088
    77.500      4.542      0.088
    78.000      4.544      0.087
    78.500      4.546      0.087
    79.000      4.548      0.087
    79.500      4.551      0.087
    80.000      4.554      0.087
    80.500      4.557      0.086
    81.000      4.560      0.086
    81.500      4.562      0.086
    82.000      4.564      0.086
    82.500      4.566      0.086
    83.000      4.569      0.085
    83.500      4.572      0.085
    84.000      4.575      0.084
    84.500      4.578      0.084
    85.000      4.579      0.084
    85.500      4.581      0.084
    86.000      4.583      0.085
    86.500      4.586      0.084
    87.000      4.589      0.083
    87.500      4.592      0.083
    88.000      4.593      0.084
    88.500      4.595      0.084
    89.000      4.597      0.084
    89.500      4.599      0.084
    90.000      4.602      0.083
    90.500      4.604      0.083
    91.000      4.606      0.084
    91.500      4.607      0.084
    92.000      4.608      0.085
    92.500      4.610      0.085
    93.000      4.612      0.084
    93.500      4.614      0.084
    94.000      4.615      0.085
    94.500      4.616      0.086
    95.000      4.617      0.086
    95.500      4.618      0.087
    96.000      4.620      0.087
    96.500      4.622      0.087
    97.000      4.623      0.088
    97.500      4.623      0.089
    98.000      4.623      0.089
    98.500      4.624      0.090
    99.000      4.625      0.090
    99.500      4.626      0.091
   100.000      4.627      0.092
   100.500      4.627      0.092
   101.000      4.627      0.093
   101.500      4.627      0.094
   102.000      4.627      0.094
   102.500      4.628      0.095
   103.000      4.628      0.096
   103.500      4.629      0.097
   104.000      4.628      0.097
   104.500      4.628      0.098
   105.000      4.627      0.099
   105.500      4.628      0.100
   106.000      4.627      0.101
   106.500      4.627      0.101
   107.000      4.627      0.102
   107.500      4.626      0.102
   108.000      4.625      0.103
   108.500      4.625      0.105
   109.000      4.624      0.106
   109.500      4.623      0.106
   110.000      4.622      0.106
   110.500      4.622      0.107
   111.000      4.621      0.107
   111.500      4.620      0.109
   112.000      4.618      0.111
   112.500      4.617      0.111
   113.000      4.616      0.111
   113.500      4.615      0.112
   114.000      4.614      0.112
   114.500      4.613      0.113
   115.000      4.611      0.115
   115.500      4.609      0.116
   116.000      4.608      0.116
   116.500      4.606      0.116
   117.000      4.605      0.117
   117.500      4.604      0.117
   118.000      4.602      0.119
   118.500      4.600      0.120
   119.000      4.597      0.121
   119.500      4.596      0.121
   120.000      4.594      0.121
   120.500      4.593      0.122
   121.000      4.592      0.123
   121.500      4.589      0.124
   122.000      4.586      0.125
   122.500      4.584      0.125
   123.000      4.582      0.125
   123.500      4.580      0.126
   124.000      4.579      0.126
   124.500      4.577      0.127
   125.000      4.573      0.129
   125.500      4.570      0.129
   126.000      4.568      0.129
   126.500      4.566      0.130
   127.000      4.564      0.130
   127.500      4.562      0.130
   128.000      4.560      0.132
   128.500      4.556      0.133
   129.000      4.553      0.133
   129.500      4.550      0.133
   130.000      4.548      0.133
   130.500      4.546      0.133
   131.000      4.545      0.135
   131.500      4.542      0.136
   132.000      4.537      0.136
   132.500      4.534      0.136
   133.000      4.531      0.136
   133.500      4.529      0.136
   134.000      4.527      0.137
   134.500      4.525      0.138
   135.000      4.522      0.138
   135.500      4.517      0.139
   136.000      4.514      0.138
   136.500      4.511      0.138
   137.000      4.509      0.139
   137.500      4.508      0.140
   138.000      4.505      0.140
   138.500      4.501      0.140
   139.000      4.496      0.139
   139.500      4.493      0.140
   140.000      4.490      0.140
   140.500      4.489      0.142
   141.000      4.487      0.142
   141.500      4.484      0.142
   142.000      4.478      0.140
   142.500      4.474      0.140
   143.000      4.471      0.141
   143.500      4.469      0.142
   144.000      4.468      0.143
   144.500      4.465      0.143
   145.000      4.461      0.141
   145.500      4.455      0.140
   146.000      4.452      0.141
   146.500      4.450      0.142
   147.000      4.448      0.143
   147.500      4.447      0.143
   148.000      4.443      0.142
   148.500      4.437      0.140
   149.000      4.433      0.141
   149.500      4.430      0.141
   150.000      4.429      0.142
   150.500      4.427      0.142
   151.000      4.424      0.142
   151.500      4.419      0.140
   152.000      4.415      0.140
   152.500      4.410      0.140
   153.000      4.409      0.141
   153.500      4.408      0.141
   154.000      4.406      0.140
   154.500      4.401      0.138
   155.000      4.396      0.139
   155.500      4.393      0.139
   156.000      4.390      0.139
   156.500      4.388      0.139
   157.000      4.386      0.139
   157.500      4.383      0.136
   158.000      4.378      0.138
   158.500      4.374      0.138
   159.000      4.371      0.138
   159.500      4.370      0.137
   160.000      4.368      0.136
   160.500      4.365      0.134
   161.000      4.361      0.135
   161.500      4.356      0.136
   162.000      4.354      0.136
   162.500      4.352      0.136
   163.000      4.350      0.134
   163.500      4.347      0.131
   164.000      4.345      0.133
   164.500      4.340      0.134
   165.000      4.337      0.135
   165.500      4.335      0.135
   166.000      4.333      0.133
   166.500      4.330      0.129
   167.000      4.328      0.131
   167.500      4.325      0.132
   168.000      4.321      0.134
   168.500      4.319      0.135
   169.000      4.317      0.134
   169.500      4.314      0.130
   170.000      4.312      0.131
   170.500      4.311      0.132
   171.000      4.306      0.135
   171.500      4.303      0.137
   172.000      4.303      0.136
   172.500      4.299      0.132
   173.000      4.297      0.133
   173.500      4.297      0.135
   174.000      4.295      0.136
   174.500      4.291      0.140
   175.000      4.289      0.141
   175.500      4.286      0.138
   176.000      4.283      0.137
   176.500      4.284      0.140
   177.000      4.284      0.142
   177.500      4.279      0.146
   178.000      4.277      0.149
   178.500      4.275      0.147
   179.000      4.271      0.146
   179.500      4.271      0.148
   180.000      4.273      0.152
   180.500      4.271      0.154
   181.000      4.267      0.161
   181.500      4.265      0.160
   182.000      4.261      0.160
   182.500      4.261      0.160
   183.000      4.262      0.164
   183.500      4.265      0.169
   184.000      4.260      0.175
   184.500      4.258      0.178
   185.000      4.253      0.179
   185.500      4.253      0.179
   186.000      4.253      0.179
   186.500      4.256      0.187
   187.000      4.256      0.192
   187.500      4.255      0.202
   188.000      4.248      0.203
   188.500      4.248      0.203
   189.000      4.248      0.203
   189.500      4.248      0.203
   190.000      4.254      0.217
   190.500      4.251      0.229
   191.000      4.245      0.233
   191.500      4.245      0.233
   192.000      4.245      0.233
   192.500      4.245      0.233
   193.000      4.245      0.233
   193.500      4.252      0.253
   194.000      4.246      0.268
   194.500      4.246      0.268
   195.000      4.246      0.268
   195.500      4.246      0.268
   196.000      4.246      0.268
   196.500      4.246      0.268
   197.000      4.249      0.308
   197.500      4.249      0.308
   198.000      4.249      0.308
   198.500      4.249      0.308
   199.000      4.249      0.308
