     0.000      1.436      0.527
     0.500      3.243      0.159
     1.000      3.278      0.140
     1.500      3.311      0.119
     2.000      3.341      0.092
     2.500      3.359      0.084
     3.000      3.388      0.061
     3.500      3.404      0.055
     4.000      3.424      0.042
     4.500      3.441      0.038
     5.000      3.456      0.032
     5.500      3.469      0.030
     6.000      3.480      0.030
     6.500      3.491      0.031
     7.000      3.499      0.031
     7.500      3.509      0.033
     8.000      3.514      0.033
     8.500      3.521      0.034
     9.000      3.526      0.035
     9.500      3.530      0.035
    10.000      3.534      0.036
    10.500      3.538      0.036
    11.000      3.541      0.036
    11.500      3.544      0.036
    12.000      3.547      0.036
    12.500      3.550      0.036
    13.000      3.553      0.036
    13.500      3.555      0.035
    14.000      3.558      0.035
    14.500      3.561      0.034
    15.000      3.565      0.033
    15.500      3.568      0.033
    16.000      3.571      0.032
    16.500      3.575      0.031
    17.000      3.579      0.030
    17.500      3.583      0.029
    18.000      3.588      0.028
    18.500      3.592      0.028
    19.000      3.598      0.027
    19.500      3.603      0.027
    20.000      3.609      0.027
    20.500      3.615      0.028
    21.000      3.622      0.029
    21.500      3.629      0.030
    22.000      3.636      0.031
    22.500      3.644      0.033
    23.000      3.653      0.034
    23.500      3.662      0.037
    24.000      3.671      0.038
    24.500      3.681      0.041
    25.000      3.692      0.043
    25.500      3.703      0.046
    26.000      3.714      0.048
    26.500      3.727      0.051
    27.000      3.740      0.054
    27.500      3.754      0.057
    28.000      3.769      0.060
    28.500      3.783      0.062
    29.000      3.800      0.065
    29.500      3.815      0.069
    30.000      3.834      0.073
    30.500      3.852      0.076
    31.000      3.874      0.079
    31.500      3.899      0.078
    32.000      3.927      0.078
    32.500      3.951      0.078
    33.000      3.974      0.083
    33.500      4.000      0.088
    34.000      4.026      0.094
    34.500      4.064      0.094
    35.000      4.099      0.095
    35.500      4.138      0.089
    36.000      4.578      0.181
    36.500      4.581      0.176
    37.000      4.580      0.169
    37.500      4.574      0.159
    38.000      4.563      0.148
    38.500      4.552      0.142
    39.000      4.545      0.136
    39.500      4.543      0.132
    40.000      4.542      0.134
    40.500      4.538      0.132
    41.000      4.532      0.127
    41.500      4.526      0.122
    42.000      4.519      0.118
    42.500      4.512      0.113
    43.000      4.506      0.104
    43.500      4.504      0.103
    44.000      4.504      0.108
    44.500      4.504      0.113
    45.000      4.505      0.121
    45.500      4.504      0.127
    46.000      4.502      0.129
    46.500      4.499      0.129
    47.000      4.495      0.126
    47.500      4.488      0.120
    48.000      4.481      0.114
    48.500      4.473      0.107
    49.000      4.467      0.101
    49.500      4.462      0.098
    50.000      4.456      0.090
    50.500      4.450      0.085
    51.000      4.443      0.078
    51.500      4.437      0.074
    52.000      4.432      0.069
    52.500      4.427      0.068
    53.000      4.422      0.063
    53.500      4.418      0.062
    54.000      4.413      0.059
    54.500      4.409      0.059
    55.000      4.404      0.058
    55.500      4.402      0.057
    56.000      4.397      0.057
    56.500      4.394      0.057
    57.000      4.390      0.058
    57.500      4.387      0.059
    58.000      4.384      0.061
    58.500      4.382      0.062
    59.000      4.379      0.062
    59.500      4.377      0.064
    60.000      4.374      0.066
    60.500      4.372      0.068
    61.000      4.370      0.069
    61.500      4.368      0.070
    62.000      4.367      0.071
    62.500      4.366      0.073
    63.000      4.364      0.074
    63.500      4.363      0.076
    64.000      4.362      0.077
    64.500      4.361      0.078
    65.000      4.361      0.078
    65.500      4.360      0.079
    66.000      4.359      0.080
    66.500      4.359      0.081
    67.000      4.359      0.082
    67.500      4.359      0.082
    68.000      4.359      0.082
    68.500      4.360      0.082
    69.000      4.360      0.083
    69.500      4.360      0.083
    70.000      4.360      0.083
    70.500      4.361      0.083
    71.000      4.362      0.082
    71.500      4.363      0.082
    72.000      4.364      0.082
    72.500      4.365      0.081
    73.000      4.366      0.081
    73.500      4.367      0.080
    74.000      4.368      0.080
    74.500      4.370      0.079
    75.000      4.371      0.078
    75.500      4.373      0.077
    76.000      4.375      0.076
    76.500      4.376      0.075
    77.000      4.378      0.075
    77.500      4.380      0.074
    78.000      4.382      0.073
    78.500      4.384      0.072
    79.000      4.386      0.071
    79.500      4.388      0.069
    80.000      4.390      0.068
    80.500      4.391      0.067
    81.000      4.394      0.067
    81.500      4.397      0.065
    82.000      4.399      0.064
    82.500      4.401      0.063
    83.000      4.403      0.062
    83.500      4.405      0.061
    84.000      4.407      0.061
    84.500      4.411      0.059
    85.000      4.414      0.057
    85.500      4.416      0.057
    86.000      4.418      0.056
    86.500      4.420      0.056
    87.000      4.422      0.056
    87.500      4.425      0.055
    88.000      4.428      0.054
    88.500      4.431      0.053
    89.000      4.434      0.053
    89.500      4.435      0.053
    90.000      4.437      0.053
    90.500      4.439      0.054
    91.000      4.443      0.054
    91.500      4.446      0.053
    92.000      4.449      0.053
    92.500      4.450      0.054
    93.000      4.452      0.054
    93.500      4.453      0.055
    94.000      4.457      0.056
    94.500      4.461      0.057
    95.000      4.463      0.057
    95.500      4.465      0.057
    96.000      4.466      0.058
    96.500      4.467      0.058
    97.000      4.470      0.060
    97.500      4.473      0.062
    98.000      4.476      0.063
    98.500      4.478      0.063
    99.000      4.479      0.063
    99.500      4.480      0.064
   100.000      4.482      0.066
   100.500      4.485      0.068
   101.000      4.488      0.070
   101.500      4.490      0.071
   102.000      4.492      0.071
   102.500      4.492      0.071
   103.000      4.493      0.072
   103.500      4.495      0.075
   104.000      4.498      0.077
   104.500      4.501      0.079
   105.000      4.503      0.079
   105.500      4.503      0.079
   106.000      4.504      0.079
   106.500      4.506      0.081
   107.000      4.508      0.084
   107.500      4.510      0.087
   108.000      4.512      0.087
   108.500      4.513      0.087
   109.000      4.514      0.087
   109.500      4.515      0.088
   110.000      4.517      0.090
   110.500      4.518      0.093
   111.000      4.520      0.095
   111.500      4.522      0.095
   112.000      4.523      0.095
   112.500      4.523      0.095
   113.000      4.524      0.097
   113.500      4.526      0.099
   114.000      4.527      0.101
   114.500      4.529      0.102
   115.000      4.530      0.102
   115.500      4.531      0.102
   116.000      4.531      0.103
   116.500      4.532      0.104
   117.000      4.533      0.106
   117.500      4.534      0.108
   118.000      4.536      0.109
   118.500      4.537      0.108
   119.000      4.537      0.109
   119.500      4.538      0.110
   120.000      4.538      0.111
   120.500      4.539      0.113
   121.000      4.540      0.114
   121.500      4.542      0.114
   122.000      4.542      0.115
   122.500      4.543      0.116
   123.000      4.543      0.117
   123.500      4.543      0.118
   124.000      4.544      0.119
   124.500      4.545      0.120
   125.000      4.546      0.120
   125.500      4.546      0.121
   126.000      4.546      0.122
   126.500      4.546      0.122
   127.000      4.546      0.123
   127.500      4.547      0.124
   128.000      4.548      0.124
   128.500      4.549      0.125
   129.000      4.549      0.126
   129.500      4.548      0.126
   130.000      4.548      0.127
   130.500      4.548      0.127
   131.000      4.549      0.128
   131.500      4.550      0.128
   132.000      4.550      0.129
   132.500      4.550      0.129
   133.000      4.548      0.130
   133.500      4.548      0.130
   134.000      4.548      0.130
   134.500      4.549      0.131
   135.000      4.550      0.131
   135.500      4.550      0.131
   136.000      4.548      0.132
   136.500      4.547      0.133
   137.000      4.547      0.132
   137.500      4.547      0.132
   138.000      4.548      0.132
   138.500      4.548      0.132
   139.000      4.548      0.133
   139.500      4.546      0.134
   140.000      4.545      0.134
   140.500      4.545      0.134
   141.000      4.545      0.133
   141.500      4.545      0.132
   142.000      4.545      0.132
   142.500      4.544      0.133
   143.000      4.542      0.135
   143.500      4.542      0.134
   144.000      4.541      0.133
   144.500      4.541      0.132
   145.000      4.541      0.131
   145.500      4.540      0.132
   146.000      4.539      0.133
   146.500      4.538      0.134
   147.000      4.536      0.132
   147.500      4.535      0.130
   148.000      4.535      0.130
   148.500      4.535      0.129
   149.000      4.534      0.129
   149.500      4.533      0.131
   150.000      4.531      0.131
   150.500      4.528      0.128
   151.000      4.528      0.127
   151.500      4.528      0.126
   152.000      4.527      0.126
   152.500      4.527      0.126
   153.000      4.526      0.128
   153.500      4.523      0.125
   154.000      4.520      0.123
   154.500      4.519      0.122
   155.000      4.519      0.122
   155.500      4.519      0.121
   156.000      4.519      0.122
   156.500      4.516      0.121
   157.000      4.512      0.119
   157.500      4.510      0.117
   158.000      4.509      0.117
   158.500      4.509      0.116
   159.000      4.509      0.115
   159.500      4.508      0.115
   160.000      4.504      0.114
   160.500      4.500      0.111
   161.000      4.499      0.110
   161.500      4.498      0.110
   162.000      4.498      0.109
   162.500      4.498      0.108
   163.000      4.495      0.106
   163.500      4.491      0.105
   164.000      4.487      0.103
   164.500      4.486      0.103
   165.000      4.485      0.104
   165.500      4.486      0.102
   166.000      4.484      0.099
   166.500      4.481      0.099
   167.000      4.476      0.098
   167.500      4.473      0.096
   168.000      4.471      0.096
   168.500      4.471      0.097
   169.000      4.470      0.093
   169.500      4.469      0.092
   170.000      4.467      0.092
   170.500      4.459      0.092
   171.000      4.457      0.091
   171.500      4.456      0.091
   172.000      4.454      0.091
   172.500      4.454      0.089
   173.000      4.454      0.088
   173.500      4.448      0.091
   174.000      4.442      0.089
   174.500      4.440      0.089
   175.000      4.439      0.090
   175.500      4.435      0.090
   176.000      4.438      0.090
   176.500      4.438      0.089
   177.000      4.428      0.095
   177.500      4.423      0.094
   178.000      4.422      0.094
   178.500      4.418      0.096
   179.000      4.417      0.096
   179.500      4.420      0.099
   180.000      4.419      0.100
   180.500      4.406      0.107
   181.000      4.404      0.107
   181.500      4.399      0.110
   182.000      4.398      0.110
   182.500      4.398      0.111
   183.000      4.402      0.116
   183.500      4.392      0.125
   184.000      4.384      0.127
   184.500      4.380      0.131
   185.000      4.377      0.133
   185.500      4.377      0.133
   186.000      4.378      0.133
   186.500      4.383      0.140
   187.000      4.364      0.155
   187.500      4.361      0.156
   188.000      4.356      0.161
   188.500      4.356      0.161
   189.000      4.356      0.161
   189.500      4.356      0.162
   190.000      4.359      0.174
   190.500      4.340      0.189
   191.000      4.333      0.196
   191.500      4.333      0.196
   192.000      4.333      0.196
   192.500      4.333      0.196
   193.000      4.333      0.197
   193.500      4.318      0.228
   194.000      4.309      0.237
   194.500      4.309      0.237
   195.000      4.309      0.237
   195.500      4.309      0.237
   196.000      4.309      0.237
   196.500      4.309      0.237
   197.000      4.283      0.283
   197.500      4.283      0.283
   198.000      4.283      0.283
   198.500      4.283      0.283
   199.000      4.283      0.283
