     0.000      1.348      0.546
     0.500      2.395      0.469
     1.000      3.269      0.312
     1.500      3.283      0.285
     2.000      3.306      0.228
     2.500      3.329      0.198
     3.000      3.345      0.162
     3.500      3.356      0.139
     4.000      3.382      0.102
     4.500      3.386      0.086
     5.000      3.403      0.065
     5.500      3.417      0.055
     6.000      3.426      0.050
     6.500      3.436      0.053
     7.000      3.446      0.060
     7.500      3.455      0.068
     8.000      3.459      0.073
     8.500      3.469      0.084
     9.000      3.472      0.087
     9.500      3.478      0.092
    10.000      3.482      0.097
    10.500      3.486      0.099
    11.000      3.489      0.101
    11.500      3.492      0.102
    12.000      3.494      0.102
    12.500      3.496      0.100
    13.000      3.498      0.099
    13.500      3.499      0.097
    14.000      3.501      0.094
    14.500      3.501      0.091
    15.000      3.503      0.087
    15.500      3.503      0.083
    16.000      3.504      0.079
    16.500      3.504      0.075
    17.000      3.505      0.071
    17.500      3.506      0.067
    18.000      3.506      0.062
    18.500      3.507      0.059
    19.000      3.507      0.054
    19.500      3.508      0.051
    20.000      3.509      0.047
    20.500      3.509      0.045
    21.000      3.510      0.042
    21.500      3.510      0.039
    22.000      3.511      0.038
    22.500      3.512      0.036
    23.000      3.513      0.036
    23.500      3.513      0.036
    24.000      3.515      0.036
    24.500      3.515      0.037
    25.000      3.516      0.039
    25.500      3.517      0.040
    26.000      3.518      0.043
    26.500      3.519      0.045
    27.000      3.520      0.047
    27.500      3.521      0.049
    28.000      3.521      0.052
    28.500      3.522      0.054
    29.000      3.523      0.056
    29.500      3.523      0.059
    30.000      3.524      0.061
    30.500      3.525      0.064
    31.000      3.525      0.066
    31.500      3.525      0.069
    32.000      3.526      0.072
    32.500      3.526      0.075
    33.000      3.526      0.078
    33.500      3.526      0.083
    34.000      3.525      0.087
    34.500      3.525      0.092
    35.000      3.525      0.096
    35.500      3.527      0.099
    36.000      3.528      0.103
    36.500      3.532      0.106
    37.000      3.535      0.107
    37.500      3.538      0.116
    38.000      3.538      0.126
    38.500      3.539      0.138
    39.000      3.541      0.148
    39.500      3.544      0.156
    40.000      3.551      0.160
    40.500      3.558      0.162
    41.000      3.570      0.159
    41.500      3.581      0.159
    42.000      3.591      0.160
    42.500      3.605      0.155
    43.000      3.616      0.155
    43.500      3.628      0.152
    44.000      3.639      0.155
    44.500      3.650      0.164
    45.000      3.660      0.175
    45.500      3.667      0.188
    46.000      3.676      0.199
    46.500      3.685      0.207
    47.000      3.701      0.206
    47.500      3.722      0.197
    48.000      3.741      0.188
    48.500      3.761      0.177
    49.000      3.784      0.157
    49.500      4.186      0.232
    50.000      4.189      0.217
    50.500      4.191      0.207
    51.000      4.190      0.201
    51.500      4.188      0.198
    52.000      4.185      0.193
    52.500      4.186      0.194
    53.000      4.191      0.197
    53.500      4.198      0.201
    54.000      4.211      0.201
    54.500      4.227      0.200
    55.000      4.246      0.201
    55.500      4.258      0.193
    56.000      4.271      0.181
    56.500      4.282      0.172
    57.000      4.293      0.164
    57.500      4.304      0.156
    58.000      4.314      0.148
    58.500      4.323      0.142
    59.000      4.332      0.135
    59.500      4.341      0.131
    60.000      4.351      0.128
    60.500      4.360      0.125
    61.000      4.369      0.121
    61.500      4.378      0.119
    62.000      4.389      0.117
    62.500      4.396      0.117
    63.000      4.403      0.117
    63.500      4.410      0.116
    64.000      4.417      0.115
    64.500      4.423      0.114
    65.000      4.430      0.115
    65.500      4.436      0.115
    66.000      4.442      0.115
    66.500      4.448      0.115
    67.000      4.454      0.115
    67.500      4.460      0.116
    68.000      4.465      0.117
    68.500      4.470      0.119
    69.000      4.475      0.119
    69.500      4.479      0.119
    70.000      4.484      0.120
    70.500      4.490      0.121
    71.000      4.494      0.123
    71.500      4.498      0.124
    72.000      4.501      0.124
    72.500      4.505      0.124
    73.000      4.509      0.125
    73.500      4.513      0.126
    74.000      4.517      0.127
    74.500      4.519      0.127
    75.000      4.522      0.127
    75.500      4.525      0.127
    76.000      4.528      0.127
    76.500      4.531      0.127
    77.000      4.534      0.127
    77.500      4.536      0.127
    78.000      4.537      0.126
    78.500      4.539      0.125
    79.000      4.542      0.125
    79.500      4.544      0.125
    80.000      4.546      0.124
    80.500      4.547      0.123
    81.000      4.548      0.122
    81.500      4.550      0.121
    82.000      4.552      0.120
    82.500      4.553      0.119
    83.000      4.554      0.118
    83.500      4.555      0.117
    84.000      4.556      0.116
    84.500      4.557      0.114
    85.000      4.558      0.113
    85.500      4.559      0.112
    86.000      4.559      0.111
    86.500      4.560      0.110
    87.000      4.561      0.108
    87.500      4.561      0.107
    88.000      4.562      0.106
    88.500      4.562      0.106
    89.000      4.562      0.105
    89.500      4.563      0.103
    90.000      4.563      0.102
    90.500      4.563      0.101
    91.000      4.563      0.100
    91.500      4.563      0.100
    92.000      4.563      0.100
    92.500      4.563      0.098
    93.000      4.563      0.097
    93.500      4.563      0.097
    94.000      4.563      0.097
    94.500      4.563      0.097
    95.000      4.562      0.097
    95.500      4.563      0.097
    96.000      4.563      0.096
    96.500      4.562      0.097
    97.000      4.562      0.097
    97.500      4.561      0.098
    98.000      4.561      0.098
    98.500      4.561      0.098
    99.000      4.561      0.098
    99.500      4.561      0.099
   100.000      4.560      0.100
   100.500      4.560      0.101
   101.000      4.560      0.102
   101.500      4.559      0.102
   102.000      4.559      0.103
   102.500      4.559      0.103
   103.000      4.559      0.104
   103.500      4.558      0.106
   104.000      4.558      0.107
   104.500      4.558      0.108
   105.000      4.558      0.108
   105.500      4.558      0.109
   106.000      4.557      0.110
   106.500      4.557      0.111
   107.000      4.557      0.112
   107.500      4.556      0.113
   108.000      4.557      0.114
   108.500      4.557      0.115
   109.000      4.556      0.115
   109.500      4.556      0.117
   110.000      4.556      0.118
   110.500      4.556      0.119
   111.000      4.556      0.120
   111.500      4.556      0.120
   112.000      4.556      0.121
   112.500      4.555      0.122
   113.000      4.555      0.123
   113.500      4.555      0.124
   114.000      4.555      0.125
   114.500      4.556      0.125
   115.000      4.555      0.126
   115.500      4.555      0.127
   116.000      4.555      0.128
   116.500      4.555      0.129
   117.000      4.555      0.129
   117.500      4.555      0.130
   118.000      4.555      0.130
   118.500      4.555      0.131
   119.000      4.555      0.132
   119.500      4.555      0.133
   120.000      4.555      0.133
   120.500      4.555      0.134
   121.000      4.555      0.134
   121.500      4.554      0.135
   122.000      4.555      0.136
   122.500      4.555      0.137
   123.000      4.555      0.137
   123.500      4.555      0.138
   124.000      4.555      0.138
   124.500      4.554      0.139
   125.000      4.554      0.139
   125.500      4.555      0.141
   126.000      4.555      0.141
   126.500      4.555      0.141
   127.000      4.555      0.142
   127.500      4.554      0.142
   128.000      4.554      0.143
   128.500      4.555      0.144
   129.000      4.555      0.145
   129.500      4.555      0.145
   130.000      4.555      0.146
   130.500      4.554      0.146
   131.000      4.554      0.146
   131.500      4.554      0.148
   132.000      4.555      0.148
   132.500      4.555      0.149
   133.000      4.555      0.149
   133.500      4.554      0.149
   134.000      4.553      0.150
   134.500      4.554      0.151
   135.000      4.554      0.152
   135.500      4.554      0.152
   136.000      4.554      0.153
   136.500      4.553      0.153
   137.000      4.553      0.154
   137.500      4.553      0.154
   138.000      4.553      0.155
   138.500      4.553      0.156
   139.000      4.553      0.157
   139.500      4.552      0.157
   140.000      4.552      0.157
   140.500      4.551      0.158
   141.000      4.552      0.159
   141.500      4.552      0.160
   142.000      4.552      0.160
   142.500      4.551      0.161
   143.000      4.550      0.161
   143.500      4.550      0.162
   144.000      4.550      0.162
   144.500      4.550      0.163
   145.000      4.550      0.163
   145.500      4.548      0.164
   146.000      4.548      0.165
   146.500      4.548      0.165
   147.000      4.548      0.166
   147.500      4.548      0.166
   148.000      4.547      0.166
   148.500      4.546      0.167
   149.000      4.545      0.168
   149.500      4.545      0.168
   150.000      4.545      0.169
   150.500      4.545      0.169
   151.000      4.544      0.169
   151.500      4.542      0.169
   152.000      4.541      0.170
   152.500      4.541      0.171
   153.000      4.542      0.172
   153.500      4.542      0.171
   154.000      4.540      0.170
   154.500      4.538      0.171
   155.000      4.536      0.172
   155.500      4.537      0.172
   156.000      4.538      0.173
   156.500      4.537      0.172
   157.000      4.536      0.172
   157.500      4.533      0.172
   158.000      4.531      0.173
   158.500      4.531      0.173
   159.000      4.532      0.174
   159.500      4.531      0.173
   160.000      4.530      0.172
   160.500      4.528      0.173
   161.000      4.525      0.173
   161.500      4.525      0.173
   162.000      4.526      0.173
   162.500      4.525      0.172
   163.000      4.524      0.172
   163.500      4.521      0.172
   164.000      4.519      0.173
   164.500      4.518      0.172
   165.000      4.518      0.171
   165.500      4.517      0.171
   166.000      4.516      0.170
   166.500      4.514      0.171
   167.000      4.511      0.172
   167.500      4.510      0.170
   168.000      4.508      0.169
   168.500      4.509      0.169
   169.000      4.508      0.169
   169.500      4.505      0.169
   170.000      4.502      0.170
   170.500      4.501      0.169
   171.000      4.498      0.167
   171.500      4.499      0.167
   172.000      4.498      0.166
   172.500      4.494      0.166
   173.000      4.492      0.168
   173.500      4.490      0.167
   174.000      4.487      0.165
   174.500      4.487      0.165
   175.000      4.487      0.164
   175.500      4.483      0.164
   176.000      4.480      0.167
   176.500      4.478      0.166
   177.000      4.476      0.166
   177.500      4.474      0.164
   178.000      4.474      0.163
   178.500      4.470      0.164
   179.000      4.467      0.167
   179.500      4.464      0.167
   180.000      4.463      0.167
   180.500      4.461      0.167
   181.000      4.459      0.165
   181.500      4.456      0.166
   182.000      4.452      0.171
   182.500      4.448      0.172
   183.000      4.448      0.173
   183.500      4.447      0.172
   184.000      4.443      0.171
   184.500      4.441      0.173
   185.000      4.436      0.180
   185.500      4.431      0.183
   186.000      4.431      0.184
   186.500      4.430      0.184
   187.000      4.426      0.184
   187.500      4.424      0.185
   188.000      4.418      0.195
   188.500      4.412      0.201
   189.000      4.411      0.202
   189.500      4.411      0.202
   190.000      4.411      0.202
   190.500      4.405      0.205
   191.000      4.398      0.217
   191.500      4.392      0.227
   192.000      4.390      0.228
   192.500      4.390      0.228
   193.000      4.390      0.228
   193.500      4.385      0.231
   194.000      4.377      0.248
   194.500      4.367      0.262
   195.000      4.367      0.263
   195.500      4.367      0.263
   196.000      4.367      0.263
   196.500      4.367      0.263
   197.000      4.353      0.286
   197.500      4.343      0.305
   198.000      4.343      0.305
   198.500      4.343      0.305
   199.000      4.343      0.305
   199.500      4.343      0.305
