     0.000      1.445      0.497
     0.500      3.206      0.230
     1.000      3.269      0.256
     1.500      3.275      0.234
     2.000      3.283      0.178
     2.500      3.285      0.162
     3.000      3.291      0.134
     3.500      3.296      0.102
     4.000      3.301      0.091
     4.500      3.308      0.069
     5.000      3.311      0.058
     5.500      3.314      0.053
     6.000      3.322      0.050
     6.500      3.322      0.052
     7.000      3.329      0.057
     7.500      3.331      0.062
     8.000      3.335      0.065
     8.500      3.340      0.071
     9.000      3.342      0.073
     9.500      3.346      0.076
    10.000      3.349      0.078
    10.500      3.353      0.078
    11.000      3.356      0.078
    11.500      3.359      0.077
    12.000      3.362      0.076
    12.500      3.365      0.074
    13.000      3.369      0.072
    13.500      3.372      0.069
    14.000      3.375      0.067
    14.500      3.379      0.063
    15.000      3.381      0.061
    15.500      3.385      0.057
    16.000      3.388      0.054
    16.500      3.391      0.051
    17.000      3.395      0.048
    17.500      3.399      0.045
    18.000      3.403      0.043
    18.500      3.407      0.040
    19.000      3.411      0.038
    19.500      3.416      0.037
    20.000      3.420      0.035
    20.500      3.425      0.034
    21.000      3.429      0.033
    21.500      3.434      0.032
    22.000      3.439      0.032
    22.500      3.445      0.032
    23.000      3.449      0.033
    23.500      3.455      0.034
    24.000      3.460      0.035
    24.500      3.466      0.036
    25.000      3.471      0.038
    25.500      3.477      0.039
    26.000      3.482      0.041
    26.500      3.487      0.043
    27.000      3.494      0.046
    27.500      3.499      0.047
    28.000      3.504      0.050
    28.500      3.511      0.052
    29.000      3.516      0.054
    29.500      3.521      0.057
    30.000      3.528      0.059
    30.500      3.533      0.062
    31.000      3.538      0.065
    31.500      3.544      0.068
    32.000      3.549      0.071
    32.500      3.555      0.075
    33.000      3.560      0.079
    33.500      3.565      0.084
    34.000      3.571      0.088
    34.500      3.577      0.092
    35.000      3.585      0.097
    35.500      3.591      0.101
    36.000      3.598      0.106
    36.500      3.604      0.113
    37.000      3.611      0.116
    37.500      3.619      0.118
    38.000      3.626      0.121
    38.500      3.634      0.125
    39.000      3.645      0.122
    39.500      3.659      0.115
    40.000      3.669      0.114
    40.500      3.680      0.114
    41.000      3.688      0.119
    41.500      3.699      0.120
    42.000      3.710      0.124
    42.500      3.717      0.130
    43.000      3.731      0.132
    43.500      3.741      0.137
    44.000      3.758      0.135
    44.500      3.771      0.136
    45.000      3.779      0.142
    45.500      3.788      0.146
    46.000      3.800      0.156
    46.500      3.813      0.164
    47.000      3.830      0.174
    47.500      3.845      0.185
    48.000      3.859      0.195
    48.500      3.876      0.211
    49.000      3.887      0.222
    49.500      3.899      0.234
    50.000      4.209      0.257
    50.500      4.219      0.255
    51.000      4.232      0.255
    51.500      4.241      0.255
    52.000      4.256      0.260
    52.500      4.270      0.263
    53.000      4.277      0.261
    53.500      4.284      0.259
    54.000      4.291      0.254
    54.500      4.300      0.248
    55.000      4.308      0.240
    55.500      4.314      0.233
    56.000      4.324      0.229
    56.500      4.335      0.226
    57.000      4.344      0.225
    57.500      4.352      0.224
    58.000      4.355      0.222
    58.500      4.359      0.221
    59.000      4.361      0.218
    59.500      4.364      0.215
    60.000      4.366      0.212
    60.500      4.367      0.208
    61.000      4.364      0.203
    61.500      4.365      0.202
    62.000      4.367      0.201
    62.500      4.372      0.202
    63.000      4.375      0.201
    63.500      4.378      0.202
    64.000      4.376      0.201
    64.500      4.375      0.200
    65.000      4.375      0.198
    65.500      4.374      0.196
    66.000      4.374      0.194
    66.500      4.374      0.194
    67.000      4.372      0.195
    67.500      4.372      0.194
    68.000      4.371      0.193
    68.500      4.371      0.192
    69.000      4.372      0.191
    69.500      4.372      0.191
    70.000      4.371      0.192
    70.500      4.371      0.192
    71.000      4.371      0.192
    71.500      4.371      0.191
    72.000      4.372      0.190
    72.500      4.372      0.190
    73.000      4.372      0.190
    73.500      4.372      0.190
    74.000      4.372      0.189
    74.500      4.373      0.189
    75.000      4.374      0.188
    75.500      4.375      0.187
    76.000      4.375      0.186
    76.500      4.375      0.185
    77.000      4.376      0.185
    77.500      4.376      0.184
    78.000      4.377      0.182
    78.500      4.378      0.181
    79.000      4.379      0.179
    79.500      4.380      0.178
    80.000      4.381      0.177
    80.500      4.382      0.176
    81.000      4.382      0.174
    81.500      4.384      0.172
    82.000      4.385      0.170
    82.500      4.386      0.168
    83.000      4.388      0.167
    83.500      4.388      0.165
    84.000      4.389      0.163
    84.500      4.390      0.161
    85.000      4.392      0.158
    85.500      4.394      0.156
    86.000      4.395      0.155
    86.500      4.396      0.153
    87.000      4.396      0.151
    87.500      4.397      0.148
    88.000      4.400      0.146
    88.500      4.402      0.144
    89.000      4.404      0.142
    89.500      4.405      0.140
    90.000      4.404      0.138
    90.500      4.405      0.135
    91.000      4.408      0.134
    91.500      4.410      0.132
    92.000      4.413      0.130
    92.500      4.413      0.129
    93.000      4.413      0.127
    93.500      4.414      0.124
    94.000      4.417      0.123
    94.500      4.419      0.122
    95.000      4.422      0.121
    95.500      4.422      0.120
    96.000      4.422      0.119
    96.500      4.423      0.118
    97.000      4.426      0.117
    97.500      4.428      0.116
    98.000      4.431      0.116
    98.500      4.431      0.116
    99.000      4.431      0.116
    99.500      4.433      0.115
   100.000      4.435      0.115
   100.500      4.437      0.115
   101.000      4.439      0.115
   101.500      4.440      0.116
   102.000      4.441      0.117
   102.500      4.442      0.118
   103.000      4.444      0.118
   103.500      4.446      0.118
   104.000      4.448      0.120
   104.500      4.449      0.121
   105.000      4.450      0.123
   105.500      4.452      0.123
   106.000      4.453      0.124
   106.500      4.455      0.125
   107.000      4.457      0.127
   107.500      4.458      0.129
   108.000      4.459      0.130
   108.500      4.461      0.131
   109.000      4.462      0.132
   109.500      4.464      0.133
   110.000      4.465      0.135
   110.500      4.466      0.137
   111.000      4.467      0.139
   111.500      4.469      0.140
   112.000      4.471      0.141
   112.500      4.472      0.142
   113.000      4.473      0.144
   113.500      4.475      0.146
   114.000      4.476      0.148
   114.500      4.478      0.149
   115.000      4.479      0.150
   115.500      4.480      0.151
   116.000      4.482      0.153
   116.500      4.483      0.155
   117.000      4.484      0.157
   117.500      4.486      0.158
   118.000      4.487      0.158
   118.500      4.488      0.159
   119.000      4.489      0.162
   119.500      4.491      0.164
   120.000      4.492      0.165
   120.500      4.494      0.166
   121.000      4.495      0.166
   121.500      4.496      0.167
   122.000      4.496      0.169
   122.500      4.498      0.171
   123.000      4.500      0.172
   123.500      4.502      0.173
   124.000      4.502      0.173
   124.500      4.503      0.175
   125.000      4.503      0.176
   125.500      4.505      0.178
   126.000      4.507      0.179
   126.500      4.508      0.179
   127.000      4.509      0.180
   127.500      4.509      0.181
   128.000      4.510      0.183
   128.500      4.511      0.184
   129.000      4.513      0.184
   129.500      4.515      0.185
   130.000      4.515      0.185
   130.500      4.515      0.186
   131.000      4.516      0.188
   131.500      4.517      0.189
   132.000      4.519      0.189
   132.500      4.520      0.189
   133.000      4.520      0.190
   133.500      4.520      0.191
   134.000      4.521      0.192
   134.500      4.523      0.193
   135.000      4.524      0.193
   135.500      4.525      0.193
   136.000      4.525      0.193
   136.500      4.525      0.194
   137.000      4.526      0.195
   137.500      4.527      0.196
   138.000      4.528      0.196
   138.500      4.529      0.196
   139.000      4.529      0.196
   139.500      4.529      0.197
   140.000      4.530      0.198
   140.500      4.531      0.198
   141.000      4.532      0.198
   141.500      4.532      0.198
   142.000      4.532      0.198
   142.500      4.532      0.198
   143.000      4.533      0.199
   143.500      4.534      0.199
   144.000      4.534      0.199
   144.500      4.534      0.199
   145.000      4.534      0.199
   145.500      4.534      0.199
   146.000      4.535      0.200
   146.500      4.536      0.199
   147.000      4.536      0.199
   147.500      4.536      0.199
   148.000      4.535      0.199
   148.500      4.535      0.199
   149.000      4.535      0.199
   149.500      4.536      0.199
   150.000      4.537      0.198
   150.500      4.536      0.198
   151.000      4.536      0.198
   151.500      4.535      0.198
   152.000      4.535      0.198
   152.500      4.536      0.197
   153.000      4.536      0.196
   153.500      4.536      0.196
   154.000      4.535      0.196
   154.500      4.534      0.196
   155.000      4.533      0.196
   155.500      4.534      0.194
   156.000      4.535      0.194
   156.500      4.534      0.194
   157.000      4.533      0.193
   157.500      4.532      0.194
   158.000      4.531      0.193
   158.500      4.531      0.191
   159.000      4.532      0.191
   159.500      4.531      0.190
   160.000      4.530      0.190
   160.500      4.529      0.190
   161.000      4.527      0.189
   161.500      4.527      0.187
   162.000      4.527      0.187
   162.500      4.527      0.186
   163.000      4.526      0.185
   163.500      4.524      0.185
   164.000      4.522      0.184
   164.500      4.522      0.183
   165.000      4.522      0.182
   165.500      4.522      0.180
   166.000      4.520      0.180
   166.500      4.518      0.180
   167.000      4.516      0.180
   167.500      4.515      0.179
   168.000      4.515      0.177
   168.500      4.515      0.175
   169.000      4.513      0.174
   169.500      4.510      0.175
   170.000      4.508      0.174
   170.500      4.507      0.174
   171.000      4.507      0.173
   171.500      4.506      0.170
   172.000      4.504      0.169
   172.500      4.501      0.170
   173.000      4.498      0.170
   173.500      4.498      0.170
   174.000      4.498      0.169
   174.500      4.496      0.165
   175.000      4.494      0.165
   175.500      4.489      0.166
   176.000      4.486      0.167
   176.500      4.486      0.167
   177.000      4.488      0.164
   177.500      4.484      0.162
   178.000      4.482      0.162
   178.500      4.477      0.164
   179.000      4.473      0.166
   179.500      4.473      0.167
   180.000      4.475      0.163
   180.500      4.472      0.162
   181.000      4.468      0.162
   181.500      4.463      0.165
   182.000      4.458      0.168
   182.500      4.458      0.170
   183.000      4.459      0.165
   183.500      4.457      0.164
   184.000      4.452      0.167
   184.500      4.448      0.169
   185.000      4.441      0.175
   185.500      4.442      0.177
   186.000      4.442      0.173
   186.500      4.440      0.173
   187.000      4.437      0.175
   187.500      4.432      0.178
   188.000      4.423      0.187
   188.500      4.425      0.189
   189.000      4.421      0.187
   189.500      4.420      0.187
   190.000      4.420      0.187
   190.500      4.414      0.193
   191.000      4.402      0.205
   191.500      4.403      0.208
   192.000      4.399      0.209
   192.500      4.399      0.209
   193.000      4.399      0.209
   193.500      4.397      0.211
   194.000      4.380      0.229
   194.500      4.377      0.236
   195.000      4.376      0.236
   195.500      4.376      0.236
   196.000      4.376      0.236
   196.500      4.376      0.236
   197.000      4.356      0.259
   197.500      4.351      0.269
   198.000      4.351      0.269
   198.500      4.351      0.269
   199.000      4.351      0.269
