     0.000      1.437      0.481
     0.500      3.148      0.170
     1.000      3.194      0.154
     1.500      3.238      0.129
     2.000      3.275      0.104
     2.500      3.313      0.087
     3.000      3.341      0.070
     3.500      3.372      0.058
     4.000      3.397      0.047
     4.500      3.420      0.039
     5.000      3.443      0.035
     5.500      3.461      0.033
     6.000      3.478      0.032
     6.500      3.493      0.035
     7.000      3.507      0.036
     7.500      3.518      0.038
     8.000      3.528      0.039
     8.500      3.537      0.040
     9.000      3.545      0.041
     9.500      3.551      0.042
    10.000      3.557      0.042
    10.500      3.563      0.042
    11.000      3.568      0.042
    11.500      3.572      0.042
    12.000      3.577      0.042
    12.500      3.581      0.041
    13.000      3.585      0.041
    13.500      3.589      0.040
    14.000      3.593      0.039
    14.500      3.597      0.038
    15.000      3.602      0.037
    15.500      3.606      0.036
    16.000      3.611      0.035
    16.500      3.616      0.033
    17.000      3.621      0.032
    17.500      3.626      0.031
    18.000      3.631      0.030
    18.500      3.637      0.029
    19.000      3.643      0.029
    19.500      3.649      0.029
    20.000      3.656      0.029
    20.500      3.663      0.030
    21.000      3.671      0.031
    21.500      3.679      0.032
    22.000      3.687      0.034
    22.500      3.696      0.035
    23.000      3.705      0.038
    23.500      3.714      0.039
    24.000      3.726      0.041
    24.500      3.735      0.043
    25.000      3.748      0.045
    25.500      3.759      0.047
    26.000      3.772      0.048
    26.500      3.786      0.050
    27.000      3.799      0.052
    27.500      3.814      0.054
    28.000      3.829      0.055
    28.500      3.846      0.057
    29.000      3.862      0.059
    29.500      3.880      0.061
    30.000      3.898      0.063
    30.500      3.921      0.063
    31.000      3.944      0.062
    31.500      3.969      0.063
    32.000      3.994      0.064
    32.500      4.021      0.067
    33.000      4.046      0.068
    33.500      4.070      0.067
    34.000      4.096      0.070
    34.500      4.117      0.073
    35.000      4.141      0.082
    35.500      4.475      0.157
    36.000      4.489      0.158
    36.500      4.505      0.163
    37.000      4.526      0.170
    37.500      4.540      0.173
    38.000      4.559      0.176
    38.500      4.576      0.175
    39.000      4.582      0.174
    39.500      4.580      0.170
    40.000      4.576      0.164
    40.500      4.573      0.155
    41.000      4.570      0.146
    41.500      4.565      0.134
    42.000      4.560      0.126
    42.500      4.556      0.122
    43.000      4.554      0.119
    43.500      4.551      0.115
    44.000      4.548      0.109
    44.500      4.544      0.102
    45.000      4.540      0.094
    45.500      4.535      0.090
    46.000      4.533      0.089
    46.500      4.530      0.088
    47.000      4.528      0.084
    47.500      4.525      0.080
    48.000      4.520      0.075
    48.500      4.517      0.071
    49.000      4.514      0.071
    49.500      4.512      0.072
    50.000      4.509      0.071
    50.500      4.507      0.069
    51.000      4.503      0.067
    51.500      4.500      0.065
    52.000      4.497      0.064
    52.500      4.496      0.065
    53.000      4.494      0.066
    53.500      4.491      0.066
    54.000      4.488      0.065
    54.500      4.485      0.064
    55.000      4.483      0.064
    55.500      4.482      0.064
    56.000      4.480      0.065
    56.500      4.478      0.066
    57.000      4.476      0.066
    57.500      4.473      0.066
    58.000      4.471      0.066
    58.500      4.470      0.066
    59.000      4.468      0.065
    59.500      4.467      0.065
    60.000      4.465      0.066
    60.500      4.463      0.066
    61.000      4.461      0.066
    61.500      4.459      0.066
    62.000      4.458      0.065
    62.500      4.458      0.064
    63.000      4.456      0.064
    63.500      4.454      0.064
    64.000      4.452      0.064
    64.500      4.451      0.064
    65.000      4.451      0.063
    65.500      4.450      0.062
    66.000      4.449      0.061
    66.500      4.448      0.061
    67.000      4.446      0.061
    67.500      4.445      0.061
    68.000      4.444      0.061
    68.500      4.443      0.059
    69.000      4.443      0.058
    69.500      4.442      0.057
    70.000      4.441      0.057
    70.500      4.440      0.057
    71.000      4.440      0.057
    71.500      4.439      0.056
    72.000      4.439      0.055
    72.500      4.439      0.054
    73.000      4.438      0.054
    73.500      4.437      0.054
    74.000      4.437      0.054
    74.500      4.436      0.054
    75.000      4.436      0.054
    75.500      4.436      0.054
    76.000      4.436      0.054
    76.500      4.435      0.054
    77.000      4.435      0.054
    77.500      4.435      0.054
    78.000      4.434      0.054
    78.500      4.434      0.056
    79.000      4.434      0.057
    79.500      4.435      0.057
    80.000      4.435      0.057
    80.500      4.435      0.058
    81.000      4.435      0.058
    81.500      4.434      0.060
    82.000      4.434      0.062
    82.500      4.435      0.063
    83.000      4.435      0.063
    83.500      4.436      0.064
    84.000      4.436      0.064
    84.500      4.436      0.065
    85.000      4.436      0.068
    85.500      4.436      0.070
    86.000      4.437      0.071
    86.500      4.437      0.072
    87.000      4.438      0.072
    87.500      4.438      0.073
    88.000      4.438      0.075
    88.500      4.438      0.077
    89.000      4.439      0.079
    89.500      4.439      0.079
    90.000      4.440      0.080
    90.500      4.441      0.081
    91.000      4.441      0.082
    91.500      4.441      0.083
    92.000      4.441      0.085
    92.500      4.442      0.086
    93.000      4.443      0.087
    93.500      4.445      0.087
    94.000      4.445      0.088
    94.500      4.445      0.089
    95.000      4.445      0.090
    95.500      4.446      0.091
    96.000      4.447      0.092
    96.500      4.448      0.092
    97.000      4.449      0.092
    97.500      4.449      0.093
    98.000      4.449      0.094
    98.500      4.450      0.095
    99.000      4.451      0.095
    99.500      4.452      0.095
   100.000      4.454      0.095
   100.500      4.454      0.096
   101.000      4.454      0.097
   101.500      4.455      0.097
   102.000      4.455      0.097
   102.500      4.457      0.097
   103.000      4.458      0.097
   103.500      4.459      0.097
   104.000      4.460      0.098
   104.500      4.460      0.098
   105.000      4.461      0.098
   105.500      4.461      0.098
   106.000      4.463      0.097
   106.500      4.464      0.098
   107.000      4.465      0.098
   107.500      4.466      0.098
   108.000      4.466      0.098
   108.500      4.467      0.098
   109.000      4.468      0.097
   109.500      4.469      0.097
   110.000      4.470      0.097
   110.500      4.471      0.097
   111.000      4.472      0.097
   111.500      4.472      0.097
   112.000      4.473      0.096
   112.500      4.474      0.095
   113.000      4.475      0.096
   113.500      4.477      0.095
   114.000      4.478      0.095
   114.500      4.478      0.095
   115.000      4.479      0.095
   115.500      4.480      0.094
   116.000      4.480      0.094
   116.500      4.482      0.094
   117.000      4.483      0.093
   117.500      4.484      0.093
   118.000      4.485      0.093
   118.500      4.486      0.093
   119.000      4.486      0.092
   119.500      4.487      0.092
   120.000      4.488      0.092
   120.500      4.490      0.092
   121.000      4.491      0.092
   121.500      4.491      0.092
   122.000      4.492      0.092
   122.500      4.492      0.092
   123.000      4.493      0.092
   123.500      4.495      0.091
   124.000      4.496      0.091
   124.500      4.497      0.091
   125.000      4.498      0.091
   125.500      4.498      0.092
   126.000      4.498      0.092
   126.500      4.500      0.092
   127.000      4.501      0.092
   127.500      4.502      0.092
   128.000      4.503      0.092
   128.500      4.504      0.092
   129.000      4.504      0.093
   129.500      4.504      0.094
   130.000      4.506      0.093
   130.500      4.507      0.094
   131.000      4.508      0.094
   131.500      4.508      0.095
   132.000      4.509      0.095
   132.500      4.509      0.096
   133.000      4.510      0.096
   133.500      4.511      0.097
   134.000      4.512      0.097
   134.500      4.513      0.098
   135.000      4.513      0.098
   135.500      4.514      0.099
   136.000      4.514      0.101
   136.500      4.515      0.101
   137.000      4.516      0.102
   137.500      4.517      0.102
   138.000      4.517      0.103
   138.500      4.518      0.103
   139.000      4.518      0.105
   139.500      4.519      0.106
   140.000      4.520      0.107
   140.500      4.520      0.107
   141.000      4.521      0.108
   141.500      4.521      0.109
   142.000      4.521      0.110
   142.500      4.522      0.111
   143.000      4.522      0.113
   143.500      4.523      0.113
   144.000      4.523      0.113
   144.500      4.523      0.115
   145.000      4.524      0.116
   145.500      4.525      0.116
   146.000      4.525      0.118
   146.500      4.525      0.120
   147.000      4.525      0.120
   147.500      4.525      0.120
   148.000      4.526      0.121
   148.500      4.526      0.122
   149.000      4.527      0.123
   149.500      4.527      0.126
   150.000      4.527      0.126
   150.500      4.527      0.126
   151.000      4.526      0.127
   151.500      4.527      0.128
   152.000      4.527      0.129
   152.500      4.528      0.130
   153.000      4.527      0.133
   153.500      4.527      0.132
   154.000      4.527      0.133
   154.500      4.527      0.133
   155.000      4.527      0.135
   155.500      4.528      0.136
   156.000      4.528      0.137
   156.500      4.527      0.138
   157.000      4.526      0.138
   157.500      4.525      0.138
   158.000      4.525      0.139
   158.500      4.526      0.141
   159.000      4.527      0.142
   159.500      4.526      0.143
   160.000      4.525      0.143
   160.500      4.523      0.142
   161.000      4.523      0.143
   161.500      4.523      0.145
   162.000      4.524      0.146
   162.500      4.525      0.147
   163.000      4.523      0.147
   163.500      4.521      0.146
   164.000      4.519      0.147
   164.500      4.519      0.148
   165.000      4.520      0.150
   165.500      4.521      0.151
   166.000      4.521      0.151
   166.500      4.518      0.151
   167.000      4.515      0.150
   167.500      4.514      0.151
   168.000      4.514      0.152
   168.500      4.515      0.154
   169.000      4.515      0.154
   169.500      4.515      0.154
   170.000      4.511      0.153
   170.500      4.508      0.153
   171.000      4.507      0.154
   171.500      4.508      0.157
   172.000      4.509      0.157
   172.500      4.509      0.157
   173.000      4.507      0.157
   173.500      4.501      0.155
   174.000      4.499      0.157
   174.500      4.500      0.159
   175.000      4.500      0.160
   175.500      4.500      0.160
   176.000      4.500      0.160
   176.500      4.497      0.159
   177.000      4.490      0.160
   177.500      4.489      0.162
   178.000      4.490      0.165
   178.500      4.490      0.165
   179.000      4.490      0.165
   179.500      4.490      0.165
   180.000      4.483      0.163
   180.500      4.477      0.167
   181.000      4.478      0.171
   181.500      4.478      0.171
   182.000      4.478      0.171
   182.500      4.478      0.171
   183.000      4.477      0.171
   183.500      4.465      0.173
   184.000      4.463      0.178
   184.500      4.464      0.180
   185.000      4.464      0.180
   185.500      4.464      0.180
   186.000      4.464      0.180
   186.500      4.462      0.179
   187.000      4.447      0.190
   187.500      4.448      0.193
   188.000      4.448      0.193
   188.500      4.448      0.193
   189.000      4.448      0.193
   189.500      4.448      0.193
   190.000      4.438      0.198
   190.500      4.430      0.212
   191.000      4.430      0.212
   191.500      4.430      0.212
   192.000      4.430      0.212
   192.500      4.430      0.212
   193.000      4.430      0.212
   193.500      4.409      0.234
   194.000      4.409      0.237
   194.500      4.409      0.237
   195.000      4.409      0.237
   195.500      4.409      0.237
   196.000      4.409      0.237
   196.500      4.409      0.237
   197.000      4.387      0.269
   197.500      4.387      0.269
   198.000      4.387      0.269
   198.500      4.387      0.269
   199.000      4.387      0.269
   199.500      4.387      0.269
