     0.000      1.291      0.556
     0.500      3.140      0.156
     1.000      3.183      0.139
     1.500      3.225      0.118
     2.000      3.271      0.096
     2.500      3.299      0.087
     3.000      3.337      0.069
     3.500      3.365      0.060
     4.000      3.392      0.049
     4.500      3.417      0.045
     5.000      3.440      0.037
     5.500      3.457      0.036
     6.000      3.477      0.032
     6.500      3.491      0.031
     7.000      3.505      0.031
     7.500      3.517      0.030
     8.000      3.528      0.030
     8.500      3.537      0.031
     9.000      3.545      0.031
     9.500      3.552      0.032
    10.000      3.558      0.033
    10.500      3.563      0.034
    11.000      3.568      0.034
    11.500      3.572      0.035
    12.000      3.576      0.036
    12.500      3.579      0.036
    13.000      3.583      0.037
    13.500      3.586      0.037
    14.000      3.589      0.037
    14.500      3.592      0.036
    15.000      3.596      0.036
    15.500      3.599      0.035
    16.000      3.603      0.034
    16.500      3.607      0.034
    17.000      3.611      0.033
    17.500      3.615      0.032
    18.000      3.620      0.031
    18.500      3.625      0.031
    19.000      3.630      0.031
    19.500      3.636      0.031
    20.000      3.642      0.031
    20.500      3.649      0.033
    21.000      3.657      0.034
    21.500      3.664      0.035
    22.000      3.674      0.037
    22.500      3.682      0.039
    23.000      3.693      0.041
    23.500      3.704      0.043
    24.000      3.715      0.045
    24.500      3.728      0.047
    25.000      3.741      0.050
    25.500      3.756      0.053
    26.000      3.771      0.055
    26.500      3.788      0.058
    27.000      3.805      0.060
    27.500      3.826      0.062
    28.000      3.850      0.060
    28.500      3.873      0.060
    29.000      3.897      0.062
    29.500      3.923      0.065
    30.000      3.951      0.067
    30.500      3.984      0.064
    31.000      4.018      0.064
    31.500      4.054      0.063
    32.000      4.087      0.064
    32.500      4.123      0.071
    33.000      4.158      0.079
    33.500      4.191      0.089
    34.000      4.228      0.098
    34.500      4.479      0.166
    35.000      4.500      0.171
    35.500      4.513      0.171
    36.000      4.521      0.170
    36.500      4.530      0.170
    37.000      4.530      0.162
    37.500      4.530      0.154
    38.000      4.529      0.146
    38.500      4.528      0.138
    39.000      4.531      0.133
    39.500      4.531      0.128
    40.000      4.528      0.124
    40.500      4.525      0.120
    41.000      4.519      0.114
    41.500      4.511      0.105
    42.000      4.507      0.098
    42.500      4.510      0.103
    43.000      4.514      0.109
    43.500      4.515      0.113
    44.000      4.513      0.114
    44.500      4.508      0.113
    45.000      4.502      0.110
    45.500      4.496      0.101
    46.000      4.491      0.092
    46.500      4.486      0.085
    47.000      4.482      0.081
    47.500      4.479      0.082
    48.000      4.474      0.082
    48.500      4.468      0.079
    49.000      4.463      0.072
    49.500      4.459      0.067
    50.000      4.456      0.064
    50.500      4.453      0.065
    51.000      4.449      0.067
    51.500      4.445      0.068
    52.000      4.441      0.066
    52.500      4.437      0.063
    53.000      4.434      0.062
    53.500      4.432      0.061
    54.000      4.429      0.063
    54.500      4.427      0.065
    55.000      4.422      0.066
    55.500      4.419      0.066
    56.000      4.416      0.066
    56.500      4.414      0.066
    57.000      4.413      0.066
    57.500      4.411      0.067
    58.000      4.408      0.069
    58.500      4.405      0.071
    59.000      4.402      0.071
    59.500      4.401      0.071
    60.000      4.399      0.071
    60.500      4.398      0.071
    61.000      4.397      0.072
    61.500      4.394      0.074
    62.000      4.392      0.075
    62.500      4.390      0.074
    63.000      4.390      0.074
    63.500      4.389      0.074
    64.000      4.388      0.073
    64.500      4.386      0.074
    65.000      4.385      0.075
    65.500      4.384      0.075
    66.000      4.383      0.075
    66.500      4.382      0.074
    67.000      4.382      0.074
    67.500      4.381      0.073
    68.000      4.380      0.074
    68.500      4.379      0.074
    69.000      4.378      0.073
    69.500      4.378      0.073
    70.000      4.378      0.072
    70.500      4.378      0.072
    71.000      4.377      0.071
    71.500      4.377      0.071
    72.000      4.377      0.071
    72.500      4.376      0.070
    73.000      4.376      0.070
    73.500      4.376      0.069
    74.000      4.376      0.069
    74.500      4.376      0.068
    75.000      4.377      0.067
    75.500      4.377      0.067
    76.000      4.376      0.067
    76.500      4.376      0.067
    77.000      4.376      0.067
    77.500      4.377      0.066
    78.000      4.378      0.065
    78.500      4.378      0.065
    79.000      4.378      0.065
    79.500      4.377      0.066
    80.000      4.378      0.066
    80.500      4.379      0.065
    81.000      4.380      0.065
    81.500      4.381      0.065
    82.000      4.381      0.065
    82.500      4.380      0.066
    83.000      4.380      0.067
    83.500      4.381      0.067
    84.000      4.383      0.067
    84.500      4.384      0.067
    85.000      4.384      0.068
    85.500      4.384      0.069
    86.000      4.383      0.070
    86.500      4.384      0.070
    87.000      4.386      0.070
    87.500      4.387      0.071
    88.000      4.388      0.072
    88.500      4.388      0.072
    89.000      4.388      0.074
    89.500      4.387      0.074
    90.000      4.388      0.074
    90.500      4.390      0.075
    91.000      4.391      0.076
    91.500      4.392      0.077
    92.000      4.391      0.078
    92.500      4.391      0.079
    93.000      4.391      0.079
    93.500      4.392      0.079
    94.000      4.394      0.080
    94.500      4.395      0.082
    95.000      4.395      0.082
    95.500      4.394      0.083
    96.000      4.394      0.084
    96.500      4.395      0.084
    97.000      4.396      0.084
    97.500      4.397      0.086
    98.000      4.398      0.087
    98.500      4.397      0.087
    99.000      4.397      0.088
    99.500      4.398      0.088
   100.000      4.398      0.088
   100.500      4.399      0.089
   101.000      4.400      0.090
   101.500      4.400      0.091
   102.000      4.400      0.091
   102.500      4.400      0.092
   103.000      4.400      0.092
   103.500      4.401      0.092
   104.000      4.401      0.093
   104.500      4.402      0.094
   105.000      4.402      0.094
   105.500      4.402      0.095
   106.000      4.402      0.095
   106.500      4.402      0.096
   107.000      4.402      0.096
   107.500      4.403      0.096
   108.000      4.404      0.097
   108.500      4.404      0.098
   109.000      4.404      0.098
   109.500      4.404      0.099
   110.000      4.404      0.099
   110.500      4.404      0.099
   111.000      4.405      0.099
   111.500      4.405      0.099
   112.000      4.405      0.101
   112.500      4.405      0.102
   113.000      4.405      0.102
   113.500      4.405      0.102
   114.000      4.405      0.102
   114.500      4.406      0.102
   115.000      4.406      0.103
   115.500      4.407      0.104
   116.000      4.406      0.105
   116.500      4.406      0.104
   117.000      4.406      0.104
   117.500      4.406      0.104
   118.000      4.407      0.105
   118.500      4.408      0.106
   119.000      4.407      0.107
   119.500      4.406      0.108
   120.000      4.406      0.107
   120.500      4.407      0.107
   121.000      4.407      0.107
   121.500      4.408      0.109
   122.000      4.408      0.110
   122.500      4.407      0.111
   123.000      4.407      0.111
   123.500      4.407      0.110
   124.000      4.407      0.110
   124.500      4.407      0.112
   125.000      4.408      0.113
   125.500      4.408      0.113
   126.000      4.406      0.114
   126.500      4.407      0.114
   127.000      4.407      0.114
   127.500      4.407      0.115
   128.000      4.408      0.116
   128.500      4.408      0.116
   129.000      4.407      0.117
   129.500      4.406      0.118
   130.000      4.407      0.118
   130.500      4.407      0.117
   131.000      4.408      0.119
   131.500      4.408      0.119
   132.000      4.407      0.119
   132.500      4.406      0.121
   133.000      4.406      0.121
   133.500      4.406      0.121
   134.000      4.407      0.122
   134.500      4.407      0.123
   135.000      4.407      0.123
   135.500      4.407      0.123
   136.000      4.406      0.124
   136.500      4.406      0.125
   137.000      4.406      0.125
   137.500      4.407      0.126
   138.000      4.407      0.126
   138.500      4.406      0.126
   139.000      4.406      0.127
   139.500      4.406      0.128
   140.000      4.406      0.129
   140.500      4.406      0.129
   141.000      4.406      0.129
   141.500      4.406      0.130
   142.000      4.405      0.130
   142.500      4.405      0.130
   143.000      4.405      0.132
   143.500      4.405      0.132
   144.000      4.405      0.132
   144.500      4.405      0.132
   145.000      4.405      0.132
   145.500      4.405      0.132
   146.000      4.405      0.133
   146.500      4.405      0.134
   147.000      4.404      0.135
   147.500      4.404      0.134
   148.000      4.404      0.134
   148.500      4.404      0.135
   149.000      4.404      0.135
   149.500      4.404      0.136
   150.000      4.404      0.136
   150.500      4.403      0.136
   151.000      4.403      0.136
   151.500      4.404      0.136
   152.000      4.403      0.136
   152.500      4.403      0.136
   153.000      4.404      0.136
   153.500      4.403      0.137
   154.000      4.402      0.136
   154.500      4.402      0.136
   155.000      4.403      0.136
   155.500      4.402      0.137
   156.000      4.403      0.136
   156.500      4.403      0.136
   157.000      4.402      0.136
   157.500      4.401      0.136
   158.000      4.402      0.136
   158.500      4.403      0.136
   159.000      4.402      0.136
   159.500      4.402      0.134
   160.000      4.403      0.134
   160.500      4.400      0.134
   161.000      4.401      0.134
   161.500      4.402      0.134
   162.000      4.402      0.134
   162.500      4.400      0.133
   163.000      4.402      0.132
   163.500      4.402      0.132
   164.000      4.399      0.132
   164.500      4.401      0.132
   165.000      4.401      0.132
   165.500      4.400      0.130
   166.000      4.400      0.130
   166.500      4.402      0.128
   167.000      4.400      0.128
   167.500      4.399      0.129
   168.000      4.401      0.130
   168.500      4.400      0.128
   169.000      4.399      0.127
   169.500      4.400      0.126
   170.000      4.402      0.125
   170.500      4.398      0.125
   171.000      4.400      0.127
   171.500      4.401      0.127
   172.000      4.399      0.123
   172.500      4.398      0.124
   173.000      4.402      0.122
   173.500      4.401      0.122
   174.000      4.399      0.124
   174.500      4.401      0.125
   175.000      4.398      0.122
   175.500      4.398      0.122
   176.000      4.398      0.122
   176.500      4.403      0.120
   177.000      4.398      0.121
   177.500      4.401      0.125
   178.000      4.399      0.124
   178.500      4.398      0.123
   179.000      4.398      0.123
   179.500      4.398      0.122
   180.000      4.404      0.121
   180.500      4.399      0.126
   181.000      4.402      0.129
   181.500      4.398      0.128
   182.000      4.398      0.128
   182.500      4.398      0.128
   183.000      4.399      0.127
   183.500      4.401      0.130
   184.000      4.403      0.138
   184.500      4.399      0.138
   185.000      4.399      0.138
   185.500      4.399      0.138
   186.000      4.399      0.138
   186.500      4.405      0.140
   187.000      4.401      0.149
   187.500      4.400      0.156
   188.000      4.400      0.156
   188.500      4.400      0.156
   189.000      4.400      0.156
   189.500      4.400      0.156
   190.000      4.408      0.162
   190.500      4.406      0.176
   191.000      4.401      0.180
   191.500      4.401      0.180
   192.000      4.401      0.180
   192.500      4.401      0.180
   193.000      4.401      0.180
   193.500      4.405      0.201
   194.000      4.403      0.212
   194.500      4.403      0.212
   195.000      4.403      0.212
   195.500      4.403      0.212
   196.000      4.403      0.212
   196.500      4.403      0.212
   197.000      4.405      0.250
   197.500      4.405      0.250
   198.000      4.405      0.250
   198.500      4.405      0.250
   199.000      4.405      0.250
   199.500      4.405      0.250
