     0.000      1.490      0.450
     0.500      3.027      0.179
     1.000      3.096      0.172
     1.500      3.155      0.139
     2.000      3.201      0.118
     2.500      3.241      0.102
     3.000      3.287      0.082
     3.500      3.315      0.076
     4.000      3.355      0.064
     4.500      3.381      0.061
     5.000      3.411      0.054
     5.500      3.437      0.051
     6.000      3.458      0.049
     6.500      3.483      0.046
     7.000      3.497      0.047
     7.500      3.517      0.043
     8.000      3.529      0.044
     8.500      3.544      0.043
     9.000      3.556      0.041
     9.500      3.566      0.041
    10.000      3.577      0.040
    10.500      3.584      0.040
    11.000      3.593      0.040
    11.500      3.599      0.040
    12.000      3.606      0.041
    12.500      3.612      0.040
    13.000      3.617      0.041
    13.500      3.623      0.041
    14.000      3.628      0.041
    14.500      3.632      0.040
    15.000      3.636      0.040
    15.500      3.641      0.039
    16.000      3.645      0.038
    16.500      3.649      0.037
    17.000      3.653      0.036
    17.500      3.657      0.035
    18.000      3.661      0.033
    18.500      3.665      0.032
    19.000      3.670      0.030
    19.500      3.674      0.029
    20.000      3.680      0.028
    20.500      3.685      0.027
    21.000      3.691      0.026
    21.500      3.697      0.025
    22.000      3.703      0.026
    22.500      3.711      0.026
    23.000      3.718      0.027
    23.500      3.727      0.028
    24.000      3.736      0.029
    24.500      3.745      0.031
    25.000      3.756      0.033
    25.500      3.768      0.036
    26.000      3.779      0.040
    26.500      3.794      0.043
    27.000      3.809      0.046
    27.500      3.825      0.049
    28.000      3.843      0.055
    28.500      3.861      0.059
    29.000      3.882      0.066
    29.500      3.903      0.071
    30.000      3.927      0.078
    30.500      3.952      0.085
    31.000      3.981      0.089
    31.500      4.009      0.098
    32.000      4.039      0.108
    32.500      4.075      0.115
    33.000      4.107      0.119
    33.500      4.144      0.124
    34.000      4.184      0.135
    34.500      4.235      0.145
    35.000      4.600      0.174
    35.500      4.606      0.168
    36.000      4.607      0.159
    36.500      4.605      0.152
    37.000      4.605      0.147
    37.500      4.606      0.140
    38.000      4.608      0.136
    38.500      4.609      0.133
    39.000      4.611      0.131
    39.500      4.612      0.128
    40.000      4.610      0.127
    40.500      4.605      0.122
    41.000      4.600      0.116
    41.500      4.596      0.109
    42.000      4.592      0.104
    42.500      4.591      0.099
    43.000      4.591      0.098
    43.500      4.590      0.097
    44.000      4.588      0.096
    44.500      4.586      0.095
    45.000      4.583      0.091
    45.500      4.580      0.087
    46.000      4.579      0.085
    46.500      4.576      0.082
    47.000      4.571      0.078
    47.500      4.565      0.073
    48.000      4.561      0.068
    48.500      4.558      0.064
    49.000      4.556      0.061
    49.500      4.554      0.060
    50.000      4.551      0.058
    50.500      4.546      0.056
    51.000      4.542      0.055
    51.500      4.539      0.052
    52.000      4.536      0.050
    52.500      4.534      0.050
    53.000      4.532      0.050
    53.500      4.529      0.050
    54.000      4.525      0.051
    54.500      4.522      0.051
    55.000      4.519      0.051
    55.500      4.517      0.050
    56.000      4.516      0.052
    56.500      4.515      0.052
    57.000      4.512      0.054
    57.500      4.509      0.055
    58.000      4.506      0.056
    58.500      4.504      0.056
    59.000      4.503      0.056
    59.500      4.502      0.058
    60.000      4.500      0.059
    60.500      4.498      0.060
    61.000      4.496      0.061
    61.500      4.493      0.061
    62.000      4.492      0.062
    62.500      4.491      0.063
    63.000      4.490      0.063
    63.500      4.489      0.064
    64.000      4.487      0.065
    64.500      4.485      0.066
    65.000      4.484      0.066
    65.500      4.483      0.066
    66.000      4.482      0.066
    66.500      4.481      0.067
    67.000      4.480      0.067
    67.500      4.479      0.068
    68.000      4.477      0.068
    68.500      4.476      0.068
    69.000      4.476      0.068
    69.500      4.476      0.068
    70.000      4.475      0.068
    70.500      4.474      0.068
    71.000      4.473      0.069
    71.500      4.472      0.069
    72.000      4.471      0.069
    72.500      4.471      0.068
    73.000      4.471      0.068
    73.500      4.470      0.068
    74.000      4.469      0.068
    74.500      4.469      0.068
    75.000      4.468      0.069
    75.500      4.468      0.068
    76.000      4.468      0.067
    76.500      4.467      0.067
    77.000      4.467      0.067
    77.500      4.467      0.067
    78.000      4.466      0.068
    78.500      4.466      0.068
    79.000      4.465      0.067
    79.500      4.465      0.067
    80.000      4.465      0.067
    80.500      4.465      0.067
    81.000      4.465      0.067
    81.500      4.464      0.068
    82.000      4.464      0.068
    82.500      4.464      0.067
    83.000      4.464      0.067
    83.500      4.463      0.067
    84.000      4.464      0.068
    84.500      4.463      0.068
    85.000      4.464      0.069
    85.500      4.463      0.068
    86.000      4.463      0.068
    86.500      4.463      0.068
    87.000      4.463      0.069
    87.500      4.463      0.069
    88.000      4.463      0.070
    88.500      4.462      0.070
    89.000      4.462      0.070
    89.500      4.462      0.070
    90.000      4.462      0.070
    90.500      4.462      0.071
    91.000      4.462      0.072
    91.500      4.462      0.073
    92.000      4.461      0.073
    92.500      4.460      0.072
    93.000      4.460      0.072
    93.500      4.461      0.073
    94.000      4.461      0.074
    94.500      4.461      0.075
    95.000      4.460      0.075
    95.500      4.459      0.075
    96.000      4.459      0.075
    96.500      4.459      0.075
    97.000      4.459      0.076
    97.500      4.459      0.077
    98.000      4.458      0.078
    98.500      4.457      0.078
    99.000      4.457      0.078
    99.500      4.457      0.078
   100.000      4.456      0.078
   100.500      4.457      0.079
   101.000      4.457      0.080
   101.500      4.455      0.080
   102.000      4.454      0.080
   102.500      4.454      0.080
   103.000      4.454      0.080
   103.500      4.454      0.081
   104.000      4.454      0.082
   104.500      4.453      0.082
   105.000      4.452      0.082
   105.500      4.451      0.082
   106.000      4.451      0.083
   106.500      4.450      0.082
   107.000      4.451      0.083
   107.500      4.451      0.084
   108.000      4.449      0.084
   108.500      4.447      0.085
   109.000      4.447      0.085
   109.500      4.447      0.085
   110.000      4.447      0.085
   110.500      4.447      0.086
   111.000      4.446      0.086
   111.500      4.444      0.088
   112.000      4.443      0.088
   112.500      4.443      0.088
   113.000      4.443      0.087
   113.500      4.443      0.087
   114.000      4.443      0.088
   114.500      4.442      0.090
   115.000      4.439      0.092
   115.500      4.438      0.091
   116.000      4.438      0.091
   116.500      4.438      0.091
   117.000      4.438      0.091
   117.500      4.438      0.092
   118.000      4.436      0.094
   118.500      4.434      0.096
   119.000      4.434      0.095
   119.500      4.434      0.095
   120.000      4.433      0.094
   120.500      4.434      0.095
   121.000      4.433      0.097
   121.500      4.430      0.100
   122.000      4.429      0.100
   122.500      4.429      0.099
   123.000      4.428      0.099
   123.500      4.428      0.099
   124.000      4.429      0.100
   124.500      4.427      0.103
   125.000      4.425      0.105
   125.500      4.424      0.104
   126.000      4.424      0.104
   126.500      4.423      0.104
   127.000      4.424      0.105
   127.500      4.423      0.106
   128.000      4.421      0.109
   128.500      4.419      0.110
   129.000      4.419      0.110
   129.500      4.419      0.110
   130.000      4.418      0.110
   130.500      4.418      0.110
   131.000      4.417      0.113
   131.500      4.415      0.115
   132.000      4.414      0.116
   132.500      4.414      0.116
   133.000      4.413      0.116
   133.500      4.413      0.116
   134.000      4.413      0.117
   134.500      4.410      0.120
   135.000      4.409      0.121
   135.500      4.409      0.121
   136.000      4.409      0.122
   136.500      4.408      0.122
   137.000      4.407      0.122
   137.500      4.407      0.123
   138.000      4.404      0.126
   138.500      4.404      0.127
   139.000      4.404      0.127
   139.500      4.403      0.128
   140.000      4.402      0.128
   140.500      4.402      0.128
   141.000      4.400      0.130
   141.500      4.399      0.132
   142.000      4.399      0.132
   142.500      4.399      0.133
   143.000      4.398      0.133
   143.500      4.397      0.133
   144.000      4.396      0.134
   144.500      4.395      0.136
   145.000      4.395      0.136
   145.500      4.395      0.137
   146.000      4.394      0.138
   146.500      4.393      0.138
   147.000      4.391      0.137
   147.500      4.390      0.139
   148.000      4.390      0.140
   148.500      4.390      0.141
   149.000      4.390      0.141
   149.500      4.390      0.141
   150.000      4.387      0.142
   150.500      4.386      0.141
   151.000      4.386      0.143
   151.500      4.386      0.143
   152.000      4.386      0.144
   152.500      4.386      0.144
   153.000      4.385      0.145
   153.500      4.382      0.145
   154.000      4.382      0.145
   154.500      4.382      0.145
   155.000      4.382      0.145
   155.500      4.382      0.145
   156.000      4.382      0.146
   156.500      4.380      0.147
   157.000      4.377      0.146
   157.500      4.378      0.146
   158.000      4.378      0.146
   158.500      4.379      0.146
   159.000      4.379      0.146
   159.500      4.377      0.147
   160.000      4.375      0.148
   160.500      4.374      0.146
   161.000      4.375      0.145
   161.500      4.375      0.146
   162.000      4.375      0.146
   162.500      4.375      0.146
   163.000      4.374      0.147
   163.500      4.371      0.146
   164.000      4.372      0.144
   164.500      4.372      0.145
   165.000      4.373      0.145
   165.500      4.373      0.145
   166.000      4.372      0.145
   166.500      4.371      0.146
   167.000      4.368      0.145
   167.500      4.370      0.143
   168.000      4.370      0.143
   168.500      4.370      0.143
   169.000      4.370      0.144
   169.500      4.370      0.144
   170.000      4.368      0.144
   170.500      4.367      0.142
   171.000      4.369      0.142
   171.500      4.369      0.142
   172.000      4.368      0.142
   172.500      4.369      0.142
   173.000      4.369      0.142
   173.500      4.364      0.143
   174.000      4.367      0.141
   174.500      4.368      0.142
   175.000      4.368      0.142
   175.500      4.368      0.142
   176.000      4.368      0.142
   176.500      4.369      0.141
   177.000      4.365      0.144
   177.500      4.368      0.144
   178.000      4.368      0.144
   178.500      4.368      0.144
   179.000      4.368      0.144
   179.500      4.369      0.143
   180.000      4.367      0.145
   180.500      4.368      0.149
   181.000      4.368      0.150
   181.500      4.368      0.150
   182.000      4.368      0.150
   182.500      4.368      0.150
   183.000      4.370      0.149
   183.500      4.364      0.158
   184.000      4.369      0.162
   184.500      4.370      0.161
   185.000      4.370      0.161
   185.500      4.370      0.161
   186.000      4.370      0.161
   186.500      4.373      0.161
   187.000      4.371      0.178
   187.500      4.372      0.179
   188.000      4.372      0.179
   188.500      4.372      0.179
   189.000      4.372      0.179
   189.500      4.372      0.179
   190.000      4.373      0.183
   190.500      4.374      0.205
   191.000      4.376      0.205
   191.500      4.376      0.205
   192.000      4.376      0.205
   192.500      4.376      0.205
   193.000      4.376      0.205
   193.500      4.378      0.237
   194.000      4.380      0.238
   194.500      4.380      0.238
   195.000      4.380      0.238
   195.500      4.380      0.238
   196.000      4.380      0.238
   196.500      4.380      0.238
   197.000      4.385      0.278
   197.500      4.385      0.278
   198.000      4.385      0.278
   198.500      4.385      0.278
   199.000      4.385      0.278
   199.500      4.385      0.278
