     0.000      1.444      0.517
     0.500      3.214      0.312
     1.000      3.285      0.284
     1.500      3.303      0.247
     2.000      3.332      0.208
     2.500      3.360      0.168
     3.000      3.369      0.153
     3.500      3.403      0.115
     4.000      3.415      0.099
     4.500      3.436      0.085
     5.000      3.453      0.071
     5.500      3.467      0.068
     6.000      3.482      0.066
     6.500      3.494      0.068
     7.000      3.508      0.073
     7.500      3.516      0.075
     8.000      3.530      0.081
     8.500      3.536      0.083
     9.000      3.545      0.086
     9.500      3.552      0.088
    10.000      3.558      0.089
    10.500      3.563      0.088
    11.000      3.569      0.088
    11.500      3.572      0.086
    12.000      3.575      0.084
    12.500      3.578      0.082
    13.000      3.579      0.079
    13.500      3.581      0.077
    14.000      3.582      0.073
    14.500      3.581      0.071
    15.000      3.581      0.068
    15.500      3.580      0.064
    16.000      3.578      0.063
    16.500      3.577      0.060
    17.000      3.574      0.057
    17.500      3.572      0.056
    18.000      3.569      0.054
    18.500      3.566      0.052
    19.000      3.563      0.051
    19.500      3.559      0.049
    20.000      3.555      0.047
    20.500      3.552      0.046
    21.000      3.548      0.045
    21.500      3.544      0.043
    22.000      3.540      0.042
    22.500      3.535      0.041
    23.000      3.531      0.039
    23.500      3.526      0.039
    24.000      3.522      0.038
    24.500      3.517      0.037
    25.000      3.512      0.036
    25.500      3.508      0.036
    26.000      3.503      0.035
    26.500      3.498      0.036
    27.000      3.493      0.036
    27.500      3.489      0.037
    28.000      3.484      0.038
    28.500      3.479      0.040
    29.000      3.474      0.042
    29.500      3.470      0.044
    30.000      3.465      0.047
    30.500      3.461      0.050
    31.000      3.456      0.054
    31.500      3.452      0.057
    32.000      3.448      0.062
    32.500      3.444      0.066
    33.000      3.440      0.071
    33.500      3.436      0.077
    34.000      3.432      0.083
    34.500      3.428      0.088
    35.000      3.425      0.096
    35.500      3.422      0.102
    36.000      3.419      0.111
    36.500      3.417      0.118
    37.000      3.414      0.127
    37.500      3.413      0.135
    38.000      3.412      0.144
    38.500      3.414      0.151
    39.000      3.419      0.157
    39.500      3.424      0.162
    40.000      3.432      0.167
    40.500      3.438      0.175
    41.000      3.447      0.181
    41.500      3.459      0.188
    42.000      3.471      0.194
    42.500      3.486      0.202
    43.000      3.503      0.211
    43.500      3.520      0.221
    44.000      3.540      0.230
    44.500      3.578      0.226
    45.000      3.618      0.214
    45.500      3.653      0.202
    46.000      3.689      0.182
    46.500      3.724      0.159
    47.000      3.756      0.142
    47.500      3.783      0.125
    48.000      4.318      0.249
    48.500      4.330      0.245
    49.000      4.342      0.239
    49.500      4.357      0.237
    50.000      4.365      0.233
    50.500      4.376      0.234
    51.000      4.386      0.232
    51.500      4.393      0.229
    52.000      4.403      0.225
    52.500      4.403      0.218
    53.000      4.406      0.211
    53.500      4.406      0.205
    54.000      4.406      0.196
    54.500      4.406      0.186
    55.000      4.406      0.176
    55.500      4.407      0.169
    56.000      4.407      0.163
    56.500      4.407      0.158
    57.000      4.405      0.152
    57.500      4.403      0.144
    58.000      4.401      0.138
    58.500      4.400      0.131
    59.000      4.402      0.127
    59.500      4.404      0.124
    60.000      4.406      0.122
    60.500      4.407      0.118
    61.000      4.409      0.116
    61.500      4.412      0.115
    62.000      4.415      0.115
    62.500      4.417      0.114
    63.000      4.419      0.113
    63.500      4.419      0.112
    64.000      4.420      0.110
    64.500      4.421      0.109
    65.000      4.423      0.107
    65.500      4.425      0.107
    66.000      4.427      0.107
    66.500      4.428      0.108
    67.000      4.429      0.108
    67.500      4.431      0.107
    68.000      4.433      0.106
    68.500      4.435      0.107
    69.000      4.437      0.108
    69.500      4.439      0.108
    70.000      4.440      0.109
    70.500      4.442      0.109
    71.000      4.444      0.109
    71.500      4.447      0.110
    72.000      4.449      0.110
    72.500      4.451      0.111
    73.000      4.453      0.111
    73.500      4.455      0.111
    74.000      4.457      0.111
    74.500      4.460      0.112
    75.000      4.462      0.112
    75.500      4.465      0.112
    76.000      4.467      0.112
    76.500      4.469      0.111
    77.000      4.471      0.112
    77.500      4.474      0.112
    78.000      4.476      0.111
    78.500      4.479      0.111
    79.000      4.482      0.111
    79.500      4.484      0.110
    80.000      4.486      0.110
    80.500      4.489      0.109
    81.000      4.491      0.109
    81.500      4.494      0.108
    82.000      4.497      0.108
    82.500      4.499      0.107
    83.000      4.502      0.107
    83.500      4.504      0.106
    84.000      4.507      0.105
    84.500      4.510      0.104
    85.000      4.513      0.104
    85.500      4.515      0.103
    86.000      4.518      0.102
    86.500      4.520      0.101
    87.000      4.523      0.100
    87.500      4.526      0.100
    88.000      4.529      0.099
    88.500      4.531      0.098
    89.000      4.533      0.097
    89.500      4.536      0.096
    90.000      4.539      0.095
    90.500      4.541      0.095
    91.000      4.544      0.094
    91.500      4.546      0.093
    92.000      4.548      0.092
    92.500      4.551      0.092
    93.000      4.554      0.091
    93.500      4.556      0.090
    94.000      4.558      0.090
    94.500      4.561      0.089
    95.000      4.563      0.089
    95.500      4.565      0.088
    96.000      4.568      0.088
    96.500      4.570      0.087
    97.000      4.572      0.087
    97.500      4.574      0.087
    98.000      4.576      0.086
    98.500      4.579      0.086
    99.000      4.581      0.086
    99.500      4.583      0.086
   100.000      4.585      0.086
   100.500      4.587      0.086
   101.000      4.589      0.085
   101.500      4.591      0.085
   102.000      4.592      0.086
   102.500      4.594      0.086
   103.000      4.596      0.086
   103.500      4.598      0.086
   104.000      4.600      0.086
   104.500      4.601      0.086
   105.000      4.602      0.087
   105.500      4.604      0.087
   106.000      4.606      0.087
   106.500      4.608      0.088
   107.000      4.609      0.087
   107.500      4.610      0.088
   108.000      4.611      0.089
   108.500      4.613      0.089
   109.000      4.614      0.090
   109.500      4.616      0.090
   110.000      4.617      0.090
   110.500      4.618      0.090
   111.000      4.619      0.091
   111.500      4.620      0.092
   112.000      4.622      0.092
   112.500      4.623      0.092
   113.000      4.624      0.093
   113.500      4.625      0.094
   114.000      4.625      0.094
   114.500      4.626      0.095
   115.000      4.628      0.095
   115.500      4.630      0.095
   116.000      4.630      0.096
   116.500      4.630      0.097
   117.000      4.631      0.098
   117.500      4.631      0.098
   118.000      4.633      0.099
   118.500      4.635      0.099
   119.000      4.635      0.100
   119.500      4.635      0.101
   120.000      4.635      0.102
   120.500      4.635      0.102
   121.000      4.636      0.102
   121.500      4.638      0.103
   122.000      4.639      0.104
   122.500      4.639      0.105
   123.000      4.639      0.106
   123.500      4.639      0.106
   124.000      4.639      0.106
   124.500      4.641      0.107
   125.000      4.642      0.109
   125.500      4.641      0.110
   126.000      4.641      0.110
   126.500      4.641      0.111
   127.000      4.641      0.111
   127.500      4.642      0.112
   128.000      4.644      0.113
   128.500      4.643      0.114
   129.000      4.643      0.115
   129.500      4.642      0.115
   130.000      4.642      0.116
   130.500      4.643      0.117
   131.000      4.644      0.118
   131.500      4.644      0.119
   132.000      4.644      0.120
   132.500      4.643      0.121
   133.000      4.642      0.121
   133.500      4.643      0.122
   134.000      4.644      0.123
   134.500      4.644      0.124
   135.000      4.643      0.125
   135.500      4.643      0.126
   136.000      4.642      0.126
   136.500      4.642      0.127
   137.000      4.643      0.128
   137.500      4.643      0.129
   138.000      4.643      0.130
   138.500      4.642      0.131
   139.000      4.641      0.131
   139.500      4.641      0.132
   140.000      4.641      0.132
   140.500      4.642      0.133
   141.000      4.641      0.135
   141.500      4.640      0.136
   142.000      4.639      0.136
   142.500      4.639      0.137
   143.000      4.639      0.137
   143.500      4.639      0.138
   144.000      4.639      0.139
   144.500      4.638      0.141
   145.000      4.637      0.141
   145.500      4.637      0.141
   146.000      4.636      0.142
   146.500      4.636      0.142
   147.000      4.636      0.143
   147.500      4.635      0.144
   148.000      4.634      0.145
   148.500      4.634      0.145
   149.000      4.633      0.145
   149.500      4.632      0.145
   150.000      4.632      0.146
   150.500      4.631      0.147
   151.000      4.630      0.148
   151.500      4.630      0.148
   152.000      4.629      0.148
   152.500      4.628      0.148
   153.000      4.628      0.148
   153.500      4.627      0.149
   154.000      4.626      0.150
   154.500      4.626      0.150
   155.000      4.625      0.150
   155.500      4.624      0.150
   156.000      4.623      0.150
   156.500      4.622      0.150
   157.000      4.622      0.151
   157.500      4.622      0.151
   158.000      4.621      0.150
   158.500      4.620      0.150
   159.000      4.619      0.150
   159.500      4.617      0.150
   160.000      4.617      0.150
   160.500      4.617      0.150
   161.000      4.616      0.150
   161.500      4.615      0.150
   162.000      4.613      0.150
   162.500      4.611      0.149
   163.000      4.611      0.148
   163.500      4.611      0.148
   164.000      4.611      0.147
   164.500      4.609      0.147
   165.000      4.608      0.148
   165.500      4.606      0.147
   166.000      4.605      0.145
   166.500      4.606      0.145
   167.000      4.605      0.144
   167.500      4.604      0.144
   168.000      4.603      0.144
   168.500      4.600      0.144
   169.000      4.600      0.141
   169.500      4.600      0.140
   170.000      4.599      0.139
   170.500      4.597      0.139
   171.000      4.597      0.140
   171.500      4.595      0.139
   172.000      4.593      0.136
   172.500      4.594      0.134
   173.000      4.593      0.134
   173.500      4.591      0.133
   174.000      4.590      0.134
   174.500      4.591      0.134
   175.000      4.587      0.131
   175.500      4.588      0.128
   176.000      4.586      0.127
   176.500      4.584      0.127
   177.000      4.584      0.128
   177.500      4.585      0.127
   178.000      4.582      0.127
   178.500      4.582      0.123
   179.000      4.580      0.122
   179.500      4.578      0.122
   180.000      4.577      0.123
   180.500      4.579      0.122
   181.000      4.578      0.122
   181.500      4.575      0.120
   182.000      4.573      0.119
   182.500      4.571      0.119
   183.000      4.571      0.120
   183.500      4.573      0.120
   184.000      4.573      0.120
   184.500      4.568      0.122
   185.000      4.567      0.121
   185.500      4.564      0.122
   186.000      4.566      0.123
   186.500      4.567      0.123
   187.000      4.567      0.123
   187.500      4.561      0.128
   188.000      4.560      0.129
   188.500      4.557      0.131
   189.000      4.560      0.133
   189.500      4.560      0.133
   190.000      4.560      0.133
   190.500      4.559      0.136
   191.000      4.554      0.146
   191.500      4.552      0.150
   192.000      4.554      0.151
   192.500      4.554      0.151
   193.000      4.554      0.151
   193.500      4.554      0.151
   194.000      4.548      0.172
   194.500      4.548      0.178
   195.000      4.548      0.178
   195.500      4.548      0.178
   196.000      4.548      0.178
   196.500      4.548      0.178
   197.000      4.542      0.205
   197.500      4.543      0.213
   198.000      4.543      0.213
   198.500      4.543      0.213
   199.000      4.543      0.213
