     0.000      1.330      0.521
     0.500      3.236      0.152
     1.000      3.278      0.165
     1.500      3.336      0.119
     2.000      3.353      0.123
     2.500      3.386      0.093
     3.000      3.415      0.087
     3.500      3.438      0.071
     4.000      3.465      0.059
     4.500      3.484      0.054
     5.000      3.504      0.042
     5.500      3.522      0.040
     6.000      3.540      0.032
     6.500      3.555      0.030
     7.000      3.572      0.029
     7.500      3.582      0.027
     8.000      3.597      0.030
     8.500      3.605      0.029
     9.000      3.616      0.031
     9.500      3.625      0.031
    10.000      3.632      0.031
    10.500      3.639      0.032
    11.000      3.645      0.031
    11.500      3.650      0.032
    12.000      3.655      0.032
    12.500      3.659      0.032
    13.000      3.663      0.031
    13.500      3.666      0.031
    14.000      3.669      0.031
    14.500      3.672      0.030
    15.000      3.674      0.030
    15.500      3.676      0.030
    16.000      3.679      0.029
    16.500      3.681      0.029
    17.000      3.683      0.029
    17.500      3.685      0.029
    18.000      3.688      0.029
    18.500      3.690      0.028
    19.000      3.692      0.028
    19.500      3.694      0.028
    20.000      3.697      0.028
    20.500      3.699      0.027
    21.000      3.702      0.027
    21.500      3.704      0.026
    22.000      3.707      0.026
    22.500      3.710      0.025
    23.000      3.713      0.025
    23.500      3.716      0.025
    24.000      3.719      0.024
    24.500      3.723      0.024
    25.000      3.726      0.024
    25.500      3.730      0.024
    26.000      3.734      0.023
    26.500      3.738      0.024
    27.000      3.742      0.024
    27.500      3.747      0.024
    28.000      3.752      0.024
    28.500      3.757      0.024
    29.000      3.762      0.025
    29.500      3.768      0.026
    30.000      3.773      0.026
    30.500      3.780      0.027
    31.000      3.786      0.028
    31.500      3.793      0.028
    32.000      3.800      0.030
    32.500      3.807      0.030
    33.000      3.815      0.032
    33.500      3.823      0.033
    34.000      3.831      0.034
    34.500      3.840      0.036
    35.000      3.849      0.037
    35.500      3.858      0.039
    36.000      3.868      0.041
    36.500      3.879      0.043
    37.000      3.889      0.046
    37.500      3.901      0.049
    38.000      3.912      0.051
    38.500      3.924      0.055
    39.000      3.936      0.058
    39.500      3.950      0.062
    40.000      3.963      0.066
    40.500      3.977      0.070
    41.000      3.992      0.075
    41.500      4.006      0.079
    42.000      4.023      0.084
    42.500      4.036      0.088
    43.000      4.050      0.092
    43.500      4.068      0.095
    44.000      4.086      0.097
    44.500      4.103      0.100
    45.000      4.122      0.104
    45.500      4.143      0.108
    46.000      4.171      0.108
    46.500      4.553      0.163
    47.000      4.570      0.165
    47.500      4.581      0.165
    48.000      4.593      0.167
    48.500      4.597      0.167
    49.000      4.602      0.166
    49.500      4.604      0.162
    50.000      4.608      0.157
    50.500      4.612      0.153
    51.000      4.613      0.149
    51.500      4.613      0.147
    52.000      4.614      0.145
    52.500      4.616      0.145
    53.000      4.614      0.140
    53.500      4.611      0.135
    54.000      4.607      0.131
    54.500      4.602      0.127
    55.000      4.597      0.123
    55.500      4.592      0.119
    56.000      4.587      0.115
    56.500      4.585      0.112
    57.000      4.582      0.109
    57.500      4.578      0.107
    58.000      4.574      0.104
    58.500      4.570      0.102
    59.000      4.566      0.100
    59.500      4.565      0.099
    60.000      4.562      0.098
    60.500      4.559      0.097
    61.000      4.556      0.096
    61.500      4.553      0.094
    62.000      4.550      0.094
    62.500      4.548      0.093
    63.000      4.547      0.093
    63.500      4.545      0.093
    64.000      4.543      0.092
    64.500      4.540      0.092
    65.000      4.538      0.091
    65.500      4.537      0.092
    66.000      4.536      0.092
    66.500      4.534      0.092
    67.000      4.533      0.091
    67.500      4.531      0.091
    68.000      4.530      0.090
    68.500      4.529      0.090
    69.000      4.528      0.090
    69.500      4.527      0.091
    70.000      4.527      0.090
    70.500      4.526      0.090
    71.000      4.526      0.089
    71.500      4.525      0.088
    72.000      4.525      0.088
    72.500      4.524      0.088
    73.000      4.524      0.087
    73.500      4.524      0.087
    74.000      4.524      0.086
    74.500      4.524      0.085
    75.000      4.524      0.085
    75.500      4.524      0.084
    76.000      4.524      0.084
    76.500      4.525      0.083
    77.000      4.525      0.082
    77.500      4.526      0.081
    78.000      4.526      0.081
    78.500      4.526      0.080
    79.000      4.526      0.079
    79.500      4.528      0.079
    80.000      4.529      0.078
    80.500      4.530      0.078
    81.000      4.530      0.077
    81.500      4.531      0.076
    82.000      4.531      0.076
    82.500      4.533      0.075
    83.000      4.534      0.075
    83.500      4.535      0.075
    84.000      4.537      0.075
    84.500      4.537      0.074
    85.000      4.538      0.074
    85.500      4.539      0.074
    86.000      4.541      0.074
    86.500      4.542      0.075
    87.000      4.544      0.075
    87.500      4.545      0.075
    88.000      4.546      0.074
    88.500      4.548      0.075
    89.000      4.549      0.075
    89.500      4.551      0.076
    90.000      4.553      0.077
    90.500      4.554      0.077
    91.000      4.555      0.077
    91.500      4.557      0.078
    92.000      4.558      0.079
    92.500      4.560      0.080
    93.000      4.562      0.082
    93.500      4.564      0.082
    94.000      4.565      0.083
    94.500      4.566      0.083
    95.000      4.568      0.084
    95.500      4.569      0.086
    96.000      4.571      0.087
    96.500      4.573      0.088
    97.000      4.575      0.088
    97.500      4.576      0.089
    98.000      4.577      0.090
    98.500      4.579      0.091
    99.000      4.581      0.092
    99.500      4.583      0.093
   100.000      4.584      0.094
   100.500      4.585      0.095
   101.000      4.587      0.095
   101.500      4.588      0.096
   102.000      4.590      0.096
   102.500      4.591      0.097
   103.000      4.593      0.098
   103.500      4.594      0.099
   104.000      4.595      0.099
   104.500      4.597      0.100
   105.000      4.598      0.100
   105.500      4.600      0.100
   106.000      4.602      0.101
   106.500      4.602      0.102
   107.000      4.604      0.102
   107.500      4.605      0.102
   108.000      4.607      0.102
   108.500      4.608      0.102
   109.000      4.609      0.103
   109.500      4.610      0.103
   110.000      4.611      0.104
   110.500      4.613      0.104
   111.000      4.614      0.103
   111.500      4.616      0.103
   112.000      4.617      0.103
   112.500      4.618      0.104
   113.000      4.619      0.104
   113.500      4.620      0.104
   114.000      4.622      0.103
   114.500      4.623      0.103
   115.000      4.624      0.103
   115.500      4.624      0.103
   116.000      4.625      0.103
   116.500      4.627      0.103
   117.000      4.628      0.103
   117.500      4.629      0.102
   118.000      4.630      0.102
   118.500      4.631      0.101
   119.000      4.632      0.102
   119.500      4.633      0.102
   120.000      4.635      0.101
   120.500      4.636      0.101
   121.000      4.636      0.100
   121.500      4.636      0.100
   122.000      4.637      0.100
   122.500      4.638      0.100
   123.000      4.640      0.100
   123.500      4.641      0.099
   124.000      4.641      0.099
   124.500      4.642      0.098
   125.000      4.642      0.099
   125.500      4.643      0.099
   126.000      4.645      0.099
   126.500      4.646      0.098
   127.000      4.646      0.097
   127.500      4.646      0.097
   128.000      4.647      0.097
   128.500      4.648      0.098
   129.000      4.649      0.098
   129.500      4.650      0.097
   130.000      4.650      0.097
   130.500      4.650      0.097
   131.000      4.650      0.097
   131.500      4.651      0.097
   132.000      4.652      0.098
   132.500      4.653      0.097
   133.000      4.654      0.097
   133.500      4.654      0.097
   134.000      4.654      0.097
   134.500      4.655      0.098
   135.000      4.655      0.099
   135.500      4.656      0.098
   136.000      4.656      0.099
   136.500      4.656      0.099
   137.000      4.656      0.099
   137.500      4.657      0.100
   138.000      4.658      0.101
   138.500      4.658      0.101
   139.000      4.658      0.101
   139.500      4.658      0.101
   140.000      4.658      0.102
   140.500      4.659      0.103
   141.000      4.659      0.104
   141.500      4.659      0.104
   142.000      4.659      0.105
   142.500      4.660      0.105
   143.000      4.660      0.106
   143.500      4.660      0.107
   144.000      4.660      0.107
   144.500      4.660      0.108
   145.000      4.660      0.109
   145.500      4.660      0.110
   146.000      4.660      0.111
   146.500      4.660      0.111
   147.000      4.660      0.112
   147.500      4.660      0.113
   148.000      4.660      0.114
   148.500      4.660      0.115
   149.000      4.660      0.116
   149.500      4.660      0.117
   150.000      4.660      0.117
   150.500      4.659      0.118
   151.000      4.659      0.119
   151.500      4.659      0.120
   152.000      4.659      0.121
   152.500      4.659      0.122
   153.000      4.658      0.123
   153.500      4.658      0.123
   154.000      4.657      0.125
   154.500      4.657      0.126
   155.000      4.657      0.127
   155.500      4.658      0.127
   156.000      4.656      0.128
   156.500      4.656      0.128
   157.000      4.655      0.130
   157.500      4.654      0.131
   158.000      4.654      0.132
   158.500      4.655      0.132
   159.000      4.654      0.133
   159.500      4.653      0.133
   160.000      4.651      0.135
   160.500      4.651      0.136
   161.000      4.651      0.136
   161.500      4.651      0.137
   162.000      4.651      0.137
   162.500      4.649      0.138
   163.000      4.647      0.139
   163.500      4.647      0.140
   164.000      4.646      0.140
   164.500      4.646      0.140
   165.000      4.646      0.140
   165.500      4.645      0.141
   166.000      4.643      0.142
   166.500      4.642      0.143
   167.000      4.641      0.144
   167.500      4.641      0.143
   168.000      4.641      0.143
   168.500      4.640      0.144
   169.000      4.638      0.145
   169.500      4.636      0.146
   170.000      4.635      0.146
   170.500      4.634      0.145
   171.000      4.634      0.145
   171.500      4.634      0.145
   172.000      4.632      0.146
   172.500      4.629      0.148
   173.000      4.628      0.147
   173.500      4.627      0.146
   174.000      4.627      0.146
   174.500      4.627      0.146
   175.000      4.625      0.147
   175.500      4.622      0.149
   176.000      4.620      0.148
   176.500      4.618      0.146
   177.000      4.618      0.146
   177.500      4.618      0.146
   178.000      4.618      0.147
   178.500      4.613      0.150
   179.000      4.611      0.148
   179.500      4.609      0.147
   180.000      4.609      0.147
   180.500      4.609      0.147
   181.000      4.609      0.147
   181.500      4.604      0.151
   182.000      4.602      0.149
   182.500      4.599      0.147
   183.000      4.599      0.147
   183.500      4.599      0.147
   184.000      4.599      0.147
   184.500      4.596      0.152
   185.000      4.591      0.151
   185.500      4.588      0.149
   186.000      4.588      0.149
   186.500      4.588      0.149
   187.000      4.588      0.149
   187.500      4.587      0.153
   188.000      4.579      0.156
   188.500      4.576      0.154
   189.000      4.576      0.154
   189.500      4.576      0.154
   190.000      4.576      0.154
   190.500      4.576      0.154
   191.000      4.567      0.164
   191.500      4.563      0.162
   192.000      4.563      0.162
   192.500      4.563      0.162
   193.000      4.563      0.162
   193.500      4.563      0.162
   194.000      4.553      0.178
   194.500      4.549      0.176
   195.000      4.549      0.176
   195.500      4.549      0.176
   196.000      4.549      0.176
   196.500      4.549      0.176
   197.000      4.539      0.197
   197.500      4.534      0.196
   198.000      4.534      0.196
   198.500      4.534      0.196
   199.000      4.534      0.196
