     0.000      1.612      0.436
     0.500      3.332      0.332
     1.000      3.343      0.307
     1.500      3.347      0.251
     2.000      3.339      0.216
     2.500      3.348      0.177
     3.000      3.343      0.151
     3.500      3.343      0.116
     4.000      3.344      0.100
     4.500      3.344      0.082
     5.000      3.343      0.068
     5.500      3.342      0.064
     6.000      3.344      0.064
     6.500      3.341      0.066
     7.000      3.342      0.071
     7.500      3.342      0.077
     8.000      3.341      0.083
     8.500      3.340      0.086
     9.000      3.341      0.091
     9.500      3.339      0.094
    10.000      3.340      0.096
    10.500      3.340      0.097
    11.000      3.340      0.098
    11.500      3.340      0.098
    12.000      3.341      0.098
    12.500      3.341      0.097
    13.000      3.341      0.096
    13.500      3.342      0.094
    14.000      3.343      0.092
    14.500      3.344      0.090
    15.000      3.345      0.088
    15.500      3.347      0.085
    16.000      3.348      0.082
    16.500      3.350      0.079
    17.000      3.353      0.076
    17.500      3.355      0.073
    18.000      3.358      0.069
    18.500      3.361      0.065
    19.000      3.365      0.061
    19.500      3.368      0.058
    20.000      3.372      0.054
    20.500      3.377      0.051
    21.000      3.381      0.048
    21.500      3.387      0.045
    22.000      3.392      0.043
    22.500      3.397      0.041
    23.000      3.404      0.041
    23.500      3.410      0.041
    24.000      3.417      0.041
    24.500      3.425      0.044
    25.000      3.432      0.046
    25.500      3.439      0.048
    26.000      3.448      0.053
    26.500      3.457      0.056
    27.000      3.466      0.059
    27.500      3.476      0.064
    28.000      3.485      0.067
    28.500      3.496      0.071
    29.000      3.507      0.075
    29.500      3.518      0.078
    30.000      3.529      0.081
    30.500      3.541      0.084
    31.000      3.554      0.087
    31.500      3.566      0.089
    32.000      3.580      0.092
    32.500      3.594      0.094
    33.000      3.608      0.095
    33.500      3.623      0.097
    34.000      3.638      0.098
    34.500      3.654      0.100
    35.000      3.670      0.102
    35.500      3.686      0.102
    36.000      3.703      0.104
    36.500      3.720      0.103
    37.000      3.735      0.102
    37.500      3.751      0.098
    38.000      3.770      0.092
    38.500      3.788      0.088
    39.000      3.806      0.085
    39.500      3.823      0.082
    40.000      3.839      0.080
    40.500      3.856      0.079
    41.000      3.872      0.080
    41.500      3.886      0.084
    42.000      3.899      0.087
    42.500      3.911      0.091
    43.000      3.923      0.094
    43.500      3.934      0.099
    44.000      3.942      0.106
    44.500      3.952      0.110
    45.000      3.963      0.112
    45.500      3.973      0.114
    46.000      3.983      0.119
    46.500      3.991      0.126
    47.000      4.001      0.134
    47.500      4.007      0.143
    48.000      4.013      0.150
    48.500      4.365      0.175
    49.000      4.373      0.172
    49.500      4.383      0.170
    50.000      4.398      0.167
    50.500      4.415      0.166
    51.000      4.429      0.164
    51.500      4.439      0.165
    52.000      4.447      0.166
    52.500      4.457      0.171
    53.000      4.463      0.173
    53.500      4.464      0.173
    54.000      4.468      0.172
    54.500      4.468      0.168
    55.000      4.466      0.164
    55.500      4.465      0.162
    56.000      4.463      0.158
    56.500      4.462      0.153
    57.000      4.462      0.150
    57.500      4.464      0.148
    58.000      4.468      0.146
    58.500      4.473      0.146
    59.000      4.476      0.146
    59.500      4.478      0.148
    60.000      4.482      0.148
    60.500      4.487      0.147
    61.000      4.490      0.143
    61.500      4.491      0.141
    62.000      4.491      0.137
    62.500      4.491      0.136
    63.000      4.489      0.134
    63.500      4.487      0.132
    64.000      4.487      0.131
    64.500      4.488      0.132
    65.000      4.487      0.132
    65.500      4.486      0.131
    66.000      4.486      0.131
    66.500      4.485      0.131
    67.000      4.484      0.132
    67.500      4.483      0.134
    68.000      4.484      0.135
    68.500      4.485      0.136
    69.000      4.485      0.136
    69.500      4.485      0.136
    70.000      4.484      0.136
    70.500      4.483      0.137
    71.000      4.483      0.139
    71.500      4.484      0.141
    72.000      4.484      0.143
    72.500      4.484      0.145
    73.000      4.483      0.145
    73.500      4.482      0.145
    74.000      4.482      0.145
    74.500      4.481      0.146
    75.000      4.482      0.148
    75.500      4.482      0.149
    76.000      4.482      0.150
    76.500      4.481      0.151
    77.000      4.480      0.151
    77.500      4.479      0.150
    78.000      4.479      0.150
    78.500      4.479      0.151
    79.000      4.479      0.151
    79.500      4.479      0.152
    80.000      4.478      0.152
    80.500      4.477      0.151
    81.000      4.476      0.151
    81.500      4.475      0.150
    82.000      4.475      0.149
    82.500      4.475      0.149
    83.000      4.475      0.148
    83.500      4.475      0.148
    84.000      4.474      0.147
    84.500      4.473      0.146
    85.000      4.472      0.145
    85.500      4.471      0.143
    86.000      4.470      0.142
    86.500      4.470      0.141
    87.000      4.470      0.140
    87.500      4.470      0.139
    88.000      4.469      0.138
    88.500      4.468      0.136
    89.000      4.467      0.134
    89.500      4.465      0.132
    90.000      4.465      0.131
    90.500      4.465      0.130
    91.000      4.465      0.129
    91.500      4.465      0.128
    92.000      4.463      0.126
    92.500      4.462      0.124
    93.000      4.461      0.121
    93.500      4.460      0.121
    94.000      4.460      0.120
    94.500      4.460      0.119
    95.000      4.460      0.118
    95.500      4.458      0.116
    96.000      4.457      0.114
    96.500      4.456      0.112
    97.000      4.456      0.112
    97.500      4.455      0.112
    98.000      4.455      0.112
    98.500      4.454      0.111
    99.000      4.453      0.109
    99.500      4.452      0.108
   100.000      4.451      0.107
   100.500      4.451      0.106
   101.000      4.451      0.107
   101.500      4.450      0.107
   102.000      4.449      0.107
   102.500      4.448      0.106
   103.000      4.447      0.106
   103.500      4.446      0.107
   104.000      4.446      0.107
   104.500      4.446      0.107
   105.000      4.446      0.108
   105.500      4.444      0.108
   106.000      4.442      0.108
   106.500      4.442      0.109
   107.000      4.442      0.111
   107.500      4.441      0.112
   108.000      4.441      0.113
   108.500      4.441      0.114
   109.000      4.440      0.114
   109.500      4.438      0.115
   110.000      4.438      0.117
   110.500      4.437      0.119
   111.000      4.436      0.121
   111.500      4.437      0.122
   112.000      4.437      0.123
   112.500      4.436      0.124
   113.000      4.435      0.125
   113.500      4.434      0.127
   114.000      4.433      0.130
   114.500      4.432      0.132
   115.000      4.432      0.134
   115.500      4.433      0.135
   116.000      4.432      0.137
   116.500      4.431      0.138
   117.000      4.430      0.139
   117.500      4.430      0.142
   118.000      4.428      0.145
   118.500      4.428      0.146
   119.000      4.429      0.148
   119.500      4.428      0.150
   120.000      4.428      0.151
   120.500      4.427      0.152
   121.000      4.427      0.154
   121.500      4.425      0.157
   122.000      4.425      0.159
   122.500      4.425      0.161
   123.000      4.425      0.163
   123.500      4.424      0.165
   124.000      4.424      0.166
   124.500      4.424      0.167
   125.000      4.423      0.170
   125.500      4.422      0.173
   126.000      4.421      0.174
   126.500      4.421      0.176
   127.000      4.421      0.177
   127.500      4.420      0.179
   128.000      4.420      0.180
   128.500      4.420      0.182
   129.000      4.419      0.185
   129.500      4.418      0.187
   130.000      4.418      0.188
   130.500      4.417      0.190
   131.000      4.417      0.191
   131.500      4.417      0.192
   132.000      4.417      0.194
   132.500      4.416      0.196
   133.000      4.416      0.198
   133.500      4.415      0.200
   134.000      4.414      0.201
   134.500      4.414      0.202
   135.000      4.413      0.202
   135.500      4.413      0.204
   136.000      4.413      0.207
   136.500      4.413      0.208
   137.000      4.413      0.210
   137.500      4.412      0.211
   138.000      4.411      0.212
   138.500      4.411      0.212
   139.000      4.410      0.213
   139.500      4.409      0.216
   140.000      4.410      0.217
   140.500      4.410      0.218
   141.000      4.409      0.219
   141.500      4.408      0.220
   142.000      4.408      0.221
   142.500      4.407      0.221
   143.000      4.406      0.222
   143.500      4.406      0.224
   144.000      4.407      0.225
   144.500      4.407      0.226
   145.000      4.406      0.226
   145.500      4.405      0.227
   146.000      4.404      0.227
   146.500      4.403      0.228
   147.000      4.403      0.228
   147.500      4.403      0.230
   148.000      4.403      0.231
   148.500      4.403      0.231
   149.000      4.402      0.231
   149.500      4.401      0.232
   150.000      4.400      0.232
   150.500      4.400      0.232
   151.000      4.400      0.232
   151.500      4.399      0.233
   152.000      4.400      0.233
   152.500      4.399      0.233
   153.000      4.398      0.233
   153.500      4.397      0.234
   154.000      4.396      0.234
   154.500      4.397      0.234
   155.000      4.396      0.233
   155.500      4.396      0.233
   156.000      4.395      0.233
   156.500      4.395      0.233
   157.000      4.394      0.233
   157.500      4.392      0.233
   158.000      4.393      0.233
   158.500      4.393      0.233
   159.000      4.393      0.231
   159.500      4.392      0.231
   160.000      4.391      0.231
   160.500      4.390      0.230
   161.000      4.389      0.230
   161.500      4.389      0.230
   162.000      4.389      0.230
   162.500      4.389      0.229
   163.000      4.389      0.227
   163.500      4.386      0.226
   164.000      4.385      0.226
   164.500      4.384      0.225
   165.000      4.384      0.225
   165.500      4.385      0.225
   166.000      4.385      0.224
   166.500      4.385      0.222
   167.000      4.383      0.221
   167.500      4.381      0.221
   168.000      4.379      0.220
   168.500      4.379      0.219
   169.000      4.380      0.218
   169.500      4.380      0.218
   170.000      4.380      0.217
   170.500      4.379      0.215
   171.000      4.377      0.214
   171.500      4.375      0.214
   172.000      4.373      0.214
   172.500      4.375      0.212
   173.000      4.375      0.211
   173.500      4.376      0.211
   174.000      4.374      0.209
   174.500      4.372      0.208
   175.000      4.371      0.209
   175.500      4.369      0.210
   176.000      4.368      0.208
   176.500      4.370      0.207
   177.000      4.370      0.206
   177.500      4.369      0.206
   178.000      4.367      0.205
   178.500      4.365      0.206
   179.000      4.363      0.208
   179.500      4.364      0.208
   180.000      4.362      0.206
   180.500      4.364      0.206
   181.000      4.365      0.206
   181.500      4.362      0.206
   182.000      4.359      0.208
   182.500      4.356      0.213
   183.000      4.357      0.213
   183.500      4.357      0.212
   184.000      4.355      0.212
   184.500      4.357      0.213
   185.000      4.357      0.214
   185.500      4.352      0.218
   186.000      4.348      0.226
   186.500      4.350      0.226
   187.000      4.350      0.226
   187.500      4.350      0.226
   188.000      4.347      0.226
   188.500      4.351      0.231
   189.000      4.346      0.237
   189.500      4.340      0.251
   190.000      4.342      0.251
   190.500      4.342      0.251
   191.000      4.342      0.251
   191.500      4.342      0.251
   192.000      4.339      0.253
   192.500      4.342      0.264
   193.000      4.331      0.288
   193.500      4.333      0.289
   194.000      4.333      0.289
   194.500      4.333      0.289
   195.000      4.333      0.289
   195.500      4.333      0.289
   196.000      4.330      0.292
   196.500      4.322      0.337
   197.000      4.324      0.338
   197.500      4.324      0.338
   198.000      4.324      0.338
   198.500      4.324      0.338
   199.000      4.324      0.338
