     0.000      1.233      0.503
     0.500      3.205      0.210
     1.000      3.256      0.162
     1.500      3.285      0.158
     2.000      3.319      0.116
     2.500      3.338      0.116
     3.000      3.369      0.082
     3.500      3.395      0.065
     4.000      3.410      0.056
     4.500      3.436      0.035
     5.000      3.443      0.037
     5.500      3.465      0.026
     6.000      3.473      0.029
     6.500      3.487      0.027
     7.000      3.497      0.034
     7.500      3.504      0.033
     8.000      3.513      0.039
     8.500      3.518      0.039
     9.000      3.524      0.043
     9.500      3.529      0.045
    10.000      3.533      0.045
    10.500      3.537      0.047
    11.000      3.540      0.047
    11.500      3.544      0.048
    12.000      3.546      0.048
    12.500      3.550      0.049
    13.000      3.553      0.049
    13.500      3.556      0.049
    14.000      3.560      0.048
    14.500      3.564      0.047
    15.000      3.567      0.047
    15.500      3.572      0.046
    16.000      3.576      0.044
    16.500      3.582      0.043
    17.000      3.586      0.042
    17.500      3.593      0.041
    18.000      3.598      0.039
    18.500      3.605      0.038
    19.000      3.612      0.036
    19.500      3.620      0.036
    20.000      3.627      0.035
    20.500      3.636      0.034
    21.000      3.645      0.033
    21.500      3.655      0.033
    22.000      3.665      0.034
    22.500      3.676      0.034
    23.000      3.687      0.035
    23.500      3.699      0.036
    24.000      3.712      0.037
    24.500      3.726      0.038
    25.000      3.740      0.040
    25.500      3.754      0.041
    26.000      3.771      0.043
    26.500      3.787      0.046
    27.000      3.805      0.047
    27.500      3.822      0.050
    28.000      3.843      0.053
    28.500      3.862      0.056
    29.000      3.884      0.059
    29.500      3.903      0.062
    30.000      3.923      0.063
    30.500      3.943      0.064
    31.000      3.969      0.069
    31.500      3.992      0.071
    32.000      4.020      0.077
    32.500      4.045      0.081
    33.000      4.076      0.086
    33.500      4.106      0.091
    34.000      4.147      0.096
    34.500      4.198      0.089
    35.000      4.250      0.074
    35.500      4.289      0.082
    36.000      4.323      0.085
    36.500      4.359      0.104
    37.000      4.665      0.196
    37.500      4.661      0.186
    38.000      4.660      0.174
    38.500      4.671      0.165
    39.000      4.679      0.162
    39.500      4.695      0.161
    40.000      4.711      0.157
    40.500      4.711      0.154
    41.000      4.704      0.152
    41.500      4.690      0.147
    42.000      4.679      0.140
    42.500      4.673      0.136
    43.000      4.664      0.124
    43.500      4.655      0.113
    44.000      4.647      0.106
    44.500      4.639      0.104
    45.000      4.630      0.101
    45.500      4.624      0.098
    46.000      4.617      0.093
    46.500      4.608      0.085
    47.000      4.601      0.078
    47.500      4.594      0.076
    48.000      4.585      0.076
    48.500      4.578      0.076
    49.000      4.573      0.075
    49.500      4.565      0.071
    50.000      4.558      0.068
    50.500      4.553      0.067
    51.000      4.546      0.067
    51.500      4.537      0.069
    52.000      4.533      0.070
    52.500      4.527      0.071
    53.000      4.520      0.070
    53.500      4.515      0.069
    54.000      4.510      0.070
    54.500      4.502      0.072
    55.000      4.496      0.073
    55.500      4.492      0.075
    56.000      4.485      0.076
    56.500      4.481      0.076
    57.000      4.477      0.076
    57.500      4.472      0.077
    58.000      4.464      0.078
    58.500      4.460      0.079
    59.000      4.456      0.081
    59.500      4.452      0.081
    60.000      4.448      0.082
    60.500      4.444      0.082
    61.000      4.437      0.081
    61.500      4.433      0.081
    62.000      4.429      0.082
    62.500      4.425      0.084
    63.000      4.422      0.084
    63.500      4.419      0.083
    64.000      4.414      0.082
    64.500      4.409      0.082
    65.000      4.405      0.081
    65.500      4.402      0.082
    66.000      4.399      0.082
    66.500      4.397      0.082
    67.000      4.394      0.081
    67.500      4.389      0.079
    68.000      4.385      0.078
    68.500      4.382      0.078
    69.000      4.380      0.078
    69.500      4.378      0.078
    70.000      4.376      0.077
    70.500      4.373      0.075
    71.000      4.368      0.074
    71.500      4.365      0.072
    72.000      4.363      0.072
    72.500      4.362      0.072
    73.000      4.360      0.071
    73.500      4.358      0.070
    74.000      4.355      0.068
    74.500      4.351      0.066
    75.000      4.350      0.065
    75.500      4.348      0.065
    76.000      4.347      0.064
    76.500      4.346      0.063
    77.000      4.344      0.063
    77.500      4.340      0.061
    78.000      4.339      0.060
    78.500      4.338      0.059
    79.000      4.337      0.059
    79.500      4.336      0.059
    80.000      4.334      0.058
    80.500      4.333      0.058
    81.000      4.330      0.057
    81.500      4.330      0.057
    82.000      4.329      0.057
    82.500      4.328      0.057
    83.000      4.327      0.057
    83.500      4.326      0.057
    84.000      4.324      0.058
    84.500      4.323      0.058
    85.000      4.323      0.059
    85.500      4.322      0.059
    86.000      4.321      0.060
    86.500      4.321      0.061
    87.000      4.320      0.062
    87.500      4.319      0.063
    88.000      4.319      0.064
    88.500      4.319      0.065
    89.000      4.318      0.066
    89.500      4.317      0.067
    90.000      4.317      0.068
    90.500      4.316      0.069
    91.000      4.317      0.071
    91.500      4.317      0.073
    92.000      4.316      0.073
    92.500      4.316      0.075
    93.000      4.315      0.075
    93.500      4.315      0.077
    94.000      4.316      0.078
    94.500      4.316      0.080
    95.000      4.316      0.081
    95.500      4.315      0.082
    96.000      4.315      0.083
    96.500      4.315      0.084
    97.000      4.315      0.085
    97.500      4.317      0.086
    98.000      4.317      0.088
    98.500      4.317      0.088
    99.000      4.316      0.089
    99.500      4.316      0.090
   100.000      4.316      0.091
   100.500      4.317      0.092
   101.000      4.319      0.093
   101.500      4.319      0.094
   102.000      4.318      0.094
   102.500      4.318      0.095
   103.000      4.318      0.096
   103.500      4.319      0.096
   104.000      4.321      0.097
   104.500      4.322      0.098
   105.000      4.322      0.098
   105.500      4.322      0.099
   106.000      4.321      0.099
   106.500      4.322      0.099
   107.000      4.324      0.100
   107.500      4.325      0.100
   108.000      4.326      0.101
   108.500      4.326      0.101
   109.000      4.326      0.101
   109.500      4.326      0.101
   110.000      4.327      0.102
   110.500      4.329      0.102
   111.000      4.331      0.102
   111.500      4.331      0.102
   112.000      4.331      0.102
   112.500      4.331      0.102
   113.000      4.332      0.102
   113.500      4.334      0.103
   114.000      4.336      0.103
   114.500      4.337      0.102
   115.000      4.337      0.102
   115.500      4.337      0.102
   116.000      4.338      0.102
   116.500      4.339      0.102
   117.000      4.341      0.103
   117.500      4.343      0.102
   118.000      4.343      0.101
   118.500      4.344      0.101
   119.000      4.344      0.101
   119.500      4.345      0.101
   120.000      4.346      0.102
   120.500      4.349      0.101
   121.000      4.350      0.100
   121.500      4.351      0.100
   122.000      4.351      0.099
   122.500      4.352      0.099
   123.000      4.353      0.099
   123.500      4.355      0.100
   124.000      4.358      0.098
   124.500      4.358      0.098
   125.000      4.358      0.097
   125.500      4.359      0.097
   126.000      4.360      0.097
   126.500      4.361      0.097
   127.000      4.364      0.097
   127.500      4.366      0.095
   128.000      4.366      0.095
   128.500      4.366      0.095
   129.000      4.367      0.095
   129.500      4.368      0.095
   130.000      4.370      0.095
   130.500      4.374      0.094
   131.000      4.375      0.093
   131.500      4.374      0.092
   132.000      4.375      0.092
   132.500      4.376      0.093
   133.000      4.378      0.093
   133.500      4.380      0.092
   134.000      4.383      0.091
   134.500      4.383      0.090
   135.000      4.383      0.090
   135.500      4.384      0.091
   136.000      4.385      0.091
   136.500      4.387      0.091
   137.000      4.390      0.090
   137.500      4.391      0.089
   138.000      4.391      0.089
   138.500      4.391      0.089
   139.000      4.392      0.090
   139.500      4.394      0.090
   140.000      4.396      0.090
   140.500      4.399      0.089
   141.000      4.399      0.088
   141.500      4.399      0.089
   142.000      4.400      0.090
   142.500      4.401      0.090
   143.000      4.403      0.090
   143.500      4.405      0.089
   144.000      4.407      0.089
   144.500      4.407      0.089
   145.000      4.407      0.090
   145.500      4.408      0.091
   146.000      4.410      0.091
   146.500      4.412      0.091
   147.000      4.414      0.091
   147.500      4.415      0.091
   148.000      4.414      0.091
   148.500      4.415      0.093
   149.000      4.416      0.094
   149.500      4.418      0.094
   150.000      4.420      0.093
   150.500      4.422      0.094
   151.000      4.422      0.094
   151.500      4.421      0.095
   152.000      4.422      0.097
   152.500      4.424      0.098
   153.000      4.426      0.097
   153.500      4.427      0.097
   154.000      4.428      0.098
   154.500      4.428      0.099
   155.000      4.428      0.100
   155.500      4.430      0.102
   156.000      4.431      0.102
   156.500      4.432      0.101
   157.000      4.434      0.102
   157.500      4.434      0.103
   158.000      4.433      0.105
   158.500      4.434      0.107
   159.000      4.436      0.108
   159.500      4.437      0.107
   160.000      4.437      0.107
   160.500      4.439      0.109
   161.000      4.438      0.110
   161.500      4.438      0.112
   162.000      4.440      0.114
   162.500      4.441      0.113
   163.000      4.441      0.113
   163.500      4.443      0.114
   164.000      4.443      0.116
   164.500      4.442      0.118
   165.000      4.443      0.120
   165.500      4.445      0.120
   166.000      4.445      0.120
   166.500      4.445      0.120
   167.000      4.446      0.122
   167.500      4.445      0.124
   168.000      4.445      0.126
   168.500      4.447      0.127
   169.000      4.447      0.127
   169.500      4.447      0.127
   170.000      4.447      0.127
   170.500      4.448      0.130
   171.000      4.447      0.132
   171.500      4.447      0.134
   172.000      4.449      0.134
   172.500      4.449      0.134
   173.000      4.448      0.134
   173.500      4.449      0.135
   174.000      4.448      0.138
   174.500      4.447      0.140
   175.000      4.448      0.141
   175.500      4.448      0.141
   176.000      4.448      0.141
   176.500      4.448      0.142
   177.000      4.447      0.144
   177.500      4.446      0.146
   178.000      4.447      0.148
   178.500      4.447      0.148
   179.000      4.447      0.148
   179.500      4.447      0.148
   180.000      4.446      0.149
   180.500      4.445      0.153
   181.000      4.443      0.155
   181.500      4.444      0.156
   182.000      4.444      0.156
   182.500      4.444      0.156
   183.000      4.443      0.156
   183.500      4.442      0.159
   184.000      4.438      0.162
   184.500      4.439      0.163
   185.000      4.439      0.163
   185.500      4.439      0.163
   186.000      4.439      0.163
   186.500      4.438      0.165
   187.000      4.435      0.169
   187.500      4.432      0.172
   188.000      4.432      0.172
   188.500      4.432      0.172
   189.000      4.432      0.172
   189.500      4.432      0.172
   190.000      4.431      0.174
   190.500      4.423      0.179
   191.000      4.424      0.180
   191.500      4.424      0.180
   192.000      4.424      0.180
   192.500      4.424      0.180
   193.000      4.424      0.180
   193.500      4.418      0.186
   194.000      4.413      0.190
   194.500      4.413      0.190
   195.000      4.413      0.190
   195.500      4.413      0.190
   196.000      4.413      0.190
   196.500      4.413      0.190
   197.000      4.401      0.201
   197.500      4.401      0.201
   198.000      4.401      0.201
   198.500      4.401      0.201
   199.000      4.401      0.201
   199.500      4.401      0.201
