     0.000      1.493      0.480
     0.500      3.101      0.157
     1.000      3.153      0.147
     1.500      3.193      0.118
     2.000      3.230      0.107
     2.500      3.265      0.083
     3.000      3.294      0.076
     3.500      3.327      0.062
     4.000      3.352      0.059
     4.500      3.377      0.051
     5.000      3.397      0.049
     5.500      3.419      0.047
     6.000      3.435      0.046
     6.500      3.454      0.046
     7.000      3.469      0.045
     7.500      3.482      0.047
     8.000      3.496      0.046
     8.500      3.506      0.047
     9.000      3.519      0.046
     9.500      3.528      0.048
    10.000      3.538      0.046
    10.500      3.547      0.048
    11.000      3.555      0.047
    11.500      3.564      0.047
    12.000      3.572      0.047
    12.500      3.580      0.046
    13.000      3.587      0.045
    13.500      3.595      0.045
    14.000      3.603      0.044
    14.500      3.611      0.043
    15.000      3.619      0.042
    15.500      3.627      0.042
    16.000      3.635      0.041
    16.500      3.644      0.041
    17.000      3.652      0.040
    17.500      3.661      0.040
    18.000      3.670      0.041
    18.500      3.680      0.041
    19.000      3.689      0.043
    19.500      3.699      0.043
    20.000      3.710      0.045
    20.500      3.720      0.046
    21.000      3.732      0.048
    21.500      3.743      0.050
    22.000      3.755      0.052
    22.500      3.768      0.054
    23.000      3.782      0.056
    23.500      3.796      0.056
    24.000      3.813      0.056
    24.500      3.831      0.055
    25.000      3.849      0.055
    25.500      3.866      0.058
    26.000      3.885      0.060
    26.500      3.903      0.063
    27.000      3.923      0.067
    27.500      3.943      0.070
    28.000      3.966      0.072
    28.500      3.990      0.075
    29.000      4.012      0.079
    29.500      4.030      0.084
    30.000      4.052      0.090
    30.500      4.071      0.093
    31.000      4.088      0.097
    31.500      4.106      0.098
    32.000      4.127      0.101
    32.500      4.162      0.101
    33.000      4.188      0.101
    33.500      4.215      0.098
    34.000      4.237      0.092
    34.500      4.457      0.204
    35.000      4.468      0.198
    35.500      4.475      0.189
    36.000      4.479      0.180
    36.500      4.481      0.172
    37.000      4.482      0.166
    37.500      4.485      0.160
    38.000      4.490      0.156
    38.500      4.496      0.153
    39.000      4.499      0.146
    39.500      4.502      0.143
    40.000      4.505      0.139
    40.500      4.509      0.137
    41.000      4.511      0.137
    41.500      4.513      0.134
    42.000      4.518      0.135
    42.500      4.517      0.131
    43.000      4.518      0.130
    43.500      4.517      0.125
    44.000      4.516      0.122
    44.500      4.511      0.116
    45.000      4.506      0.109
    45.500      4.501      0.102
    46.000      4.495      0.094
    46.500      4.492      0.090
    47.000      4.490      0.087
    47.500      4.487      0.083
    48.000      4.482      0.079
    48.500      4.478      0.074
    49.000      4.473      0.069
    49.500      4.470      0.067
    50.000      4.468      0.065
    50.500      4.466      0.062
    51.000      4.462      0.061
    51.500      4.458      0.059
    52.000      4.456      0.057
    52.500      4.453      0.056
    53.000      4.451      0.056
    53.500      4.449      0.055
    54.000      4.447      0.055
    54.500      4.444      0.055
    55.000      4.442      0.055
    55.500      4.440      0.055
    56.000      4.438      0.056
    56.500      4.437      0.056
    57.000      4.435      0.056
    57.500      4.434      0.057
    58.000      4.432      0.057
    58.500      4.430      0.058
    59.000      4.429      0.059
    59.500      4.428      0.059
    60.000      4.428      0.059
    60.500      4.426      0.059
    61.000      4.425      0.060
    61.500      4.424      0.061
    62.000      4.424      0.061
    62.500      4.424      0.061
    63.000      4.423      0.061
    63.500      4.423      0.061
    64.000      4.422      0.061
    64.500      4.422      0.062
    65.000      4.422      0.062
    65.500      4.422      0.062
    66.000      4.422      0.061
    66.500      4.422      0.061
    67.000      4.422      0.061
    67.500      4.422      0.061
    68.000      4.422      0.061
    68.500      4.423      0.060
    69.000      4.423      0.060
    69.500      4.424      0.059
    70.000      4.424      0.059
    70.500      4.425      0.059
    71.000      4.425      0.058
    71.500      4.426      0.058
    72.000      4.427      0.058
    72.500      4.428      0.057
    73.000      4.429      0.057
    73.500      4.430      0.056
    74.000      4.431      0.056
    74.500      4.432      0.055
    75.000      4.433      0.055
    75.500      4.434      0.055
    76.000      4.435      0.054
    76.500      4.436      0.054
    77.000      4.438      0.054
    77.500      4.440      0.054
    78.000      4.440      0.053
    78.500      4.442      0.054
    79.000      4.443      0.054
    79.500      4.445      0.053
    80.000      4.447      0.053
    80.500      4.449      0.053
    81.000      4.450      0.054
    81.500      4.451      0.055
    82.000      4.452      0.056
    82.500      4.454      0.055
    83.000      4.456      0.055
    83.500      4.458      0.055
    84.000      4.461      0.056
    84.500      4.462      0.057
    85.000      4.463      0.059
    85.500      4.464      0.059
    86.000      4.466      0.059
    86.500      4.469      0.059
    87.000      4.471      0.059
    87.500      4.473      0.061
    88.000      4.474      0.062
    88.500      4.476      0.063
    89.000      4.477      0.063
    89.500      4.480      0.064
    90.000      4.482      0.064
    90.500      4.484      0.065
    91.000      4.486      0.067
    91.500      4.488      0.067
    92.000      4.489      0.068
    92.500      4.491      0.068
    93.000      4.493      0.069
    93.500      4.495      0.069
    94.000      4.497      0.070
    94.500      4.499      0.071
    95.000      4.500      0.071
    95.500      4.502      0.072
    96.000      4.504      0.072
    96.500      4.506      0.073
    97.000      4.508      0.073
    97.500      4.509      0.074
    98.000      4.511      0.074
    98.500      4.512      0.074
    99.000      4.514      0.074
    99.500      4.516      0.075
   100.000      4.517      0.075
   100.500      4.519      0.075
   101.000      4.521      0.076
   101.500      4.522      0.075
   102.000      4.524      0.075
   102.500      4.525      0.076
   103.000      4.527      0.077
   103.500      4.528      0.077
   104.000      4.530      0.076
   104.500      4.531      0.076
   105.000      4.533      0.076
   105.500      4.534      0.076
   106.000      4.536      0.077
   106.500      4.537      0.077
   107.000      4.538      0.077
   107.500      4.540      0.076
   108.000      4.541      0.076
   108.500      4.543      0.076
   109.000      4.544      0.076
   109.500      4.545      0.077
   110.000      4.546      0.077
   110.500      4.547      0.076
   111.000      4.549      0.076
   111.500      4.550      0.076
   112.000      4.552      0.076
   112.500      4.552      0.076
   113.000      4.553      0.077
   113.500      4.554      0.077
   114.000      4.556      0.077
   114.500      4.557      0.077
   115.000      4.558      0.077
   115.500      4.559      0.077
   116.000      4.560      0.076
   116.500      4.560      0.077
   117.000      4.561      0.077
   117.500      4.563      0.078
   118.000      4.564      0.078
   118.500      4.565      0.078
   119.000      4.566      0.077
   119.500      4.566      0.078
   120.000      4.566      0.078
   120.500      4.567      0.079
   121.000      4.569      0.080
   121.500      4.570      0.081
   122.000      4.571      0.080
   122.500      4.571      0.080
   123.000      4.571      0.081
   123.500      4.571      0.081
   124.000      4.573      0.082
   124.500      4.574      0.084
   125.000      4.575      0.084
   125.500      4.575      0.083
   126.000      4.575      0.084
   126.500      4.574      0.085
   127.000      4.575      0.086
   127.500      4.576      0.087
   128.000      4.577      0.088
   128.500      4.578      0.088
   129.000      4.578      0.088
   129.500      4.577      0.089
   130.000      4.577      0.090
   130.500      4.578      0.092
   131.000      4.579      0.093
   131.500      4.580      0.093
   132.000      4.580      0.094
   132.500      4.579      0.095
   133.000      4.578      0.096
   133.500      4.578      0.097
   134.000      4.579      0.099
   134.500      4.580      0.099
   135.000      4.581      0.099
   135.500      4.581      0.101
   136.000      4.579      0.102
   136.500      4.578      0.103
   137.000      4.579      0.105
   137.500      4.579      0.105
   138.000      4.580      0.105
   138.500      4.580      0.107
   139.000      4.580      0.108
   139.500      4.578      0.110
   140.000      4.577      0.111
   140.500      4.578      0.112
   141.000      4.578      0.112
   141.500      4.578      0.112
   142.000      4.577      0.114
   142.500      4.577      0.116
   143.000      4.575      0.117
   143.500      4.575      0.118
   144.000      4.575      0.118
   144.500      4.575      0.118
   145.000      4.575      0.119
   145.500      4.574      0.121
   146.000      4.572      0.123
   146.500      4.571      0.123
   147.000      4.571      0.124
   147.500      4.571      0.124
   148.000      4.571      0.124
   148.500      4.569      0.126
   149.000      4.568      0.128
   149.500      4.567      0.129
   150.000      4.566      0.129
   150.500      4.566      0.129
   151.000      4.565      0.129
   151.500      4.564      0.129
   152.000      4.562      0.131
   152.500      4.561      0.133
   153.000      4.559      0.133
   153.500      4.559      0.132
   154.000      4.558      0.132
   154.500      4.557      0.132
   155.000      4.555      0.134
   155.500      4.554      0.135
   156.000      4.552      0.135
   156.500      4.551      0.135
   157.000      4.550      0.135
   157.500      4.549      0.134
   158.000      4.547      0.135
   158.500      4.545      0.137
   159.000      4.543      0.137
   159.500      4.542      0.137
   160.000      4.540      0.136
   160.500      4.539      0.135
   161.000      4.538      0.135
   161.500      4.535      0.137
   162.000      4.534      0.137
   162.500      4.532      0.136
   163.000      4.530      0.137
   163.500      4.528      0.135
   164.000      4.526      0.134
   164.500      4.525      0.135
   165.000      4.522      0.136
   165.500      4.520      0.135
   166.000      4.518      0.134
   166.500      4.515      0.134
   167.000      4.513      0.131
   167.500      4.512      0.131
   168.000      4.510      0.133
   168.500      4.507      0.132
   169.000      4.505      0.131
   169.500      4.502      0.130
   170.000      4.499      0.129
   170.500      4.496      0.127
   171.000      4.495      0.128
   171.500      4.493      0.128
   172.000      4.490      0.128
   172.500      4.488      0.126
   173.000      4.485      0.125
   173.500      4.480      0.123
   174.000      4.478      0.122
   174.500      4.476      0.123
   175.000      4.474      0.122
   175.500      4.472      0.123
   176.000      4.469      0.121
   176.500      4.464      0.119
   177.000      4.459      0.118
   177.500      4.457      0.118
   178.000      4.455      0.117
   178.500      4.454      0.117
   179.000      4.452      0.118
   179.500      4.448      0.115
   180.000      4.441      0.116
   180.500      4.436      0.115
   181.000      4.434      0.115
   181.500      4.433      0.114
   182.000      4.433      0.114
   182.500      4.430      0.116
   183.000      4.423      0.112
   183.500      4.413      0.116
   184.000      4.411      0.117
   184.500      4.409      0.117
   185.000      4.409      0.117
   185.500      4.409      0.117
   186.000      4.406      0.120
   186.500      4.396      0.117
   187.000      4.386      0.126
   187.500      4.383      0.128
   188.000      4.383      0.128
   188.500      4.383      0.128
   189.000      4.383      0.128
   189.500      4.380      0.131
   190.000      4.364      0.138
   190.500      4.357      0.146
   191.000      4.354      0.148
   191.500      4.354      0.148
   192.000      4.354      0.148
   192.500      4.354      0.148
   193.000      4.351      0.151
   193.500      4.326      0.172
   194.000      4.324      0.178
   194.500      4.324      0.178
   195.000      4.324      0.178
   195.500      4.324      0.178
   196.000      4.324      0.178
   196.500      4.320      0.181
   197.000      4.292      0.216
   197.500      4.292      0.216
   198.000      4.292      0.216
   198.500      4.292      0.216
   199.000      4.292      0.216
   199.500      4.292      0.216
