     0.000      1.424      0.659
     0.500      3.085      0.220
     1.000      3.139      0.187
     1.500      3.194      0.154
     2.000      3.243      0.131
     2.500      3.286      0.115
     3.000      3.334      0.093
     3.500      3.366      0.084
     4.000      3.406      0.071
     4.500      3.434      0.063
     5.000      3.465      0.061
     5.500      3.490      0.055
     6.000      3.514      0.055
     6.500      3.535      0.053
     7.000      3.555      0.053
     7.500      3.570      0.052
     8.000      3.587      0.053
     8.500      3.600      0.053
     9.000      3.613      0.053
     9.500      3.624      0.054
    10.000      3.634      0.055
    10.500      3.643      0.055
    11.000      3.652      0.055
    11.500      3.660      0.055
    12.000      3.668      0.056
    12.500      3.675      0.055
    13.000      3.682      0.056
    13.500      3.688      0.056
    14.000      3.695      0.056
    14.500      3.701      0.056
    15.000      3.707      0.055
    15.500      3.713      0.055
    16.000      3.719      0.055
    16.500      3.725      0.054
    17.000      3.731      0.054
    17.500      3.737      0.053
    18.000      3.743      0.053
    18.500      3.749      0.052
    19.000      3.756      0.052
    19.500      3.762      0.052
    20.000      3.768      0.052
    20.500      3.775      0.051
    21.000      3.782      0.052
    21.500      3.789      0.052
    22.000      3.797      0.052
    22.500      3.805      0.053
    23.000      3.813      0.054
    23.500      3.821      0.055
    24.000      3.830      0.057
    24.500      3.840      0.058
    25.000      3.851      0.059
    25.500      3.862      0.062
    26.000      3.873      0.064
    26.500      3.884      0.065
    27.000      3.897      0.067
    27.500      3.910      0.068
    28.000      3.923      0.069
    28.500      3.941      0.067
    29.000      3.959      0.065
    29.500      3.977      0.064
    30.000      3.994      0.063
    30.500      4.011      0.062
    31.000      4.025      0.063
    31.500      4.042      0.066
    32.000      4.057      0.069
    32.500      4.074      0.073
    33.000      4.090      0.076
    33.500      4.103      0.080
    34.000      4.309      0.157
    34.500      4.328      0.167
    35.000      4.347      0.171
    35.500      4.359      0.170
    36.000      4.370      0.168
    36.500      4.381      0.162
    37.000      4.394      0.155
    37.500      4.406      0.152
    38.000      4.416      0.151
    38.500      4.427      0.153
    39.000      4.436      0.155
    39.500      4.442      0.155
    40.000      4.445      0.152
    40.500      4.450      0.150
    41.000      4.454      0.150
    41.500      4.456      0.149
    42.000      4.458      0.145
    42.500      4.460      0.142
    43.000      4.461      0.138
    43.500      4.462      0.133
    44.000      4.461      0.127
    44.500      4.460      0.122
    45.000      4.459      0.117
    45.500      4.459      0.112
    46.000      4.459      0.110
    46.500      4.459      0.107
    47.000      4.458      0.104
    47.500      4.457      0.100
    48.000      4.455      0.096
    48.500      4.454      0.093
    49.000      4.454      0.091
    49.500      4.454      0.090
    50.000      4.453      0.089
    50.500      4.452      0.087
    51.000      4.451      0.085
    51.500      4.450      0.083
    52.000      4.449      0.081
    52.500      4.449      0.081
    53.000      4.449      0.080
    53.500      4.448      0.080
    54.000      4.447      0.079
    54.500      4.446      0.079
    55.000      4.444      0.078
    55.500      4.444      0.078
    56.000      4.444      0.077
    56.500      4.443      0.078
    57.000      4.442      0.078
    57.500      4.441      0.077
    58.000      4.440      0.077
    58.500      4.439      0.077
    59.000      4.439      0.077
    59.500      4.439      0.077
    60.000      4.438      0.077
    60.500      4.436      0.077
    61.000      4.436      0.077
    61.500      4.435      0.077
    62.000      4.434      0.077
    62.500      4.434      0.077
    63.000      4.433      0.077
    63.500      4.432      0.077
    64.000      4.431      0.076
    64.500      4.430      0.076
    65.000      4.430      0.076
    65.500      4.429      0.076
    66.000      4.429      0.076
    66.500      4.428      0.076
    67.000      4.426      0.075
    67.500      4.426      0.075
    68.000      4.425      0.074
    68.500      4.425      0.074
    69.000      4.424      0.074
    69.500      4.423      0.074
    70.000      4.422      0.074
    70.500      4.421      0.073
    71.000      4.421      0.072
    71.500      4.420      0.072
    72.000      4.420      0.071
    72.500      4.419      0.072
    73.000      4.418      0.071
    73.500      4.417      0.071
    74.000      4.416      0.070
    74.500      4.416      0.070
    75.000      4.415      0.069
    75.500      4.415      0.069
    76.000      4.414      0.069
    76.500      4.413      0.070
    77.000      4.412      0.069
    77.500      4.411      0.069
    78.000      4.411      0.069
    78.500      4.411      0.068
    79.000      4.410      0.068
    79.500      4.409      0.069
    80.000      4.408      0.069
    80.500      4.407      0.069
    81.000      4.407      0.069
    81.500      4.407      0.069
    82.000      4.406      0.069
    82.500      4.405      0.069
    83.000      4.404      0.070
    83.500      4.403      0.071
    84.000      4.403      0.071
    84.500      4.403      0.072
    85.000      4.402      0.072
    85.500      4.401      0.072
    86.000      4.400      0.072
    86.500      4.399      0.073
    87.000      4.398      0.075
    87.500      4.399      0.075
    88.000      4.398      0.076
    88.500      4.397      0.076
    89.000      4.397      0.076
    89.500      4.396      0.076
    90.000      4.395      0.078
    90.500      4.395      0.079
    91.000      4.395      0.080
    91.500      4.394      0.080
    92.000      4.393      0.080
    92.500      4.393      0.080
    93.000      4.392      0.081
    93.500      4.391      0.083
    94.000      4.391      0.084
    94.500      4.391      0.085
    95.000      4.390      0.085
    95.500      4.389      0.085
    96.000      4.389      0.085
    96.500      4.388      0.087
    97.000      4.388      0.088
    97.500      4.387      0.089
    98.000      4.387      0.089
    98.500      4.386      0.089
    99.000      4.386      0.089
    99.500      4.385      0.090
   100.000      4.384      0.091
   100.500      4.384      0.093
   101.000      4.384      0.093
   101.500      4.383      0.093
   102.000      4.383      0.093
   102.500      4.382      0.093
   103.000      4.382      0.094
   103.500      4.381      0.095
   104.000      4.381      0.096
   104.500      4.380      0.096
   105.000      4.380      0.096
   105.500      4.380      0.097
   106.000      4.379      0.097
   106.500      4.379      0.098
   107.000      4.378      0.099
   107.500      4.378      0.099
   108.000      4.377      0.099
   108.500      4.377      0.099
   109.000      4.377      0.100
   109.500      4.376      0.100
   110.000      4.376      0.101
   110.500      4.376      0.102
   111.000      4.375      0.102
   111.500      4.375      0.102
   112.000      4.375      0.102
   112.500      4.374      0.102
   113.000      4.374      0.103
   113.500      4.374      0.104
   114.000      4.374      0.104
   114.500      4.373      0.104
   115.000      4.372      0.104
   115.500      4.373      0.104
   116.000      4.372      0.105
   116.500      4.372      0.105
   117.000      4.372      0.106
   117.500      4.372      0.106
   118.000      4.371      0.106
   118.500      4.371      0.106
   119.000      4.371      0.106
   119.500      4.371      0.107
   120.000      4.371      0.107
   120.500      4.371      0.108
   121.000      4.370      0.107
   121.500      4.369      0.108
   122.000      4.369      0.108
   122.500      4.370      0.108
   123.000      4.370      0.109
   123.500      4.370      0.109
   124.000      4.369      0.109
   124.500      4.368      0.109
   125.000      4.368      0.109
   125.500      4.369      0.110
   126.000      4.369      0.110
   126.500      4.369      0.110
   127.000      4.369      0.111
   127.500      4.368      0.110
   128.000      4.368      0.111
   128.500      4.368      0.111
   129.000      4.368      0.111
   129.500      4.368      0.112
   130.000      4.369      0.112
   130.500      4.368      0.112
   131.000      4.367      0.112
   131.500      4.367      0.112
   132.000      4.368      0.113
   132.500      4.368      0.113
   133.000      4.368      0.114
   133.500      4.369      0.113
   134.000      4.368      0.113
   134.500      4.367      0.113
   135.000      4.368      0.114
   135.500      4.368      0.114
   136.000      4.369      0.115
   136.500      4.369      0.115
   137.000      4.369      0.114
   137.500      4.368      0.114
   138.000      4.368      0.114
   138.500      4.369      0.115
   139.000      4.369      0.116
   139.500      4.370      0.116
   140.000      4.370      0.116
   140.500      4.369      0.115
   141.000      4.369      0.114
   141.500      4.370      0.115
   142.000      4.370      0.116
   142.500      4.371      0.117
   143.000      4.371      0.118
   143.500      4.371      0.116
   144.000      4.370      0.115
   144.500      4.371      0.116
   145.000      4.372      0.116
   145.500      4.372      0.118
   146.000      4.373      0.118
   146.500      4.373      0.118
   147.000      4.372      0.116
   147.500      4.372      0.116
   148.000      4.373      0.117
   148.500      4.374      0.117
   149.000      4.374      0.118
   149.500      4.375      0.119
   150.000      4.375      0.118
   150.500      4.374      0.116
   151.000      4.374      0.116
   151.500      4.376      0.117
   152.000      4.377      0.118
   152.500      4.377      0.119
   153.000      4.378      0.119
   153.500      4.378      0.117
   154.000      4.377      0.116
   154.500      4.378      0.117
   155.000      4.380      0.117
   155.500      4.380      0.118
   156.000      4.381      0.118
   156.500      4.382      0.118
   157.000      4.380      0.117
   157.500      4.380      0.117
   158.000      4.382      0.118
   158.500      4.383      0.117
   159.000      4.384      0.118
   159.500      4.385      0.118
   160.000      4.386      0.117
   160.500      4.384      0.116
   161.000      4.385      0.118
   161.500      4.386      0.118
   162.000      4.388      0.118
   162.500      4.389      0.118
   163.000      4.390      0.118
   163.500      4.389      0.117
   164.000      4.388      0.117
   164.500      4.391      0.119
   165.000      4.391      0.118
   165.500      4.393      0.118
   166.000      4.395      0.118
   166.500      4.395      0.118
   167.000      4.393      0.118
   167.500      4.394      0.120
   168.000      4.396      0.120
   168.500      4.397      0.120
   169.000      4.399      0.120
   169.500      4.401      0.119
   170.000      4.401      0.119
   170.500      4.399      0.120
   171.000      4.401      0.123
   171.500      4.402      0.122
   172.000      4.403      0.123
   172.500      4.405      0.123
   173.000      4.407      0.121
   173.500      4.405      0.123
   174.000      4.406      0.126
   174.500      4.407      0.127
   175.000      4.409      0.128
   175.500      4.410      0.128
   176.000      4.412      0.127
   176.500      4.414      0.126
   177.000      4.412      0.131
   177.500      4.414      0.135
   178.000      4.415      0.135
   178.500      4.416      0.136
   179.000      4.416      0.136
   179.500      4.419      0.135
   180.000      4.421      0.136
   180.500      4.421      0.144
   181.000      4.422      0.146
   181.500      4.424      0.148
   182.000      4.424      0.148
   182.500      4.424      0.148
   183.000      4.429      0.146
   183.500      4.428      0.154
   184.000      4.430      0.160
   184.500      4.432      0.163
   185.000      4.432      0.163
   185.500      4.432      0.163
   186.000      4.432      0.163
   186.500      4.439      0.163
   187.000      4.438      0.177
   187.500      4.440      0.182
   188.000      4.441      0.183
   188.500      4.441      0.183
   189.000      4.441      0.183
   189.500      4.441      0.183
   190.000      4.449      0.187
   190.500      4.449      0.205
   191.000      4.451      0.207
   191.500      4.451      0.207
   192.000      4.451      0.207
   192.500      4.451      0.207
   193.000      4.451      0.207
   193.500      4.459      0.228
   194.000      4.461      0.236
   194.500      4.461      0.236
   195.000      4.461      0.236
   195.500      4.461      0.236
   196.000      4.461      0.236
   196.500      4.461      0.236
   197.000      4.472      0.270
   197.500      4.472      0.270
   198.000      4.472      0.270
   198.500      4.472      0.270
   199.000      4.472      0.270
   199.500      4.472      0.270
