     0.000      1.704      0.605
     0.500      3.187      0.175
     1.000      3.227      0.181
     1.500      3.280      0.144
     2.000      3.303      0.132
     2.500      3.338      0.112
     3.000      3.366      0.094
     3.500      3.390      0.084
     4.000      3.419      0.068
     4.500      3.437      0.062
     5.000      3.462      0.051
     5.500      3.478      0.046
     6.000      3.498      0.041
     6.500      3.512      0.040
     7.000      3.527      0.037
     7.500      3.539      0.038
     8.000      3.552      0.036
     8.500      3.561      0.039
     9.000      3.571      0.038
     9.500      3.579      0.040
    10.000      3.587      0.039
    10.500      3.594      0.040
    11.000      3.600      0.039
    11.500      3.606      0.040
    12.000      3.610      0.040
    12.500      3.615      0.039
    13.000      3.619      0.039
    13.500      3.623      0.039
    14.000      3.626      0.039
    14.500      3.630      0.038
    15.000      3.633      0.038
    15.500      3.637      0.038
    16.000      3.640      0.037
    16.500      3.643      0.037
    17.000      3.646      0.037
    17.500      3.649      0.036
    18.000      3.653      0.036
    18.500      3.656      0.036
    19.000      3.659      0.035
    19.500      3.663      0.035
    20.000      3.666      0.034
    20.500      3.670      0.034
    21.000      3.674      0.033
    21.500      3.677      0.034
    22.000      3.681      0.033
    22.500      3.685      0.033
    23.000      3.690      0.033
    23.500      3.694      0.033
    24.000      3.699      0.033
    24.500      3.703      0.033
    25.000      3.708      0.034
    25.500      3.713      0.034
    26.000      3.719      0.034
    26.500      3.724      0.035
    27.000      3.730      0.036
    27.500      3.736      0.036
    28.000      3.742      0.038
    28.500      3.749      0.039
    29.000      3.756      0.040
    29.500      3.763      0.041
    30.000      3.771      0.042
    30.500      3.779      0.043
    31.000      3.788      0.045
    31.500      3.797      0.047
    32.000      3.806      0.048
    32.500      3.816      0.051
    33.000      3.825      0.053
    33.500      3.835      0.056
    34.000      3.845      0.058
    34.500      3.857      0.060
    35.000      3.868      0.063
    35.500      3.880      0.066
    36.000      3.892      0.068
    36.500      3.907      0.069
    37.000      3.923      0.070
    37.500      3.940      0.072
    38.000      3.955      0.075
    38.500      3.973      0.075
    39.000      3.989      0.073
    39.500      4.008      0.069
    40.000      4.028      0.066
    40.500      4.052      0.065
    41.000      4.348      0.205
    41.500      4.358      0.202
    42.000      4.367      0.194
    42.500      4.377      0.184
    43.000      4.386      0.173
    43.500      4.397      0.167
    44.000      4.412      0.167
    44.500      4.428      0.168
    45.000      4.440      0.166
    45.500      4.448      0.162
    46.000      4.457      0.153
    46.500      4.460      0.145
    47.000      4.463      0.137
    47.500      4.468      0.131
    48.000      4.473      0.128
    48.500      4.479      0.126
    49.000      4.485      0.126
    49.500      4.492      0.124
    50.000      4.495      0.120
    50.500      4.499      0.116
    51.000      4.503      0.113
    51.500      4.506      0.112
    52.000      4.508      0.110
    52.500      4.511      0.106
    53.000      4.513      0.103
    53.500      4.515      0.100
    54.000      4.517      0.097
    54.500      4.519      0.095
    55.000      4.521      0.094
    55.500      4.523      0.092
    56.000      4.526      0.091
    56.500      4.527      0.091
    57.000      4.529      0.090
    57.500      4.530      0.088
    58.000      4.532      0.088
    58.500      4.534      0.088
    59.000      4.536      0.088
    59.500      4.538      0.089
    60.000      4.539      0.089
    60.500      4.540      0.089
    61.000      4.542      0.088
    61.500      4.544      0.088
    62.000      4.546      0.089
    62.500      4.548      0.090
    63.000      4.549      0.090
    63.500      4.550      0.090
    64.000      4.551      0.090
    64.500      4.553      0.090
    65.000      4.554      0.090
    65.500      4.556      0.091
    66.000      4.558      0.091
    66.500      4.559      0.091
    67.000      4.560      0.091
    67.500      4.561      0.091
    68.000      4.562      0.090
    68.500      4.564      0.090
    69.000      4.566      0.090
    69.500      4.567      0.090
    70.000      4.568      0.090
    70.500      4.568      0.089
    71.000      4.570      0.089
    71.500      4.571      0.088
    72.000      4.573      0.088
    72.500      4.574      0.087
    73.000      4.575      0.087
    73.500      4.575      0.086
    74.000      4.576      0.086
    74.500      4.578      0.085
    75.000      4.579      0.083
    75.500      4.581      0.083
    76.000      4.581      0.082
    76.500      4.582      0.082
    77.000      4.582      0.081
    77.500      4.583      0.080
    78.000      4.585      0.079
    78.500      4.586      0.077
    79.000      4.587      0.077
    79.500      4.587      0.076
    80.000      4.588      0.076
    80.500      4.588      0.075
    81.000      4.590      0.074
    81.500      4.591      0.073
    82.000      4.592      0.072
    82.500      4.593      0.072
    83.000      4.593      0.071
    83.500      4.593      0.071
    84.000      4.594      0.071
    84.500      4.596      0.069
    85.000      4.597      0.069
    85.500      4.597      0.069
    86.000      4.598      0.068
    86.500      4.598      0.068
    87.000      4.598      0.068
    87.500      4.600      0.068
    88.000      4.601      0.067
    88.500      4.602      0.067
    89.000      4.602      0.067
    89.500      4.602      0.067
    90.000      4.603      0.067
    90.500      4.604      0.068
    91.000      4.605      0.068
    91.500      4.606      0.068
    92.000      4.606      0.068
    92.500      4.606      0.068
    93.000      4.606      0.069
    93.500      4.607      0.069
    94.000      4.609      0.070
    94.500      4.609      0.070
    95.000      4.610      0.070
    95.500      4.610      0.071
    96.000      4.610      0.071
    96.500      4.610      0.071
    97.000      4.612      0.073
    97.500      4.613      0.073
    98.000      4.613      0.073
    98.500      4.613      0.074
    99.000      4.613      0.074
    99.500      4.613      0.074
   100.000      4.614      0.075
   100.500      4.615      0.076
   101.000      4.616      0.076
   101.500      4.616      0.077
   102.000      4.616      0.077
   102.500      4.616      0.078
   103.000      4.616      0.078
   103.500      4.617      0.080
   104.000      4.618      0.080
   104.500      4.618      0.080
   105.000      4.618      0.081
   105.500      4.618      0.081
   106.000      4.618      0.082
   106.500      4.619      0.083
   107.000      4.619      0.083
   107.500      4.620      0.084
   108.000      4.619      0.084
   108.500      4.619      0.085
   109.000      4.620      0.085
   109.500      4.620      0.086
   110.000      4.621      0.087
   110.500      4.621      0.088
   111.000      4.621      0.088
   111.500      4.620      0.089
   112.000      4.620      0.089
   112.500      4.621      0.090
   113.000      4.621      0.091
   113.500      4.621      0.092
   114.000      4.621      0.093
   114.500      4.621      0.093
   115.000      4.621      0.094
   115.500      4.621      0.095
   116.000      4.621      0.095
   116.500      4.622      0.096
   117.000      4.621      0.097
   117.500      4.621      0.098
   118.000      4.621      0.099
   118.500      4.621      0.100
   119.000      4.621      0.101
   119.500      4.621      0.101
   120.000      4.621      0.103
   120.500      4.621      0.104
   121.000      4.620      0.105
   121.500      4.620      0.105
   122.000      4.621      0.107
   122.500      4.621      0.107
   123.000      4.620      0.108
   123.500      4.620      0.110
   124.000      4.620      0.111
   124.500      4.619      0.112
   125.000      4.619      0.113
   125.500      4.619      0.114
   126.000      4.619      0.115
   126.500      4.619      0.116
   127.000      4.619      0.118
   127.500      4.618      0.118
   128.000      4.618      0.119
   128.500      4.618      0.121
   129.000      4.618      0.122
   129.500      4.618      0.123
   130.000      4.617      0.125
   130.500      4.617      0.125
   131.000      4.616      0.126
   131.500      4.616      0.128
   132.000      4.616      0.129
   132.500      4.616      0.130
   133.000      4.615      0.131
   133.500      4.615      0.132
   134.000      4.614      0.134
   134.500      4.613      0.135
   135.000      4.613      0.136
   135.500      4.613      0.137
   136.000      4.613      0.138
   136.500      4.613      0.140
   137.000      4.612      0.141
   137.500      4.611      0.142
   138.000      4.610      0.143
   138.500      4.610      0.144
   139.000      4.610      0.145
   139.500      4.610      0.146
   140.000      4.609      0.147
   140.500      4.608      0.149
   141.000      4.607      0.150
   141.500      4.607      0.151
   142.000      4.607      0.152
   142.500      4.607      0.153
   143.000      4.607      0.154
   143.500      4.605      0.155
   144.000      4.604      0.156
   144.500      4.603      0.157
   145.000      4.603      0.157
   145.500      4.603      0.158
   146.000      4.603      0.160
   146.500      4.602      0.161
   147.000      4.600      0.162
   147.500      4.600      0.162
   148.000      4.599      0.163
   148.500      4.599      0.163
   149.000      4.599      0.164
   149.500      4.598      0.165
   150.000      4.597      0.166
   150.500      4.596      0.167
   151.000      4.595      0.167
   151.500      4.595      0.167
   152.000      4.595      0.168
   152.500      4.594      0.168
   153.000      4.593      0.170
   153.500      4.591      0.170
   154.000      4.591      0.170
   154.500      4.590      0.169
   155.000      4.590      0.170
   155.500      4.589      0.170
   156.000      4.588      0.172
   156.500      4.587      0.172
   157.000      4.586      0.171
   157.500      4.586      0.171
   158.000      4.585      0.171
   158.500      4.584      0.171
   159.000      4.584      0.171
   159.500      4.582      0.173
   160.000      4.582      0.172
   160.500      4.581      0.171
   161.000      4.580      0.170
   161.500      4.578      0.170
   162.000      4.578      0.170
   162.500      4.576      0.171
   163.000      4.576      0.171
   163.500      4.577      0.169
   164.000      4.575      0.169
   164.500      4.573      0.168
   165.000      4.572      0.167
   165.500      4.571      0.168
   166.000      4.570      0.168
   166.500      4.572      0.167
   167.000      4.570      0.166
   167.500      4.567      0.164
   168.000      4.565      0.162
   168.500      4.565      0.162
   169.000      4.564      0.163
   169.500      4.566      0.162
   170.000      4.565      0.161
   170.500      4.562      0.160
   171.000      4.559      0.158
   171.500      4.558      0.155
   172.000      4.557      0.157
   172.500      4.559      0.156
   173.000      4.560      0.156
   173.500      4.558      0.155
   174.000      4.553      0.153
   174.500      4.551      0.149
   175.000      4.550      0.149
   175.500      4.552      0.149
   176.000      4.553      0.149
   176.500      4.553      0.149
   177.000      4.549      0.148
   177.500      4.543      0.144
   178.000      4.543      0.142
   178.500      4.544      0.143
   179.000      4.546      0.143
   179.500      4.546      0.143
   180.000      4.545      0.143
   180.500      4.538      0.142
   181.000      4.535      0.137
   181.500      4.536      0.139
   182.000      4.539      0.140
   182.500      4.539      0.140
   183.000      4.539      0.140
   183.500      4.535      0.141
   184.000      4.526      0.138
   184.500      4.527      0.139
   185.000      4.531      0.142
   185.500      4.531      0.141
   186.000      4.531      0.141
   186.500      4.531      0.142
   187.000      4.520      0.146
   187.500      4.517      0.146
   188.000      4.523      0.151
   188.500      4.523      0.151
   189.000      4.523      0.151
   189.500      4.523      0.151
   190.000      4.521      0.154
   190.500      4.509      0.161
   191.000      4.514      0.171
   191.500      4.515      0.171
   192.000      4.515      0.171
   192.500      4.515      0.171
   193.000      4.515      0.171
   193.500      4.502      0.185
   194.000      4.506      0.201
   194.500      4.506      0.201
   195.000      4.506      0.201
   195.500      4.506      0.201
   196.000      4.506      0.201
   196.500      4.506      0.201
   197.000      4.497      0.239
   197.500      4.497      0.240
   198.000      4.497      0.240
   198.500      4.497      0.240
   199.000      4.497      0.240
