     0.000      1.482      0.440
     0.500      3.295      0.102
     1.000      3.298      0.098
     1.500      3.335      0.077
     2.000      3.341      0.071
     2.500      3.362      0.059
     3.000      3.377      0.051
     3.500      3.390      0.043
     4.000      3.403      0.035
     4.500      3.416      0.031
     5.000      3.426      0.025
     5.500      3.436      0.022
     6.000      3.446      0.019
     6.500      3.453      0.017
     7.000      3.461      0.017
     7.500      3.468      0.017
     8.000      3.473      0.019
     8.500      3.479      0.019
     9.000      3.483      0.021
     9.500      3.488      0.021
    10.000      3.491      0.023
    10.500      3.494      0.023
    11.000      3.496      0.024
    11.500      3.499      0.025
    12.000      3.501      0.025
    12.500      3.503      0.026
    13.000      3.504      0.026
    13.500      3.506      0.027
    14.000      3.507      0.027
    14.500      3.508      0.027
    15.000      3.509      0.027
    15.500      3.511      0.027
    16.000      3.512      0.027
    16.500      3.513      0.027
    17.000      3.514      0.026
    17.500      3.516      0.026
    18.000      3.517      0.026
    18.500      3.519      0.025
    19.000      3.520      0.024
    19.500      3.522      0.023
    20.000      3.525      0.022
    20.500      3.526      0.022
    21.000      3.529      0.020
    21.500      3.532      0.020
    22.000      3.533      0.020
    22.500      3.538      0.018
    23.000      3.540      0.018
    23.500      3.543      0.018
    24.000      3.548      0.017
    24.500      3.550      0.017
    25.000      3.555      0.018
    25.500      3.560      0.019
    26.000      3.563      0.019
    26.500      3.570      0.022
    27.000      3.574      0.022
    27.500      3.579      0.024
    28.000      3.586      0.028
    28.500      3.591      0.028
    29.000      3.598      0.031
    29.500      3.605      0.034
    30.000      3.610      0.034
    30.500      3.619      0.038
    31.000      3.626      0.040
    31.500      3.634      0.041
    32.000      3.643      0.045
    32.500      3.651      0.047
    33.000      3.660      0.049
    33.500      3.671      0.053
    34.000      3.680      0.054
    34.500      3.690      0.057
    35.000      3.702      0.060
    35.500      3.712      0.062
    36.000      3.724      0.065
    36.500      3.738      0.067
    37.000      3.753      0.067
    37.500      3.768      0.069
    38.000      3.783      0.071
    38.500      3.798      0.073
    39.000      3.815      0.076
    39.500      3.834      0.077
    40.000      3.856      0.075
    40.500      3.881      0.075
    41.000      3.904      0.073
    41.500      3.924      0.076
    42.000      3.948      0.079
    42.500      3.967      0.080
    43.000      3.996      0.080
    43.500      4.024      0.076
    44.000      4.051      0.075
    44.500      4.080      0.076
    45.000      4.102      0.074
    45.500      4.122      0.073
    46.000      4.496      0.179
    46.500      4.510      0.173
    47.000      4.515      0.165
    47.500      4.522      0.162
    48.000      4.520      0.158
    48.500      4.518      0.154
    49.000      4.515      0.151
    49.500      4.511      0.143
    50.000      4.517      0.136
    50.500      4.521      0.134
    51.000      4.524      0.133
    51.500      4.525      0.132
    52.000      4.531      0.136
    52.500      4.543      0.142
    53.000      4.556      0.144
    53.500      4.560      0.142
    54.000      4.563      0.142
    54.500      4.564      0.142
    55.000      4.571      0.145
    55.500      4.576      0.144
    56.000      4.581      0.140
    56.500      4.581      0.136
    57.000      4.582      0.135
    57.500      4.582      0.134
    58.000      4.580      0.132
    58.500      4.579      0.130
    59.000      4.577      0.128
    59.500      4.578      0.126
    60.000      4.579      0.124
    60.500      4.580      0.124
    61.000      4.579      0.123
    61.500      4.578      0.122
    62.000      4.577      0.122
    62.500      4.577      0.121
    63.000      4.580      0.120
    63.500      4.581      0.119
    64.000      4.581      0.119
    64.500      4.580      0.119
    65.000      4.580      0.119
    65.500      4.580      0.119
    66.000      4.583      0.118
    66.500      4.585      0.117
    67.000      4.585      0.116
    67.500      4.585      0.116
    68.000      4.586      0.116
    68.500      4.586      0.115
    69.000      4.588      0.114
    69.500      4.591      0.113
    70.000      4.592      0.112
    70.500      4.593      0.111
    71.000      4.594      0.111
    71.500      4.595      0.109
    72.000      4.596      0.108
    72.500      4.599      0.106
    73.000      4.601      0.105
    73.500      4.602      0.104
    74.000      4.604      0.103
    74.500      4.605      0.101
    75.000      4.606      0.100
    75.500      4.608      0.098
    76.000      4.611      0.096
    76.500      4.613      0.094
    77.000      4.615      0.093
    77.500      4.616      0.091
    78.000      4.618      0.089
    78.500      4.619      0.087
    79.000      4.623      0.085
    79.500      4.625      0.083
    80.000      4.627      0.081
    80.500      4.629      0.079
    81.000      4.630      0.078
    81.500      4.632      0.076
    82.000      4.635      0.074
    82.500      4.638      0.072
    83.000      4.640      0.070
    83.500      4.642      0.068
    84.000      4.643      0.067
    84.500      4.645      0.065
    85.000      4.648      0.064
    85.500      4.651      0.063
    86.000      4.654      0.061
    86.500      4.656      0.060
    87.000      4.657      0.059
    87.500      4.658      0.058
    88.000      4.661      0.057
    88.500      4.664      0.057
    89.000      4.667      0.057
    89.500      4.669      0.056
    90.000      4.670      0.056
    90.500      4.671      0.056
    91.000      4.673      0.056
    91.500      4.676      0.057
    92.000      4.679      0.059
    92.500      4.682      0.058
    93.000      4.682      0.060
    93.500      4.684      0.060
    94.000      4.686      0.061
    94.500      4.688      0.062
    95.000      4.691      0.065
    95.500      4.693      0.065
    96.000      4.694      0.067
    96.500      4.695      0.068
    97.000      4.697      0.069
    97.500      4.698      0.070
    98.000      4.701      0.073
    98.500      4.703      0.074
    99.000      4.704      0.075
    99.500      4.706      0.077
   100.000      4.707      0.078
   100.500      4.708      0.079
   101.000      4.710      0.081
   101.500      4.712      0.083
   102.000      4.713      0.084
   102.500      4.714      0.085
   103.000      4.715      0.086
   103.500      4.716      0.087
   104.000      4.718      0.088
   104.500      4.719      0.090
   105.000      4.721      0.091
   105.500      4.722      0.092
   106.000      4.722      0.093
   106.500      4.723      0.093
   107.000      4.724      0.094
   107.500      4.725      0.095
   108.000      4.727      0.096
   108.500      4.728      0.097
   109.000      4.728      0.098
   109.500      4.728      0.098
   110.000      4.729      0.099
   110.500      4.730      0.099
   111.000      4.731      0.100
   111.500      4.732      0.101
   112.000      4.732      0.101
   112.500      4.732      0.101
   113.000      4.733      0.101
   113.500      4.734      0.102
   114.000      4.735      0.102
   114.500      4.735      0.103
   115.000      4.735      0.103
   115.500      4.735      0.103
   116.000      4.736      0.103
   116.500      4.736      0.103
   117.000      4.737      0.103
   117.500      4.737      0.103
   118.000      4.737      0.104
   118.500      4.737      0.104
   119.000      4.737      0.103
   119.500      4.738      0.103
   120.000      4.738      0.104
   120.500      4.737      0.103
   121.000      4.737      0.103
   121.500      4.738      0.103
   122.000      4.738      0.103
   122.500      4.738      0.103
   123.000      4.738      0.103
   123.500      4.737      0.103
   124.000      4.737      0.103
   124.500      4.737      0.102
   125.000      4.737      0.102
   125.500      4.737      0.102
   126.000      4.736      0.103
   126.500      4.736      0.102
   127.000      4.735      0.102
   127.500      4.735      0.101
   128.000      4.736      0.101
   128.500      4.735      0.102
   129.000      4.734      0.102
   129.500      4.733      0.102
   130.000      4.732      0.102
   130.500      4.732      0.101
   131.000      4.733      0.100
   131.500      4.732      0.101
   132.000      4.731      0.102
   132.500      4.730      0.102
   133.000      4.729      0.102
   133.500      4.728      0.101
   134.000      4.729      0.100
   134.500      4.728      0.100
   135.000      4.727      0.102
   135.500      4.725      0.102
   136.000      4.724      0.102
   136.500      4.723      0.102
   137.000      4.723      0.101
   137.500      4.723      0.101
   138.000      4.721      0.102
   138.500      4.720      0.103
   139.000      4.719      0.104
   139.500      4.718      0.104
   140.000      4.718      0.103
   140.500      4.717      0.103
   141.000      4.716      0.103
   141.500      4.714      0.105
   142.000      4.713      0.106
   142.500      4.712      0.106
   143.000      4.711      0.106
   143.500      4.710      0.106
   144.000      4.708      0.106
   144.500      4.707      0.107
   145.000      4.706      0.108
   145.500      4.706      0.108
   146.000      4.704      0.109
   146.500      4.702      0.108
   147.000      4.700      0.109
   147.500      4.699      0.109
   148.000      4.698      0.111
   148.500      4.698      0.112
   149.000      4.696      0.112
   149.500      4.694      0.111
   150.000      4.691      0.112
   150.500      4.690      0.112
   151.000      4.690      0.113
   151.500      4.689      0.115
   152.000      4.688      0.115
   152.500      4.685      0.115
   153.000      4.682      0.115
   153.500      4.681      0.115
   154.000      4.680      0.115
   154.500      4.679      0.117
   155.000      4.679      0.117
   155.500      4.675      0.117
   156.000      4.672      0.118
   156.500      4.671      0.118
   157.000      4.670      0.117
   157.500      4.669      0.119
   158.000      4.669      0.119
   158.500      4.666      0.119
   159.000      4.662      0.119
   159.500      4.660      0.119
   160.000      4.659      0.119
   160.500      4.658      0.120
   161.000      4.658      0.120
   161.500      4.656      0.120
   162.000      4.651      0.120
   162.500      4.649      0.119
   163.000      4.648      0.119
   163.500      4.647      0.119
   164.000      4.646      0.120
   164.500      4.645      0.120
   165.000      4.641      0.120
   165.500      4.638      0.119
   166.000      4.636      0.118
   166.500      4.635      0.118
   167.000      4.634      0.118
   167.500      4.633      0.118
   168.000      4.630      0.118
   168.500      4.626      0.117
   169.000      4.624      0.116
   169.500      4.622      0.115
   170.000      4.621      0.115
   170.500      4.620      0.115
   171.000      4.620      0.115
   171.500      4.614      0.113
   172.000      4.612      0.112
   172.500      4.609      0.111
   173.000      4.608      0.110
   173.500      4.607      0.110
   174.000      4.606      0.109
   174.500      4.603      0.108
   175.000      4.599      0.107
   175.500      4.596      0.105
   176.000      4.595      0.104
   176.500      4.594      0.105
   177.000      4.592      0.104
   177.500      4.592      0.102
   178.000      4.587      0.103
   178.500      4.583      0.100
   179.000      4.581      0.097
   179.500      4.580      0.098
   180.000      4.578      0.097
   180.500      4.579      0.096
   181.000      4.575      0.097
   181.500      4.570      0.097
   182.000      4.567      0.092
   182.500      4.566      0.093
   183.000      4.564      0.092
   183.500      4.564      0.092
   184.000      4.564      0.092
   184.500      4.557      0.096
   185.000      4.553      0.091
   185.500      4.552      0.092
   186.000      4.550      0.091
   186.500      4.550      0.091
   187.000      4.552      0.092
   187.500      4.545      0.101
   188.000      4.539      0.098
   188.500      4.536      0.098
   189.000      4.536      0.098
   189.500      4.536      0.098
   190.000      4.536      0.098
   190.500      4.534      0.111
   191.000      4.525      0.114
   191.500      4.521      0.115
   192.000      4.521      0.115
   192.500      4.521      0.115
   193.000      4.521      0.115
   193.500      4.524      0.119
   194.000      4.510      0.139
   194.500      4.507      0.141
   195.000      4.507      0.141
   195.500      4.507      0.141
   196.000      4.507      0.141
   196.500      4.507      0.141
   197.000      4.496      0.174
   197.500      4.493      0.177
   198.000      4.493      0.177
   198.500      4.493      0.177
   199.000      4.493      0.177
