     0.000      1.258      0.485
     0.500      2.096      0.349
     1.000      3.021      0.198
     1.500      3.063      0.161
     2.000      3.099      0.148
     2.500      3.137      0.127
     3.000      3.163      0.111
     3.500      3.181      0.099
     4.000      3.202      0.079
     4.500      3.218      0.075
     5.000      3.237      0.059
     5.500      3.249      0.056
     6.000      3.265      0.048
     6.500      3.276      0.046
     7.000      3.286      0.046
     7.500      3.298      0.045
     8.000      3.306      0.045
     8.500      3.313      0.047
     9.000      3.321      0.047
     9.500      3.327      0.049
    10.000      3.332      0.049
    10.500      3.338      0.050
    11.000      3.341      0.051
    11.500      3.345      0.051
    12.000      3.349      0.051
    12.500      3.352      0.051
    13.000      3.355      0.051
    13.500      3.358      0.051
    14.000      3.360      0.051
    14.500      3.363      0.050
    15.000      3.366      0.050
    15.500      3.368      0.050
    16.000      3.371      0.049
    16.500      3.373      0.049
    17.000      3.376      0.048
    17.500      3.379      0.047
    18.000      3.382      0.046
    18.500      3.386      0.046
    19.000      3.389      0.045
    19.500      3.393      0.043
    20.000      3.397      0.042
    20.500      3.401      0.041
    21.000      3.406      0.040
    21.500      3.411      0.039
    22.000      3.416      0.038
    22.500      3.421      0.036
    23.000      3.427      0.035
    23.500      3.433      0.034
    24.000      3.439      0.033
    24.500      3.446      0.032
    25.000      3.454      0.031
    25.500      3.461      0.031
    26.000      3.469      0.031
    26.500      3.477      0.031
    27.000      3.485      0.031
    27.500      3.494      0.032
    28.000      3.503      0.032
    28.500      3.513      0.034
    29.000      3.523      0.035
    29.500      3.533      0.036
    30.000      3.544      0.038
    30.500      3.555      0.040
    31.000      3.567      0.042
    31.500      3.579      0.044
    32.000      3.592      0.046
    32.500      3.605      0.047
    33.000      3.618      0.050
    33.500      3.633      0.052
    34.000      3.647      0.055
    34.500      3.661      0.058
    35.000      3.677      0.060
    35.500      3.693      0.063
    36.000      3.711      0.064
    36.500      3.729      0.065
    37.000      3.748      0.064
    37.500      3.769      0.065
    38.000      3.789      0.063
    38.500      3.809      0.064
    39.000      3.830      0.067
    39.500      3.850      0.069
    40.000      3.872      0.073
    40.500      3.894      0.075
    41.000      3.918      0.079
    41.500      3.942      0.080
    42.000      3.965      0.085
    42.500      3.993      0.089
    43.000      4.020      0.092
    43.500      4.051      0.095
    44.000      4.075      0.099
    44.500      4.099      0.103
    45.000      4.123      0.110
    45.500      4.144      0.115
    46.000      4.165      0.119
    46.500      4.181      0.115
    47.000      4.198      0.115
    47.500      4.218      0.120
    48.000      4.240      0.126
    48.500      4.447      0.186
    49.000      4.456      0.188
    49.500      4.459      0.185
    50.000      4.465      0.181
    50.500      4.471      0.180
    51.000      4.476      0.180
    51.500      4.477      0.176
    52.000      4.479      0.175
    52.500      4.481      0.174
    53.000      4.479      0.172
    53.500      4.480      0.170
    54.000      4.481      0.170
    54.500      4.480      0.169
    55.000      4.482      0.169
    55.500      4.485      0.170
    56.000      4.487      0.170
    56.500      4.494      0.172
    57.000      4.498      0.173
    57.500      4.498      0.174
    58.000      4.498      0.172
    58.500      4.495      0.171
    59.000      4.494      0.170
    59.500      4.492      0.168
    60.000      4.490      0.166
    60.500      4.486      0.163
    61.000      4.479      0.158
    61.500      4.472      0.154
    62.000      4.467      0.151
    62.500      4.462      0.148
    63.000      4.460      0.145
    63.500      4.456      0.142
    64.000      4.450      0.139
    64.500      4.446      0.137
    65.000      4.441      0.135
    65.500      4.438      0.134
    66.000      4.435      0.132
    66.500      4.432      0.131
    67.000      4.428      0.128
    67.500      4.426      0.127
    68.000      4.422      0.126
    68.500      4.419      0.126
    69.000      4.418      0.125
    69.500      4.415      0.124
    70.000      4.413      0.122
    70.500      4.411      0.121
    71.000      4.409      0.120
    71.500      4.407      0.120
    72.000      4.405      0.120
    72.500      4.404      0.119
    73.000      4.403      0.118
    73.500      4.402      0.116
    74.000      4.401      0.116
    74.500      4.400      0.115
    75.000      4.398      0.115
    75.500      4.397      0.113
    76.000      4.397      0.113
    76.500      4.398      0.112
    77.000      4.398      0.111
    77.500      4.397      0.110
    78.000      4.396      0.109
    78.500      4.395      0.108
    79.000      4.396      0.107
    79.500      4.397      0.106
    80.000      4.398      0.106
    80.500      4.399      0.105
    81.000      4.398      0.104
    81.500      4.397      0.103
    82.000      4.398      0.102
    82.500      4.400      0.101
    83.000      4.401      0.101
    83.500      4.403      0.100
    84.000      4.403      0.100
    84.500      4.402      0.099
    85.000      4.403      0.097
    85.500      4.405      0.097
    86.000      4.407      0.097
    86.500      4.409      0.097
    87.000      4.410      0.097
    87.500      4.410      0.096
    88.000      4.411      0.095
    88.500      4.413      0.095
    89.000      4.415      0.096
    89.500      4.417      0.096
    90.000      4.419      0.097
    90.500      4.419      0.097
    91.000      4.420      0.096
    91.500      4.422      0.096
    92.000      4.424      0.097
    92.500      4.426      0.098
    93.000      4.428      0.099
    93.500      4.429      0.100
    94.000      4.430      0.100
    94.500      4.432      0.100
    95.000      4.434      0.101
    95.500      4.436      0.102
    96.000      4.438      0.104
    96.500      4.440      0.105
    97.000      4.441      0.105
    97.500      4.442      0.106
    98.000      4.444      0.107
    98.500      4.446      0.108
    99.000      4.448      0.110
    99.500      4.450      0.111
   100.000      4.451      0.112
   100.500      4.452      0.113
   101.000      4.454      0.113
   101.500      4.456      0.115
   102.000      4.457      0.116
   102.500      4.459      0.118
   103.000      4.460      0.119
   103.500      4.461      0.120
   104.000      4.463      0.120
   104.500      4.464      0.121
   105.000      4.466      0.123
   105.500      4.467      0.124
   106.000      4.469      0.125
   106.500      4.470      0.126
   107.000      4.471      0.126
   107.500      4.472      0.127
   108.000      4.473      0.128
   108.500      4.475      0.130
   109.000      4.476      0.130
   109.500      4.477      0.131
   110.000      4.478      0.131
   110.500      4.479      0.132
   111.000      4.480      0.133
   111.500      4.481      0.134
   112.000      4.482      0.135
   112.500      4.484      0.135
   113.000      4.485      0.136
   113.500      4.485      0.136
   114.000      4.486      0.137
   114.500      4.487      0.138
   115.000      4.488      0.138
   115.500      4.489      0.138
   116.000      4.490      0.139
   116.500      4.490      0.139
   117.000      4.491      0.140
   117.500      4.491      0.140
   118.000      4.492      0.141
   118.500      4.493      0.141
   119.000      4.494      0.141
   119.500      4.495      0.141
   120.000      4.495      0.142
   120.500      4.495      0.142
   121.000      4.495      0.143
   121.500      4.497      0.143
   122.000      4.498      0.143
   122.500      4.498      0.143
   123.000      4.498      0.143
   123.500      4.498      0.144
   124.000      4.498      0.144
   124.500      4.499      0.145
   125.000      4.500      0.145
   125.500      4.501      0.145
   126.000      4.500      0.145
   126.500      4.500      0.145
   127.000      4.500      0.145
   127.500      4.501      0.146
   128.000      4.502      0.146
   128.500      4.502      0.146
   129.000      4.502      0.146
   129.500      4.501      0.146
   130.000      4.501      0.147
   130.500      4.501      0.148
   131.000      4.502      0.148
   131.500      4.503      0.148
   132.000      4.503      0.148
   132.500      4.502      0.148
   133.000      4.501      0.148
   133.500      4.501      0.149
   134.000      4.502      0.150
   134.500      4.503      0.150
   135.000      4.502      0.150
   135.500      4.501      0.149
   136.000      4.501      0.150
   136.500      4.501      0.151
   137.000      4.501      0.152
   137.500      4.502      0.153
   138.000      4.501      0.152
   138.500      4.500      0.152
   139.000      4.500      0.152
   139.500      4.500      0.154
   140.000      4.499      0.155
   140.500      4.500      0.155
   141.000      4.499      0.156
   141.500      4.498      0.155
   142.000      4.498      0.155
   142.500      4.498      0.156
   143.000      4.497      0.158
   143.500      4.497      0.159
   144.000      4.497      0.159
   144.500      4.496      0.159
   145.000      4.495      0.158
   145.500      4.495      0.159
   146.000      4.494      0.161
   146.500      4.494      0.162
   147.000      4.494      0.163
   147.500      4.493      0.163
   148.000      4.492      0.162
   148.500      4.491      0.163
   149.000      4.491      0.164
   149.500      4.490      0.166
   150.000      4.490      0.167
   150.500      4.489      0.166
   151.000      4.488      0.166
   151.500      4.487      0.167
   152.000      4.486      0.168
   152.500      4.486      0.170
   153.000      4.485      0.170
   153.500      4.484      0.170
   154.000      4.483      0.171
   154.500      4.482      0.171
   155.000      4.481      0.171
   155.500      4.481      0.173
   156.000      4.480      0.174
   156.500      4.479      0.174
   157.000      4.477      0.175
   157.500      4.476      0.175
   158.000      4.475      0.175
   158.500      4.475      0.176
   159.000      4.474      0.177
   159.500      4.474      0.177
   160.000      4.471      0.178
   160.500      4.470      0.179
   161.000      4.469      0.179
   161.500      4.469      0.180
   162.000      4.468      0.181
   162.500      4.467      0.181
   163.000      4.465      0.182
   163.500      4.463      0.182
   164.000      4.462      0.182
   164.500      4.462      0.183
   165.000      4.461      0.184
   165.500      4.460      0.184
   166.000      4.458      0.184
   166.500      4.456      0.185
   167.000      4.455      0.185
   167.500      4.454      0.186
   168.000      4.454      0.187
   168.500      4.452      0.187
   169.000      4.451      0.187
   169.500      4.449      0.188
   170.000      4.447      0.188
   170.500      4.446      0.190
   171.000      4.446      0.190
   171.500      4.444      0.190
   172.000      4.444      0.190
   172.500      4.441      0.191
   173.000      4.439      0.191
   173.500      4.438      0.193
   174.000      4.437      0.193
   174.500      4.436      0.193
   175.000      4.435      0.193
   175.500      4.433      0.195
   176.000      4.430      0.195
   176.500      4.429      0.197
   177.000      4.427      0.197
   177.500      4.427      0.198
   178.000      4.427      0.198
   178.500      4.424      0.200
   179.000      4.421      0.200
   179.500      4.419      0.202
   180.000      4.417      0.203
   180.500      4.418      0.204
   181.000      4.418      0.204
   181.500      4.416      0.206
   182.000      4.411      0.208
   182.500      4.409      0.210
   183.000      4.407      0.212
   183.500      4.407      0.212
   184.000      4.408      0.213
   184.500      4.407      0.214
   185.000      4.401      0.218
   185.500      4.398      0.222
   186.000      4.397      0.224
   186.500      4.397      0.224
   187.000      4.398      0.226
   187.500      4.398      0.227
   188.000      4.391      0.233
   188.500      4.387      0.239
   189.000      4.387      0.241
   189.500      4.387      0.241
   190.000      4.387      0.241
   190.500      4.389      0.244
   191.000      4.380      0.253
   191.500      4.375      0.262
   192.000      4.376      0.264
   192.500      4.376      0.264
   193.000      4.376      0.264
   193.500      4.377      0.265
   194.000      4.370      0.279
   194.500      4.365      0.292
   195.000      4.365      0.292
   195.500      4.365      0.292
   196.000      4.365      0.292
   196.500      4.365      0.292
   197.000      4.359      0.311
   197.500      4.354      0.327
   198.000      4.354      0.327
   198.500      4.354      0.327
   199.000      4.354      0.327
