     0.000      1.351      0.505
     0.500      3.001      0.166
     1.000      3.053      0.142
     1.500      3.102      0.125
     2.000      3.170      0.098
     2.500      3.208      0.091
     3.000      3.261      0.071
     3.500      3.297      0.068
     4.000      3.339      0.057
     4.500      3.368      0.052
     5.000      3.404      0.046
     5.500      3.430      0.044
     6.000      3.455      0.041
     6.500      3.479      0.041
     7.000      3.497      0.038
     7.500      3.515      0.039
     8.000      3.530      0.038
     8.500      3.543      0.039
     9.000      3.556      0.040
     9.500      3.567      0.041
    10.000      3.576      0.043
    10.500      3.585      0.044
    11.000      3.592      0.046
    11.500      3.600      0.046
    12.000      3.607      0.047
    12.500      3.613      0.048
    13.000      3.619      0.048
    13.500      3.625      0.047
    14.000      3.631      0.047
    14.500      3.637      0.046
    15.000      3.642      0.045
    15.500      3.648      0.044
    16.000      3.653      0.042
    16.500      3.659      0.042
    17.000      3.664      0.040
    17.500      3.670      0.040
    18.000      3.676      0.039
    18.500      3.682      0.038
    19.000      3.688      0.038
    19.500      3.695      0.038
    20.000      3.702      0.039
    20.500      3.709      0.040
    21.000      3.717      0.041
    21.500      3.725      0.042
    22.000      3.734      0.043
    22.500      3.743      0.045
    23.000      3.753      0.046
    23.500      3.763      0.047
    24.000      3.775      0.049
    24.500      3.786      0.049
    25.000      3.799      0.051
    25.500      3.811      0.051
    26.000      3.826      0.053
    26.500      3.840      0.054
    27.000      3.854      0.054
    27.500      3.870      0.056
    28.000      3.887      0.057
    28.500      3.905      0.059
    29.000      3.924      0.060
    29.500      3.947      0.061
    30.000      3.974      0.058
    30.500      4.001      0.058
    31.000      4.025      0.061
    31.500      4.047      0.068
    32.000      4.070      0.076
    32.500      4.096      0.084
    33.000      4.322      0.151
    33.500      4.334      0.146
    34.000      4.359      0.148
    34.500      4.382      0.150
    35.000      4.398      0.144
    35.500      4.420      0.135
    36.000      4.433      0.131
    36.500      4.438      0.131
    37.000      4.444      0.127
    37.500      4.451      0.121
    38.000      4.460      0.118
    38.500      4.469      0.113
    39.000      4.477      0.106
    39.500      4.479      0.101
    40.000      4.481      0.097
    40.500      4.481      0.092
    41.000      4.482      0.086
    41.500      4.485      0.080
    42.000      4.491      0.076
    42.500      4.496      0.072
    43.000      4.498      0.068
    43.500      4.499      0.067
    44.000      4.499      0.065
    44.500      4.500      0.062
    45.000      4.503      0.060
    45.500      4.508      0.059
    46.000      4.511      0.058
    46.500      4.513      0.058
    47.000      4.513      0.058
    47.500      4.513      0.059
    48.000      4.515      0.059
    48.500      4.518      0.060
    49.000      4.522      0.061
    49.500      4.523      0.061
    50.000      4.525      0.061
    50.500      4.525      0.062
    51.000      4.525      0.063
    51.500      4.527      0.064
    52.000      4.529      0.066
    52.500      4.532      0.067
    53.000      4.533      0.067
    53.500      4.534      0.068
    54.000      4.534      0.068
    54.500      4.534      0.069
    55.000      4.536      0.069
    55.500      4.537      0.070
    56.000      4.539      0.071
    56.500      4.540      0.071
    57.000      4.540      0.071
    57.500      4.540      0.070
    58.000      4.541      0.070
    58.500      4.542      0.070
    59.000      4.543      0.070
    59.500      4.543      0.071
    60.000      4.544      0.070
    60.500      4.544      0.070
    61.000      4.545      0.069
    61.500      4.545      0.068
    62.000      4.545      0.067
    62.500      4.546      0.067
    63.000      4.546      0.066
    63.500      4.546      0.066
    64.000      4.547      0.065
    64.500      4.547      0.063
    65.000      4.547      0.062
    65.500      4.547      0.061
    66.000      4.546      0.060
    66.500      4.546      0.060
    67.000      4.547      0.059
    67.500      4.548      0.057
    68.000      4.547      0.055
    68.500      4.547      0.054
    69.000      4.546      0.053
    69.500      4.545      0.052
    70.000      4.545      0.052
    70.500      4.546      0.051
    71.000      4.546      0.049
    71.500      4.546      0.048
    72.000      4.545      0.048
    72.500      4.543      0.047
    73.000      4.543      0.046
    73.500      4.543      0.046
    74.000      4.544      0.045
    74.500      4.544      0.045
    75.000      4.542      0.045
    75.500      4.541      0.045
    76.000      4.539      0.046
    76.500      4.539      0.046
    77.000      4.539      0.046
    77.500      4.540      0.046
    78.000      4.539      0.047
    78.500      4.538      0.049
    79.000      4.536      0.050
    79.500      4.534      0.051
    80.000      4.534      0.051
    80.500      4.534      0.051
    81.000      4.535      0.053
    81.500      4.534      0.055
    82.000      4.532      0.057
    82.500      4.530      0.059
    83.000      4.529      0.060
    83.500      4.529      0.061
    84.000      4.529      0.061
    84.500      4.529      0.063
    85.000      4.527      0.066
    85.500      4.526      0.068
    86.000      4.523      0.070
    86.500      4.523      0.071
    87.000      4.523      0.072
    87.500      4.523      0.072
    88.000      4.522      0.075
    88.500      4.520      0.077
    89.000      4.518      0.079
    89.500      4.517      0.081
    90.000      4.516      0.081
    90.500      4.516      0.081
    91.000      4.516      0.082
    91.500      4.514      0.085
    92.000      4.513      0.086
    92.500      4.511      0.088
    93.000      4.510      0.089
    93.500      4.509      0.089
    94.000      4.509      0.089
    94.500      4.508      0.090
    95.000      4.506      0.092
    95.500      4.505      0.093
    96.000      4.503      0.094
    96.500      4.502      0.095
    97.000      4.501      0.095
    97.500      4.501      0.095
    98.000      4.500      0.096
    98.500      4.498      0.097
    99.000      4.497      0.097
    99.500      4.495      0.098
   100.000      4.494      0.098
   100.500      4.493      0.098
   101.000      4.492      0.099
   101.500      4.491      0.099
   102.000      4.490      0.099
   102.500      4.488      0.100
   103.000      4.487      0.100
   103.500      4.486      0.100
   104.000      4.485      0.100
   104.500      4.484      0.100
   105.000      4.482      0.100
   105.500      4.481      0.100
   106.000      4.479      0.100
   106.500      4.479      0.101
   107.000      4.477      0.100
   107.500      4.476      0.100
   108.000      4.475      0.100
   108.500      4.473      0.100
   109.000      4.472      0.100
   109.500      4.471      0.100
   110.000      4.470      0.100
   110.500      4.468      0.100
   111.000      4.467      0.100
   111.500      4.465      0.100
   112.000      4.464      0.099
   112.500      4.463      0.099
   113.000      4.462      0.099
   113.500      4.461      0.099
   114.000      4.459      0.098
   114.500      4.457      0.098
   115.000      4.456      0.098
   115.500      4.455      0.097
   116.000      4.454      0.097
   116.500      4.453      0.097
   117.000      4.451      0.097
   117.500      4.450      0.097
   118.000      4.448      0.097
   118.500      4.447      0.097
   119.000      4.445      0.096
   119.500      4.445      0.096
   120.000      4.444      0.096
   120.500      4.442      0.096
   121.000      4.440      0.096
   121.500      4.438      0.096
   122.000      4.437      0.096
   122.500      4.436      0.095
   123.000      4.435      0.095
   123.500      4.434      0.096
   124.000      4.432      0.096
   124.500      4.430      0.096
   125.000      4.428      0.097
   125.500      4.427      0.096
   126.000      4.427      0.095
   126.500      4.426      0.096
   127.000      4.424      0.096
   127.500      4.422      0.097
   128.000      4.420      0.097
   128.500      4.419      0.098
   129.000      4.418      0.097
   129.500      4.417      0.097
   130.000      4.417      0.098
   130.500      4.414      0.098
   131.000      4.412      0.099
   131.500      4.410      0.100
   132.000      4.409      0.100
   132.500      4.408      0.099
   133.000      4.408      0.100
   133.500      4.407      0.101
   134.000      4.405      0.102
   134.500      4.402      0.103
   135.000      4.401      0.104
   135.500      4.399      0.103
   136.000      4.399      0.103
   136.500      4.399      0.104
   137.000      4.397      0.105
   137.500      4.395      0.106
   138.000      4.393      0.107
   138.500      4.391      0.108
   139.000      4.390      0.107
   139.500      4.390      0.108
   140.000      4.390      0.109
   140.500      4.387      0.110
   141.000      4.385      0.112
   141.500      4.384      0.113
   142.000      4.382      0.112
   142.500      4.381      0.113
   143.000      4.381      0.114
   143.500      4.380      0.115
   144.000      4.378      0.116
   144.500      4.376      0.117
   145.000      4.374      0.118
   145.500      4.373      0.117
   146.000      4.372      0.119
   146.500      4.372      0.120
   147.000      4.371      0.121
   147.500      4.369      0.122
   148.000      4.367      0.122
   148.500      4.365      0.122
   149.000      4.364      0.122
   149.500      4.364      0.124
   150.000      4.364      0.126
   150.500      4.362      0.127
   151.000      4.359      0.127
   151.500      4.358      0.127
   152.000      4.357      0.127
   152.500      4.355      0.127
   153.000      4.355      0.130
   153.500      4.355      0.131
   154.000      4.353      0.132
   154.500      4.351      0.131
   155.000      4.350      0.131
   155.500      4.349      0.131
   156.000      4.347      0.132
   156.500      4.348      0.135
   157.000      4.346      0.135
   157.500      4.344      0.135
   158.000      4.342      0.134
   158.500      4.342      0.134
   159.000      4.341      0.134
   159.500      4.339      0.137
   160.000      4.340      0.138
   160.500      4.338      0.139
   161.000      4.336      0.137
   161.500      4.335      0.136
   162.000      4.335      0.136
   162.500      4.333      0.137
   163.000      4.332      0.140
   163.500      4.332      0.141
   164.000      4.330      0.140
   164.500      4.328      0.138
   165.000      4.328      0.138
   165.500      4.328      0.138
   166.000      4.326      0.139
   166.500      4.325      0.142
   167.000      4.325      0.142
   167.500      4.322      0.140
   168.000      4.321      0.139
   168.500      4.321      0.139
   169.000      4.321      0.139
   169.500      4.319      0.141
   170.000      4.319      0.143
   170.500      4.318      0.143
   171.000      4.315      0.140
   171.500      4.315      0.140
   172.000      4.315      0.140
   172.500      4.315      0.140
   173.000      4.313      0.143
   173.500      4.314      0.143
   174.000      4.311      0.142
   174.500      4.309      0.142
   175.000      4.309      0.142
   175.500      4.310      0.142
   176.000      4.309      0.143
   176.500      4.307      0.144
   177.000      4.308      0.145
   177.500      4.304      0.145
   178.000      4.304      0.145
   178.500      4.304      0.145
   179.000      4.305      0.145
   179.500      4.304      0.147
   180.000      4.303      0.148
   180.500      4.301      0.151
   181.000      4.300      0.152
   181.500      4.300      0.152
   182.000      4.300      0.152
   182.500      4.300      0.152
   183.000      4.299      0.155
   183.500      4.300      0.156
   184.000      4.296      0.162
   184.500      4.296      0.162
   185.000      4.296      0.162
   185.500      4.296      0.162
   186.000      4.297      0.163
   186.500      4.294      0.165
   187.000      4.294      0.177
   187.500      4.293      0.179
   188.000      4.293      0.179
   188.500      4.293      0.179
   189.000      4.293      0.179
   189.500      4.294      0.180
   190.000      4.292      0.182
   190.500      4.290      0.202
   191.000      4.290      0.202
   191.500      4.290      0.202
   192.000      4.290      0.202
   192.500      4.290      0.202
   193.000      4.291      0.203
   193.500      4.290      0.229
   194.000      4.289      0.233
   194.500      4.289      0.233
   195.000      4.289      0.233
   195.500      4.289      0.233
   196.000      4.289      0.233
   196.500      4.289      0.234
   197.000      4.288      0.270
   197.500      4.288      0.270
   198.000      4.288      0.270
   198.500      4.288      0.270
   199.000      4.288      0.270
   199.500      4.288      0.270
