     0.000      1.452      0.569
     0.500      3.260      0.138
     1.000      3.303      0.153
     1.500      3.337      0.131
     2.000      3.368      0.112
     2.500      3.391      0.101
     3.000      3.424      0.081
     3.500      3.442      0.076
     4.000      3.470      0.062
     4.500      3.487      0.058
     5.000      3.507      0.052
     5.500      3.526      0.047
     6.000      3.542      0.044
     6.500      3.558      0.043
     7.000      3.571      0.042
     7.500      3.584      0.040
     8.000      3.596      0.041
     8.500      3.606      0.039
     9.000      3.616      0.040
     9.500      3.625      0.038
    10.000      3.633      0.038
    10.500      3.640      0.037
    11.000      3.647      0.036
    11.500      3.652      0.036
    12.000      3.658      0.034
    12.500      3.662      0.034
    13.000      3.667      0.033
    13.500      3.671      0.032
    14.000      3.675      0.031
    14.500      3.679      0.031
    15.000      3.682      0.031
    15.500      3.686      0.030
    16.000      3.689      0.030
    16.500      3.691      0.030
    17.000      3.694      0.030
    17.500      3.697      0.030
    18.000      3.700      0.030
    18.500      3.702      0.030
    19.000      3.705      0.030
    19.500      3.708      0.030
    20.000      3.710      0.030
    20.500      3.713      0.030
    21.000      3.715      0.030
    21.500      3.718      0.030
    22.000      3.720      0.030
    22.500      3.722      0.030
    23.000      3.725      0.030
    23.500      3.728      0.030
    24.000      3.731      0.030
    24.500      3.734      0.030
    25.000      3.737      0.031
    25.500      3.740      0.031
    26.000      3.743      0.031
    26.500      3.747      0.032
    27.000      3.750      0.033
    27.500      3.754      0.033
    28.000      3.758      0.034
    28.500      3.763      0.035
    29.000      3.767      0.035
    29.500      3.772      0.036
    30.000      3.777      0.037
    30.500      3.783      0.038
    31.000      3.788      0.039
    31.500      3.795      0.040
    32.000      3.801      0.041
    32.500      3.807      0.042
    33.000      3.813      0.044
    33.500      3.820      0.045
    34.000      3.828      0.047
    34.500      3.835      0.049
    35.000      3.843      0.051
    35.500      3.851      0.052
    36.000      3.860      0.053
    36.500      3.870      0.055
    37.000      3.879      0.058
    37.500      3.891      0.060
    38.000      3.901      0.062
    38.500      3.914      0.064
    39.000      3.925      0.067
    39.500      3.938      0.069
    40.000      3.952      0.071
    40.500      3.969      0.074
    41.000      3.983      0.077
    41.500      4.000      0.080
    42.000      4.016      0.083
    42.500      4.268      0.199
    43.000      4.291      0.197
    43.500      4.319      0.198
    44.000      4.345      0.201
    44.500      4.357      0.198
    45.000      4.371      0.194
    45.500      4.383      0.191
    46.000      4.390      0.184
    46.500      4.394      0.173
    47.000      4.396      0.162
    47.500      4.399      0.154
    48.000      4.401      0.149
    48.500      4.402      0.144
    49.000      4.406      0.138
    49.500      4.413      0.133
    50.000      4.421      0.129
    50.500      4.430      0.129
    51.000      4.437      0.131
    51.500      4.446      0.133
    52.000      4.452      0.134
    52.500      4.460      0.131
    53.000      4.466      0.128
    53.500      4.470      0.123
    54.000      4.472      0.119
    54.500      4.475      0.116
    55.000      4.478      0.112
    55.500      4.483      0.111
    56.000      4.487      0.109
    56.500      4.491      0.106
    57.000      4.494      0.104
    57.500      4.496      0.102
    58.000      4.498      0.101
    58.500      4.503      0.100
    59.000      4.507      0.100
    59.500      4.510      0.100
    60.000      4.512      0.098
    60.500      4.515      0.098
    61.000      4.517      0.097
    61.500      4.520      0.097
    62.000      4.523      0.097
    62.500      4.526      0.098
    63.000      4.528      0.097
    63.500      4.531      0.097
    64.000      4.533      0.097
    64.500      4.535      0.097
    65.000      4.538      0.098
    65.500      4.541      0.098
    66.000      4.542      0.098
    66.500      4.545      0.098
    67.000      4.547      0.098
    67.500      4.548      0.098
    68.000      4.550      0.098
    68.500      4.552      0.098
    69.000      4.554      0.098
    69.500      4.556      0.098
    70.000      4.558      0.098
    70.500      4.560      0.097
    71.000      4.561      0.097
    71.500      4.562      0.097
    72.000      4.564      0.097
    72.500      4.566      0.097
    73.000      4.567      0.096
    73.500      4.569      0.096
    74.000      4.570      0.095
    74.500      4.571      0.095
    75.000      4.572      0.095
    75.500      4.573      0.094
    76.000      4.574      0.093
    76.500      4.576      0.093
    77.000      4.577      0.092
    77.500      4.578      0.092
    78.000      4.578      0.091
    78.500      4.579      0.090
    79.000      4.580      0.090
    79.500      4.581      0.089
    80.000      4.582      0.089
    80.500      4.583      0.089
    81.000      4.583      0.088
    81.500      4.583      0.087
    82.000      4.584      0.086
    82.500      4.585      0.086
    83.000      4.586      0.086
    83.500      4.587      0.086
    84.000      4.587      0.086
    84.500      4.587      0.085
    85.000      4.587      0.084
    85.500      4.588      0.084
    86.000      4.589      0.084
    86.500      4.589      0.084
    87.000      4.589      0.085
    87.500      4.589      0.084
    88.000      4.589      0.084
    88.500      4.589      0.083
    89.000      4.590      0.084
    89.500      4.590      0.085
    90.000      4.590      0.085
    90.500      4.590      0.085
    91.000      4.590      0.085
    91.500      4.590      0.085
    92.000      4.590      0.085
    92.500      4.591      0.086
    93.000      4.591      0.087
    93.500      4.591      0.088
    94.000      4.590      0.088
    94.500      4.590      0.088
    95.000      4.590      0.088
    95.500      4.590      0.089
    96.000      4.590      0.090
    96.500      4.590      0.091
    97.000      4.590      0.092
    97.500      4.589      0.092
    98.000      4.589      0.092
    98.500      4.589      0.093
    99.000      4.589      0.094
    99.500      4.589      0.094
   100.000      4.589      0.095
   100.500      4.588      0.095
   101.000      4.588      0.096
   101.500      4.588      0.096
   102.000      4.588      0.097
   102.500      4.587      0.097
   103.000      4.587      0.098
   103.500      4.587      0.098
   104.000      4.587      0.099
   104.500      4.586      0.099
   105.000      4.586      0.099
   105.500      4.586      0.099
   106.000      4.585      0.100
   106.500      4.585      0.100
   107.000      4.585      0.100
   107.500      4.584      0.101
   108.000      4.584      0.101
   108.500      4.584      0.101
   109.000      4.583      0.101
   109.500      4.583      0.101
   110.000      4.583      0.101
   110.500      4.582      0.102
   111.000      4.582      0.101
   111.500      4.582      0.101
   112.000      4.581      0.101
   112.500      4.581      0.101
   113.000      4.580      0.101
   113.500      4.580      0.101
   114.000      4.580      0.101
   114.500      4.580      0.101
   115.000      4.579      0.101
   115.500      4.579      0.100
   116.000      4.578      0.100
   116.500      4.578      0.100
   117.000      4.578      0.100
   117.500      4.578      0.100
   118.000      4.577      0.099
   118.500      4.576      0.099
   119.000      4.575      0.098
   119.500      4.575      0.098
   120.000      4.575      0.099
   120.500      4.575      0.098
   121.000      4.575      0.098
   121.500      4.574      0.097
   122.000      4.573      0.096
   122.500      4.573      0.096
   123.000      4.573      0.097
   123.500      4.573      0.097
   124.000      4.573      0.096
   124.500      4.572      0.095
   125.000      4.571      0.095
   125.500      4.570      0.095
   126.000      4.570      0.095
   126.500      4.570      0.095
   127.000      4.570      0.094
   127.500      4.569      0.094
   128.000      4.569      0.093
   128.500      4.567      0.093
   129.000      4.567      0.093
   129.500      4.567      0.093
   130.000      4.567      0.093
   130.500      4.567      0.092
   131.000      4.566      0.092
   131.500      4.565      0.092
   132.000      4.564      0.092
   132.500      4.564      0.092
   133.000      4.564      0.092
   133.500      4.564      0.092
   134.000      4.564      0.091
   134.500      4.563      0.091
   135.000      4.562      0.092
   135.500      4.562      0.092
   136.000      4.562      0.092
   136.500      4.562      0.092
   137.000      4.561      0.092
   137.500      4.561      0.092
   138.000      4.560      0.092
   138.500      4.559      0.093
   139.000      4.560      0.093
   139.500      4.559      0.093
   140.000      4.559      0.093
   140.500      4.558      0.093
   141.000      4.557      0.094
   141.500      4.557      0.094
   142.000      4.557      0.095
   142.500      4.557      0.095
   143.000      4.557      0.095
   143.500      4.556      0.095
   144.000      4.555      0.096
   144.500      4.555      0.097
   145.000      4.555      0.098
   145.500      4.555      0.098
   146.000      4.555      0.099
   146.500      4.554      0.099
   147.000      4.553      0.099
   147.500      4.553      0.100
   148.000      4.553      0.102
   148.500      4.553      0.103
   149.000      4.553      0.103
   149.500      4.552      0.103
   150.000      4.551      0.104
   150.500      4.551      0.104
   151.000      4.551      0.106
   151.500      4.551      0.107
   152.000      4.551      0.107
   152.500      4.551      0.108
   153.000      4.550      0.108
   153.500      4.550      0.109
   154.000      4.550      0.111
   154.500      4.550      0.112
   155.000      4.550      0.113
   155.500      4.550      0.113
   156.000      4.549      0.113
   156.500      4.548      0.114
   157.000      4.549      0.116
   157.500      4.549      0.117
   158.000      4.549      0.118
   158.500      4.549      0.118
   159.000      4.548      0.119
   159.500      4.547      0.120
   160.000      4.548      0.121
   160.500      4.548      0.123
   161.000      4.548      0.124
   161.500      4.548      0.123
   162.000      4.548      0.124
   162.500      4.547      0.125
   163.000      4.547      0.126
   163.500      4.548      0.128
   164.000      4.548      0.128
   164.500      4.548      0.129
   165.000      4.548      0.129
   165.500      4.547      0.130
   166.000      4.547      0.131
   166.500      4.547      0.133
   167.000      4.548      0.133
   167.500      4.548      0.134
   168.000      4.548      0.133
   168.500      4.547      0.135
   169.000      4.547      0.136
   169.500      4.548      0.138
   170.000      4.548      0.138
   170.500      4.549      0.139
   171.000      4.548      0.139
   171.500      4.548      0.139
   172.000      4.548      0.141
   172.500      4.549      0.142
   173.000      4.549      0.143
   173.500      4.549      0.143
   174.000      4.549      0.143
   174.500      4.550      0.143
   175.000      4.549      0.146
   175.500      4.550      0.147
   176.000      4.550      0.147
   176.500      4.551      0.148
   177.000      4.551      0.148
   177.500      4.551      0.147
   178.000      4.550      0.151
   178.500      4.551      0.152
   179.000      4.552      0.152
   179.500      4.553      0.153
   180.000      4.553      0.153
   180.500      4.553      0.153
   181.000      4.553      0.154
   181.500      4.554      0.157
   182.000      4.554      0.158
   182.500      4.556      0.158
   183.000      4.555      0.159
   183.500      4.555      0.159
   184.000      4.557      0.158
   184.500      4.557      0.164
   185.000      4.557      0.165
   185.500      4.559      0.165
   186.000      4.559      0.165
   186.500      4.558      0.165
   187.000      4.560      0.164
   187.500      4.561      0.173
   188.000      4.561      0.173
   188.500      4.562      0.174
   189.000      4.562      0.174
   189.500      4.562      0.174
   190.000      4.562      0.174
   190.500      4.565      0.177
   191.000      4.566      0.184
   191.500      4.567      0.185
   192.000      4.567      0.185
   192.500      4.567      0.185
   193.000      4.567      0.185
   193.500      4.569      0.184
   194.000      4.571      0.198
   194.500      4.572      0.199
   195.000      4.572      0.199
   195.500      4.572      0.199
   196.000      4.572      0.199
   196.500      4.572      0.199
   197.000      4.577      0.215
   197.500      4.579      0.216
   198.000      4.579      0.216
   198.500      4.579      0.216
   199.000      4.579      0.216
   199.500      4.579      0.216
