     0.000      1.453      0.524
     0.500      3.145      0.221
     1.000      3.190      0.184
     1.500      3.228      0.165
     2.000      3.278      0.122
     2.500      3.300      0.119
     3.000      3.342      0.083
     3.500      3.367      0.075
     4.000      3.394      0.059
     4.500      3.418      0.050
     5.000      3.438      0.044
     5.500      3.458      0.041
     6.000      3.474      0.041
     6.500      3.489      0.041
     7.000      3.501      0.044
     7.500      3.513      0.046
     8.000      3.522      0.048
     8.500      3.530      0.049
     9.000      3.537      0.051
     9.500      3.543      0.051
    10.000      3.548      0.052
    10.500      3.553      0.051
    11.000      3.557      0.052
    11.500      3.561      0.051
    12.000      3.565      0.051
    12.500      3.569      0.051
    13.000      3.573      0.051
    13.500      3.577      0.050
    14.000      3.581      0.050
    14.500      3.585      0.049
    15.000      3.589      0.048
    15.500      3.594      0.047
    16.000      3.599      0.045
    16.500      3.603      0.044
    17.000      3.609      0.042
    17.500      3.614      0.041
    18.000      3.620      0.040
    18.500      3.626      0.038
    19.000      3.632      0.037
    19.500      3.639      0.036
    20.000      3.646      0.035
    20.500      3.654      0.035
    21.000      3.662      0.034
    21.500      3.670      0.035
    22.000      3.679      0.035
    22.500      3.688      0.036
    23.000      3.698      0.037
    23.500      3.708      0.040
    24.000      3.718      0.041
    24.500      3.731      0.044
    25.000      3.742      0.045
    25.500      3.755      0.049
    26.000      3.767      0.051
    26.500      3.781      0.055
    27.000      3.796      0.057
    27.500      3.810      0.061
    28.000      3.826      0.064
    28.500      3.843      0.068
    29.000      3.860      0.072
    29.500      3.878      0.076
    30.000      3.899      0.078
    30.500      3.922      0.078
    31.000      3.948      0.078
    31.500      3.973      0.078
    32.000      3.996      0.079
    32.500      4.019      0.081
    33.000      4.040      0.084
    33.500      4.066      0.086
    34.000      4.091      0.087
    34.500      4.120      0.087
    35.000      4.146      0.084
    35.500      4.167      0.083
    36.000      4.610      0.152
    36.500      4.609      0.149
    37.000      4.602      0.145
    37.500      4.592      0.139
    38.000      4.581      0.133
    38.500      4.569      0.129
    39.000      4.559      0.123
    39.500      4.549      0.116
    40.000      4.544      0.110
    40.500      4.540      0.106
    41.000      4.534      0.102
    41.500      4.529      0.098
    42.000      4.524      0.097
    42.500      4.517      0.093
    43.000      4.512      0.090
    43.500      4.505      0.086
    44.000      4.498      0.082
    44.500      4.492      0.080
    45.000      4.487      0.078
    45.500      4.482      0.077
    46.000      4.477      0.076
    46.500      4.472      0.074
    47.000      4.467      0.072
    47.500      4.461      0.070
    48.000      4.455      0.069
    48.500      4.450      0.067
    49.000      4.445      0.064
    49.500      4.441      0.063
    50.000      4.437      0.062
    50.500      4.432      0.061
    51.000      4.427      0.061
    51.500      4.423      0.061
    52.000      4.419      0.060
    52.500      4.415      0.059
    53.000      4.412      0.058
    53.500      4.408      0.057
    54.000      4.405      0.058
    54.500      4.401      0.058
    55.000      4.398      0.058
    55.500      4.395      0.058
    56.000      4.392      0.058
    56.500      4.390      0.057
    57.000      4.387      0.057
    57.500      4.384      0.058
    58.000      4.382      0.058
    58.500      4.379      0.058
    59.000      4.377      0.058
    59.500      4.375      0.058
    60.000      4.373      0.058
    60.500      4.371      0.058
    61.000      4.370      0.058
    61.500      4.368      0.058
    62.000      4.366      0.058
    62.500      4.365      0.058
    63.000      4.364      0.058
    63.500      4.362      0.058
    64.000      4.362      0.058
    64.500      4.360      0.058
    65.000      4.360      0.058
    65.500      4.359      0.057
    66.000      4.358      0.057
    66.500      4.357      0.057
    67.000      4.356      0.057
    67.500      4.356      0.057
    68.000      4.356      0.056
    68.500      4.355      0.056
    69.000      4.355      0.055
    69.500      4.355      0.055
    70.000      4.354      0.055
    70.500      4.354      0.055
    71.000      4.354      0.055
    71.500      4.354      0.054
    72.000      4.355      0.053
    72.500      4.355      0.053
    73.000      4.355      0.053
    73.500      4.355      0.053
    74.000      4.355      0.052
    74.500      4.355      0.052
    75.000      4.356      0.052
    75.500      4.357      0.051
    76.000      4.357      0.051
    76.500      4.357      0.051
    77.000      4.357      0.051
    77.500      4.358      0.050
    78.000      4.359      0.050
    78.500      4.360      0.050
    79.000      4.361      0.050
    79.500      4.361      0.050
    80.000      4.361      0.049
    80.500      4.362      0.049
    81.000      4.363      0.049
    81.500      4.364      0.050
    82.000      4.365      0.050
    82.500      4.366      0.050
    83.000      4.366      0.050
    83.500      4.367      0.049
    84.000      4.367      0.049
    84.500      4.368      0.049
    85.000      4.369      0.051
    85.500      4.370      0.051
    86.000      4.371      0.051
    86.500      4.371      0.051
    87.000      4.372      0.051
    87.500      4.372      0.050
    88.000      4.373      0.052
    88.500      4.375      0.053
    89.000      4.375      0.053
    89.500      4.376      0.053
    90.000      4.376      0.053
    90.500      4.376      0.053
    91.000      4.377      0.054
    91.500      4.378      0.055
    92.000      4.379      0.056
    92.500      4.379      0.056
    93.000      4.379      0.056
    93.500      4.380      0.056
    94.000      4.380      0.057
    94.500      4.381      0.058
    95.000      4.381      0.059
    95.500      4.381      0.059
    96.000      4.382      0.060
    96.500      4.382      0.060
    97.000      4.382      0.060
    97.500      4.382      0.061
    98.000      4.383      0.062
    98.500      4.383      0.063
    99.000      4.383      0.063
    99.500      4.383      0.064
   100.000      4.383      0.064
   100.500      4.383      0.065
   101.000      4.383      0.065
   101.500      4.383      0.066
   102.000      4.383      0.067
   102.500      4.383      0.068
   103.000      4.383      0.068
   103.500      4.383      0.068
   104.000      4.383      0.070
   104.500      4.383      0.070
   105.000      4.382      0.071
   105.500      4.383      0.072
   106.000      4.382      0.072
   106.500      4.382      0.073
   107.000      4.382      0.074
   107.500      4.382      0.075
   108.000      4.381      0.076
   108.500      4.381      0.076
   109.000      4.381      0.077
   109.500      4.381      0.077
   110.000      4.380      0.078
   110.500      4.380      0.080
   111.000      4.380      0.081
   111.500      4.379      0.082
   112.000      4.379      0.082
   112.500      4.378      0.082
   113.000      4.378      0.083
   113.500      4.378      0.085
   114.000      4.378      0.086
   114.500      4.377      0.087
   115.000      4.376      0.088
   115.500      4.376      0.088
   116.000      4.375      0.088
   116.500      4.375      0.090
   117.000      4.374      0.091
   117.500      4.374      0.093
   118.000      4.373      0.094
   118.500      4.372      0.094
   119.000      4.372      0.094
   119.500      4.371      0.095
   120.000      4.371      0.097
   120.500      4.371      0.099
   121.000      4.370      0.100
   121.500      4.369      0.101
   122.000      4.368      0.101
   122.500      4.368      0.101
   123.000      4.367      0.102
   123.500      4.367      0.104
   124.000      4.367      0.106
   124.500      4.365      0.107
   125.000      4.364      0.107
   125.500      4.364      0.107
   126.000      4.363      0.107
   126.500      4.362      0.109
   127.000      4.362      0.111
   127.500      4.362      0.112
   128.000      4.360      0.113
   128.500      4.360      0.113
   129.000      4.359      0.113
   129.500      4.358      0.114
   130.000      4.358      0.115
   130.500      4.358      0.117
   131.000      4.357      0.119
   131.500      4.355      0.119
   132.000      4.355      0.119
   132.500      4.354      0.119
   133.000      4.353      0.120
   133.500      4.353      0.121
   134.000      4.353      0.123
   134.500      4.352      0.124
   135.000      4.351      0.124
   135.500      4.350      0.124
   136.000      4.349      0.124
   136.500      4.349      0.125
   137.000      4.349      0.127
   137.500      4.348      0.128
   138.000      4.347      0.129
   138.500      4.347      0.129
   139.000      4.346      0.128
   139.500      4.345      0.128
   140.000      4.345      0.129
   140.500      4.344      0.131
   141.000      4.343      0.132
   141.500      4.343      0.132
   142.000      4.343      0.132
   142.500      4.342      0.131
   143.000      4.341      0.132
   143.500      4.341      0.132
   144.000      4.340      0.133
   144.500      4.339      0.134
   145.000      4.339      0.134
   145.500      4.339      0.134
   146.000      4.338      0.133
   146.500      4.337      0.133
   147.000      4.337      0.134
   147.500      4.336      0.134
   148.000      4.336      0.134
   148.500      4.336      0.134
   149.000      4.336      0.134
   149.500      4.335      0.134
   150.000      4.334      0.134
   150.500      4.333      0.133
   151.000      4.333      0.133
   151.500      4.333      0.133
   152.000      4.334      0.133
   152.500      4.333      0.133
   153.000      4.332      0.132
   153.500      4.331      0.132
   154.000      4.331      0.131
   154.500      4.331      0.131
   155.000      4.332      0.130
   155.500      4.332      0.130
   156.000      4.331      0.130
   156.500      4.330      0.129
   157.000      4.329      0.127
   157.500      4.330      0.126
   158.000      4.330      0.126
   158.500      4.331      0.126
   159.000      4.331      0.126
   159.500      4.330      0.125
   160.000      4.329      0.124
   160.500      4.329      0.121
   161.000      4.330      0.121
   161.500      4.331      0.120
   162.000      4.332      0.120
   162.500      4.331      0.120
   163.000      4.330      0.119
   163.500      4.329      0.116
   164.000      4.330      0.114
   164.500      4.331      0.114
   165.000      4.333      0.113
   165.500      4.333      0.113
   166.000      4.332      0.113
   166.500      4.331      0.112
   167.000      4.330      0.106
   167.500      4.333      0.106
   168.000      4.335      0.106
   168.500      4.335      0.105
   169.000      4.335      0.105
   169.500      4.334      0.106
   170.000      4.333      0.103
   170.500      4.335      0.099
   171.000      4.337      0.099
   171.500      4.339      0.099
   172.000      4.339      0.099
   172.500      4.339      0.099
   173.000      4.337      0.100
   173.500      4.336      0.095
   174.000      4.340      0.095
   174.500      4.344      0.096
   175.000      4.344      0.096
   175.500      4.344      0.096
   176.000      4.344      0.096
   176.500      4.342      0.097
   177.000      4.344      0.095
   177.500      4.349      0.099
   178.000      4.351      0.099
   178.500      4.350      0.099
   179.000      4.350      0.099
   179.500      4.350      0.099
   180.000      4.348      0.102
   180.500      4.354      0.107
   181.000      4.359      0.111
   181.500      4.358      0.111
   182.000      4.358      0.111
   182.500      4.358      0.111
   183.000      4.358      0.112
   183.500      4.357      0.122
   184.000      4.368      0.132
   184.500      4.369      0.132
   185.000      4.368      0.133
   185.500      4.368      0.133
   186.000      4.368      0.133
   186.500      4.366      0.136
   187.000      4.374      0.156
   187.500      4.380      0.162
   188.000      4.380      0.163
   188.500      4.380      0.163
   189.000      4.380      0.163
   189.500      4.380      0.163
   190.000      4.378      0.173
   190.500      4.394      0.200
   191.000      4.394      0.201
   191.500      4.394      0.201
   192.000      4.394      0.201
   192.500      4.394      0.201
   193.000      4.394      0.201
   193.500      4.402      0.236
   194.000      4.410      0.245
   194.500      4.410      0.245
   195.000      4.410      0.245
   195.500      4.410      0.245
   196.000      4.410      0.245
   196.500      4.410      0.245
   197.000      4.428      0.296
   197.500      4.428      0.296
   198.000      4.428      0.296
   198.500      4.428      0.296
   199.000      4.428      0.296
