     0.000      1.262      0.409
     0.500      3.322      0.266
     1.000      3.398      0.260
     1.500      3.405      0.248
     2.000      3.434      0.189
     2.500      3.437      0.171
     3.000      3.447      0.156
     3.500      3.463      0.118
     4.000      3.470      0.100
     4.500      3.475      0.089
     5.000      3.487      0.070
     5.500      3.494      0.055
     6.000      3.496      0.049
     6.500      3.505      0.048
     7.000      3.510      0.043
     7.500      3.511      0.045
     8.000      3.517      0.052
     8.500      3.520      0.055
     9.000      3.521      0.059
     9.500      3.523      0.064
    10.000      3.524      0.066
    10.500      3.525      0.069
    11.000      3.525      0.071
    11.500      3.525      0.072
    12.000      3.524      0.073
    12.500      3.523      0.073
    13.000      3.522      0.073
    13.500      3.520      0.071
    14.000      3.518      0.070
    14.500      3.517      0.069
    15.000      3.514      0.067
    15.500      3.511      0.064
    16.000      3.509      0.062
    16.500      3.506      0.060
    17.000      3.504      0.056
    17.500      3.501      0.054
    18.000      3.498      0.052
    18.500      3.495      0.049
    19.000      3.492      0.047
    19.500      3.490      0.045
    20.000      3.487      0.042
    20.500      3.485      0.041
    21.000      3.482      0.039
    21.500      3.480      0.037
    22.000      3.478      0.035
    22.500      3.476      0.034
    23.000      3.474      0.032
    23.500      3.472      0.030
    24.000      3.471      0.029
    24.500      3.469      0.028
    25.000      3.468      0.026
    25.500      3.467      0.025
    26.000      3.466      0.024
    26.500      3.465      0.023
    27.000      3.464      0.022
    27.500      3.463      0.021
    28.000      3.463      0.021
    28.500      3.462      0.021
    29.000      3.462      0.021
    29.500      3.462      0.022
    30.000      3.461      0.023
    30.500      3.461      0.025
    31.000      3.462      0.026
    31.500      3.462      0.028
    32.000      3.462      0.030
    32.500      3.463      0.032
    33.000      3.463      0.035
    33.500      3.464      0.037
    34.000      3.465      0.040
    34.500      3.465      0.042
    35.000      3.467      0.045
    35.500      3.468      0.047
    36.000      3.469      0.049
    36.500      3.470      0.052
    37.000      3.471      0.054
    37.500      3.472      0.056
    38.000      3.474      0.059
    38.500      3.476      0.061
    39.000      3.477      0.063
    39.500      3.479      0.065
    40.000      3.481      0.068
    40.500      3.483      0.070
    41.000      3.485      0.072
    41.500      3.487      0.074
    42.000      3.489      0.076
    42.500      3.491      0.078
    43.000      3.494      0.080
    43.500      3.496      0.082
    44.000      3.500      0.083
    44.500      3.504      0.084
    45.000      3.510      0.081
    45.500      3.516      0.076
    46.000      3.521      0.073
    46.500      3.526      0.073
    47.000      3.530      0.075
    47.500      3.534      0.078
    48.000      3.539      0.081
    48.500      3.543      0.084
    49.000      3.548      0.087
    49.500      3.555      0.091
    50.000      3.561      0.095
    50.500      3.566      0.101
    51.000      3.572      0.107
    51.500      3.578      0.115
    52.000      3.584      0.122
    52.500      3.590      0.130
    53.000      3.598      0.139
    53.500      3.607      0.148
    54.000      3.615      0.159
    54.500      3.625      0.170
    55.000      3.634      0.182
    55.500      3.646      0.193
    56.000      3.656      0.202
    56.500      3.667      0.213
    57.000      3.687      0.214
    57.500      3.713      0.207
    58.000      3.741      0.194
    58.500      3.766      0.187
    59.000      3.784      0.194
    59.500      4.243      0.294
    60.000      4.265      0.295
    60.500      4.285      0.288
    61.000      4.311      0.284
    61.500      4.336      0.282
    62.000      4.352      0.275
    62.500      4.367      0.268
    63.000      4.376      0.259
    63.500      4.383      0.246
    64.000      4.393      0.233
    64.500      4.404      0.222
    65.000      4.413      0.212
    65.500      4.422      0.207
    66.000      4.433      0.204
    66.500      4.443      0.202
    67.000      4.451      0.201
    67.500      4.459      0.198
    68.000      4.463      0.191
    68.500      4.468      0.187
    69.000      4.470      0.182
    69.500      4.470      0.176
    70.000      4.470      0.169
    70.500      4.470      0.163
    71.000      4.471      0.158
    71.500      4.470      0.152
    72.000      4.471      0.148
    72.500      4.471      0.144
    73.000      4.471      0.140
    73.500      4.470      0.137
    74.000      4.471      0.134
    74.500      4.471      0.132
    75.000      4.471      0.132
    75.500      4.472      0.131
    76.000      4.472      0.129
    76.500      4.473      0.128
    77.000      4.474      0.127
    77.500      4.475      0.127
    78.000      4.476      0.127
    78.500      4.476      0.128
    79.000      4.477      0.128
    79.500      4.478      0.128
    80.000      4.479      0.128
    80.500      4.481      0.128
    81.000      4.483      0.129
    81.500      4.484      0.129
    82.000      4.485      0.130
    82.500      4.485      0.130
    83.000      4.487      0.130
    83.500      4.488      0.130
    84.000      4.491      0.131
    84.500      4.493      0.131
    85.000      4.495      0.132
    85.500      4.496      0.132
    86.000      4.497      0.131
    86.500      4.498      0.130
    87.000      4.500      0.130
    87.500      4.503      0.131
    88.000      4.505      0.131
    88.500      4.508      0.131
    89.000      4.510      0.131
    89.500      4.511      0.129
    90.000      4.512      0.128
    90.500      4.514      0.127
    91.000      4.516      0.128
    91.500      4.520      0.128
    92.000      4.523      0.128
    92.500      4.525      0.127
    93.000      4.527      0.125
    93.500      4.528      0.123
    94.000      4.530      0.123
    94.500      4.532      0.123
    95.000      4.535      0.123
    95.500      4.539      0.122
    96.000      4.542      0.121
    96.500      4.544      0.119
    97.000      4.546      0.118
    97.500      4.547      0.118
    98.000      4.549      0.117
    98.500      4.552      0.117
    99.000      4.556      0.116
    99.500      4.559      0.116
   100.000      4.562      0.114
   100.500      4.563      0.113
   101.000      4.564      0.113
   101.500      4.567      0.113
   102.000      4.570      0.112
   102.500      4.573      0.112
   103.000      4.577      0.111
   103.500      4.579      0.111
   104.000      4.581      0.110
   104.500      4.582      0.110
   105.000      4.585      0.110
   105.500      4.588      0.109
   106.000      4.591      0.109
   106.500      4.594      0.109
   107.000      4.597      0.108
   107.500      4.598      0.108
   108.000      4.600      0.108
   108.500      4.602      0.108
   109.000      4.605      0.108
   109.500      4.608      0.108
   110.000      4.611      0.107
   110.500      4.613      0.107
   111.000      4.615      0.107
   111.500      4.616      0.107
   112.000      4.618      0.107
   112.500      4.620      0.107
   113.000      4.623      0.107
   113.500      4.626      0.107
   114.000      4.628      0.107
   114.500      4.630      0.106
   115.000      4.631      0.106
   115.500      4.633      0.106
   116.000      4.635      0.106
   116.500      4.637      0.106
   117.000      4.640      0.106
   117.500      4.641      0.106
   118.000      4.643      0.105
   118.500      4.644      0.105
   119.000      4.645      0.104
   119.500      4.647      0.104
   120.000      4.649      0.105
   120.500      4.651      0.105
   121.000      4.653      0.104
   121.500      4.654      0.104
   122.000      4.655      0.103
   122.500      4.656      0.103
   123.000      4.658      0.104
   123.500      4.659      0.104
   124.000      4.661      0.104
   124.500      4.663      0.104
   125.000      4.664      0.103
   125.500      4.665      0.103
   126.000      4.666      0.103
   126.500      4.667      0.104
   127.000      4.668      0.104
   127.500      4.669      0.104
   128.000      4.671      0.104
   128.500      4.672      0.104
   129.000      4.673      0.104
   129.500      4.674      0.104
   130.000      4.674      0.105
   130.500      4.675      0.106
   131.000      4.676      0.106
   131.500      4.677      0.106
   132.000      4.678      0.106
   132.500      4.679      0.106
   133.000      4.680      0.107
   133.500      4.680      0.109
   134.000      4.680      0.110
   134.500      4.681      0.110
   135.000      4.682      0.110
   135.500      4.682      0.111
   136.000      4.684      0.112
   136.500      4.684      0.113
   137.000      4.684      0.115
   137.500      4.684      0.116
   138.000      4.684      0.117
   138.500      4.685      0.117
   139.000      4.685      0.119
   139.500      4.686      0.120
   140.000      4.687      0.121
   140.500      4.686      0.122
   141.000      4.686      0.124
   141.500      4.686      0.125
   142.000      4.686      0.127
   142.500      4.686      0.129
   143.000      4.687      0.129
   143.500      4.688      0.130
   144.000      4.687      0.132
   144.500      4.687      0.134
   145.000      4.686      0.135
   145.500      4.686      0.138
   146.000      4.686      0.139
   146.500      4.686      0.141
   147.000      4.687      0.141
   147.500      4.686      0.143
   148.000      4.685      0.144
   148.500      4.685      0.146
   149.000      4.684      0.149
   149.500      4.684      0.150
   150.000      4.684      0.152
   150.500      4.684      0.152
   151.000      4.683      0.154
   151.500      4.682      0.155
   152.000      4.682      0.157
   152.500      4.681      0.160
   153.000      4.680      0.161
   153.500      4.680      0.162
   154.000      4.680      0.163
   154.500      4.679      0.164
   155.000      4.677      0.166
   155.500      4.677      0.168
   156.000      4.676      0.170
   156.500      4.675      0.171
   157.000      4.675      0.171
   157.500      4.674      0.172
   158.000      4.673      0.173
   158.500      4.671      0.175
   159.000      4.670      0.177
   159.500      4.669      0.179
   160.000      4.667      0.179
   160.500      4.667      0.179
   161.000      4.667      0.180
   161.500      4.666      0.181
   162.000      4.664      0.182
   162.500      4.662      0.184
   163.000      4.660      0.185
   163.500      4.659      0.185
   164.000      4.657      0.185
   164.500      4.658      0.185
   165.000      4.657      0.185
   165.500      4.654      0.187
   166.000      4.652      0.188
   166.500      4.650      0.188
   167.000      4.649      0.188
   167.500      4.647      0.188
   168.000      4.646      0.188
   168.500      4.646      0.188
   169.000      4.644      0.188
   169.500      4.641      0.190
   170.000      4.638      0.189
   170.500      4.637      0.189
   171.000      4.635      0.189
   171.500      4.634      0.188
   172.000      4.633      0.187
   172.500      4.631      0.186
   173.000      4.628      0.187
   173.500      4.625      0.186
   174.000      4.624      0.186
   174.500      4.622      0.186
   175.000      4.619      0.185
   175.500      4.619      0.183
   176.000      4.616      0.181
   176.500      4.613      0.181
   177.000      4.610      0.181
   177.500      4.609      0.181
   178.000      4.608      0.181
   178.500      4.604      0.179
   179.000      4.602      0.177
   179.500      4.599      0.174
   180.000      4.596      0.173
   180.500      4.594      0.173
   181.000      4.593      0.174
   181.500      4.592      0.174
   182.000      4.587      0.172
   182.500      4.584      0.169
   183.000      4.581      0.165
   183.500      4.577      0.166
   184.000      4.576      0.166
   184.500      4.576      0.166
   185.000      4.575      0.167
   185.500      4.570      0.166
   186.000      4.564      0.161
   186.500      4.560      0.159
   187.000      4.556      0.162
   187.500      4.556      0.162
   188.000      4.556      0.162
   188.500      4.556      0.163
   189.000      4.553      0.163
   189.500      4.543      0.159
   190.000      4.536      0.166
   190.500      4.535      0.167
   191.000      4.535      0.167
   191.500      4.535      0.167
   192.000      4.535      0.167
   192.500      4.534      0.168
   193.000      4.520      0.167
   193.500      4.512      0.185
   194.000      4.512      0.185
   194.500      4.512      0.185
   195.000      4.512      0.185
   195.500      4.512      0.185
   196.000      4.512      0.185
   196.500      4.495      0.191
   197.000      4.487      0.219
   197.500      4.487      0.219
   198.000      4.487      0.219
   198.500      4.487      0.219
   199.000      4.487      0.219
   199.500      4.487      0.219
