     0.000      1.130      0.399
     0.500      3.145      0.294
     1.000      3.179      0.305
     1.500      3.192      0.288
     2.000      3.235      0.217
     2.500      3.236      0.203
     3.000      3.259      0.167
     3.500      3.284      0.134
     4.000      3.288      0.122
     4.500      3.310      0.083
     5.000      3.320      0.075
     5.500      3.330      0.065
     6.000      3.342      0.055
     6.500      3.346      0.053
     7.000      3.358      0.058
     7.500      3.363      0.063
     8.000      3.365      0.068
     8.500      3.372      0.076
     9.000      3.374      0.078
     9.500      3.377      0.085
    10.000      3.378      0.088
    10.500      3.379      0.089
    11.000      3.380      0.092
    11.500      3.378      0.093
    12.000      3.377      0.092
    12.500      3.376      0.092
    13.000      3.374      0.091
    13.500      3.371      0.089
    14.000      3.368      0.087
    14.500      3.365      0.084
    15.000      3.362      0.082
    15.500      3.359      0.079
    16.000      3.354      0.076
    16.500      3.351      0.073
    17.000      3.348      0.070
    17.500      3.344      0.067
    18.000      3.341      0.065
    18.500      3.338      0.062
    19.000      3.335      0.059
    19.500      3.333      0.057
    20.000      3.330      0.055
    20.500      3.329      0.052
    21.000      3.327      0.050
    21.500      3.326      0.047
    22.000      3.325      0.045
    22.500      3.325      0.042
    23.000      3.325      0.040
    23.500      3.325      0.039
    24.000      3.326      0.036
    24.500      3.327      0.035
    25.000      3.328      0.034
    25.500      3.329      0.033
    26.000      3.332      0.033
    26.500      3.334      0.033
    27.000      3.337      0.033
    27.500      3.340      0.035
    28.000      3.344      0.037
    28.500      3.347      0.039
    29.000      3.351      0.041
    29.500      3.357      0.044
    30.000      3.362      0.047
    30.500      3.366      0.049
    31.000      3.373      0.053
    31.500      3.379      0.056
    32.000      3.385      0.059
    32.500      3.392      0.062
    33.000      3.400      0.066
    33.500      3.407      0.069
    34.000      3.415      0.072
    34.500      3.423      0.074
    35.000      3.433      0.078
    35.500      3.441      0.080
    36.000      3.450      0.083
    36.500      3.461      0.086
    37.000      3.471      0.088
    37.500      3.481      0.090
    38.000      3.493      0.092
    38.500      3.504      0.095
    39.000      3.516      0.097
    39.500      3.528      0.099
    40.000      3.541      0.102
    40.500      3.554      0.104
    41.000      3.567      0.107
    41.500      3.581      0.110
    42.000      3.596      0.113
    42.500      3.610      0.117
    43.000      3.625      0.121
    43.500      3.640      0.126
    44.000      3.656      0.131
    44.500      3.678      0.132
    45.000      3.703      0.125
    45.500      3.726      0.124
    46.000      3.750      0.125
    46.500      3.771      0.128
    47.000      3.794      0.135
    47.500      3.816      0.140
    48.000      3.836      0.151
    48.500      3.856      0.159
    49.000      3.873      0.168
    49.500      3.890      0.174
    50.000      3.906      0.179
    50.500      3.922      0.182
    51.000      3.938      0.187
    51.500      3.950      0.184
    52.000      3.963      0.178
    52.500      3.975      0.171
    53.000      3.984      0.166
    53.500      3.991      0.165
    54.000      4.001      0.165
    54.500      4.008      0.164
    55.000      4.017      0.164
    55.500      4.027      0.164
    56.000      4.038      0.168
    56.500      4.375      0.209
    57.000      4.383      0.207
    57.500      4.389      0.200
    58.000      4.391      0.195
    58.500      4.392      0.188
    59.000      4.394      0.180
    59.500      4.396      0.175
    60.000      4.401      0.170
    60.500      4.403      0.165
    61.000      4.407      0.159
    61.500      4.412      0.156
    62.000      4.415      0.153
    62.500      4.417      0.147
    63.000      4.417      0.142
    63.500      4.418      0.137
    64.000      4.419      0.134
    64.500      4.423      0.132
    65.000      4.428      0.129
    65.500      4.431      0.129
    66.000      4.434      0.127
    66.500      4.436      0.126
    67.000      4.439      0.127
    67.500      4.440      0.127
    68.000      4.442      0.128
    68.500      4.445      0.130
    69.000      4.446      0.131
    69.500      4.447      0.132
    70.000      4.448      0.133
    70.500      4.450      0.134
    71.000      4.451      0.135
    71.500      4.452      0.138
    72.000      4.455      0.142
    72.500      4.459      0.145
    73.000      4.463      0.148
    73.500      4.468      0.151
    74.000      4.472      0.153
    74.500      4.475      0.153
    75.000      4.478      0.153
    75.500      4.481      0.153
    76.000      4.485      0.154
    76.500      4.488      0.156
    77.000      4.489      0.157
    77.500      4.491      0.158
    78.000      4.493      0.159
    78.500      4.496      0.160
    79.000      4.499      0.162
    79.500      4.501      0.164
    80.000      4.502      0.165
    80.500      4.503      0.166
    81.000      4.504      0.167
    81.500      4.506      0.169
    82.000      4.509      0.170
    82.500      4.511      0.172
    83.000      4.512      0.173
    83.500      4.513      0.173
    84.000      4.512      0.174
    84.500      4.513      0.175
    85.000      4.514      0.176
    85.500      4.516      0.177
    86.000      4.517      0.177
    86.500      4.518      0.177
    87.000      4.518      0.177
    87.500      4.518      0.177
    88.000      4.518      0.178
    88.500      4.518      0.179
    89.000      4.519      0.178
    89.500      4.519      0.178
    90.000      4.520      0.177
    90.500      4.520      0.176
    91.000      4.520      0.176
    91.500      4.519      0.177
    92.000      4.518      0.176
    92.500      4.518      0.175
    93.000      4.518      0.175
    93.500      4.519      0.174
    94.000      4.519      0.173
    94.500      4.519      0.172
    95.000      4.518      0.171
    95.500      4.516      0.170
    96.000      4.515      0.169
    96.500      4.515      0.169
    97.000      4.515      0.168
    97.500      4.515      0.167
    98.000      4.514      0.165
    98.500      4.513      0.164
    99.000      4.511      0.163
    99.500      4.510      0.162
   100.000      4.510      0.162
   100.500      4.509      0.161
   101.000      4.509      0.159
   101.500      4.508      0.157
   102.000      4.507      0.156
   102.500      4.505      0.156
   103.000      4.504      0.156
   103.500      4.503      0.155
   104.000      4.502      0.154
   104.500      4.501      0.152
   105.000      4.500      0.151
   105.500      4.499      0.150
   106.000      4.498      0.149
   106.500      4.497      0.150
   107.000      4.495      0.149
   107.500      4.494      0.148
   108.000      4.492      0.146
   108.500      4.492      0.145
   109.000      4.491      0.145
   109.500      4.490      0.145
   110.000      4.489      0.145
   110.500      4.487      0.145
   111.000      4.485      0.144
   111.500      4.484      0.143
   112.000      4.483      0.142
   112.500      4.483      0.142
   113.000      4.482      0.141
   113.500      4.480      0.141
   114.000      4.478      0.142
   114.500      4.477      0.142
   115.000      4.476      0.141
   115.500      4.476      0.141
   116.000      4.475      0.140
   116.500      4.474      0.140
   117.000      4.473      0.140
   117.500      4.471      0.140
   118.000      4.470      0.141
   118.500      4.469      0.141
   119.000      4.468      0.140
   119.500      4.468      0.139
   120.000      4.467      0.139
   120.500      4.466      0.139
   121.000      4.465      0.140
   121.500      4.464      0.141
   122.000      4.463      0.141
   122.500      4.462      0.141
   123.000      4.461      0.140
   123.500      4.461      0.139
   124.000      4.460      0.139
   124.500      4.459      0.140
   125.000      4.459      0.141
   125.500      4.457      0.142
   126.000      4.456      0.141
   126.500      4.455      0.141
   127.000      4.455      0.140
   127.500      4.454      0.140
   128.000      4.454      0.141
   128.500      4.453      0.142
   129.000      4.453      0.143
   129.500      4.451      0.143
   130.000      4.450      0.142
   130.500      4.450      0.142
   131.000      4.449      0.142
   131.500      4.449      0.143
   132.000      4.449      0.144
   132.500      4.448      0.145
   133.000      4.447      0.145
   133.500      4.445      0.145
   134.000      4.444      0.145
   134.500      4.444      0.145
   135.000      4.444      0.146
   135.500      4.444      0.147
   136.000      4.444      0.148
   136.500      4.443      0.148
   137.000      4.442      0.148
   137.500      4.440      0.149
   138.000      4.439      0.150
   138.500      4.439      0.151
   139.000      4.440      0.151
   139.500      4.439      0.152
   140.000      4.439      0.153
   140.500      4.438      0.153
   141.000      4.436      0.154
   141.500      4.435      0.155
   142.000      4.434      0.156
   142.500      4.435      0.157
   143.000      4.435      0.158
   143.500      4.435      0.159
   144.000      4.434      0.160
   144.500      4.432      0.161
   145.000      4.431      0.162
   145.500      4.430      0.163
   146.000      4.430      0.164
   146.500      4.431      0.166
   147.000      4.430      0.166
   147.500      4.430      0.167
   148.000      4.429      0.168
   148.500      4.427      0.170
   149.000      4.426      0.171
   149.500      4.425      0.172
   150.000      4.425      0.174
   150.500      4.425      0.175
   151.000      4.425      0.176
   151.500      4.425      0.176
   152.000      4.423      0.178
   152.500      4.422      0.180
   153.000      4.420      0.181
   153.500      4.419      0.182
   154.000      4.420      0.183
   154.500      4.420      0.185
   155.000      4.420      0.185
   155.500      4.420      0.187
   156.000      4.418      0.189
   156.500      4.415      0.190
   157.000      4.414      0.190
   157.500      4.413      0.192
   158.000      4.414      0.193
   158.500      4.414      0.195
   159.000      4.415      0.197
   159.500      4.413      0.198
   160.000      4.410      0.199
   160.500      4.408      0.199
   161.000      4.407      0.200
   161.500      4.407      0.202
   162.000      4.408      0.204
   162.500      4.409      0.205
   163.000      4.407      0.207
   163.500      4.404      0.208
   164.000      4.401      0.208
   164.500      4.400      0.208
   165.000      4.400      0.210
   165.500      4.400      0.212
   166.000      4.401      0.213
   166.500      4.400      0.214
   167.000      4.397      0.216
   167.500      4.394      0.216
   168.000      4.393      0.216
   168.500      4.393      0.217
   169.000      4.392      0.219
   169.500      4.392      0.221
   170.000      4.392      0.222
   170.500      4.390      0.223
   171.000      4.387      0.223
   171.500      4.385      0.223
   172.000      4.384      0.224
   172.500      4.384      0.224
   173.000      4.382      0.226
   173.500      4.381      0.228
   174.000      4.382      0.229
   174.500      4.378      0.231
   175.000      4.375      0.230
   175.500      4.374      0.230
   176.000      4.374      0.230
   176.500      4.372      0.232
   177.000      4.369      0.234
   177.500      4.370      0.235
   178.000      4.368      0.237
   178.500      4.365      0.236
   179.000      4.364      0.236
   179.500      4.363      0.236
   180.000      4.361      0.238
   180.500      4.359      0.239
   181.000      4.354      0.241
   181.500      4.357      0.244
   182.000      4.354      0.243
   182.500      4.352      0.243
   183.000      4.351      0.244
   183.500      4.349      0.246
   184.000      4.345      0.247
   184.500      4.341      0.247
   185.000      4.342      0.250
   185.500      4.342      0.253
   186.000      4.339      0.253
   186.500      4.337      0.254
   187.000      4.334      0.256
   187.500      4.328      0.256
   188.000      4.328      0.256
   188.500      4.324      0.258
   189.000      4.329      0.265
   189.500      4.324      0.267
   190.000      4.321      0.270
   190.500      4.313      0.272
   191.000      4.312      0.271
   191.500      4.312      0.271
   192.000      4.312      0.271
   192.500      4.310      0.278
   193.000      4.309      0.287
   193.500      4.302      0.292
   194.000      4.295      0.293
   194.500      4.295      0.293
   195.000      4.295      0.293
   195.500      4.295      0.293
   196.000      4.295      0.293
   196.500      4.291      0.316
   197.000      4.276      0.323
   197.500      4.276      0.323
   198.000      4.276      0.323
   198.500      4.276      0.323
   199.000      4.276      0.323
   199.500      4.276      0.323
