     0.000      1.288      0.496
     0.500      3.216      0.275
     1.000      3.258      0.287
     1.500      3.277      0.263
     2.000      3.312      0.205
     2.500      3.320      0.197
     3.000      3.353      0.151
     3.500      3.364      0.135
     4.000      3.382      0.113
     4.500      3.399      0.088
     5.000      3.412      0.079
     5.500      3.427      0.064
     6.000      3.438      0.055
     6.500      3.451      0.055
     7.000      3.459      0.052
     7.500      3.472      0.058
     8.000      3.478      0.060
     8.500      3.486      0.065
     9.000      3.493      0.070
     9.500      3.499      0.072
    10.000      3.505      0.077
    10.500      3.509      0.078
    11.000      3.514      0.080
    11.500      3.518      0.081
    12.000      3.521      0.081
    12.500      3.524      0.081
    13.000      3.527      0.080
    13.500      3.529      0.080
    14.000      3.531      0.078
    14.500      3.533      0.077
    15.000      3.534      0.075
    15.500      3.536      0.073
    16.000      3.538      0.071
    16.500      3.539      0.070
    17.000      3.541      0.068
    17.500      3.543      0.066
    18.000      3.545      0.064
    18.500      3.547      0.063
    19.000      3.549      0.061
    19.500      3.551      0.060
    20.000      3.554      0.058
    20.500      3.556      0.056
    21.000      3.558      0.055
    21.500      3.561      0.053
    22.000      3.564      0.051
    22.500      3.567      0.050
    23.000      3.569      0.048
    23.500      3.573      0.046
    24.000      3.576      0.045
    24.500      3.579      0.044
    25.000      3.582      0.042
    25.500      3.585      0.041
    26.000      3.588      0.040
    26.500      3.592      0.039
    27.000      3.595      0.038
    27.500      3.599      0.038
    28.000      3.602      0.037
    28.500      3.606      0.037
    29.000      3.609      0.038
    29.500      3.613      0.038
    30.000      3.616      0.038
    30.500      3.620      0.040
    31.000      3.623      0.041
    31.500      3.627      0.042
    32.000      3.630      0.044
    32.500      3.634      0.046
    33.000      3.637      0.048
    33.500      3.640      0.050
    34.000      3.644      0.052
    34.500      3.647      0.055
    35.000      3.650      0.058
    35.500      3.653      0.060
    36.000      3.656      0.063
    36.500      3.659      0.067
    37.000      3.662      0.070
    37.500      3.665      0.074
    38.000      3.668      0.078
    38.500      3.671      0.082
    39.000      3.673      0.087
    39.500      3.676      0.092
    40.000      3.678      0.097
    40.500      3.680      0.103
    41.000      3.682      0.109
    41.500      3.684      0.116
    42.000      3.686      0.123
    42.500      3.688      0.132
    43.000      3.690      0.138
    43.500      3.694      0.145
    44.000      3.698      0.150
    44.500      3.705      0.156
    45.000      3.713      0.157
    45.500      3.724      0.156
    46.000      3.738      0.150
    46.500      3.748      0.148
    47.000      3.763      0.140
    47.500      3.777      0.134
    48.000      3.787      0.131
    48.500      3.794      0.133
    49.000      3.802      0.132
    49.500      3.810      0.134
    50.000      3.817      0.135
    50.500      3.823      0.139
    51.000      3.833      0.140
    51.500      3.845      0.140
    52.000      3.855      0.141
    52.500      3.870      0.139
    53.000      4.319      0.256
    53.500      4.321      0.252
    54.000      4.326      0.248
    54.500      4.333      0.247
    55.000      4.337      0.243
    55.500      4.339      0.237
    56.000      4.341      0.228
    56.500      4.343      0.220
    57.000      4.342      0.217
    57.500      4.340      0.219
    58.000      4.338      0.218
    58.500      4.338      0.216
    59.000      4.340      0.214
    59.500      4.343      0.209
    60.000      4.347      0.203
    60.500      4.350      0.197
    61.000      4.354      0.187
    61.500      4.357      0.178
    62.000      4.358      0.172
    62.500      4.360      0.166
    63.000      4.362      0.162
    63.500      4.365      0.159
    64.000      4.368      0.156
    64.500      4.372      0.152
    65.000      4.375      0.149
    65.500      4.377      0.145
    66.000      4.378      0.143
    66.500      4.380      0.141
    67.000      4.384      0.141
    67.500      4.387      0.142
    68.000      4.391      0.142
    68.500      4.395      0.142
    69.000      4.397      0.142
    69.500      4.399      0.141
    70.000      4.402      0.142
    70.500      4.405      0.143
    71.000      4.408      0.144
    71.500      4.412      0.146
    72.000      4.416      0.148
    72.500      4.419      0.149
    73.000      4.421      0.150
    73.500      4.422      0.150
    74.000      4.424      0.151
    74.500      4.426      0.153
    75.000      4.429      0.154
    75.500      4.432      0.157
    76.000      4.434      0.158
    76.500      4.435      0.159
    77.000      4.437      0.159
    77.500      4.438      0.160
    78.000      4.440      0.160
    78.500      4.442      0.161
    79.000      4.444      0.163
    79.500      4.446      0.163
    80.000      4.447      0.164
    80.500      4.448      0.164
    81.000      4.450      0.164
    81.500      4.451      0.164
    82.000      4.453      0.164
    82.500      4.454      0.164
    83.000      4.455      0.164
    83.500      4.456      0.164
    84.000      4.457      0.164
    84.500      4.459      0.163
    85.000      4.460      0.163
    85.500      4.461      0.162
    86.000      4.462      0.161
    86.500      4.462      0.160
    87.000      4.463      0.160
    87.500      4.464      0.159
    88.000      4.465      0.159
    88.500      4.466      0.158
    89.000      4.467      0.157
    89.500      4.468      0.155
    90.000      4.468      0.154
    90.500      4.468      0.153
    91.000      4.469      0.152
    91.500      4.469      0.152
    92.000      4.471      0.151
    92.500      4.471      0.151
    93.000      4.472      0.149
    93.500      4.472      0.147
    94.000      4.472      0.146
    94.500      4.472      0.145
    95.000      4.473      0.145
    95.500      4.473      0.145
    96.000      4.474      0.144
    96.500      4.474      0.143
    97.000      4.475      0.141
    97.500      4.475      0.140
    98.000      4.474      0.140
    98.500      4.475      0.139
    99.000      4.475      0.140
    99.500      4.475      0.140
   100.000      4.476      0.139
   100.500      4.476      0.138
   101.000      4.476      0.138
   101.500      4.476      0.138
   102.000      4.476      0.138
   102.500      4.476      0.138
   103.000      4.476      0.138
   103.500      4.477      0.139
   104.000      4.477      0.139
   104.500      4.477      0.139
   105.000      4.477      0.140
   105.500      4.477      0.140
   106.000      4.477      0.141
   106.500      4.477      0.141
   107.000      4.477      0.142
   107.500      4.477      0.142
   108.000      4.478      0.144
   108.500      4.478      0.145
   109.000      4.478      0.146
   109.500      4.478      0.147
   110.000      4.478      0.147
   110.500      4.478      0.148
   111.000      4.478      0.149
   111.500      4.478      0.151
   112.000      4.479      0.153
   112.500      4.479      0.154
   113.000      4.479      0.155
   113.500      4.479      0.156
   114.000      4.478      0.157
   114.500      4.479      0.158
   115.000      4.479      0.160
   115.500      4.480      0.162
   116.000      4.480      0.164
   116.500      4.480      0.165
   117.000      4.480      0.166
   117.500      4.479      0.167
   118.000      4.479      0.168
   118.500      4.480      0.170
   119.000      4.480      0.172
   119.500      4.481      0.174
   120.000      4.481      0.175
   120.500      4.481      0.176
   121.000      4.481      0.178
   121.500      4.480      0.179
   122.000      4.480      0.180
   122.500      4.481      0.182
   123.000      4.482      0.184
   123.500      4.482      0.185
   124.000      4.482      0.187
   124.500      4.482      0.188
   125.000      4.482      0.189
   125.500      4.481      0.191
   126.000      4.482      0.192
   126.500      4.482      0.194
   127.000      4.483      0.195
   127.500      4.483      0.197
   128.000      4.483      0.198
   128.500      4.483      0.200
   129.000      4.482      0.201
   129.500      4.482      0.202
   130.000      4.483      0.203
   130.500      4.483      0.204
   131.000      4.484      0.206
   131.500      4.484      0.208
   132.000      4.483      0.209
   132.500      4.483      0.211
   133.000      4.483      0.211
   133.500      4.483      0.212
   134.000      4.483      0.213
   134.500      4.484      0.214
   135.000      4.484      0.216
   135.500      4.484      0.217
   136.000      4.484      0.219
   136.500      4.483      0.220
   137.000      4.483      0.220
   137.500      4.483      0.221
   138.000      4.484      0.222
   138.500      4.484      0.223
   139.000      4.484      0.225
   139.500      4.483      0.226
   140.000      4.483      0.227
   140.500      4.483      0.228
   141.000      4.482      0.228
   141.500      4.483      0.229
   142.000      4.483      0.230
   142.500      4.483      0.231
   143.000      4.482      0.232
   143.500      4.482      0.233
   144.000      4.482      0.233
   144.500      4.482      0.234
   145.000      4.482      0.234
   145.500      4.482      0.235
   146.000      4.482      0.236
   146.500      4.481      0.237
   147.000      4.480      0.238
   147.500      4.480      0.238
   148.000      4.480      0.238
   148.500      4.480      0.238
   149.000      4.480      0.238
   149.500      4.480      0.239
   150.000      4.479      0.241
   150.500      4.478      0.241
   151.000      4.477      0.241
   151.500      4.477      0.240
   152.000      4.477      0.240
   152.500      4.477      0.240
   153.000      4.477      0.241
   153.500      4.475      0.243
   154.000      4.474      0.243
   154.500      4.474      0.242
   155.000      4.473      0.241
   155.500      4.473      0.241
   156.000      4.473      0.241
   156.500      4.473      0.241
   157.000      4.471      0.243
   157.500      4.470      0.243
   158.000      4.469      0.242
   158.500      4.468      0.241
   159.000      4.468      0.240
   159.500      4.468      0.239
   160.000      4.467      0.240
   160.500      4.466      0.241
   161.000      4.465      0.242
   161.500      4.464      0.241
   162.000      4.462      0.238
   162.500      4.462      0.237
   163.000      4.462      0.236
   163.500      4.461      0.236
   164.000      4.460      0.237
   164.500      4.459      0.238
   165.000      4.458      0.237
   165.500      4.456      0.236
   166.000      4.454      0.234
   166.500      4.454      0.233
   167.000      4.453      0.232
   167.500      4.452      0.232
   168.000      4.450      0.233
   168.500      4.450      0.232
   169.000      4.449      0.232
   169.500      4.446      0.229
   170.000      4.445      0.228
   170.500      4.444      0.227
   171.000      4.442      0.226
   171.500      4.440      0.227
   172.000      4.440      0.226
   172.500      4.440      0.226
   173.000      4.437      0.225
   173.500      4.434      0.223
   174.000      4.433      0.222
   174.500      4.431      0.221
   175.000      4.429      0.221
   175.500      4.429      0.220
   176.000      4.428      0.220
   176.500      4.428      0.220
   177.000      4.423      0.219
   177.500      4.420      0.218
   178.000      4.418      0.216
   178.500      4.416      0.217
   179.000      4.415      0.216
   179.500      4.415      0.215
   180.000      4.415      0.216
   180.500      4.413      0.216
   181.000      4.404      0.217
   181.500      4.404      0.216
   182.000      4.401      0.217
   182.500      4.400      0.215
   183.000      4.400      0.215
   183.500      4.399      0.216
   184.000      4.396      0.217
   184.500      4.393      0.217
   185.000      4.387      0.220
   185.500      4.385      0.222
   186.000      4.383      0.221
   186.500      4.383      0.221
   187.000      4.381      0.223
   187.500      4.378      0.225
   188.000      4.378      0.225
   188.500      4.371      0.229
   189.000      4.368      0.235
   189.500      4.364      0.236
   190.000      4.364      0.236
   190.500      4.358      0.242
   191.000      4.358      0.242
   191.500      4.358      0.242
   192.000      4.358      0.242
   192.500      4.348      0.255
   193.000      4.343      0.263
   193.500      4.340      0.266
   194.000      4.336      0.270
   194.500      4.336      0.270
   195.000      4.336      0.270
   195.500      4.336      0.270
   196.000      4.336      0.270
   196.500      4.320      0.301
   197.000      4.312      0.310
   197.500      4.312      0.310
   198.000      4.312      0.310
   198.500      4.312      0.310
   199.000      4.312      0.310
