     0.000      1.382      0.472
     0.500      3.067      0.180
     1.000      3.114      0.161
     1.500      3.177      0.126
     2.000      3.219      0.106
     2.500      3.268      0.080
     3.000      3.303      0.069
     3.500      3.345      0.054
     4.000      3.375      0.049
     4.500      3.404      0.043
     5.000      3.432      0.043
     5.500      3.455      0.045
     6.000      3.477      0.045
     6.500      3.495      0.046
     7.000      3.512      0.048
     7.500      3.527      0.046
     8.000      3.539      0.048
     8.500      3.550      0.045
     9.000      3.560      0.046
     9.500      3.568      0.043
    10.000      3.576      0.042
    10.500      3.583      0.041
    11.000      3.589      0.040
    11.500      3.594      0.039
    12.000      3.599      0.038
    12.500      3.604      0.037
    13.000      3.608      0.036
    13.500      3.612      0.036
    14.000      3.616      0.036
    14.500      3.620      0.035
    15.000      3.624      0.035
    15.500      3.627      0.034
    16.000      3.631      0.034
    16.500      3.635      0.033
    17.000      3.639      0.033
    17.500      3.643      0.033
    18.000      3.647      0.032
    18.500      3.652      0.032
    19.000      3.656      0.032
    19.500      3.662      0.031
    20.000      3.667      0.032
    20.500      3.672      0.032
    21.000      3.679      0.033
    21.500      3.685      0.033
    22.000      3.692      0.035
    22.500      3.700      0.036
    23.000      3.708      0.037
    23.500      3.716      0.039
    24.000      3.726      0.041
    24.500      3.735      0.043
    25.000      3.747      0.045
    25.500      3.759      0.046
    26.000      3.774      0.047
    26.500      3.788      0.048
    27.000      3.803      0.051
    27.500      3.818      0.053
    28.000      3.833      0.055
    28.500      3.851      0.057
    29.000      3.868      0.060
    29.500      3.887      0.061
    30.000      3.907      0.064
    30.500      3.928      0.066
    31.000      3.952      0.068
    31.500      3.979      0.065
    32.000      4.007      0.066
    32.500      4.035      0.065
    33.000      4.065      0.066
    33.500      4.093      0.067
    34.000      4.122      0.072
    34.500      4.151      0.078
    35.000      4.370      0.207
    35.500      4.399      0.199
    36.000      4.427      0.193
    36.500      4.468      0.193
    37.000      4.488      0.192
    37.500      4.496      0.183
    38.000      4.501      0.177
    38.500      4.504      0.169
    39.000      4.509      0.164
    39.500      4.520      0.162
    40.000      4.528      0.155
    40.500      4.532      0.152
    41.000      4.535      0.149
    41.500      4.536      0.145
    42.000      4.535      0.141
    42.500      4.530      0.133
    43.000      4.523      0.121
    43.500      4.521      0.111
    44.000      4.521      0.108
    44.500      4.521      0.104
    45.000      4.520      0.103
    45.500      4.517      0.100
    46.000      4.511      0.092
    46.500      4.506      0.083
    47.000      4.505      0.079
    47.500      4.505      0.077
    48.000      4.505      0.075
    48.500      4.503      0.075
    49.000      4.498      0.073
    49.500      4.493      0.068
    50.000      4.490      0.065
    50.500      4.490      0.063
    51.000      4.489      0.063
    51.500      4.489      0.063
    52.000      4.486      0.064
    52.500      4.480      0.063
    53.000      4.476      0.062
    53.500      4.475      0.061
    54.000      4.474      0.061
    54.500      4.473      0.061
    55.000      4.472      0.062
    55.500      4.468      0.063
    56.000      4.463      0.063
    56.500      4.460      0.064
    57.000      4.459      0.064
    57.500      4.458      0.064
    58.000      4.457      0.064
    58.500      4.455      0.065
    59.000      4.451      0.066
    59.500      4.447      0.067
    60.000      4.445      0.068
    60.500      4.443      0.067
    61.000      4.442      0.067
    61.500      4.441      0.067
    62.000      4.438      0.068
    62.500      4.434      0.069
    63.000      4.432      0.069
    63.500      4.430      0.069
    64.000      4.428      0.068
    64.500      4.427      0.067
    65.000      4.424      0.067
    65.500      4.422      0.068
    66.000      4.419      0.068
    66.500      4.417      0.068
    67.000      4.415      0.067
    67.500      4.413      0.066
    68.000      4.411      0.065
    68.500      4.409      0.066
    69.000      4.407      0.067
    69.500      4.405      0.066
    70.000      4.403      0.065
    70.500      4.400      0.064
    71.000      4.398      0.063
    71.500      4.396      0.063
    72.000      4.395      0.063
    72.500      4.393      0.063
    73.000      4.391      0.063
    73.500      4.389      0.062
    74.000      4.387      0.060
    74.500      4.384      0.060
    75.000      4.382      0.060
    75.500      4.381      0.061
    76.000      4.380      0.060
    76.500      4.378      0.060
    77.000      4.375      0.059
    77.500      4.373      0.058
    78.000      4.371      0.058
    78.500      4.370      0.059
    79.000      4.369      0.059
    79.500      4.367      0.059
    80.000      4.365      0.059
    80.500      4.363      0.059
    81.000      4.361      0.059
    81.500      4.359      0.059
    82.000      4.358      0.060
    82.500      4.357      0.061
    83.000      4.355      0.061
    83.500      4.353      0.062
    84.000      4.352      0.062
    84.500      4.350      0.062
    85.000      4.348      0.063
    85.500      4.347      0.064
    86.000      4.346      0.065
    86.500      4.345      0.066
    87.000      4.343      0.067
    87.500      4.341      0.067
    88.000      4.340      0.067
    88.500      4.339      0.068
    89.000      4.338      0.069
    89.500      4.337      0.071
    90.000      4.335      0.072
    90.500      4.333      0.073
    91.000      4.332      0.073
    91.500      4.331      0.073
    92.000      4.330      0.074
    92.500      4.329      0.076
    93.000      4.328      0.077
    93.500      4.326      0.078
    94.000      4.325      0.078
    94.500      4.324      0.079
    95.000      4.323      0.079
    95.500      4.322      0.081
    96.000      4.321      0.082
    96.500      4.320      0.083
    97.000      4.318      0.083
    97.500      4.317      0.083
    98.000      4.316      0.084
    98.500      4.315      0.085
    99.000      4.314      0.086
    99.500      4.314      0.087
   100.000      4.313      0.087
   100.500      4.312      0.088
   101.000      4.310      0.088
   101.500      4.310      0.088
   102.000      4.309      0.089
   102.500      4.308      0.090
   103.000      4.307      0.091
   103.500      4.307      0.091
   104.000      4.305      0.091
   104.500      4.304      0.092
   105.000      4.304      0.092
   105.500      4.303      0.093
   106.000      4.302      0.093
   106.500      4.302      0.094
   107.000      4.301      0.094
   107.500      4.300      0.094
   108.000      4.299      0.094
   108.500      4.299      0.095
   109.000      4.298      0.096
   109.500      4.298      0.096
   110.000      4.297      0.096
   110.500      4.297      0.096
   111.000      4.296      0.096
   111.500      4.295      0.097
   112.000      4.294      0.097
   112.500      4.294      0.097
   113.000      4.294      0.097
   113.500      4.294      0.097
   114.000      4.293      0.098
   114.500      4.292      0.098
   115.000      4.292      0.098
   115.500      4.291      0.099
   116.000      4.291      0.099
   116.500      4.291      0.099
   117.000      4.290      0.099
   117.500      4.290      0.099
   118.000      4.290      0.099
   118.500      4.289      0.099
   119.000      4.289      0.100
   119.500      4.289      0.100
   120.000      4.288      0.100
   120.500      4.288      0.100
   121.000      4.288      0.100
   121.500      4.288      0.100
   122.000      4.287      0.100
   122.500      4.287      0.101
   123.000      4.287      0.101
   123.500      4.287      0.101
   124.000      4.287      0.101
   124.500      4.287      0.101
   125.000      4.287      0.101
   125.500      4.287      0.101
   126.000      4.286      0.101
   126.500      4.286      0.102
   127.000      4.286      0.102
   127.500      4.286      0.102
   128.000      4.286      0.102
   128.500      4.286      0.102
   129.000      4.287      0.102
   129.500      4.286      0.103
   130.000      4.286      0.103
   130.500      4.286      0.103
   131.000      4.286      0.103
   131.500      4.287      0.103
   132.000      4.287      0.103
   132.500      4.288      0.103
   133.000      4.287      0.104
   133.500      4.287      0.104
   134.000      4.287      0.104
   134.500      4.287      0.103
   135.000      4.288      0.103
   135.500      4.289      0.104
   136.000      4.289      0.105
   136.500      4.288      0.105
   137.000      4.288      0.105
   137.500      4.289      0.104
   138.000      4.290      0.104
   138.500      4.291      0.105
   139.000      4.292      0.106
   139.500      4.291      0.106
   140.000      4.290      0.106
   140.500      4.290      0.106
   141.000      4.291      0.105
   141.500      4.293      0.105
   142.000      4.294      0.106
   142.500      4.294      0.108
   143.000      4.293      0.107
   143.500      4.293      0.107
   144.000      4.294      0.107
   144.500      4.295      0.106
   145.000      4.297      0.107
   145.500      4.298      0.109
   146.000      4.298      0.109
   146.500      4.297      0.109
   147.000      4.297      0.108
   147.500      4.297      0.107
   148.000      4.300      0.108
   148.500      4.302      0.109
   149.000      4.303      0.111
   149.500      4.302      0.110
   150.000      4.301      0.110
   150.500      4.301      0.109
   151.000      4.303      0.109
   151.500      4.305      0.109
   152.000      4.308      0.111
   152.500      4.308      0.112
   153.000      4.306      0.111
   153.500      4.306      0.112
   154.000      4.307      0.110
   154.500      4.309      0.110
   155.000      4.312      0.111
   155.500      4.314      0.113
   156.000      4.313      0.113
   156.500      4.312      0.113
   157.000      4.312      0.113
   157.500      4.314      0.112
   158.000      4.317      0.112
   158.500      4.319      0.114
   159.000      4.320      0.114
   159.500      4.319      0.115
   160.000      4.318      0.115
   160.500      4.319      0.114
   161.000      4.322      0.114
   161.500      4.325      0.115
   162.000      4.326      0.115
   162.500      4.327      0.116
   163.000      4.326      0.117
   163.500      4.325      0.118
   164.000      4.327      0.117
   164.500      4.331      0.116
   165.000      4.333      0.117
   165.500      4.334      0.118
   166.000      4.334      0.119
   166.500      4.332      0.120
   167.000      4.333      0.120
   167.500      4.338      0.120
   168.000      4.341      0.120
   168.500      4.342      0.121
   169.000      4.343      0.121
   169.500      4.343      0.123
   170.000      4.340      0.125
   170.500      4.343      0.125
   171.000      4.348      0.125
   171.500      4.351      0.125
   172.000      4.351      0.125
   172.500      4.352      0.127
   173.000      4.351      0.128
   173.500      4.350      0.130
   174.000      4.356      0.133
   174.500      4.360      0.132
   175.000      4.361      0.132
   175.500      4.361      0.132
   176.000      4.362      0.134
   176.500      4.359      0.137
   177.000      4.362      0.140
   177.500      4.369      0.142
   178.000      4.371      0.141
   178.500      4.371      0.141
   179.000      4.371      0.142
   179.500      4.372      0.143
   180.000      4.369      0.148
   180.500      4.377      0.154
   181.000      4.382      0.154
   181.500      4.382      0.154
   182.000      4.382      0.154
   182.500      4.382      0.154
   183.000      4.382      0.157
   183.500      4.382      0.162
   184.000      4.393      0.170
   184.500      4.394      0.170
   185.000      4.394      0.170
   185.500      4.394      0.170
   186.000      4.394      0.170
   186.500      4.393      0.175
   187.000      4.401      0.188
   187.500      4.406      0.190
   188.000      4.406      0.190
   188.500      4.406      0.190
   189.000      4.406      0.190
   189.500      4.406      0.190
   190.000      4.404      0.198
   190.500      4.419      0.214
   191.000      4.419      0.214
   191.500      4.419      0.214
   192.000      4.419      0.214
   192.500      4.419      0.214
   193.000      4.419      0.214
   193.500      4.427      0.237
   194.000      4.433      0.242
   194.500      4.433      0.242
   195.000      4.433      0.242
   195.500      4.433      0.242
   196.000      4.433      0.242
   196.500      4.433      0.242
   197.000      4.447      0.274
   197.500      4.447      0.274
   198.000      4.447      0.274
   198.500      4.447      0.274
   199.000      4.447      0.274
   199.500      4.447      0.274
