     0.000      1.341      0.457
     0.500      1.568      0.372
     1.000      1.822      0.255
     1.500      2.064      0.237
     2.000      2.226      0.248
     2.500      2.990      0.172
     3.000      3.063      0.160
     3.500      3.113      0.137
     4.000      3.171      0.138
     4.500      3.224      0.131
     5.000      3.284      0.139
     5.500      3.321      0.135
     6.000      3.362      0.125
     6.500      3.393      0.119
     7.000      3.427      0.112
     7.500      3.453      0.106
     8.000      3.485      0.100
     8.500      3.508      0.095
     9.000      3.534      0.091
     9.500      3.557      0.086
    10.000      3.577      0.082
    10.500      3.598      0.078
    11.000      3.615      0.073
    11.500      3.633      0.070
    12.000      3.648      0.066
    12.500      3.663      0.063
    13.000      3.677      0.060
    13.500      3.689      0.057
    14.000      3.701      0.054
    14.500      3.711      0.052
    15.000      3.721      0.050
    15.500      3.730      0.048
    16.000      3.739      0.047
    16.500      3.747      0.045
    17.000      3.754      0.043
    17.500      3.761      0.043
    18.000      3.767      0.042
    18.500      3.773      0.041
    19.000      3.778      0.040
    19.500      3.784      0.039
    20.000      3.789      0.039
    20.500      3.794      0.038
    21.000      3.799      0.038
    21.500      3.803      0.037
    22.000      3.808      0.037
    22.500      3.812      0.037
    23.000      3.817      0.037
    23.500      3.821      0.037
    24.000      3.826      0.037
    24.500      3.831      0.037
    25.000      3.836      0.036
    25.500      3.841      0.036
    26.000      3.846      0.037
    26.500      3.852      0.036
    27.000      3.858      0.037
    27.500      3.864      0.037
    28.000      3.871      0.039
    28.500      3.877      0.039
    29.000      3.885      0.041
    29.500      3.892      0.043
    30.000      3.899      0.044
    30.500      3.907      0.048
    31.000      3.914      0.048
    31.500      3.922      0.050
    32.000      3.930      0.051
    32.500      3.937      0.051
    33.000      3.944      0.052
    33.500      3.953      0.053
    34.000      3.963      0.056
    34.500      3.974      0.058
    35.000      3.985      0.060
    35.500      3.996      0.064
    36.000      4.010      0.066
    36.500      4.023      0.070
    37.000      4.037      0.075
    37.500      4.052      0.079
    38.000      4.068      0.084
    38.500      4.087      0.090
    39.000      4.101      0.095
    39.500      4.112      0.094
    40.000      4.123      0.092
    40.500      4.458      0.226
    41.000      4.484      0.227
    41.500      4.510      0.229
    42.000      4.521      0.223
    42.500      4.527      0.217
    43.000      4.527      0.209
    43.500      4.526      0.202
    44.000      4.528      0.198
    44.500      4.529      0.192
    45.000      4.531      0.187
    45.500      4.533      0.183
    46.000      4.532      0.179
    46.500      4.528      0.173
    47.000      4.525      0.167
    47.500      4.521      0.158
    48.000      4.518      0.149
    48.500      4.518      0.143
    49.000      4.524      0.144
    49.500      4.526      0.142
    50.000      4.524      0.139
    50.500      4.523      0.136
    51.000      4.520      0.131
    51.500      4.519      0.125
    52.000      4.519      0.120
    52.500      4.521      0.119
    53.000      4.522      0.118
    53.500      4.520      0.116
    54.000      4.518      0.112
    54.500      4.516      0.107
    55.000      4.512      0.101
    55.500      4.510      0.094
    56.000      4.507      0.090
    56.500      4.505      0.087
    57.000      4.502      0.084
    57.500      4.499      0.080
    58.000      4.496      0.075
    58.500      4.494      0.072
    59.000      4.493      0.069
    59.500      4.492      0.068
    60.000      4.490      0.067
    60.500      4.488      0.066
    61.000      4.486      0.065
    61.500      4.485      0.064
    62.000      4.485      0.064
    62.500      4.485      0.064
    63.000      4.484      0.064
    63.500      4.483      0.064
    64.000      4.482      0.066
    64.500      4.481      0.067
    65.000      4.482      0.068
    65.500      4.483      0.068
    66.000      4.484      0.069
    66.500      4.484      0.070
    67.000      4.483      0.071
    67.500      4.484      0.073
    68.000      4.485      0.074
    68.500      4.486      0.075
    69.000      4.488      0.076
    69.500      4.489      0.077
    70.000      4.489      0.078
    70.500      4.490      0.079
    71.000      4.492      0.080
    71.500      4.493      0.081
    72.000      4.495      0.082
    72.500      4.498      0.083
    73.000      4.499      0.083
    73.500      4.501      0.084
    74.000      4.502      0.084
    74.500      4.504      0.085
    75.000      4.506      0.086
    75.500      4.510      0.087
    76.000      4.513      0.087
    76.500      4.515      0.086
    77.000      4.517      0.087
    77.500      4.518      0.087
    78.000      4.521      0.088
    78.500      4.524      0.089
    79.000      4.528      0.088
    79.500      4.531      0.088
    80.000      4.533      0.088
    80.500      4.535      0.088
    81.000      4.537      0.089
    81.500      4.541      0.089
    82.000      4.545      0.089
    82.500      4.549      0.088
    83.000      4.552      0.088
    83.500      4.554      0.088
    84.000      4.555      0.088
    84.500      4.559      0.089
    85.000      4.564      0.089
    85.500      4.568      0.088
    86.000      4.571      0.088
    86.500      4.573      0.088
    87.000      4.575      0.088
    87.500      4.578      0.089
    88.000      4.583      0.089
    88.500      4.588      0.088
    89.000      4.591      0.088
    89.500      4.593      0.088
    90.000      4.595      0.088
    90.500      4.598      0.088
    91.000      4.602      0.089
    91.500      4.607      0.089
    92.000      4.610      0.088
    92.500      4.613      0.088
    93.000      4.615      0.088
    93.500      4.617      0.089
    94.000      4.621      0.089
    94.500      4.626      0.089
    95.000      4.629      0.089
    95.500      4.632      0.088
    96.000      4.634      0.088
    96.500      4.636      0.089
    97.000      4.639      0.089
    97.500      4.643      0.090
    98.000      4.647      0.090
    98.500      4.649      0.089
    99.000      4.651      0.089
    99.500      4.653      0.089
   100.000      4.655      0.090
   100.500      4.659      0.090
   101.000      4.663      0.091
   101.500      4.665      0.090
   102.000      4.667      0.089
   102.500      4.669      0.090
   103.000      4.671      0.090
   103.500      4.673      0.090
   104.000      4.676      0.090
   104.500      4.679      0.090
   105.000      4.681      0.089
   105.500      4.682      0.089
   106.000      4.684      0.089
   106.500      4.686      0.089
   107.000      4.688      0.090
   107.500      4.691      0.090
   108.000      4.693      0.089
   108.500      4.695      0.089
   109.000      4.695      0.088
   109.500      4.697      0.088
   110.000      4.699      0.088
   110.500      4.701      0.089
   111.000      4.703      0.088
   111.500      4.705      0.088
   112.000      4.706      0.087
   112.500      4.707      0.087
   113.000      4.708      0.086
   113.500      4.710      0.087
   114.000      4.712      0.087
   114.500      4.714      0.087
   115.000      4.714      0.086
   115.500      4.715      0.085
   116.000      4.715      0.085
   116.500      4.717      0.085
   117.000      4.719      0.086
   117.500      4.720      0.085
   118.000      4.721      0.085
   118.500      4.721      0.084
   119.000      4.722      0.084
   119.500      4.722      0.084
   120.000      4.724      0.085
   120.500      4.725      0.085
   121.000      4.726      0.084
   121.500      4.726      0.084
   122.000      4.726      0.083
   122.500      4.727      0.083
   123.000      4.727      0.084
   123.500      4.729      0.085
   124.000      4.730      0.085
   124.500      4.730      0.084
   125.000      4.730      0.084
   125.500      4.730      0.084
   126.000      4.730      0.085
   126.500      4.731      0.085
   127.000      4.731      0.086
   127.500      4.732      0.086
   128.000      4.732      0.085
   128.500      4.732      0.085
   129.000      4.731      0.086
   129.500      4.731      0.087
   130.000      4.731      0.088
   130.500      4.732      0.089
   131.000      4.732      0.088
   131.500      4.733      0.088
   132.000      4.731      0.089
   132.500      4.731      0.090
   133.000      4.730      0.092
   133.500      4.731      0.093
   134.000      4.731      0.092
   134.500      4.731      0.092
   135.000      4.731      0.092
   135.500      4.729      0.094
   136.000      4.728      0.095
   136.500      4.728      0.097
   137.000      4.728      0.098
   137.500      4.729      0.097
   138.000      4.728      0.098
   138.500      4.727      0.098
   139.000      4.726      0.100
   139.500      4.724      0.102
   140.000      4.724      0.104
   140.500      4.725      0.103
   141.000      4.724      0.104
   141.500      4.723      0.104
   142.000      4.722      0.105
   142.500      4.720      0.108
   143.000      4.719      0.109
   143.500      4.720      0.110
   144.000      4.719      0.110
   144.500      4.718      0.110
   145.000      4.717      0.111
   145.500      4.715      0.113
   146.000      4.713      0.115
   146.500      4.713      0.116
   147.000      4.712      0.117
   147.500      4.712      0.117
   148.000      4.711      0.117
   148.500      4.709      0.119
   149.000      4.706      0.120
   149.500      4.706      0.122
   150.000      4.705      0.123
   150.500      4.704      0.123
   151.000      4.704      0.123
   151.500      4.702      0.125
   152.000      4.699      0.126
   152.500      4.697      0.127
   153.000      4.696      0.128
   153.500      4.696      0.129
   154.000      4.695      0.129
   154.500      4.694      0.130
   155.000      4.692      0.131
   155.500      4.688      0.131
   156.000      4.687      0.132
   156.500      4.686      0.134
   157.000      4.685      0.134
   157.500      4.685      0.134
   158.000      4.683      0.135
   158.500      4.679      0.135
   159.000      4.676      0.136
   159.500      4.676      0.137
   160.000      4.675      0.137
   160.500      4.674      0.138
   161.000      4.673      0.139
   161.500      4.670      0.139
   162.000      4.665      0.138
   162.500      4.664      0.139
   163.000      4.663      0.140
   163.500      4.663      0.140
   164.000      4.662      0.140
   164.500      4.659      0.142
   165.000      4.653      0.141
   165.500      4.651      0.140
   166.000      4.651      0.141
   166.500      4.651      0.141
   167.000      4.649      0.141
   167.500      4.648      0.143
   168.000      4.643      0.142
   168.500      4.638      0.141
   169.000      4.638      0.141
   169.500      4.638      0.141
   170.000      4.636      0.141
   170.500      4.635      0.142
   171.000      4.633      0.143
   171.500      4.624      0.140
   172.000      4.623      0.141
   172.500      4.623      0.140
   173.000      4.623      0.140
   173.500      4.622      0.141
   174.000      4.621      0.142
   174.500      4.612      0.141
   175.000      4.608      0.139
   175.500      4.608      0.140
   176.000      4.608      0.139
   176.500      4.607      0.140
   177.000      4.607      0.140
   177.500      4.603      0.140
   178.000      4.592      0.139
   178.500      4.592      0.139
   179.000      4.592      0.138
   179.500      4.592      0.140
   180.000      4.592      0.139
   180.500      4.592      0.139
   181.000      4.578      0.140
   181.500      4.575      0.140
   182.000      4.576      0.139
   182.500      4.576      0.140
   183.000      4.577      0.141
   183.500      4.577      0.140
   184.000      4.569      0.143
   184.500      4.558      0.144
   185.000      4.559      0.143
   185.500      4.559      0.144
   186.000      4.559      0.144
   186.500      4.561      0.145
   187.000      4.561      0.145
   187.500      4.541      0.152
   188.000      4.542      0.153
   188.500      4.542      0.153
   189.000      4.542      0.153
   189.500      4.542      0.153
   190.000      4.545      0.156
   190.500      4.526      0.167
   191.000      4.525      0.168
   191.500      4.525      0.169
   192.000      4.525      0.169
   192.500      4.525      0.169
   193.000      4.525      0.169
   193.500      4.528      0.173
   194.000      4.507      0.192
   194.500      4.508      0.192
   195.000      4.508      0.192
   195.500      4.508      0.192
   196.000      4.508      0.192
   196.500      4.508      0.192
   197.000      4.489      0.222
   197.500      4.490      0.223
   198.000      4.490      0.223
   198.500      4.490      0.223
   199.000      4.490      0.223
   199.500      4.490      0.223
