     0.000      1.447      0.477
     0.500      1.718      0.431
     1.000      1.853      0.333
     1.500      1.941      0.232
     2.000      2.883      0.182
     2.500      2.906      0.172
     3.000      3.001      0.184
     3.500      3.041      0.163
     4.000      3.090      0.153
     4.500      3.121      0.142
     5.000      3.162      0.136
     5.500      3.193      0.131
     6.000      3.226      0.126
     6.500      3.255      0.124
     7.000      3.283      0.119
     7.500      3.312      0.118
     8.000      3.335      0.113
     8.500      3.361      0.111
     9.000      3.382      0.105
     9.500      3.404      0.102
    10.000      3.423      0.096
    10.500      3.442      0.091
    11.000      3.459      0.085
    11.500      3.476      0.079
    12.000      3.492      0.073
    12.500      3.507      0.067
    13.000      3.521      0.062
    13.500      3.536      0.056
    14.000      3.549      0.052
    14.500      3.562      0.048
    15.000      3.574      0.044
    15.500      3.586      0.042
    16.000      3.598      0.039
    16.500      3.610      0.038
    17.000      3.621      0.036
    17.500      3.632      0.035
    18.000      3.642      0.034
    18.500      3.652      0.034
    19.000      3.662      0.033
    19.500      3.672      0.032
    20.000      3.682      0.030
    20.500      3.691      0.030
    21.000      3.701      0.028
    21.500      3.710      0.027
    22.000      3.720      0.026
    22.500      3.728      0.025
    23.000      3.737      0.024
    23.500      3.747      0.023
    24.000      3.755      0.022
    24.500      3.765      0.022
    25.000      3.772      0.021
    25.500      3.782      0.022
    26.000      3.790      0.023
    26.500      3.800      0.025
    27.000      3.808      0.027
    27.500      3.817      0.029
    28.000      3.826      0.031
    28.500      3.835      0.033
    29.000      3.845      0.036
    29.500      3.854      0.038
    30.000      3.863      0.042
    30.500      3.873      0.044
    31.000      3.883      0.047
    31.500      3.893      0.049
    32.000      3.903      0.052
    32.500      3.913      0.054
    33.000      3.924      0.056
    33.500      3.934      0.059
    34.000      3.945      0.061
    34.500      3.956      0.063
    35.000      3.968      0.065
    35.500      3.980      0.067
    36.000      3.993      0.069
    36.500      4.006      0.072
    37.000      4.020      0.074
    37.500      4.037      0.076
    38.000      4.052      0.079
    38.500      4.070      0.078
    39.000      4.085      0.077
    39.500      4.100      0.077
    40.000      4.121      0.076
    40.500      4.146      0.075
    41.000      4.348      0.192
    41.500      4.368      0.183
    42.000      4.391      0.177
    42.500      4.411      0.172
    43.000      4.425      0.170
    43.500      4.430      0.164
    44.000      4.436      0.155
    44.500      4.442      0.148
    45.000      4.451      0.138
    45.500      4.460      0.128
    46.000      4.463      0.122
    46.500      4.464      0.119
    47.000      4.470      0.112
    47.500      4.477      0.105
    48.000      4.486      0.102
    48.500      4.494      0.095
    49.000      4.500      0.089
    49.500      4.505      0.085
    50.000      4.509      0.082
    50.500      4.515      0.077
    51.000      4.521      0.074
    51.500      4.529      0.073
    52.000      4.536      0.071
    52.500      4.541      0.068
    53.000      4.545      0.068
    53.500      4.549      0.066
    54.000      4.555      0.063
    54.500      4.562      0.065
    55.000      4.568      0.066
    55.500      4.574      0.066
    56.000      4.577      0.067
    56.500      4.581      0.067
    57.000      4.586      0.066
    57.500      4.591      0.066
    58.000      4.597      0.068
    58.500      4.602      0.069
    59.000      4.606      0.070
    59.500      4.609      0.071
    60.000      4.613      0.071
    60.500      4.618      0.071
    61.000      4.623      0.072
    61.500      4.628      0.073
    62.000      4.632      0.074
    62.500      4.635      0.075
    63.000      4.638      0.075
    63.500      4.642      0.074
    64.000      4.647      0.075
    64.500      4.651      0.076
    65.000      4.655      0.076
    65.500      4.658      0.076
    66.000      4.660      0.075
    66.500      4.664      0.075
    67.000      4.667      0.075
    67.500      4.671      0.075
    68.000      4.675      0.075
    68.500      4.678      0.074
    69.000      4.680      0.073
    69.500      4.682      0.072
    70.000      4.686      0.072
    70.500      4.689      0.072
    71.000      4.692      0.071
    71.500      4.695      0.070
    72.000      4.697      0.068
    72.500      4.699      0.067
    73.000      4.701      0.067
    73.500      4.705      0.067
    74.000      4.707      0.066
    74.500      4.709      0.064
    75.000      4.712      0.062
    75.500      4.714      0.061
    76.000      4.715      0.060
    76.500      4.718      0.060
    77.000      4.720      0.060
    77.500      4.722      0.058
    78.000      4.724      0.056
    78.500      4.726      0.054
    79.000      4.727      0.054
    79.500      4.729      0.054
    80.000      4.731      0.054
    80.500      4.733      0.053
    81.000      4.734      0.051
    81.500      4.736      0.050
    82.000      4.737      0.049
    82.500      4.739      0.049
    83.000      4.741      0.050
    83.500      4.742      0.050
    84.000      4.743      0.049
    84.500      4.744      0.048
    85.000      4.746      0.048
    85.500      4.747      0.048
    86.000      4.748      0.049
    86.500      4.750      0.050
    87.000      4.750      0.050
    87.500      4.751      0.050
    88.000      4.752      0.051
    88.500      4.753      0.051
    89.000      4.754      0.052
    89.500      4.755      0.053
    90.000      4.756      0.054
    90.500      4.757      0.055
    91.000      4.757      0.056
    91.500      4.758      0.057
    92.000      4.759      0.057
    92.500      4.760      0.058
    93.000      4.761      0.059
    93.500      4.761      0.060
    94.000      4.762      0.061
    94.500      4.762      0.062
    95.000      4.763      0.063
    95.500      4.763      0.064
    96.000      4.764      0.065
    96.500      4.765      0.065
    97.000      4.765      0.067
    97.500      4.765      0.068
    98.000      4.766      0.068
    98.500      4.766      0.069
    99.000      4.766      0.069
    99.500      4.767      0.070
   100.000      4.767      0.071
   100.500      4.767      0.071
   101.000      4.767      0.072
   101.500      4.767      0.073
   102.000      4.768      0.073
   102.500      4.768      0.073
   103.000      4.768      0.073
   103.500      4.768      0.074
   104.000      4.768      0.074
   104.500      4.768      0.075
   105.000      4.768      0.075
   105.500      4.769      0.075
   106.000      4.769      0.075
   106.500      4.769      0.075
   107.000      4.769      0.075
   107.500      4.769      0.075
   108.000      4.768      0.076
   108.500      4.768      0.076
   109.000      4.768      0.075
   109.500      4.768      0.075
   110.000      4.768      0.075
   110.500      4.768      0.075
   111.000      4.767      0.075
   111.500      4.767      0.075
   112.000      4.767      0.075
   112.500      4.767      0.075
   113.000      4.767      0.074
   113.500      4.767      0.074
   114.000      4.766      0.074
   114.500      4.766      0.074
   115.000      4.766      0.073
   115.500      4.765      0.073
   116.000      4.765      0.073
   116.500      4.765      0.072
   117.000      4.764      0.072
   117.500      4.764      0.072
   118.000      4.763      0.072
   118.500      4.763      0.071
   119.000      4.762      0.071
   119.500      4.762      0.071
   120.000      4.762      0.070
   120.500      4.761      0.070
   121.000      4.760      0.070
   121.500      4.760      0.069
   122.000      4.759      0.069
   122.500      4.759      0.069
   123.000      4.759      0.069
   123.500      4.758      0.069
   124.000      4.757      0.068
   124.500      4.756      0.068
   125.000      4.756      0.068
   125.500      4.755      0.068
   126.000      4.755      0.068
   126.500      4.754      0.068
   127.000      4.753      0.068
   127.500      4.752      0.067
   128.000      4.752      0.067
   128.500      4.751      0.067
   129.000      4.751      0.068
   129.500      4.750      0.068
   130.000      4.749      0.068
   130.500      4.748      0.067
   131.000      4.747      0.067
   131.500      4.747      0.068
   132.000      4.746      0.068
   132.500      4.746      0.069
   133.000      4.745      0.069
   133.500      4.743      0.069
   134.000      4.742      0.069
   134.500      4.742      0.069
   135.000      4.741      0.070
   135.500      4.741      0.071
   136.000      4.740      0.072
   136.500      4.739      0.072
   137.000      4.737      0.072
   137.500      4.736      0.073
   138.000      4.736      0.073
   138.500      4.735      0.074
   139.000      4.735      0.075
   139.500      4.734      0.076
   140.000      4.732      0.077
   140.500      4.731      0.077
   141.000      4.731      0.077
   141.500      4.730      0.078
   142.000      4.730      0.079
   142.500      4.729      0.081
   143.000      4.727      0.081
   143.500      4.726      0.082
   144.000      4.725      0.082
   144.500      4.725      0.082
   145.000      4.724      0.084
   145.500      4.724      0.085
   146.000      4.722      0.087
   146.500      4.720      0.087
   147.000      4.720      0.087
   147.500      4.720      0.088
   148.000      4.718      0.088
   148.500      4.718      0.090
   149.000      4.716      0.092
   149.500      4.714      0.093
   150.000      4.714      0.093
   150.500      4.714      0.093
   151.000      4.713      0.093
   151.500      4.712      0.094
   152.000      4.711      0.096
   152.500      4.709      0.098
   153.000      4.708      0.098
   153.500      4.708      0.098
   154.000      4.708      0.098
   154.500      4.707      0.099
   155.000      4.706      0.100
   155.500      4.704      0.102
   156.000      4.702      0.103
   156.500      4.702      0.103
   157.000      4.702      0.103
   157.500      4.701      0.102
   158.000      4.700      0.104
   158.500      4.699      0.105
   159.000      4.697      0.107
   159.500      4.696      0.107
   160.000      4.697      0.107
   160.500      4.696      0.106
   161.000      4.695      0.107
   161.500      4.694      0.107
   162.000      4.692      0.109
   162.500      4.691      0.109
   163.000      4.691      0.110
   163.500      4.690      0.109
   164.000      4.690      0.109
   164.500      4.689      0.109
   165.000      4.688      0.110
   165.500      4.686      0.111
   166.000      4.686      0.111
   166.500      4.685      0.111
   167.000      4.685      0.111
   167.500      4.685      0.111
   168.000      4.683      0.110
   168.500      4.681      0.112
   169.000      4.681      0.112
   169.500      4.680      0.111
   170.000      4.680      0.111
   170.500      4.680      0.111
   171.000      4.679      0.110
   171.500      4.677      0.110
   172.000      4.677      0.111
   172.500      4.676      0.111
   173.000      4.675      0.111
   173.500      4.675      0.111
   174.000      4.676      0.111
   174.500      4.674      0.108
   175.000      4.672      0.110
   175.500      4.672      0.110
   176.000      4.671      0.110
   176.500      4.671      0.110
   177.000      4.672      0.110
   177.500      4.671      0.107
   178.000      4.669      0.109
   178.500      4.669      0.109
   179.000      4.667      0.109
   179.500      4.667      0.109
   180.000      4.668      0.109
   180.500      4.669      0.109
   181.000      4.667      0.108
   181.500      4.666      0.109
   182.000      4.664      0.110
   182.500      4.664      0.110
   183.000      4.664      0.110
   183.500      4.665      0.110
   184.000      4.665      0.108
   184.500      4.664      0.112
   185.000      4.662      0.113
   185.500      4.662      0.113
   186.000      4.662      0.113
   186.500      4.662      0.113
   187.000      4.664      0.113
   187.500      4.663      0.118
   188.000      4.660      0.120
   188.500      4.660      0.120
   189.000      4.660      0.120
   189.500      4.660      0.120
   190.000      4.661      0.120
   190.500      4.662      0.128
   191.000      4.660      0.133
   191.500      4.660      0.133
   192.000      4.660      0.133
   192.500      4.660      0.133
   193.000      4.660      0.133
   193.500      4.663      0.136
   194.000      4.660      0.153
   194.500      4.660      0.153
   195.000      4.660      0.153
   195.500      4.660      0.153
   196.000      4.660      0.153
   196.500      4.660      0.153
   197.000      4.661      0.180
   197.500      4.661      0.180
   198.000      4.661      0.180
   198.500      4.661      0.180
   199.000      4.661      0.180
   199.500      4.661      0.180
