     0.000      1.507      0.461
     0.500      3.588      0.199
     1.000      3.595      0.188
     1.500      3.597      0.182
     2.000      3.566      0.145
     2.500      3.550      0.120
     3.000      3.554      0.112
     3.500      3.540      0.105
     4.000      3.518      0.079
     4.500      3.515      0.070
     5.000      3.508      0.068
     5.500      3.491      0.064
     6.000      3.483      0.057
     6.500      3.478      0.057
     7.000      3.469      0.058
     7.500      3.458      0.062
     8.000      3.452      0.060
     8.500      3.448      0.061
     9.000      3.439      0.067
     9.500      3.432      0.066
    10.000      3.430      0.066
    10.500      3.424      0.065
    11.000      3.418      0.068
    11.500      3.415      0.067
    12.000      3.411      0.064
    12.500      3.408      0.065
    13.000      3.405      0.064
    13.500      3.403      0.062
    14.000      3.401      0.061
    14.500      3.400      0.059
    15.000      3.398      0.058
    15.500      3.398      0.056
    16.000      3.398      0.054
    16.500      3.398      0.053
    17.000      3.399      0.052
    17.500      3.400      0.051
    18.000      3.402      0.049
    18.500      3.404      0.048
    19.000      3.406      0.047
    19.500      3.409      0.045
    20.000      3.412      0.044
    20.500      3.415      0.043
    21.000      3.419      0.042
    21.500      3.423      0.040
    22.000      3.426      0.039
    22.500      3.430      0.038
    23.000      3.435      0.036
    23.500      3.440      0.035
    24.000      3.443      0.033
    24.500      3.448      0.032
    25.000      3.454      0.031
    25.500      3.457      0.030
    26.000      3.463      0.028
    26.500      3.468      0.028
    27.000      3.472      0.028
    27.500      3.477      0.028
    28.000      3.482      0.028
    28.500      3.487      0.029
    29.000      3.492      0.030
    29.500      3.497      0.031
    30.000      3.502      0.034
    30.500      3.508      0.036
    31.000      3.513      0.038
    31.500      3.517      0.040
    32.000      3.523      0.043
    32.500      3.528      0.046
    33.000      3.532      0.048
    33.500      3.537      0.051
    34.000      3.543      0.054
    34.500      3.548      0.056
    35.000      3.552      0.058
    35.500      3.557      0.061
    36.000      3.562      0.063
    36.500      3.566      0.065
    37.000      3.571      0.067
    37.500      3.576      0.068
    38.000      3.580      0.069
    38.500      3.584      0.070
    39.000      3.588      0.071
    39.500      3.592      0.072
    40.000      3.596      0.072
    40.500      3.600      0.072
    41.000      3.604      0.072
    41.500      3.607      0.071
    42.000      3.610      0.071
    42.500      3.614      0.070
    43.000      3.617      0.070
    43.500      3.620      0.070
    44.000      3.623      0.069
    44.500      3.625      0.070
    45.000      3.626      0.070
    45.500      3.627      0.072
    46.000      3.629      0.074
    46.500      3.630      0.076
    47.000      3.630      0.081
    47.500      3.630      0.086
    48.000      3.629      0.093
    48.500      3.631      0.098
    49.000      3.636      0.100
    49.500      3.645      0.092
    50.000      3.653      0.091
    50.500      3.656      0.095
    51.000      3.662      0.096
    51.500      3.672      0.091
    52.000      3.678      0.087
    52.500      3.682      0.083
    53.000      3.687      0.085
    53.500      3.693      0.087
    54.000      3.698      0.092
    54.500      3.707      0.096
    55.000      3.714      0.094
    55.500      3.718      0.090
    56.000      3.722      0.087
    56.500      3.727      0.091
    57.000      3.729      0.099
    57.500      3.733      0.109
    58.000      3.736      0.119
    58.500      3.739      0.127
    59.000      4.097      0.319
    59.500      4.106      0.317
    60.000      4.116      0.311
    60.500      4.133      0.301
    61.000      4.140      0.292
    61.500      4.137      0.279
    62.000      4.138      0.267
    62.500      4.142      0.261
    63.000      4.142      0.255
    63.500      4.139      0.249
    64.000      4.143      0.239
    64.500      4.157      0.239
    65.000      4.174      0.238
    65.500      4.179      0.231
    66.000      4.181      0.221
    66.500      4.188      0.215
    67.000      4.199      0.211
    67.500      4.208      0.206
    68.000      4.227      0.204
    68.500      4.243      0.201
    69.000      4.254      0.201
    69.500      4.262      0.199
    70.000      4.270      0.195
    70.500      4.281      0.193
    71.000      4.289      0.191
    71.500      4.293      0.184
    72.000      4.298      0.179
    72.500      4.301      0.174
    73.000      4.302      0.171
    73.500      4.305      0.166
    74.000      4.308      0.164
    74.500      4.310      0.162
    75.000      4.311      0.160
    75.500      4.316      0.160
    76.000      4.318      0.158
    76.500      4.321      0.158
    77.000      4.324      0.159
    77.500      4.327      0.160
    78.000      4.329      0.162
    78.500      4.331      0.163
    79.000      4.335      0.164
    79.500      4.338      0.165
    80.000      4.342      0.166
    80.500      4.345      0.168
    81.000      4.347      0.171
    81.500      4.349      0.172
    82.000      4.352      0.173
    82.500      4.355      0.174
    83.000      4.359      0.175
    83.500      4.363      0.177
    84.000      4.367      0.178
    84.500      4.369      0.180
    85.000      4.371      0.180
    85.500      4.374      0.181
    86.000      4.377      0.181
    86.500      4.380      0.181
    87.000      4.385      0.182
    87.500      4.389      0.182
    88.000      4.391      0.182
    88.500      4.394      0.182
    89.000      4.396      0.181
    89.500      4.399      0.181
    90.000      4.402      0.181
    90.500      4.407      0.180
    91.000      4.411      0.179
    91.500      4.414      0.178
    92.000      4.417      0.176
    92.500      4.419      0.175
    93.000      4.421      0.173
    93.500      4.424      0.173
    94.000      4.428      0.171
    94.500      4.433      0.169
    95.000      4.437      0.167
    95.500      4.440      0.164
    96.000      4.441      0.162
    96.500      4.444      0.160
    97.000      4.446      0.159
    97.500      4.449      0.156
    98.000      4.454      0.154
    98.500      4.458      0.151
    99.000      4.462      0.148
    99.500      4.463      0.145
   100.000      4.465      0.143
   100.500      4.468      0.141
   101.000      4.471      0.138
   101.500      4.474      0.135
   102.000      4.478      0.133
   102.500      4.482      0.129
   103.000      4.484      0.126
   103.500      4.486      0.124
   104.000      4.488      0.122
   104.500      4.491      0.119
   105.000      4.493      0.116
   105.500      4.497      0.114
   106.000      4.500      0.111
   106.500      4.503      0.107
   107.000      4.505      0.105
   107.500      4.507      0.103
   108.000      4.509      0.101
   108.500      4.511      0.099
   109.000      4.514      0.097
   109.500      4.517      0.094
   110.000      4.520      0.092
   110.500      4.522      0.090
   111.000      4.524      0.088
   111.500      4.526      0.087
   112.000      4.528      0.086
   112.500      4.529      0.085
   113.000      4.532      0.083
   113.500      4.534      0.082
   114.000      4.537      0.081
   114.500      4.539      0.079
   115.000      4.541      0.079
   115.500      4.542      0.079
   116.000      4.543      0.078
   116.500      4.544      0.078
   117.000      4.547      0.078
   117.500      4.551      0.077
   118.000      4.552      0.078
   118.500      4.554      0.078
   119.000      4.555      0.079
   119.500      4.555      0.079
   120.000      4.556      0.080
   120.500      4.558      0.081
   121.000      4.561      0.082
   121.500      4.564      0.083
   122.000      4.564      0.085
   122.500      4.565      0.086
   123.000      4.566      0.087
   123.500      4.566      0.088
   124.000      4.567      0.089
   124.500      4.570      0.091
   125.000      4.573      0.094
   125.500      4.573      0.096
   126.000      4.574      0.098
   126.500      4.574      0.098
   127.000      4.574      0.100
   127.500      4.575      0.102
   128.000      4.577      0.104
   128.500      4.580      0.107
   129.000      4.581      0.110
   129.500      4.581      0.111
   130.000      4.582      0.112
   130.500      4.582      0.114
   131.000      4.582      0.116
   131.500      4.583      0.118
   132.000      4.585      0.121
   132.500      4.587      0.124
   133.000      4.587      0.126
   133.500      4.587      0.128
   134.000      4.588      0.130
   134.500      4.588      0.132
   135.000      4.589      0.134
   135.500      4.589      0.136
   136.000      4.590      0.139
   136.500      4.592      0.141
   137.000      4.592      0.143
   137.500      4.593      0.145
   138.000      4.593      0.147
   138.500      4.592      0.149
   139.000      4.592      0.151
   139.500      4.593      0.153
   140.000      4.595      0.155
   140.500      4.596      0.157
   141.000      4.596      0.160
   141.500      4.596      0.162
   142.000      4.595      0.164
   142.500      4.595      0.165
   143.000      4.596      0.166
   143.500      4.597      0.168
   144.000      4.598      0.172
   144.500      4.599      0.174
   145.000      4.598      0.176
   145.500      4.597      0.177
   146.000      4.597      0.178
   146.500      4.597      0.178
   147.000      4.598      0.180
   147.500      4.600      0.184
   148.000      4.600      0.186
   148.500      4.600      0.188
   149.000      4.599      0.189
   149.500      4.598      0.189
   150.000      4.598      0.189
   150.500      4.599      0.191
   151.000      4.600      0.194
   151.500      4.601      0.197
   152.000      4.600      0.198
   152.500      4.600      0.198
   153.000      4.599      0.198
   153.500      4.599      0.199
   154.000      4.599      0.200
   154.500      4.600      0.201
   155.000      4.600      0.204
   155.500      4.600      0.205
   156.000      4.600      0.205
   156.500      4.600      0.205
   157.000      4.599      0.206
   157.500      4.599      0.206
   158.000      4.599      0.207
   158.500      4.599      0.209
   159.000      4.599      0.210
   159.500      4.599      0.210
   160.000      4.600      0.210
   160.500      4.599      0.210
   161.000      4.599      0.210
   161.500      4.598      0.211
   162.000      4.598      0.211
   162.500      4.598      0.211
   163.000      4.599      0.211
   163.500      4.599      0.211
   164.000      4.599      0.211
   164.500      4.598      0.211
   165.000      4.598      0.211
   165.500      4.598      0.210
   166.000      4.598      0.210
   166.500      4.598      0.210
   167.000      4.598      0.209
   167.500      4.598      0.208
   168.000      4.597      0.208
   168.500      4.597      0.208
   169.000      4.597      0.207
   169.500      4.597      0.207
   170.000      4.597      0.205
   170.500      4.598      0.203
   171.000      4.597      0.202
   171.500      4.596      0.202
   172.000      4.596      0.202
   172.500      4.597      0.201
   173.000      4.597      0.200
   173.500      4.598      0.197
   174.000      4.597      0.193
   174.500      4.596      0.193
   175.000      4.595      0.193
   175.500      4.595      0.193
   176.000      4.596      0.192
   176.500      4.598      0.190
   177.000      4.599      0.186
   177.500      4.595      0.182
   178.000      4.595      0.182
   178.500      4.594      0.181
   179.000      4.594      0.181
   179.500      4.596      0.179
   180.000      4.598      0.178
   180.500      4.600      0.172
   181.000      4.598      0.171
   181.500      4.595      0.168
   182.000      4.594      0.168
   182.500      4.594      0.168
   183.000      4.596      0.166
   183.500      4.599      0.162
   184.000      4.598      0.159
   184.500      4.600      0.159
   185.000      4.595      0.155
   185.500      4.595      0.155
   186.000      4.593      0.155
   186.500      4.598      0.153
   187.000      4.601      0.148
   187.500      4.600      0.149
   188.000      4.600      0.149
   188.500      4.601      0.149
   189.000      4.595      0.146
   189.500      4.594      0.148
   190.000      4.602      0.147
   190.500      4.602      0.147
   191.000      4.602      0.147
   191.500      4.602      0.147
   192.000      4.602      0.147
   192.500      4.597      0.148
   193.000      4.595      0.151
   193.500      4.605      0.157
   194.000      4.604      0.159
   194.500      4.604      0.159
   195.000      4.604      0.159
   195.500      4.604      0.159
   196.000      4.604      0.159
   196.500      4.597      0.169
   197.000      4.608      0.188
   197.500      4.608      0.188
   198.000      4.608      0.188
   198.500      4.608      0.188
   199.000      4.608      0.188
   199.500      4.608      0.188
