     0.000      1.329      0.537
     0.500      3.284      0.295
     1.000      3.357      0.296
     1.500      3.375      0.274
     2.000      3.400      0.212
     2.500      3.403      0.194
     3.000      3.421      0.169
     3.500      3.430      0.128
     4.000      3.439      0.109
     4.500      3.450      0.091
     5.000      3.454      0.066
     5.500      3.462      0.052
     6.000      3.466      0.045
     6.500      3.467      0.042
     7.000      3.473      0.043
     7.500      3.474      0.047
     8.000      3.473      0.056
     8.500      3.475      0.062
     9.000      3.473      0.066
     9.500      3.471      0.074
    10.000      3.469      0.078
    10.500      3.467      0.080
    11.000      3.463      0.084
    11.500      3.458      0.085
    12.000      3.455      0.085
    12.500      3.449      0.085
    13.000      3.445      0.085
    13.500      3.439      0.082
    14.000      3.433      0.081
    14.500      3.428      0.078
    15.000      3.422      0.075
    15.500      3.416      0.072
    16.000      3.410      0.068
    16.500      3.404      0.064
    17.000      3.398      0.061
    17.500      3.393      0.057
    18.000      3.387      0.054
    18.500      3.382      0.050
    19.000      3.378      0.047
    19.500      3.372      0.044
    20.000      3.368      0.040
    20.500      3.365      0.039
    21.000      3.361      0.037
    21.500      3.357      0.034
    22.000      3.355      0.033
    22.500      3.352      0.031
    23.000      3.350      0.030
    23.500      3.348      0.029
    24.000      3.346      0.028
    24.500      3.345      0.028
    25.000      3.344      0.026
    25.500      3.343      0.026
    26.000      3.343      0.026
    26.500      3.343      0.025
    27.000      3.344      0.025
    27.500      3.344      0.025
    28.000      3.345      0.025
    28.500      3.346      0.025
    29.000      3.348      0.025
    29.500      3.349      0.025
    30.000      3.351      0.026
    30.500      3.354      0.027
    31.000      3.356      0.027
    31.500      3.359      0.028
    32.000      3.362      0.030
    32.500      3.365      0.031
    33.000      3.368      0.032
    33.500      3.372      0.034
    34.000      3.376      0.035
    34.500      3.380      0.037
    35.000      3.384      0.039
    35.500      3.389      0.041
    36.000      3.393      0.043
    36.500      3.398      0.045
    37.000      3.403      0.047
    37.500      3.408      0.050
    38.000      3.414      0.052
    38.500      3.419      0.054
    39.000      3.425      0.057
    39.500      3.430      0.059
    40.000      3.436      0.062
    40.500      3.442      0.065
    41.000      3.449      0.068
    41.500      3.455      0.071
    42.000      3.461      0.075
    42.500      3.468      0.078
    43.000      3.474      0.082
    43.500      3.481      0.086
    44.000      3.488      0.090
    44.500      3.495      0.095
    45.000      3.502      0.099
    45.500      3.509      0.105
    46.000      3.516      0.110
    46.500      3.524      0.114
    47.000      3.535      0.116
    47.500      3.549      0.113
    48.000      3.562      0.111
    48.500      3.573      0.115
    49.000      3.582      0.119
    49.500      3.591      0.127
    50.000      3.599      0.135
    50.500      3.607      0.143
    51.000      3.615      0.154
    51.500      3.623      0.163
    52.000      3.629      0.168
    52.500      3.636      0.168
    53.000      3.649      0.169
    53.500      3.666      0.173
    54.000      3.688      0.172
    54.500      3.710      0.174
    55.000      3.734      0.176
    55.500      3.755      0.179
    56.000      3.777      0.177
    56.500      3.790      0.181
    57.000      4.288      0.229
    57.500      4.296      0.229
    58.000      4.305      0.230
    58.500      4.318      0.239
    59.000      4.333      0.251
    59.500      4.352      0.260
    60.000      4.369      0.272
    60.500      4.384      0.279
    61.000      4.399      0.285
    61.500      4.411      0.284
    62.000      4.424      0.280
    62.500      4.434      0.271
    63.000      4.439      0.261
    63.500      4.442      0.247
    64.000      4.442      0.237
    64.500      4.442      0.228
    65.000      4.444      0.224
    65.500      4.447      0.218
    66.000      4.450      0.211
    66.500      4.453      0.205
    67.000      4.453      0.198
    67.500      4.453      0.191
    68.000      4.451      0.187
    68.500      4.451      0.184
    69.000      4.452      0.183
    69.500      4.453      0.180
    70.000      4.452      0.177
    70.500      4.451      0.172
    71.000      4.450      0.168
    71.500      4.447      0.164
    72.000      4.446      0.162
    72.500      4.444      0.160
    73.000      4.443      0.158
    73.500      4.441      0.157
    74.000      4.440      0.157
    74.500      4.440      0.156
    75.000      4.440      0.155
    75.500      4.439      0.155
    76.000      4.438      0.155
    76.500      4.437      0.155
    77.000      4.436      0.157
    77.500      4.436      0.159
    78.000      4.436      0.160
    78.500      4.437      0.161
    79.000      4.437      0.161
    79.500      4.437      0.161
    80.000      4.436      0.163
    80.500      4.436      0.165
    81.000      4.437      0.167
    81.500      4.437      0.169
    82.000      4.439      0.170
    82.500      4.441      0.170
    83.000      4.441      0.170
    83.500      4.441      0.172
    84.000      4.441      0.173
    84.500      4.442      0.175
    85.000      4.443      0.176
    85.500      4.445      0.176
    86.000      4.448      0.176
    86.500      4.449      0.177
    87.000      4.449      0.177
    87.500      4.450      0.178
    88.000      4.451      0.179
    88.500      4.453      0.179
    89.000      4.455      0.179
    89.500      4.458      0.179
    90.000      4.460      0.179
    90.500      4.461      0.179
    91.000      4.462      0.179
    91.500      4.463      0.179
    92.000      4.465      0.178
    92.500      4.467      0.178
    93.000      4.470      0.177
    93.500      4.473      0.177
    94.000      4.475      0.177
    94.500      4.476      0.177
    95.000      4.478      0.175
    95.500      4.480      0.174
    96.000      4.482      0.173
    96.500      4.485      0.173
    97.000      4.488      0.173
    97.500      4.490      0.172
    98.000      4.492      0.172
    98.500      4.494      0.170
    99.000      4.497      0.168
    99.500      4.499      0.167
   100.000      4.501      0.166
   100.500      4.504      0.166
   101.000      4.506      0.166
   101.500      4.509      0.165
   102.000      4.511      0.163
   102.500      4.514      0.161
   103.000      4.516      0.159
   103.500      4.518      0.159
   104.000      4.521      0.159
   104.500      4.523      0.159
   105.000      4.526      0.158
   105.500      4.529      0.156
   106.000      4.531      0.154
   106.500      4.533      0.152
   107.000      4.535      0.152
   107.500      4.537      0.152
   108.000      4.540      0.152
   108.500      4.542      0.151
   109.000      4.545      0.149
   109.500      4.548      0.147
   110.000      4.550      0.146
   110.500      4.552      0.145
   111.000      4.553      0.145
   111.500      4.555      0.145
   112.000      4.558      0.144
   112.500      4.560      0.142
   113.000      4.563      0.141
   113.500      4.565      0.140
   114.000      4.567      0.140
   114.500      4.569      0.139
   115.000      4.570      0.139
   115.500      4.572      0.139
   116.000      4.574      0.137
   116.500      4.577      0.136
   117.000      4.580      0.135
   117.500      4.581      0.135
   118.000      4.583      0.135
   118.500      4.584      0.134
   119.000      4.586      0.134
   119.500      4.587      0.133
   120.000      4.590      0.132
   120.500      4.592      0.132
   121.000      4.594      0.131
   121.500      4.596      0.131
   122.000      4.597      0.131
   122.500      4.598      0.131
   123.000      4.599      0.130
   123.500      4.601      0.130
   124.000      4.604      0.130
   124.500      4.605      0.129
   125.000      4.607      0.129
   125.500      4.608      0.129
   126.000      4.609      0.129
   126.500      4.610      0.129
   127.000      4.611      0.130
   127.500      4.613      0.130
   128.000      4.615      0.129
   128.500      4.616      0.129
   129.000      4.617      0.129
   129.500      4.618      0.130
   130.000      4.619      0.130
   130.500      4.620      0.131
   131.000      4.622      0.132
   131.500      4.623      0.131
   132.000      4.624      0.131
   132.500      4.625      0.132
   133.000      4.625      0.133
   133.500      4.626      0.134
   134.000      4.628      0.134
   134.500      4.628      0.135
   135.000      4.629      0.135
   135.500      4.630      0.135
   136.000      4.631      0.136
   136.500      4.631      0.138
   137.000      4.632      0.139
   137.500      4.633      0.140
   138.000      4.634      0.140
   138.500      4.634      0.141
   139.000      4.634      0.141
   139.500      4.635      0.143
   140.000      4.635      0.144
   140.500      4.637      0.145
   141.000      4.637      0.147
   141.500      4.637      0.147
   142.000      4.637      0.148
   142.500      4.637      0.148
   143.000      4.637      0.150
   143.500      4.638      0.152
   144.000      4.639      0.153
   144.500      4.639      0.155
   145.000      4.638      0.155
   145.500      4.638      0.156
   146.000      4.637      0.156
   146.500      4.637      0.159
   147.000      4.638      0.160
   147.500      4.639      0.162
   148.000      4.639      0.163
   148.500      4.638      0.164
   149.000      4.637      0.164
   149.500      4.636      0.166
   150.000      4.635      0.167
   150.500      4.636      0.169
   151.000      4.636      0.171
   151.500      4.636      0.172
   152.000      4.635      0.173
   152.500      4.633      0.174
   153.000      4.632      0.175
   153.500      4.632      0.176
   154.000      4.632      0.177
   154.500      4.632      0.180
   155.000      4.631      0.181
   155.500      4.630      0.181
   156.000      4.628      0.182
   156.500      4.626      0.184
   157.000      4.626      0.185
   157.500      4.626      0.185
   158.000      4.625      0.187
   158.500      4.624      0.189
   159.000      4.623      0.189
   159.500      4.621      0.191
   160.000      4.619      0.192
   160.500      4.618      0.193
   161.000      4.618      0.193
   161.500      4.616      0.194
   162.000      4.614      0.195
   162.500      4.613      0.196
   163.000      4.611      0.197
   163.500      4.609      0.199
   164.000      4.607      0.200
   164.500      4.606      0.199
   165.000      4.605      0.201
   165.500      4.602      0.201
   166.000      4.600      0.202
   166.500      4.599      0.203
   167.000      4.596      0.205
   167.500      4.594      0.206
   168.000      4.593      0.205
   168.500      4.590      0.206
   169.000      4.587      0.206
   169.500      4.585      0.207
   170.000      4.584      0.207
   170.500      4.582      0.208
   171.000      4.579      0.210
   171.500      4.576      0.210
   172.000      4.573      0.210
   172.500      4.569      0.210
   173.000      4.568      0.210
   173.500      4.566      0.210
   174.000      4.565      0.211
   174.500      4.561      0.213
   175.000      4.558      0.214
   175.500      4.553      0.214
   176.000      4.548      0.213
   176.500      4.548      0.213
   177.000      4.547      0.212
   177.500      4.545      0.212
   178.000      4.541      0.215
   178.500      4.537      0.217
   179.000      4.530      0.216
   179.500      4.524      0.216
   180.000      4.525      0.214
   180.500      4.524      0.214
   181.000      4.521      0.214
   181.500      4.519      0.215
   182.000      4.513      0.220
   182.500      4.504      0.219
   183.000      4.497      0.219
   183.500      4.498      0.217
   184.000      4.497      0.216
   184.500      4.497      0.216
   185.000      4.493      0.216
   185.500      4.487      0.223
   186.000      4.474      0.223
   186.500      4.467      0.223
   187.000      4.467      0.220
   187.500      4.467      0.220
   188.000      4.467      0.220
   188.500      4.466      0.221
   189.000      4.458      0.225
   189.500      4.442      0.229
   190.000      4.435      0.229
   190.500      4.434      0.228
   191.000      4.434      0.228
   191.500      4.434      0.228
   192.000      4.434      0.228
   192.500      4.429      0.228
   193.000      4.406      0.239
   193.500      4.398      0.241
   194.000      4.397      0.240
   194.500      4.397      0.240
   195.000      4.397      0.240
   195.500      4.397      0.240
   196.000      4.397      0.240
   196.500      4.367      0.256
   197.000      4.358      0.260
   197.500      4.358      0.260
   198.000      4.358      0.260
   198.500      4.358      0.260
   199.000      4.358      0.260
   199.500      4.358      0.260
