     0.000      1.381      0.581
     0.500      3.402      0.235
     1.000      3.391      0.225
     1.500      3.389      0.216
     2.000      3.385      0.174
     2.500      3.392      0.144
     3.000      3.388      0.128
     3.500      3.388      0.101
     4.000      3.395      0.083
     4.500      3.392      0.067
     5.000      3.393      0.055
     5.500      3.399      0.050
     6.000      3.397      0.045
     6.500      3.399      0.045
     7.000      3.404      0.052
     7.500      3.403      0.055
     8.000      3.406      0.059
     8.500      3.409      0.066
     9.000      3.410      0.069
     9.500      3.412      0.073
    10.000      3.415      0.076
    10.500      3.417      0.077
    11.000      3.419      0.079
    11.500      3.421      0.079
    12.000      3.423      0.078
    12.500      3.425      0.078
    13.000      3.427      0.077
    13.500      3.429      0.074
    14.000      3.430      0.072
    14.500      3.432      0.070
    15.000      3.434      0.067
    15.500      3.435      0.065
    16.000      3.436      0.062
    16.500      3.438      0.059
    17.000      3.438      0.056
    17.500      3.439      0.053
    18.000      3.440      0.051
    18.500      3.440      0.049
    19.000      3.440      0.046
    19.500      3.440      0.045
    20.000      3.440      0.043
    20.500      3.440      0.042
    21.000      3.439      0.041
    21.500      3.438      0.040
    22.000      3.438      0.039
    22.500      3.436      0.038
    23.000      3.435      0.038
    23.500      3.434      0.037
    24.000      3.433      0.036
    24.500      3.431      0.035
    25.000      3.429      0.034
    25.500      3.428      0.034
    26.000      3.425      0.033
    26.500      3.424      0.032
    27.000      3.422      0.032
    27.500      3.420      0.031
    28.000      3.418      0.030
    28.500      3.416      0.030
    29.000      3.414      0.030
    29.500      3.412      0.030
    30.000      3.410      0.030
    30.500      3.408      0.030
    31.000      3.406      0.031
    31.500      3.404      0.031
    32.000      3.402      0.032
    32.500      3.400      0.033
    33.000      3.399      0.035
    33.500      3.397      0.036
    34.000      3.396      0.038
    34.500      3.395      0.040
    35.000      3.393      0.042
    35.500      3.392      0.044
    36.000      3.391      0.046
    36.500      3.391      0.048
    37.000      3.390      0.050
    37.500      3.390      0.052
    38.000      3.390      0.054
    38.500      3.390      0.056
    39.000      3.391      0.059
    39.500      3.391      0.061
    40.000      3.392      0.063
    40.500      3.393      0.066
    41.000      3.394      0.068
    41.500      3.396      0.070
    42.000      3.398      0.072
    42.500      3.401      0.074
    43.000      3.403      0.076
    43.500      3.406      0.079
    44.000      3.410      0.081
    44.500      3.413      0.083
    45.000      3.417      0.086
    45.500      3.422      0.089
    46.000      3.427      0.091
    46.500      3.431      0.095
    47.000      3.438      0.098
    47.500      3.444      0.101
    48.000      3.450      0.105
    48.500      3.458      0.109
    49.000      3.465      0.114
    49.500      3.473      0.118
    50.000      3.481      0.124
    50.500      3.491      0.130
    51.000      3.501      0.134
    51.500      3.514      0.138
    52.000      3.529      0.141
    52.500      3.544      0.144
    53.000      3.562      0.148
    53.500      3.581      0.149
    54.000      3.600      0.152
    54.500      3.621      0.158
    55.000      3.639      0.163
    55.500      3.661      0.166
    56.000      3.686      0.173
    56.500      3.707      0.175
    57.000      3.730      0.180
    57.500      3.763      0.183
    58.000      3.793      0.181
    58.500      3.814      0.186
    59.000      3.832      0.190
    59.500      3.851      0.190
    60.000      4.216      0.297
    60.500      4.238      0.284
    61.000      4.258      0.272
    61.500      4.276      0.260
    62.000      4.288      0.254
    62.500      4.306      0.248
    63.000      4.323      0.240
    63.500      4.337      0.235
    64.000      4.354      0.232
    64.500      4.371      0.225
    65.000      4.383      0.217
    65.500      4.394      0.208
    66.000      4.410      0.202
    66.500      4.425      0.198
    67.000      4.434      0.196
    67.500      4.441      0.194
    68.000      4.453      0.192
    68.500      4.462      0.191
    69.000      4.470      0.190
    69.500      4.481      0.188
    70.000      4.492      0.186
    70.500      4.500      0.180
    71.000      4.505      0.178
    71.500      4.510      0.177
    72.000      4.515      0.175
    72.500      4.519      0.172
    73.000      4.521      0.168
    73.500      4.526      0.166
    74.000      4.532      0.164
    74.500      4.535      0.164
    75.000      4.539      0.164
    75.500      4.543      0.165
    76.000      4.545      0.165
    76.500      4.546      0.164
    77.000      4.549      0.164
    77.500      4.552      0.164
    78.000      4.554      0.165
    78.500      4.556      0.167
    79.000      4.558      0.169
    79.500      4.560      0.170
    80.000      4.561      0.171
    80.500      4.562      0.171
    81.000      4.564      0.172
    81.500      4.565      0.173
    82.000      4.567      0.175
    82.500      4.568      0.177
    83.000      4.569      0.178
    83.500      4.570      0.179
    84.000      4.570      0.179
    84.500      4.571      0.180
    85.000      4.572      0.181
    85.500      4.572      0.181
    86.000      4.572      0.182
    86.500      4.573      0.183
    87.000      4.573      0.183
    87.500      4.573      0.184
    88.000      4.573      0.184
    88.500      4.573      0.184
    89.000      4.573      0.184
    89.500      4.573      0.184
    90.000      4.572      0.183
    90.500      4.572      0.183
    91.000      4.572      0.183
    91.500      4.572      0.183
    92.000      4.571      0.182
    92.500      4.571      0.181
    93.000      4.570      0.181
    93.500      4.569      0.180
    94.000      4.568      0.179
    94.500      4.568      0.178
    95.000      4.567      0.178
    95.500      4.567      0.177
    96.000      4.566      0.176
    96.500      4.564      0.174
    97.000      4.563      0.173
    97.500      4.562      0.172
    98.000      4.562      0.171
    98.500      4.561      0.170
    99.000      4.560      0.169
    99.500      4.559      0.168
   100.000      4.558      0.166
   100.500      4.556      0.164
   101.000      4.555      0.163
   101.500      4.554      0.162
   102.000      4.554      0.161
   102.500      4.553      0.160
   103.000      4.552      0.159
   103.500      4.550      0.158
   104.000      4.549      0.156
   104.500      4.548      0.154
   105.000      4.547      0.153
   105.500      4.546      0.153
   106.000      4.546      0.152
   106.500      4.545      0.151
   107.000      4.543      0.150
   107.500      4.542      0.148
   108.000      4.541      0.146
   108.500      4.540      0.145
   109.000      4.539      0.145
   109.500      4.539      0.144
   110.000      4.538      0.144
   110.500      4.536      0.143
   111.000      4.535      0.141
   111.500      4.535      0.140
   112.000      4.534      0.139
   112.500      4.533      0.139
   113.000      4.532      0.139
   113.500      4.531      0.138
   114.000      4.530      0.137
   114.500      4.529      0.136
   115.000      4.528      0.135
   115.500      4.528      0.134
   116.000      4.526      0.135
   116.500      4.526      0.135
   117.000      4.525      0.134
   117.500      4.523      0.134
   118.000      4.523      0.133
   118.500      4.522      0.132
   119.000      4.521      0.132
   119.500      4.520      0.133
   120.000      4.519      0.133
   120.500      4.518      0.133
   121.000      4.517      0.133
   121.500      4.516      0.133
   122.000      4.516      0.133
   122.500      4.515      0.133
   123.000      4.514      0.134
   123.500      4.513      0.135
   124.000      4.512      0.135
   124.500      4.511      0.135
   125.000      4.510      0.135
   125.500      4.509      0.136
   126.000      4.509      0.136
   126.500      4.508      0.138
   127.000      4.507      0.139
   127.500      4.506      0.140
   128.000      4.505      0.140
   128.500      4.503      0.141
   129.000      4.503      0.142
   129.500      4.503      0.143
   130.000      4.502      0.145
   130.500      4.501      0.146
   131.000      4.500      0.147
   131.500      4.498      0.148
   132.000      4.497      0.149
   132.500      4.496      0.150
   133.000      4.497      0.152
   133.500      4.496      0.154
   134.000      4.495      0.156
   134.500      4.493      0.157
   135.000      4.492      0.158
   135.500      4.490      0.159
   136.000      4.490      0.161
   136.500      4.490      0.162
   137.000      4.490      0.165
   137.500      4.489      0.167
   138.000      4.487      0.169
   138.500      4.485      0.170
   139.000      4.484      0.172
   139.500      4.483      0.173
   140.000      4.484      0.175
   140.500      4.483      0.177
   141.000      4.482      0.179
   141.500      4.480      0.182
   142.000      4.479      0.183
   142.500      4.478      0.185
   143.000      4.477      0.186
   143.500      4.477      0.188
   144.000      4.476      0.190
   144.500      4.475      0.192
   145.000      4.473      0.195
   145.500      4.472      0.197
   146.000      4.471      0.198
   146.500      4.470      0.200
   147.000      4.470      0.202
   147.500      4.469      0.203
   148.000      4.468      0.205
   148.500      4.467      0.208
   149.000      4.466      0.210
   149.500      4.464      0.211
   150.000      4.463      0.213
   150.500      4.462      0.215
   151.000      4.461      0.216
   151.500      4.460      0.217
   152.000      4.460      0.220
   152.500      4.459      0.221
   153.000      4.457      0.223
   153.500      4.455      0.224
   154.000      4.455      0.226
   154.500      4.453      0.228
   155.000      4.453      0.229
   155.500      4.452      0.230
   156.000      4.452      0.232
   156.500      4.450      0.233
   157.000      4.448      0.235
   157.500      4.446      0.237
   158.000      4.446      0.238
   158.500      4.445      0.238
   159.000      4.445      0.239
   159.500      4.444      0.240
   160.000      4.442      0.242
   160.500      4.439      0.243
   161.000      4.438      0.245
   161.500      4.438      0.245
   162.000      4.437      0.246
   162.500      4.437      0.246
   163.000      4.436      0.247
   163.500      4.433      0.247
   164.000      4.431      0.249
   164.500      4.430      0.251
   165.000      4.430      0.251
   165.500      4.429      0.251
   166.000      4.428      0.251
   166.500      4.426      0.251
   167.000      4.424      0.251
   167.500      4.423      0.253
   168.000      4.421      0.254
   168.500      4.421      0.253
   169.000      4.421      0.253
   169.500      4.419      0.253
   170.000      4.416      0.252
   170.500      4.415      0.253
   171.000      4.414      0.253
   171.500      4.413      0.254
   172.000      4.412      0.253
   172.500      4.412      0.253
   173.000      4.410      0.252
   173.500      4.406      0.252
   174.000      4.405      0.252
   174.500      4.406      0.251
   175.000      4.404      0.252
   175.500      4.403      0.250
   176.000      4.402      0.250
   176.500      4.400      0.249
   177.000      4.395      0.249
   177.500      4.396      0.249
   178.000      4.396      0.248
   178.500      4.395      0.248
   179.000      4.393      0.245
   179.500      4.392      0.245
   180.000      4.387      0.245
   180.500      4.385      0.245
   181.000      4.385      0.245
   181.500      4.385      0.244
   182.000      4.385      0.243
   182.500      4.382      0.240
   183.000      4.381      0.239
   183.500      4.374      0.241
   184.000      4.375      0.241
   184.500      4.375      0.241
   185.000      4.375      0.241
   185.500      4.375      0.238
   186.000      4.371      0.235
   186.500      4.369      0.236
   187.000      4.364      0.239
   187.500      4.363      0.239
   188.000      4.363      0.239
   188.500      4.363      0.239
   189.000      4.364      0.237
   189.500      4.359      0.235
   190.000      4.352      0.240
   190.500      4.352      0.244
   191.000      4.352      0.243
   191.500      4.352      0.243
   192.000      4.352      0.243
   192.500      4.352      0.243
   193.000      4.346      0.243
   193.500      4.339      0.257
   194.000      4.339      0.257
   194.500      4.339      0.257
   195.000      4.339      0.257
   195.500      4.339      0.257
   196.000      4.339      0.257
   196.500      4.333      0.263
   197.000      4.326      0.284
   197.500      4.326      0.284
   198.000      4.326      0.284
   198.500      4.326      0.284
   199.000      4.326      0.284
