     0.000      1.076      0.426
     0.500      3.162      0.233
     1.000      3.282      0.241
     1.500      3.284      0.239
     2.000      3.325      0.187
     2.500      3.351      0.160
     3.000      3.354      0.154
     3.500      3.379      0.121
     4.000      3.409      0.103
     4.500      3.408      0.090
     5.000      3.421      0.073
     5.500      3.447      0.059
     6.000      3.449      0.050
     6.500      3.455      0.044
     7.000      3.474      0.042
     7.500      3.479      0.042
     8.000      3.479      0.045
     8.500      3.490      0.050
     9.000      3.495      0.053
     9.500      3.494      0.058
    10.000      3.498      0.061
    10.500      3.501      0.064
    11.000      3.500      0.066
    11.500      3.499      0.068
    12.000      3.499      0.069
    12.500      3.498      0.069
    13.000      3.496      0.070
    13.500      3.492      0.069
    14.000      3.490      0.068
    14.500      3.486      0.068
    15.000      3.480      0.064
    15.500      3.476      0.062
    16.000      3.472      0.062
    16.500      3.465      0.058
    17.000      3.459      0.054
    17.500      3.455      0.054
    18.000      3.447      0.051
    18.500      3.441      0.046
    19.000      3.436      0.045
    19.500      3.429      0.043
    20.000      3.422      0.039
    20.500      3.417      0.037
    21.000      3.410      0.037
    21.500      3.403      0.035
    22.000      3.398      0.033
    22.500      3.392      0.032
    23.000      3.387      0.032
    23.500      3.381      0.030
    24.000      3.376      0.030
    24.500      3.371      0.030
    25.000      3.366      0.029
    25.500      3.362      0.029
    26.000      3.358      0.029
    26.500      3.353      0.028
    27.000      3.349      0.028
    27.500      3.345      0.028
    28.000      3.342      0.027
    28.500      3.338      0.027
    29.000      3.335      0.027
    29.500      3.332      0.027
    30.000      3.329      0.026
    30.500      3.326      0.026
    31.000      3.324      0.026
    31.500      3.322      0.026
    32.000      3.320      0.027
    32.500      3.318      0.027
    33.000      3.317      0.027
    33.500      3.315      0.028
    34.000      3.314      0.028
    34.500      3.313      0.029
    35.000      3.313      0.031
    35.500      3.312      0.032
    36.000      3.312      0.033
    36.500      3.313      0.034
    37.000      3.313      0.036
    37.500      3.313      0.037
    38.000      3.314      0.039
    38.500      3.315      0.040
    39.000      3.317      0.042
    39.500      3.318      0.044
    40.000      3.320      0.045
    40.500      3.322      0.047
    41.000      3.325      0.049
    41.500      3.327      0.051
    42.000      3.330      0.053
    42.500      3.333      0.055
    43.000      3.337      0.056
    43.500      3.340      0.058
    44.000      3.344      0.060
    44.500      3.349      0.062
    45.000      3.353      0.064
    45.500      3.358      0.066
    46.000      3.363      0.068
    46.500      3.368      0.071
    47.000      3.374      0.073
    47.500      3.380      0.075
    48.000      3.386      0.078
    48.500      3.393      0.081
    49.000      3.400      0.084
    49.500      3.407      0.087
    50.000      3.414      0.090
    50.500      3.422      0.094
    51.000      3.430      0.098
    51.500      3.438      0.102
    52.000      3.447      0.107
    52.500      3.456      0.112
    53.000      3.466      0.117
    53.500      3.475      0.123
    54.000      3.485      0.129
    54.500      3.497      0.135
    55.000      3.511      0.139
    55.500      3.528      0.143
    56.000      3.544      0.148
    56.500      3.559      0.153
    57.000      3.574      0.163
    57.500      3.588      0.169
    58.000      3.604      0.170
    58.500      3.622      0.166
    59.000      3.641      0.154
    59.500      3.660      0.144
    60.000      3.677      0.137
    60.500      3.693      0.136
    61.000      3.708      0.138
    61.500      3.723      0.137
    62.000      3.740      0.135
    62.500      3.757      0.131
    63.000      3.774      0.126
    63.500      4.333      0.362
    64.000      4.336      0.358
    64.500      4.339      0.351
    65.000      4.350      0.343
    65.500      4.372      0.333
    66.000      4.400      0.321
    66.500      4.421      0.308
    67.000      4.438      0.294
    67.500      4.452      0.280
    68.000      4.461      0.271
    68.500      4.469      0.260
    69.000      4.476      0.248
    69.500      4.482      0.233
    70.000      4.489      0.221
    70.500      4.494      0.211
    71.000      4.499      0.202
    71.500      4.502      0.196
    72.000      4.504      0.191
    72.500      4.507      0.185
    73.000      4.512      0.180
    73.500      4.517      0.176
    74.000      4.521      0.174
    74.500      4.524      0.171
    75.000      4.527      0.170
    75.500      4.528      0.170
    76.000      4.530      0.170
    76.500      4.534      0.170
    77.000      4.537      0.171
    77.500      4.540      0.173
    78.000      4.542      0.173
    78.500      4.544      0.174
    79.000      4.545      0.176
    79.500      4.547      0.178
    80.000      4.549      0.179
    80.500      4.551      0.182
    81.000      4.553      0.184
    81.500      4.554      0.184
    82.000      4.555      0.186
    82.500      4.556      0.188
    83.000      4.557      0.189
    83.500      4.558      0.191
    84.000      4.559      0.192
    84.500      4.560      0.194
    85.000      4.561      0.194
    85.500      4.561      0.195
    86.000      4.562      0.196
    86.500      4.562      0.197
    87.000      4.562      0.197
    87.500      4.563      0.197
    88.000      4.563      0.197
    88.500      4.563      0.197
    89.000      4.563      0.198
    89.500      4.562      0.198
    90.000      4.562      0.197
    90.500      4.562      0.197
    91.000      4.562      0.196
    91.500      4.562      0.194
    92.000      4.561      0.194
    92.500      4.561      0.193
    93.000      4.560      0.192
    93.500      4.560      0.191
    94.000      4.559      0.190
    94.500      4.558      0.188
    95.000      4.558      0.186
    95.500      4.557      0.185
    96.000      4.556      0.184
    96.500      4.555      0.182
    97.000      4.554      0.180
    97.500      4.554      0.179
    98.000      4.552      0.177
    98.500      4.551      0.174
    99.000      4.550      0.173
    99.500      4.549      0.171
   100.000      4.548      0.170
   100.500      4.548      0.168
   101.000      4.546      0.166
   101.500      4.545      0.164
   102.000      4.543      0.162
   102.500      4.542      0.160
   103.000      4.541      0.159
   103.500      4.541      0.158
   104.000      4.540      0.156
   104.500      4.538      0.154
   105.000      4.537      0.153
   105.500      4.535      0.151
   106.000      4.534      0.150
   106.500      4.534      0.149
   107.000      4.534      0.149
   107.500      4.532      0.148
   108.000      4.530      0.147
   108.500      4.529      0.146
   109.000      4.528      0.145
   109.500      4.527      0.145
   110.000      4.527      0.145
   110.500      4.527      0.144
   111.000      4.525      0.144
   111.500      4.523      0.144
   112.000      4.522      0.144
   112.500      4.521      0.144
   113.000      4.521      0.145
   113.500      4.521      0.145
   114.000      4.520      0.146
   114.500      4.519      0.146
   115.000      4.517      0.147
   115.500      4.516      0.148
   116.000      4.515      0.148
   116.500      4.516      0.149
   117.000      4.516      0.150
   117.500      4.515      0.151
   118.000      4.514      0.152
   118.500      4.513      0.153
   119.000      4.512      0.155
   119.500      4.511      0.156
   120.000      4.511      0.157
   120.500      4.512      0.158
   121.000      4.511      0.159
   121.500      4.510      0.160
   122.000      4.509      0.162
   122.500      4.508      0.164
   123.000      4.508      0.166
   123.500      4.508      0.167
   124.000      4.508      0.167
   124.500      4.507      0.169
   125.000      4.507      0.170
   125.500      4.506      0.172
   126.000      4.505      0.174
   126.500      4.505      0.176
   127.000      4.505      0.177
   127.500      4.505      0.177
   128.000      4.504      0.179
   128.500      4.504      0.180
   129.000      4.503      0.182
   129.500      4.502      0.184
   130.000      4.502      0.186
   130.500      4.502      0.187
   131.000      4.502      0.187
   131.500      4.502      0.189
   132.000      4.501      0.190
   132.500      4.501      0.192
   133.000      4.500      0.194
   133.500      4.500      0.195
   134.000      4.499      0.196
   134.500      4.499      0.197
   135.000      4.499      0.198
   135.500      4.499      0.199
   136.000      4.498      0.201
   136.500      4.498      0.202
   137.000      4.497      0.204
   137.500      4.497      0.204
   138.000      4.497      0.205
   138.500      4.497      0.206
   139.000      4.496      0.207
   139.500      4.496      0.208
   140.000      4.495      0.210
   140.500      4.495      0.211
   141.000      4.494      0.211
   141.500      4.494      0.211
   142.000      4.494      0.213
   142.500      4.493      0.214
   143.000      4.493      0.215
   143.500      4.492      0.215
   144.000      4.491      0.216
   144.500      4.491      0.216
   145.000      4.491      0.217
   145.500      4.490      0.218
   146.000      4.490      0.218
   146.500      4.490      0.219
   147.000      4.489      0.219
   147.500      4.487      0.220
   148.000      4.487      0.220
   148.500      4.487      0.220
   149.000      4.487      0.221
   149.500      4.486      0.221
   150.000      4.485      0.221
   150.500      4.484      0.221
   151.000      4.483      0.222
   151.500      4.483      0.222
   152.000      4.483      0.222
   152.500      4.482      0.223
   153.000      4.480      0.222
   153.500      4.479      0.221
   154.000      4.478      0.222
   154.500      4.478      0.222
   155.000      4.477      0.222
   155.500      4.477      0.222
   156.000      4.475      0.222
   156.500      4.474      0.221
   157.000      4.473      0.220
   157.500      4.472      0.220
   158.000      4.471      0.220
   158.500      4.471      0.220
   159.000      4.470      0.220
   159.500      4.468      0.219
   160.000      4.467      0.218
   160.500      4.464      0.217
   161.000      4.464      0.217
   161.500      4.463      0.216
   162.000      4.463      0.216
   162.500      4.461      0.216
   163.000      4.459      0.215
   163.500      4.457      0.213
   164.000      4.455      0.213
   164.500      4.454      0.212
   165.000      4.454      0.212
   165.500      4.453      0.211
   166.000      4.450      0.211
   166.500      4.448      0.208
   167.000      4.446      0.207
   167.500      4.444      0.208
   168.000      4.443      0.206
   168.500      4.442      0.206
   169.000      4.441      0.206
   169.500      4.437      0.205
   170.000      4.435      0.201
   170.500      4.433      0.202
   171.000      4.431      0.202
   171.500      4.429      0.200
   172.000      4.429      0.200
   172.500      4.426      0.200
   173.000      4.422      0.199
   173.500      4.419      0.196
   174.000      4.417      0.197
   174.500      4.416      0.197
   175.000      4.414      0.195
   175.500      4.413      0.197
   176.000      4.410      0.196
   176.500      4.405      0.195
   177.000      4.401      0.194
   177.500      4.399      0.194
   178.000      4.399      0.194
   178.500      4.396      0.194
   179.000      4.396      0.196
   179.500      4.390      0.196
   180.000      4.384      0.195
   180.500      4.381      0.197
   181.000      4.379      0.197
   181.500      4.379      0.197
   182.000      4.376      0.198
   182.500      4.375      0.202
   183.000      4.367      0.204
   183.500      4.360      0.205
   184.000      4.357      0.207
   184.500      4.357      0.207
   185.000      4.357      0.207
   185.500      4.355      0.208
   186.000      4.352      0.216
   186.500      4.341      0.222
   187.000      4.333      0.227
   187.500      4.331      0.227
   188.000      4.331      0.227
   188.500      4.331      0.227
   189.000      4.331      0.227
   189.500      4.326      0.240
   190.000      4.310      0.253
   190.500      4.303      0.257
   191.000      4.303      0.257
   191.500      4.303      0.257
   192.000      4.303      0.257
   192.500      4.303      0.257
   193.000      4.297      0.275
   193.500      4.274      0.298
   194.000      4.271      0.298
   194.500      4.271      0.298
   195.000      4.271      0.298
   195.500      4.271      0.298
   196.000      4.271      0.298
   196.500      4.265      0.320
   197.000      4.236      0.349
   197.500      4.236      0.349
   198.000      4.236      0.349
   198.500      4.236      0.349
   199.000      4.236      0.349
   199.500      4.236      0.349
