     0.000      1.410      0.539
     0.500      1.711      0.418
     1.000      1.986      0.348
     1.500      2.220      0.356
     2.000      2.953      0.157
     2.500      2.992      0.138
     3.000      3.048      0.149
     3.500      3.093      0.168
     4.000      3.120      0.159
     4.500      3.144      0.148
     5.000      3.167      0.146
     5.500      3.191      0.135
     6.000      3.214      0.135
     6.500      3.236      0.126
     7.000      3.259      0.123
     7.500      3.280      0.118
     8.000      3.302      0.112
     8.500      3.322      0.109
     9.000      3.343      0.102
     9.500      3.365      0.097
    10.000      3.383      0.095
    10.500      3.404      0.085
    11.000      3.422      0.084
    11.500      3.441      0.077
    12.000      3.460      0.073
    12.500      3.476      0.069
    13.000      3.495      0.064
    13.500      3.510      0.061
    14.000      3.526      0.057
    14.500      3.544      0.053
    15.000      3.556      0.051
    15.500      3.573      0.047
    16.000      3.585      0.044
    16.500      3.599      0.042
    17.000      3.613      0.038
    17.500      3.625      0.037
    18.000      3.637      0.035
    18.500      3.649      0.033
    19.000      3.660      0.031
    19.500      3.672      0.030
    20.000      3.682      0.028
    20.500      3.693      0.028
    21.000      3.703      0.027
    21.500      3.713      0.026
    22.000      3.723      0.027
    22.500      3.732      0.027
    23.000      3.741      0.027
    23.500      3.751      0.029
    24.000      3.759      0.029
    24.500      3.768      0.030
    25.000      3.778      0.032
    25.500      3.786      0.033
    26.000      3.795      0.034
    26.500      3.804      0.035
    27.000      3.812      0.036
    27.500      3.821      0.037
    28.000      3.829      0.037
    28.500      3.839      0.038
    29.000      3.848      0.038
    29.500      3.857      0.038
    30.000      3.866      0.039
    30.500      3.875      0.038
    31.000      3.885      0.038
    31.500      3.894      0.038
    32.000      3.905      0.038
    32.500      3.915      0.038
    33.000      3.925      0.039
    33.500      3.935      0.040
    34.000      3.945      0.042
    34.500      3.954      0.044
    35.000      3.964      0.047
    35.500      3.973      0.049
    36.000      3.983      0.052
    36.500      3.992      0.054
    37.000      4.003      0.058
    37.500      4.012      0.058
    38.000      4.021      0.058
    38.500      4.031      0.058
    39.000      4.039      0.060
    39.500      4.050      0.062
    40.000      4.059      0.063
    40.500      4.070      0.065
    41.000      4.081      0.067
    41.500      4.091      0.070
    42.000      4.102      0.072
    42.500      4.114      0.073
    43.000      4.127      0.074
    43.500      4.142      0.073
    44.000      4.155      0.072
    44.500      4.168      0.075
    45.000      4.178      0.076
    45.500      4.189      0.077
    46.000      4.294      0.131
    46.500      4.296      0.124
    47.000      4.300      0.116
    47.500      4.305      0.111
    48.000      4.310      0.108
    48.500      4.315      0.105
    49.000      4.321      0.102
    49.500      4.327      0.100
    50.000      4.335      0.100
    50.500      4.351      0.109
    51.000      4.367      0.120
    51.500      4.382      0.130
    52.000      4.392      0.131
    52.500      4.401      0.132
    53.000      4.412      0.134
    53.500      4.422      0.133
    54.000      4.430      0.132
    54.500      4.435      0.129
    55.000      4.437      0.126
    55.500      4.439      0.123
    56.000      4.441      0.119
    56.500      4.443      0.116
    57.000      4.445      0.112
    57.500      4.447      0.107
    58.000      4.448      0.105
    58.500      4.450      0.102
    59.000      4.451      0.100
    59.500      4.452      0.097
    60.000      4.453      0.094
    60.500      4.455      0.091
    61.000      4.457      0.089
    61.500      4.460      0.088
    62.000      4.461      0.087
    62.500      4.463      0.085
    63.000      4.464      0.083
    63.500      4.466      0.081
    64.000      4.469      0.080
    64.500      4.472      0.079
    65.000      4.475      0.078
    65.500      4.477      0.077
    66.000      4.478      0.076
    66.500      4.480      0.075
    67.000      4.483      0.074
    67.500      4.487      0.074
    68.000      4.490      0.074
    68.500      4.493      0.073
    69.000      4.495      0.072
    69.500      4.497      0.071
    70.000      4.500      0.071
    70.500      4.503      0.072
    71.000      4.508      0.072
    71.500      4.511      0.071
    72.000      4.514      0.070
    72.500      4.516      0.069
    73.000      4.518      0.069
    73.500      4.522      0.069
    74.000      4.526      0.070
    74.500      4.530      0.070
    75.000      4.534      0.069
    75.500      4.537      0.068
    76.000      4.539      0.068
    76.500      4.541      0.068
    77.000      4.546      0.068
    77.500      4.551      0.069
    78.000      4.555      0.069
    78.500      4.558      0.068
    79.000      4.560      0.067
    79.500      4.563      0.067
    80.000      4.567      0.067
    80.500      4.572      0.068
    81.000      4.576      0.069
    81.500      4.580      0.068
    82.000      4.583      0.068
    82.500      4.585      0.067
    83.000      4.588      0.066
    83.500      4.593      0.067
    84.000      4.598      0.068
    84.500      4.602      0.069
    85.000      4.605      0.069
    85.500      4.608      0.068
    86.000      4.611      0.067
    86.500      4.615      0.067
    87.000      4.619      0.069
    87.500      4.624      0.070
    88.000      4.627      0.070
    88.500      4.631      0.070
    89.000      4.633      0.069
    89.500      4.636      0.069
    90.000      4.641      0.070
    90.500      4.645      0.071
    91.000      4.649      0.071
    91.500      4.652      0.072
    92.000      4.655      0.072
    92.500      4.658      0.071
    93.000      4.662      0.072
    93.500      4.665      0.072
    94.000      4.669      0.073
    94.500      4.673      0.074
    95.000      4.676      0.074
    95.500      4.678      0.074
    96.000      4.681      0.074
    96.500      4.685      0.074
    97.000      4.689      0.074
    97.500      4.692      0.075
    98.000      4.695      0.076
    98.500      4.698      0.076
    99.000      4.700      0.076
    99.500      4.703      0.076
   100.000      4.706      0.076
   100.500      4.710      0.076
   101.000      4.713      0.077
   101.500      4.715      0.077
   102.000      4.718      0.077
   102.500      4.720      0.077
   103.000      4.723      0.077
   103.500      4.726      0.077
   104.000      4.729      0.078
   104.500      4.731      0.078
   105.000      4.733      0.078
   105.500      4.735      0.078
   106.000      4.738      0.078
   106.500      4.741      0.078
   107.000      4.743      0.078
   107.500      4.745      0.078
   108.000      4.747      0.078
   108.500      4.749      0.078
   109.000      4.751      0.078
   109.500      4.753      0.078
   110.000      4.756      0.078
   110.500      4.758      0.077
   111.000      4.759      0.077
   111.500      4.760      0.077
   112.000      4.762      0.077
   112.500      4.764      0.077
   113.000      4.766      0.077
   113.500      4.768      0.076
   114.000      4.770      0.076
   114.500      4.771      0.076
   115.000      4.772      0.076
   115.500      4.773      0.076
   116.000      4.775      0.076
   116.500      4.777      0.075
   117.000      4.778      0.075
   117.500      4.779      0.074
   118.000      4.780      0.075
   118.500      4.781      0.075
   119.000      4.783      0.075
   119.500      4.785      0.074
   120.000      4.786      0.074
   120.500      4.786      0.073
   121.000      4.786      0.074
   121.500      4.787      0.074
   122.000      4.788      0.074
   122.500      4.790      0.073
   123.000      4.791      0.072
   123.500      4.792      0.073
   124.000      4.791      0.073
   124.500      4.792      0.073
   125.000      4.793      0.073
   125.500      4.794      0.073
   126.000      4.795      0.072
   126.500      4.796      0.072
   127.000      4.795      0.073
   127.500      4.795      0.073
   128.000      4.795      0.073
   128.500      4.796      0.073
   129.000      4.798      0.073
   129.500      4.798      0.072
   130.000      4.798      0.073
   130.500      4.797      0.074
   131.000      4.797      0.074
   131.500      4.798      0.074
   132.000      4.798      0.074
   132.500      4.799      0.074
   133.000      4.799      0.074
   133.500      4.798      0.075
   134.000      4.797      0.076
   134.500      4.797      0.076
   135.000      4.798      0.076
   135.500      4.798      0.076
   136.000      4.798      0.076
   136.500      4.797      0.076
   137.000      4.796      0.078
   137.500      4.796      0.079
   138.000      4.796      0.079
   138.500      4.796      0.079
   139.000      4.795      0.079
   139.500      4.795      0.079
   140.000      4.794      0.080
   140.500      4.793      0.082
   141.000      4.793      0.082
   141.500      4.792      0.082
   142.000      4.792      0.082
   142.500      4.791      0.083
   143.000      4.791      0.083
   143.500      4.789      0.084
   144.000      4.788      0.086
   144.500      4.787      0.085
   145.000      4.787      0.086
   145.500      4.786      0.086
   146.000      4.785      0.086
   146.500      4.785      0.087
   147.000      4.783      0.089
   147.500      4.781      0.089
   148.000      4.780      0.089
   148.500      4.780      0.090
   149.000      4.779      0.090
   149.500      4.778      0.090
   150.000      4.777      0.091
   150.500      4.774      0.092
   151.000      4.773      0.092
   151.500      4.772      0.093
   152.000      4.771      0.093
   152.500      4.771      0.093
   153.000      4.769      0.093
   153.500      4.766      0.094
   154.000      4.764      0.095
   154.500      4.764      0.095
   155.000      4.763      0.095
   155.500      4.761      0.095
   156.000      4.760      0.096
   156.500      4.757      0.096
   157.000      4.755      0.097
   157.500      4.754      0.097
   158.000      4.753      0.097
   158.500      4.751      0.097
   159.000      4.750      0.097
   159.500      4.747      0.097
   160.000      4.745      0.097
   160.500      4.743      0.098
   161.000      4.743      0.098
   161.500      4.740      0.097
   162.000      4.739      0.098
   162.500      4.736      0.098
   163.000      4.733      0.097
   163.500      4.732      0.098
   164.000      4.731      0.098
   164.500      4.729      0.097
   165.000      4.726      0.097
   165.500      4.724      0.097
   166.000      4.721      0.097
   166.500      4.719      0.097
   167.000      4.718      0.097
   167.500      4.716      0.096
   168.000      4.713      0.096
   168.500      4.711      0.096
   169.000      4.707      0.095
   169.500      4.705      0.095
   170.000      4.704      0.095
   170.500      4.702      0.094
   171.000      4.699      0.094
   171.500      4.697      0.094
   172.000      4.694      0.093
   172.500      4.690      0.093
   173.000      4.689      0.093
   173.500      4.687      0.092
   174.000      4.685      0.093
   174.500      4.682      0.092
   175.000      4.680      0.090
   175.500      4.675      0.091
   176.000      4.674      0.091
   176.500      4.670      0.091
   177.000      4.669      0.092
   177.500      4.667      0.090
   178.000      4.665      0.089
   178.500      4.659      0.090
   179.000      4.657      0.090
   179.500      4.653      0.091
   180.000      4.651      0.092
   180.500      4.652      0.092
   181.000      4.650      0.090
   181.500      4.642      0.091
   182.000      4.640      0.093
   182.500      4.635      0.094
   183.000      4.633      0.095
   183.500      4.635      0.095
   184.000      4.633      0.095
   184.500      4.626      0.096
   185.000      4.622      0.100
   185.500      4.615      0.102
   186.000      4.615      0.103
   186.500      4.615      0.103
   187.000      4.617      0.104
   187.500      4.611      0.107
   188.000      4.603      0.113
   188.500      4.596      0.116
   189.000      4.596      0.116
   189.500      4.596      0.116
   190.000      4.596      0.117
   190.500      4.596      0.123
   191.000      4.583      0.133
   191.500      4.576      0.137
   192.000      4.576      0.137
   192.500      4.576      0.137
   193.000      4.576      0.137
   193.500      4.580      0.142
   194.000      4.564      0.159
   194.500      4.556      0.164
   195.000      4.556      0.164
   195.500      4.556      0.164
   196.000      4.556      0.164
   196.500      4.556      0.164
   197.000      4.543      0.192
   197.500      4.536      0.197
   198.000      4.536      0.197
   198.500      4.536      0.197
   199.000      4.536      0.197
   199.500      4.536      0.197
