     0.000      1.459      0.545
     0.500      3.209      0.172
     1.000      3.237      0.156
     1.500      3.277      0.129
     2.000      3.304      0.112
     2.500      3.334      0.089
     3.000      3.361      0.077
     3.500      3.385      0.060
     4.000      3.406      0.050
     4.500      3.428      0.038
     5.000      3.442      0.033
     5.500      3.460      0.027
     6.000      3.474      0.026
     6.500      3.486      0.025
     7.000      3.498      0.027
     7.500      3.507      0.028
     8.000      3.517      0.030
     8.500      3.524      0.031
     9.000      3.530      0.032
     9.500      3.537      0.033
    10.000      3.541      0.034
    10.500      3.546      0.035
    11.000      3.549      0.036
    11.500      3.552      0.036
    12.000      3.555      0.037
    12.500      3.558      0.037
    13.000      3.560      0.037
    13.500      3.562      0.037
    14.000      3.564      0.037
    14.500      3.566      0.037
    15.000      3.568      0.037
    15.500      3.570      0.036
    16.000      3.572      0.036
    16.500      3.574      0.035
    17.000      3.576      0.034
    17.500      3.579      0.033
    18.000      3.581      0.033
    18.500      3.584      0.032
    19.000      3.587      0.031
    19.500      3.590      0.030
    20.000      3.593      0.029
    20.500      3.597      0.029
    21.000      3.601      0.028
    21.500      3.606      0.028
    22.000      3.611      0.028
    22.500      3.616      0.028
    23.000      3.622      0.028
    23.500      3.628      0.028
    24.000      3.635      0.030
    24.500      3.643      0.030
    25.000      3.651      0.032
    25.500      3.660      0.033
    26.000      3.669      0.035
    26.500      3.679      0.037
    27.000      3.691      0.039
    27.500      3.702      0.042
    28.000      3.716      0.045
    28.500      3.728      0.047
    29.000      3.743      0.051
    29.500      3.757      0.054
    30.000      3.774      0.060
    30.500      3.790      0.062
    31.000      3.809      0.068
    31.500      3.829      0.072
    32.000      3.851      0.077
    32.500      3.873      0.082
    33.000      3.898      0.087
    33.500      3.932      0.085
    34.000      3.971      0.077
    34.500      4.009      0.066
    35.000      4.042      0.068
    35.500      4.076      0.069
    36.000      4.110      0.074
    36.500      4.503      0.232
    37.000      4.516      0.222
    37.500      4.549      0.222
    38.000      4.567      0.219
    38.500      4.581      0.216
    39.000      4.585      0.208
    39.500      4.589      0.201
    40.000      4.594      0.193
    40.500      4.591      0.181
    41.000      4.587      0.170
    41.500      4.583      0.160
    42.000      4.585      0.155
    42.500      4.587      0.149
    43.000      4.588      0.145
    43.500      4.585      0.142
    44.000      4.576      0.136
    44.500      4.571      0.131
    45.000      4.568      0.127
    45.500      4.563      0.120
    46.000      4.557      0.113
    46.500      4.553      0.108
    47.000      4.545      0.103
    47.500      4.538      0.099
    48.000      4.531      0.094
    48.500      4.528      0.090
    49.000      4.523      0.085
    49.500      4.519      0.079
    50.000      4.514      0.076
    50.500      4.507      0.075
    51.000      4.502      0.073
    51.500      4.498      0.071
    52.000      4.494      0.068
    52.500      4.490      0.066
    53.000      4.487      0.063
    53.500      4.482      0.062
    54.000      4.476      0.062
    54.500      4.472      0.063
    55.000      4.470      0.062
    55.500      4.466      0.063
    56.000      4.463      0.061
    56.500      4.460      0.061
    57.000      4.455      0.062
    57.500      4.452      0.063
    58.000      4.449      0.064
    58.500      4.447      0.065
    59.000      4.444      0.066
    59.500      4.441      0.066
    60.000      4.438      0.065
    60.500      4.435      0.067
    61.000      4.433      0.068
    61.500      4.430      0.070
    62.000      4.429      0.071
    62.500      4.426      0.071
    63.000      4.424      0.071
    63.500      4.422      0.071
    64.000      4.420      0.072
    64.500      4.418      0.073
    65.000      4.417      0.074
    65.500      4.415      0.075
    66.000      4.413      0.075
    66.500      4.411      0.075
    67.000      4.410      0.075
    67.500      4.409      0.075
    68.000      4.407      0.077
    68.500      4.406      0.077
    69.000      4.405      0.077
    69.500      4.404      0.077
    70.000      4.403      0.076
    70.500      4.402      0.076
    71.000      4.401      0.077
    71.500      4.401      0.077
    72.000      4.400      0.077
    72.500      4.399      0.077
    73.000      4.398      0.077
    73.500      4.398      0.076
    74.000      4.398      0.076
    74.500      4.397      0.076
    75.000      4.397      0.077
    75.500      4.396      0.077
    76.000      4.395      0.077
    76.500      4.395      0.076
    77.000      4.396      0.076
    77.500      4.396      0.075
    78.000      4.396      0.075
    78.500      4.395      0.075
    79.000      4.395      0.076
    79.500      4.394      0.076
    80.000      4.395      0.075
    80.500      4.396      0.075
    81.000      4.396      0.074
    81.500      4.396      0.074
    82.000      4.396      0.074
    82.500      4.395      0.075
    83.000      4.396      0.075
    83.500      4.398      0.075
    84.000      4.398      0.074
    84.500      4.398      0.074
    85.000      4.398      0.074
    85.500      4.397      0.075
    86.000      4.398      0.075
    86.500      4.399      0.075
    87.000      4.401      0.075
    87.500      4.401      0.075
    88.000      4.400      0.075
    88.500      4.401      0.075
    89.000      4.401      0.075
    89.500      4.402      0.076
    90.000      4.404      0.077
    90.500      4.404      0.076
    91.000      4.404      0.076
    91.500      4.404      0.076
    92.000      4.404      0.076
    92.500      4.404      0.077
    93.000      4.406      0.078
    93.500      4.407      0.078
    94.000      4.407      0.077
    94.500      4.407      0.077
    95.000      4.407      0.078
    95.500      4.407      0.078
    96.000      4.409      0.079
    96.500      4.411      0.080
    97.000      4.411      0.079
    97.500      4.411      0.079
    98.000      4.411      0.079
    98.500      4.411      0.079
    99.000      4.411      0.079
    99.500      4.413      0.081
   100.000      4.414      0.081
   100.500      4.415      0.081
   101.000      4.415      0.081
   101.500      4.415      0.081
   102.000      4.415      0.081
   102.500      4.416      0.082
   103.000      4.417      0.083
   103.500      4.418      0.083
   104.000      4.418      0.083
   104.500      4.418      0.083
   105.000      4.418      0.083
   105.500      4.418      0.083
   106.000      4.420      0.085
   106.500      4.421      0.085
   107.000      4.422      0.085
   107.500      4.422      0.085
   108.000      4.421      0.085
   108.500      4.422      0.086
   109.000      4.423      0.087
   109.500      4.424      0.088
   110.000      4.424      0.088
   110.500      4.425      0.088
   111.000      4.425      0.089
   111.500      4.425      0.089
   112.000      4.425      0.090
   112.500      4.426      0.092
   113.000      4.427      0.092
   113.500      4.428      0.092
   114.000      4.429      0.093
   114.500      4.428      0.093
   115.000      4.429      0.094
   115.500      4.429      0.096
   116.000      4.430      0.097
   116.500      4.431      0.097
   117.000      4.432      0.097
   117.500      4.432      0.098
   118.000      4.432      0.100
   118.500      4.432      0.101
   119.000      4.432      0.102
   119.500      4.433      0.103
   120.000      4.434      0.104
   120.500      4.435      0.104
   121.000      4.435      0.105
   121.500      4.435      0.107
   122.000      4.435      0.108
   122.500      4.435      0.110
   123.000      4.436      0.110
   123.500      4.437      0.111
   124.000      4.438      0.112
   124.500      4.438      0.114
   125.000      4.438      0.115
   125.500      4.438      0.117
   126.000      4.438      0.118
   126.500      4.440      0.118
   127.000      4.440      0.119
   127.500      4.441      0.120
   128.000      4.441      0.122
   128.500      4.441      0.124
   129.000      4.441      0.125
   129.500      4.442      0.126
   130.000      4.443      0.126
   130.500      4.443      0.128
   131.000      4.444      0.129
   131.500      4.444      0.131
   132.000      4.443      0.132
   132.500      4.443      0.134
   133.000      4.445      0.134
   133.500      4.446      0.135
   134.000      4.446      0.137
   134.500      4.446      0.138
   135.000      4.446      0.140
   135.500      4.446      0.141
   136.000      4.447      0.142
   136.500      4.448      0.142
   137.000      4.448      0.144
   137.500      4.449      0.146
   138.000      4.448      0.146
   138.500      4.448      0.148
   139.000      4.448      0.149
   139.500      4.449      0.150
   140.000      4.450      0.151
   140.500      4.451      0.153
   141.000      4.450      0.153
   141.500      4.450      0.154
   142.000      4.450      0.155
   142.500      4.451      0.157
   143.000      4.452      0.157
   143.500      4.452      0.159
   144.000      4.452      0.159
   144.500      4.452      0.160
   145.000      4.452      0.161
   145.500      4.452      0.162
   146.000      4.453      0.163
   146.500      4.454      0.163
   147.000      4.454      0.164
   147.500      4.454      0.165
   148.000      4.454      0.166
   148.500      4.454      0.167
   149.000      4.455      0.167
   149.500      4.455      0.167
   150.000      4.455      0.168
   150.500      4.456      0.169
   151.000      4.455      0.169
   151.500      4.455      0.170
   152.000      4.456      0.171
   152.500      4.456      0.171
   153.000      4.457      0.171
   153.500      4.457      0.171
   154.000      4.456      0.171
   154.500      4.457      0.172
   155.000      4.456      0.173
   155.500      4.457      0.173
   156.000      4.458      0.172
   156.500      4.458      0.172
   157.000      4.458      0.172
   157.500      4.458      0.173
   158.000      4.457      0.173
   158.500      4.458      0.174
   159.000      4.458      0.173
   159.500      4.459      0.172
   160.000      4.459      0.172
   160.500      4.459      0.171
   161.000      4.459      0.172
   161.500      4.458      0.173
   162.000      4.458      0.173
   162.500      4.459      0.171
   163.000      4.459      0.170
   163.500      4.460      0.169
   164.000      4.460      0.169
   164.500      4.459      0.170
   165.000      4.459      0.171
   165.500      4.458      0.170
   166.000      4.459      0.167
   166.500      4.459      0.166
   167.000      4.460      0.165
   167.500      4.460      0.166
   168.000      4.459      0.167
   168.500      4.458      0.166
   169.000      4.457      0.165
   169.500      4.460      0.162
   170.000      4.460      0.161
   170.500      4.461      0.160
   171.000      4.460      0.162
   171.500      4.458      0.161
   172.000      4.457      0.160
   172.500      4.457      0.159
   173.000      4.460      0.156
   173.500      4.461      0.155
   174.000      4.461      0.155
   174.500      4.459      0.157
   175.000      4.456      0.155
   175.500      4.456      0.155
   176.000      4.457      0.153
   176.500      4.460      0.152
   177.000      4.461      0.151
   177.500      4.460      0.153
   178.000      4.456      0.152
   178.500      4.455      0.151
   179.000      4.455      0.151
   179.500      4.457      0.150
   180.000      4.460      0.149
   180.500      4.462      0.150
   181.000      4.457      0.153
   181.500      4.454      0.151
   182.000      4.454      0.151
   182.500      4.454      0.151
   183.000      4.458      0.151
   183.500      4.460      0.154
   184.000      4.459      0.157
   184.500      4.453      0.157
   185.000      4.453      0.157
   185.500      4.453      0.157
   186.000      4.453      0.157
   186.500      4.459      0.159
   187.000      4.462      0.166
   187.500      4.451      0.172
   188.000      4.451      0.171
   188.500      4.451      0.171
   189.000      4.451      0.171
   189.500      4.451      0.171
   190.000      4.458      0.179
   190.500      4.453      0.195
   191.000      4.449      0.195
   191.500      4.449      0.195
   192.000      4.449      0.195
   192.500      4.449      0.195
   193.000      4.449      0.195
   193.500      4.461      0.218
   194.000      4.447      0.229
   194.500      4.447      0.229
   195.000      4.447      0.229
   195.500      4.447      0.229
   196.000      4.447      0.229
   196.500      4.447      0.229
   197.000      4.445      0.271
   197.500      4.445      0.271
   198.000      4.445      0.271
   198.500      4.445      0.271
   199.000      4.445      0.271
   199.500      4.445      0.271
