     0.000      1.262      0.447
     0.500      3.234      0.162
     1.000      3.270      0.174
     1.500      3.335      0.131
     2.000      3.342      0.134
     2.500      3.391      0.098
     3.000      3.402      0.098
     3.500      3.439      0.073
     4.000      3.451      0.070
     4.500      3.479      0.054
     5.000      3.491      0.051
     5.500      3.514      0.041
     6.000      3.525      0.039
     6.500      3.542      0.035
     7.000      3.552      0.033
     7.500      3.565      0.033
     8.000      3.574      0.033
     8.500      3.584      0.034
     9.000      3.591      0.034
     9.500      3.599      0.034
    10.000      3.604      0.034
    10.500      3.611      0.034
    11.000      3.614      0.034
    11.500      3.619      0.034
    12.000      3.622      0.034
    12.500      3.626      0.034
    13.000      3.629      0.033
    13.500      3.632      0.033
    14.000      3.635      0.032
    14.500      3.637      0.032
    15.000      3.640      0.032
    15.500      3.643      0.031
    16.000      3.645      0.031
    16.500      3.648      0.030
    17.000      3.651      0.030
    17.500      3.653      0.029
    18.000      3.656      0.029
    18.500      3.659      0.028
    19.000      3.662      0.028
    19.500      3.666      0.027
    20.000      3.669      0.027
    20.500      3.673      0.026
    21.000      3.676      0.026
    21.500      3.680      0.025
    22.000      3.684      0.025
    22.500      3.688      0.025
    23.000      3.692      0.025
    23.500      3.697      0.025
    24.000      3.702      0.025
    24.500      3.707      0.025
    25.000      3.712      0.026
    25.500      3.717      0.026
    26.000      3.723      0.026
    26.500      3.729      0.026
    27.000      3.735      0.027
    27.500      3.742      0.027
    28.000      3.748      0.028
    28.500      3.755      0.029
    29.000      3.763      0.029
    29.500      3.771      0.030
    30.000      3.779      0.030
    30.500      3.787      0.031
    31.000      3.796      0.032
    31.500      3.805      0.032
    32.000      3.815      0.033
    32.500      3.825      0.034
    33.000      3.835      0.035
    33.500      3.846      0.036
    34.000      3.858      0.038
    34.500      3.869      0.039
    35.000      3.881      0.041
    35.500      3.894      0.044
    36.000      3.907      0.047
    36.500      3.920      0.050
    37.000      3.934      0.053
    37.500      3.948      0.056
    38.000      3.964      0.060
    38.500      3.980      0.062
    39.000      3.998      0.067
    39.500      4.017      0.070
    40.000      4.035      0.068
    40.500      4.053      0.067
    41.000      4.075      0.066
    41.500      4.094      0.071
    42.000      4.118      0.073
    42.500      4.142      0.082
    43.000      4.334      0.170
    43.500      4.348      0.172
    44.000      4.362      0.169
    44.500      4.377      0.170
    45.000      4.395      0.172
    45.500      4.415      0.173
    46.000      4.430      0.171
    46.500      4.438      0.164
    47.000      4.443      0.158
    47.500      4.449      0.156
    48.000      4.457      0.155
    48.500      4.462      0.148
    49.000      4.467      0.139
    49.500      4.473      0.133
    50.000      4.478      0.129
    50.500      4.481      0.124
    51.000      4.482      0.118
    51.500      4.483      0.112
    52.000      4.483      0.105
    52.500      4.484      0.098
    53.000      4.484      0.095
    53.500      4.486      0.092
    54.000      4.486      0.088
    54.500      4.486      0.086
    55.000      4.487      0.083
    55.500      4.487      0.080
    56.000      4.487      0.079
    56.500      4.489      0.078
    57.000      4.489      0.077
    57.500      4.490      0.076
    58.000      4.490      0.077
    58.500      4.490      0.077
    59.000      4.491      0.078
    59.500      4.492      0.078
    60.000      4.493      0.078
    60.500      4.493      0.078
    61.000      4.494      0.080
    61.500      4.494      0.081
    62.000      4.494      0.083
    62.500      4.495      0.083
    63.000      4.496      0.083
    63.500      4.497      0.084
    64.000      4.497      0.085
    64.500      4.497      0.086
    65.000      4.498      0.087
    65.500      4.499      0.087
    66.000      4.499      0.087
    66.500      4.500      0.087
    67.000      4.501      0.088
    67.500      4.501      0.088
    68.000      4.502      0.089
    68.500      4.502      0.089
    69.000      4.503      0.088
    69.500      4.504      0.088
    70.000      4.504      0.088
    70.500      4.505      0.087
    71.000      4.505      0.087
    71.500      4.506      0.087
    72.000      4.506      0.086
    72.500      4.507      0.086
    73.000      4.508      0.085
    73.500      4.508      0.084
    74.000      4.509      0.083
    74.500      4.509      0.083
    75.000      4.510      0.082
    75.500      4.511      0.081
    76.000      4.512      0.080
    76.500      4.512      0.079
    77.000      4.513      0.078
    77.500      4.513      0.077
    78.000      4.514      0.076
    78.500      4.514      0.075
    79.000      4.516      0.074
    79.500      4.516      0.073
    80.000      4.517      0.072
    80.500      4.517      0.071
    81.000      4.518      0.070
    81.500      4.518      0.070
    82.000      4.519      0.069
    82.500      4.520      0.068
    83.000      4.521      0.068
    83.500      4.521      0.068
    84.000      4.521      0.067
    84.500      4.522      0.066
    85.000      4.523      0.066
    85.500      4.524      0.066
    86.000      4.525      0.066
    86.500      4.525      0.067
    87.000      4.525      0.066
    87.500      4.526      0.066
    88.000      4.527      0.066
    88.500      4.528      0.067
    89.000      4.530      0.068
    89.500      4.530      0.069
    90.000      4.529      0.069
    90.500      4.530      0.070
    91.000      4.531      0.070
    91.500      4.532      0.071
    92.000      4.534      0.072
    92.500      4.534      0.074
    93.000      4.534      0.075
    93.500      4.534      0.075
    94.000      4.535      0.076
    94.500      4.536      0.077
    95.000      4.538      0.078
    95.500      4.539      0.080
    96.000      4.539      0.081
    96.500      4.539      0.081
    97.000      4.539      0.082
    97.500      4.540      0.082
    98.000      4.542      0.084
    98.500      4.543      0.085
    99.000      4.543      0.086
    99.500      4.543      0.087
   100.000      4.544      0.087
   100.500      4.545      0.087
   101.000      4.546      0.088
   101.500      4.548      0.089
   102.000      4.548      0.090
   102.500      4.548      0.090
   103.000      4.548      0.091
   103.500      4.549      0.091
   104.000      4.550      0.092
   104.500      4.552      0.092
   105.000      4.552      0.093
   105.500      4.552      0.093
   106.000      4.553      0.093
   106.500      4.553      0.093
   107.000      4.554      0.093
   107.500      4.556      0.094
   108.000      4.556      0.094
   108.500      4.557      0.094
   109.000      4.557      0.094
   109.500      4.558      0.094
   110.000      4.558      0.094
   110.500      4.560      0.095
   111.000      4.560      0.095
   111.500      4.561      0.094
   112.000      4.561      0.094
   112.500      4.562      0.094
   113.000      4.563      0.094
   113.500      4.563      0.094
   114.000      4.564      0.094
   114.500      4.565      0.094
   115.000      4.566      0.093
   115.500      4.566      0.093
   116.000      4.567      0.093
   116.500      4.567      0.093
   117.000      4.568      0.093
   117.500      4.568      0.093
   118.000      4.569      0.092
   118.500      4.570      0.092
   119.000      4.571      0.092
   119.500      4.571      0.092
   120.000      4.571      0.092
   120.500      4.572      0.092
   121.000      4.573      0.092
   121.500      4.574      0.091
   122.000      4.575      0.091
   122.500      4.575      0.091
   123.000      4.575      0.091
   123.500      4.575      0.092
   124.000      4.576      0.092
   124.500      4.578      0.091
   125.000      4.579      0.091
   125.500      4.579      0.091
   126.000      4.579      0.092
   126.500      4.579      0.092
   127.000      4.579      0.092
   127.500      4.581      0.092
   128.000      4.582      0.092
   128.500      4.583      0.092
   129.000      4.583      0.093
   129.500      4.582      0.093
   130.000      4.583      0.094
   130.500      4.584      0.095
   131.000      4.586      0.094
   131.500      4.587      0.095
   132.000      4.586      0.096
   132.500      4.585      0.096
   133.000      4.586      0.096
   133.500      4.586      0.098
   134.000      4.588      0.098
   134.500      4.589      0.099
   135.000      4.589      0.099
   135.500      4.588      0.100
   136.000      4.588      0.101
   136.500      4.589      0.102
   137.000      4.591      0.103
   137.500      4.592      0.104
   138.000      4.592      0.104
   138.500      4.591      0.105
   139.000      4.591      0.106
   139.500      4.592      0.107
   140.000      4.594      0.109
   140.500      4.595      0.110
   141.000      4.595      0.110
   141.500      4.594      0.111
   142.000      4.594      0.112
   142.500      4.594      0.113
   143.000      4.596      0.115
   143.500      4.597      0.116
   144.000      4.597      0.117
   144.500      4.597      0.118
   145.000      4.596      0.118
   145.500      4.596      0.119
   146.000      4.598      0.121
   146.500      4.599      0.123
   147.000      4.599      0.124
   147.500      4.599      0.124
   148.000      4.598      0.125
   148.500      4.599      0.126
   149.000      4.600      0.127
   149.500      4.601      0.130
   150.000      4.601      0.130
   150.500      4.600      0.130
   151.000      4.600      0.132
   151.500      4.600      0.132
   152.000      4.601      0.133
   152.500      4.602      0.135
   153.000      4.603      0.136
   153.500      4.602      0.137
   154.000      4.601      0.137
   154.500      4.602      0.138
   155.000      4.603      0.139
   155.500      4.603      0.140
   156.000      4.604      0.141
   156.500      4.603      0.141
   157.000      4.602      0.142
   157.500      4.602      0.143
   158.000      4.604      0.143
   158.500      4.604      0.144
   159.000      4.605      0.144
   159.500      4.605      0.145
   160.000      4.603      0.146
   160.500      4.603      0.147
   161.000      4.604      0.147
   161.500      4.605      0.147
   162.000      4.605      0.146
   162.500      4.605      0.147
   163.000      4.604      0.148
   163.500      4.603      0.149
   164.000      4.604      0.149
   164.500      4.605      0.148
   165.000      4.605      0.147
   165.500      4.606      0.148
   166.000      4.605      0.148
   166.500      4.604      0.149
   167.000      4.604      0.149
   167.500      4.604      0.148
   168.000      4.605      0.147
   168.500      4.606      0.146
   169.000      4.605      0.147
   169.500      4.604      0.148
   170.000      4.603      0.147
   170.500      4.603      0.147
   171.000      4.604      0.145
   171.500      4.605      0.143
   172.000      4.605      0.143
   172.500      4.603      0.145
   173.000      4.602      0.144
   173.500      4.602      0.144
   174.000      4.602      0.142
   174.500      4.603      0.140
   175.000      4.604      0.138
   175.500      4.602      0.140
   176.000      4.601      0.139
   176.500      4.601      0.138
   177.000      4.600      0.138
   177.500      4.602      0.135
   178.000      4.603      0.132
   178.500      4.601      0.134
   179.000      4.599      0.132
   179.500      4.599      0.131
   180.000      4.599      0.131
   180.500      4.599      0.130
   181.000      4.601      0.126
   181.500      4.600      0.127
   182.000      4.597      0.125
   182.500      4.597      0.125
   183.000      4.597      0.125
   183.500      4.596      0.125
   184.000      4.599      0.123
   184.500      4.598      0.121
   185.000      4.595      0.121
   185.500      4.594      0.120
   186.000      4.594      0.120
   186.500      4.594      0.120
   187.000      4.594      0.120
   187.500      4.596      0.120
   188.000      4.592      0.120
   188.500      4.591      0.119
   189.000      4.591      0.119
   189.500      4.591      0.119
   190.000      4.591      0.119
   190.500      4.594      0.126
   191.000      4.589      0.127
   191.500      4.587      0.127
   192.000      4.587      0.127
   192.500      4.587      0.127
   193.000      4.587      0.127
   193.500      4.587      0.131
   194.000      4.585      0.145
   194.500      4.583      0.145
   195.000      4.583      0.145
   195.500      4.583      0.145
   196.000      4.583      0.145
   196.500      4.583      0.145
   197.000      4.580      0.172
   197.500      4.578      0.173
   198.000      4.578      0.173
   198.500      4.578      0.173
   199.000      4.578      0.173
   199.500      4.578      0.173
