     0.000      1.375      0.568
     0.500      3.198      0.146
     1.000      3.225      0.141
     1.500      3.268      0.111
     2.000      3.282      0.108
     2.500      3.317      0.081
     3.000      3.330      0.081
     3.500      3.356      0.061
     4.000      3.371      0.059
     4.500      3.391      0.047
     5.000      3.404      0.045
     5.500      3.421      0.037
     6.000      3.431      0.036
     6.500      3.445      0.032
     7.000      3.453      0.033
     7.500      3.464      0.032
     8.000      3.470      0.032
     8.500      3.480      0.033
     9.000      3.485      0.034
     9.500      3.492      0.036
    10.000      3.496      0.037
    10.500      3.501      0.038
    11.000      3.505      0.039
    11.500      3.509      0.040
    12.000      3.513      0.041
    12.500      3.516      0.042
    13.000      3.519      0.042
    13.500      3.522      0.043
    14.000      3.525      0.043
    14.500      3.528      0.043
    15.000      3.532      0.043
    15.500      3.535      0.043
    16.000      3.538      0.041
    16.500      3.542      0.041
    17.000      3.546      0.039
    17.500      3.550      0.038
    18.000      3.554      0.036
    18.500      3.559      0.035
    19.000      3.564      0.034
    19.500      3.570      0.032
    20.000      3.575      0.031
    20.500      3.581      0.030
    21.000      3.588      0.029
    21.500      3.595      0.029
    22.000      3.602      0.029
    22.500      3.609      0.030
    23.000      3.618      0.030
    23.500      3.626      0.032
    24.000      3.636      0.033
    24.500      3.646      0.036
    25.000      3.656      0.038
    25.500      3.667      0.041
    26.000      3.678      0.043
    26.500      3.691      0.046
    27.000      3.703      0.048
    27.500      3.717      0.051
    28.000      3.731      0.054
    28.500      3.746      0.056
    29.000      3.762      0.059
    29.500      3.779      0.061
    30.000      3.796      0.064
    30.500      3.814      0.067
    31.000      3.834      0.070
    31.500      3.853      0.073
    32.000      3.876      0.074
    32.500      3.899      0.076
    33.000      3.924      0.073
    33.500      3.949      0.073
    34.000      3.972      0.072
    34.500      3.994      0.074
    35.000      4.018      0.074
    35.500      4.044      0.074
    36.000      4.068      0.074
    36.500      4.094      0.075
    37.000      4.121      0.078
    37.500      4.151      0.082
    38.000      4.179      0.088
    38.500      4.209      0.098
    39.000      4.235      0.109
    39.500      4.442      0.193
    40.000      4.468      0.189
    40.500      4.487      0.184
    41.000      4.502      0.180
    41.500      4.513      0.178
    42.000      4.522      0.175
    42.500      4.533      0.169
    43.000      4.535      0.161
    43.500      4.539      0.156
    44.000      4.539      0.151
    44.500      4.537      0.144
    45.000      4.536      0.138
    45.500      4.533      0.129
    46.000      4.530      0.120
    46.500      4.526      0.112
    47.000      4.522      0.104
    47.500      4.519      0.100
    48.000      4.516      0.096
    48.500      4.513      0.090
    49.000      4.509      0.084
    49.500      4.505      0.079
    50.000      4.502      0.075
    50.500      4.498      0.073
    51.000      4.496      0.071
    51.500      4.492      0.069
    52.000      4.489      0.066
    52.500      4.485      0.064
    53.000      4.482      0.062
    53.500      4.479      0.062
    54.000      4.476      0.062
    54.500      4.474      0.062
    55.000      4.471      0.062
    55.500      4.468      0.062
    56.000      4.465      0.063
    56.500      4.462      0.064
    57.000      4.459      0.064
    57.500      4.457      0.065
    58.000      4.455      0.066
    58.500      4.452      0.067
    59.000      4.450      0.068
    59.500      4.447      0.069
    60.000      4.445      0.070
    60.500      4.443      0.071
    61.000      4.441      0.072
    61.500      4.439      0.073
    62.000      4.437      0.074
    62.500      4.435      0.075
    63.000      4.432      0.075
    63.500      4.430      0.076
    64.000      4.429      0.076
    64.500      4.427      0.077
    65.000      4.426      0.077
    65.500      4.424      0.078
    66.000      4.422      0.078
    66.500      4.420      0.078
    67.000      4.419      0.078
    67.500      4.418      0.078
    68.000      4.417      0.078
    68.500      4.415      0.079
    69.000      4.414      0.078
    69.500      4.412      0.078
    70.000      4.411      0.078
    70.500      4.410      0.077
    71.000      4.410      0.077
    71.500      4.409      0.077
    72.000      4.408      0.077
    72.500      4.406      0.076
    73.000      4.405      0.075
    73.500      4.404      0.075
    74.000      4.404      0.075
    74.500      4.404      0.074
    75.000      4.403      0.074
    75.500      4.402      0.073
    76.000      4.400      0.072
    76.500      4.400      0.072
    77.000      4.400      0.072
    77.500      4.400      0.071
    78.000      4.400      0.070
    78.500      4.399      0.069
    79.000      4.398      0.069
    79.500      4.397      0.069
    80.000      4.397      0.069
    80.500      4.398      0.069
    81.000      4.398      0.068
    81.500      4.397      0.067
    82.000      4.396      0.066
    82.500      4.396      0.067
    83.000      4.396      0.068
    83.500      4.397      0.068
    84.000      4.397      0.068
    84.500      4.397      0.068
    85.000      4.396      0.067
    85.500      4.396      0.067
    86.000      4.395      0.068
    86.500      4.396      0.069
    87.000      4.397      0.070
    87.500      4.398      0.070
    88.000      4.398      0.069
    88.500      4.397      0.070
    89.000      4.397      0.071
    89.500      4.397      0.072
    90.000      4.399      0.073
    90.500      4.399      0.074
    91.000      4.400      0.074
    91.500      4.399      0.074
    92.000      4.399      0.075
    92.500      4.399      0.076
    93.000      4.401      0.077
    93.500      4.402      0.078
    94.000      4.402      0.079
    94.500      4.402      0.079
    95.000      4.402      0.080
    95.500      4.402      0.081
    96.000      4.403      0.082
    96.500      4.405      0.083
    97.000      4.405      0.084
    97.500      4.406      0.084
    98.000      4.406      0.085
    98.500      4.406      0.085
    99.000      4.407      0.086
    99.500      4.408      0.087
   100.000      4.409      0.088
   100.500      4.409      0.088
   101.000      4.410      0.089
   101.500      4.410      0.090
   102.000      4.411      0.090
   102.500      4.412      0.091
   103.000      4.413      0.092
   103.500      4.413      0.092
   104.000      4.414      0.093
   104.500      4.414      0.094
   105.000      4.415      0.094
   105.500      4.416      0.094
   106.000      4.417      0.095
   106.500      4.417      0.095
   107.000      4.418      0.096
   107.500      4.418      0.097
   108.000      4.419      0.098
   108.500      4.420      0.098
   109.000      4.421      0.098
   109.500      4.421      0.098
   110.000      4.421      0.099
   110.500      4.422      0.099
   111.000      4.423      0.100
   111.500      4.424      0.101
   112.000      4.425      0.101
   112.500      4.426      0.101
   113.000      4.425      0.101
   113.500      4.426      0.102
   114.000      4.427      0.103
   114.500      4.428      0.104
   115.000      4.429      0.104
   115.500      4.430      0.104
   116.000      4.430      0.104
   116.500      4.430      0.105
   117.000      4.431      0.106
   117.500      4.433      0.107
   118.000      4.433      0.107
   118.500      4.434      0.107
   119.000      4.434      0.107
   119.500      4.434      0.107
   120.000      4.435      0.109
   120.500      4.436      0.110
   121.000      4.437      0.110
   121.500      4.438      0.111
   122.000      4.438      0.111
   122.500      4.438      0.111
   123.000      4.438      0.112
   123.500      4.440      0.114
   124.000      4.441      0.114
   124.500      4.442      0.114
   125.000      4.442      0.115
   125.500      4.442      0.115
   126.000      4.441      0.116
   126.500      4.443      0.118
   127.000      4.444      0.119
   127.500      4.445      0.119
   128.000      4.445      0.119
   128.500      4.446      0.120
   129.000      4.445      0.121
   129.500      4.445      0.123
   130.000      4.447      0.124
   130.500      4.448      0.124
   131.000      4.448      0.124
   131.500      4.449      0.125
   132.000      4.448      0.126
   132.500      4.448      0.128
   133.000      4.449      0.129
   133.500      4.450      0.130
   134.000      4.450      0.130
   134.500      4.451      0.130
   135.000      4.451      0.131
   135.500      4.450      0.133
   136.000      4.451      0.135
   136.500      4.452      0.136
   137.000      4.452      0.136
   137.500      4.452      0.136
   138.000      4.453      0.137
   138.500      4.452      0.138
   139.000      4.452      0.140
   139.500      4.453      0.142
   140.000      4.453      0.143
   140.500      4.453      0.143
   141.000      4.453      0.143
   141.500      4.454      0.144
   142.000      4.453      0.146
   142.500      4.454      0.148
   143.000      4.454      0.149
   143.500      4.454      0.149
   144.000      4.453      0.150
   144.500      4.454      0.151
   145.000      4.454      0.152
   145.500      4.454      0.153
   146.000      4.454      0.155
   146.500      4.453      0.156
   147.000      4.453      0.156
   147.500      4.452      0.157
   148.000      4.453      0.158
   148.500      4.453      0.158
   149.000      4.453      0.160
   149.500      4.453      0.162
   150.000      4.451      0.162
   150.500      4.451      0.163
   151.000      4.451      0.164
   151.500      4.451      0.164
   152.000      4.451      0.165
   152.500      4.451      0.166
   153.000      4.450      0.168
   153.500      4.448      0.169
   154.000      4.448      0.169
   154.500      4.449      0.170
   155.000      4.449      0.170
   155.500      4.448      0.170
   156.000      4.447      0.172
   156.500      4.445      0.173
   157.000      4.444      0.174
   157.500      4.444      0.175
   158.000      4.444      0.176
   158.500      4.444      0.174
   159.000      4.443      0.175
   159.500      4.441      0.177
   160.000      4.440      0.178
   160.500      4.439      0.178
   161.000      4.440      0.180
   161.500      4.439      0.179
   162.000      4.438      0.178
   162.500      4.436      0.179
   163.000      4.434      0.182
   163.500      4.433      0.182
   164.000      4.433      0.183
   164.500      4.433      0.183
   165.000      4.431      0.181
   165.500      4.429      0.181
   166.000      4.428      0.183
   166.500      4.426      0.184
   167.000      4.425      0.185
   167.500      4.425      0.186
   168.000      4.424      0.184
   168.500      4.421      0.182
   169.000      4.420      0.184
   169.500      4.418      0.186
   170.000      4.417      0.186
   170.500      4.417      0.187
   171.000      4.416      0.188
   171.500      4.412      0.184
   172.000      4.410      0.185
   172.500      4.409      0.185
   173.000      4.407      0.187
   173.500      4.406      0.188
   174.000      4.405      0.189
   174.500      4.402      0.186
   175.000      4.398      0.186
   175.500      4.397      0.186
   176.000      4.396      0.187
   176.500      4.395      0.188
   177.000      4.394      0.189
   177.500      4.392      0.189
   178.000      4.384      0.187
   178.500      4.384      0.188
   179.000      4.383      0.188
   179.500      4.382      0.188
   180.000      4.381      0.190
   180.500      4.378      0.190
   181.000      4.371      0.189
   181.500      4.368      0.190
   182.000      4.367      0.190
   182.500      4.367      0.190
   183.000      4.367      0.191
   183.500      4.365      0.192
   184.000      4.359      0.193
   184.500      4.351      0.193
   185.000      4.350      0.194
   185.500      4.350      0.194
   186.000      4.350      0.194
   186.500      4.349      0.195
   187.000      4.344      0.195
   187.500      4.331      0.200
   188.000      4.330      0.200
   188.500      4.330      0.200
   189.000      4.330      0.200
   189.500      4.330      0.200
   190.000      4.329      0.202
   190.500      4.313      0.209
   191.000      4.309      0.211
   191.500      4.309      0.211
   192.000      4.309      0.211
   192.500      4.309      0.211
   193.000      4.309      0.211
   193.500      4.302      0.212
   194.000      4.286      0.227
   194.500      4.286      0.227
   195.000      4.286      0.227
   195.500      4.286      0.227
   196.000      4.286      0.227
   196.500      4.286      0.227
   197.000      4.260      0.248
   197.500      4.260      0.248
   198.000      4.260      0.248
   198.500      4.260      0.248
   199.000      4.260      0.248
   199.500      4.260      0.248
