     0.000      1.334      0.431
     0.500      2.044      0.461
     1.000      3.468      0.251
     1.500      3.477      0.216
     2.000      3.481      0.181
     2.500      3.491      0.154
     3.000      3.494      0.127
     3.500      3.500      0.106
     4.000      3.503      0.087
     4.500      3.508      0.077
     5.000      3.507      0.068
     5.500      3.510      0.063
     6.000      3.510      0.063
     6.500      3.511      0.065
     7.000      3.509      0.066
     7.500      3.509      0.071
     8.000      3.505      0.072
     8.500      3.505      0.074
     9.000      3.501      0.076
     9.500      3.498      0.075
    10.000      3.496      0.076
    10.500      3.492      0.074
    11.000      3.489      0.074
    11.500      3.485      0.072
    12.000      3.481      0.069
    12.500      3.478      0.068
    13.000      3.474      0.065
    13.500      3.472      0.062
    14.000      3.468      0.060
    14.500      3.465      0.057
    15.000      3.463      0.055
    15.500      3.461      0.053
    16.000      3.459      0.051
    16.500      3.458      0.049
    17.000      3.457      0.047
    17.500      3.456      0.045
    18.000      3.456      0.043
    18.500      3.456      0.041
    19.000      3.457      0.039
    19.500      3.458      0.036
    20.000      3.460      0.035
    20.500      3.461      0.032
    21.000      3.464      0.030
    21.500      3.466      0.028
    22.000      3.469      0.026
    22.500      3.472      0.025
    23.000      3.475      0.024
    23.500      3.478      0.023
    24.000      3.482      0.024
    24.500      3.486      0.024
    25.000      3.490      0.026
    25.500      3.495      0.028
    26.000      3.499      0.030
    26.500      3.504      0.033
    27.000      3.509      0.037
    27.500      3.513      0.039
    28.000      3.519      0.043
    28.500      3.524      0.046
    29.000      3.529      0.049
    29.500      3.536      0.053
    30.000      3.540      0.055
    30.500      3.546      0.059
    31.000      3.552      0.061
    31.500      3.557      0.064
    32.000      3.563      0.067
    32.500      3.568      0.069
    33.000      3.574      0.071
    33.500      3.579      0.073
    34.000      3.584      0.074
    34.500      3.590      0.076
    35.000      3.595      0.077
    35.500      3.600      0.078
    36.000      3.605      0.079
    36.500      3.610      0.081
    37.000      3.615      0.082
    37.500      3.619      0.083
    38.000      3.623      0.084
    38.500      3.628      0.086
    39.000      3.635      0.085
    39.500      3.644      0.082
    40.000      3.651      0.082
    40.500      3.658      0.085
    41.000      3.666      0.087
    41.500      3.674      0.089
    42.000      3.685      0.091
    42.500      3.692      0.096
    43.000      3.703      0.102
    43.500      3.708      0.114
    44.000      3.714      0.127
    44.500      3.717      0.144
    45.000      3.721      0.159
    45.500      3.722      0.175
    46.000      3.729      0.188
    46.500      3.732      0.204
    47.000      3.747      0.212
    47.500      4.227      0.314
    48.000      4.223      0.284
    48.500      4.220      0.263
    49.000      4.222      0.255
    49.500      4.218      0.245
    50.000      4.216      0.235
    50.500      4.216      0.226
    51.000      4.216      0.210
    51.500      4.216      0.197
    52.000      4.216      0.183
    52.500      4.221      0.181
    53.000      4.231      0.189
    53.500      4.234      0.190
    54.000      4.240      0.197
    54.500      4.256      0.217
    55.000      4.274      0.233
    55.500      4.292      0.247
    56.000      4.291      0.246
    56.500      4.289      0.244
    57.000      4.287      0.241
    57.500      4.281      0.236
    58.000      4.274      0.227
    58.500      4.267      0.218
    59.000      4.260      0.204
    59.500      4.257      0.201
    60.000      4.251      0.195
    60.500      4.247      0.190
    61.000      4.246      0.186
    61.500      4.244      0.182
    62.000      4.240      0.172
    62.500      4.235      0.164
    63.000      4.232      0.160
    63.500      4.230      0.158
    64.000      4.227      0.156
    64.500      4.228      0.154
    65.000      4.228      0.151
    65.500      4.226      0.146
    66.000      4.224      0.140
    66.500      4.221      0.136
    67.000      4.221      0.136
    67.500      4.220      0.136
    68.000      4.220      0.136
    68.500      4.222      0.136
    69.000      4.222      0.133
    69.500      4.222      0.129
    70.000      4.221      0.125
    70.500      4.221      0.125
    71.000      4.222      0.125
    71.500      4.223      0.125
    72.000      4.225      0.125
    72.500      4.227      0.126
    73.000      4.228      0.123
    73.500      4.229      0.121
    74.000      4.230      0.120
    74.500      4.232      0.118
    75.000      4.234      0.117
    75.500      4.237      0.116
    76.000      4.239      0.117
    76.500      4.242      0.116
    77.000      4.244      0.116
    77.500      4.247      0.115
    78.000      4.250      0.113
    78.500      4.253      0.110
    79.000      4.256      0.108
    79.500      4.259      0.107
    80.000      4.262      0.106
    80.500      4.265      0.107
    81.000      4.269      0.107
    81.500      4.272      0.106
    82.000      4.276      0.103
    82.500      4.280      0.100
    83.000      4.284      0.098
    83.500      4.288      0.096
    84.000      4.291      0.096
    84.500      4.295      0.097
    85.000      4.299      0.098
    85.500      4.304      0.096
    86.000      4.309      0.094
    86.500      4.313      0.092
    87.000      4.318      0.089
    87.500      4.322      0.087
    88.000      4.325      0.087
    88.500      4.329      0.089
    89.000      4.334      0.089
    89.500      4.339      0.089
    90.000      4.344      0.088
    90.500      4.349      0.086
    91.000      4.354      0.083
    91.500      4.359      0.082
    92.000      4.362      0.082
    92.500      4.365      0.084
    93.000      4.370      0.085
    93.500      4.376      0.086
    94.000      4.381      0.086
    94.500      4.386      0.085
    95.000      4.392      0.082
    95.500      4.396      0.082
    96.000      4.398      0.082
    96.500      4.402      0.084
    97.000      4.407      0.086
    97.500      4.412      0.088
    98.000      4.418      0.088
    98.500      4.423      0.086
    99.000      4.428      0.085
    99.500      4.431      0.085
   100.000      4.434      0.085
   100.500      4.437      0.087
   101.000      4.442      0.089
   101.500      4.447      0.091
   102.000      4.453      0.090
   102.500      4.458      0.089
   103.000      4.462      0.088
   103.500      4.464      0.088
   104.000      4.467      0.089
   104.500      4.471      0.091
   105.000      4.475      0.093
   105.500      4.480      0.093
   106.000      4.485      0.091
   106.500      4.490      0.091
   107.000      4.492      0.091
   107.500      4.495      0.092
   108.000      4.497      0.093
   108.500      4.500      0.094
   109.000      4.505      0.094
   109.500      4.509      0.093
   110.000      4.514      0.092
   110.500      4.518      0.092
   111.000      4.520      0.093
   111.500      4.522      0.094
   112.000      4.524      0.094
   112.500      4.527      0.094
   113.000      4.532      0.092
   113.500      4.536      0.092
   114.000      4.540      0.092
   114.500      4.543      0.092
   115.000      4.544      0.093
   115.500      4.547      0.094
   116.000      4.549      0.093
   116.500      4.553      0.091
   117.000      4.557      0.090
   117.500      4.560      0.090
   118.000      4.563      0.091
   118.500      4.565      0.092
   119.000      4.567      0.093
   119.500      4.568      0.093
   120.000      4.571      0.090
   120.500      4.575      0.088
   121.000      4.578      0.088
   121.500      4.580      0.089
   122.000      4.583      0.090
   122.500      4.585      0.091
   123.000      4.586      0.092
   123.500      4.588      0.091
   124.000      4.591      0.088
   124.500      4.594      0.087
   125.000      4.596      0.088
   125.500      4.598      0.089
   126.000      4.601      0.089
   126.500      4.602      0.091
   127.000      4.603      0.091
   127.500      4.605      0.089
   128.000      4.608      0.087
   128.500      4.610      0.088
   129.000      4.611      0.090
   129.500      4.614      0.090
   130.000      4.616      0.091
   130.500      4.616      0.092
   131.000      4.618      0.091
   131.500      4.620      0.090
   132.000      4.622      0.090
   132.500      4.623      0.092
   133.000      4.625      0.093
   133.500      4.627      0.094
   134.000      4.628      0.094
   134.500      4.629      0.095
   135.000      4.631      0.094
   135.500      4.632      0.095
   136.000      4.634      0.096
   136.500      4.635      0.098
   137.000      4.635      0.099
   137.500      4.637      0.099
   138.000      4.638      0.100
   138.500      4.640      0.100
   139.000      4.641      0.101
   139.500      4.642      0.102
   140.000      4.643      0.104
   140.500      4.644      0.106
   141.000      4.644      0.107
   141.500      4.646      0.107
   142.000      4.647      0.108
   142.500      4.648      0.108
   143.000      4.649      0.109
   143.500      4.649      0.111
   144.000      4.650      0.113
   144.500      4.651      0.114
   145.000      4.651      0.115
   145.500      4.653      0.116
   146.000      4.654      0.117
   146.500      4.654      0.117
   147.000      4.655      0.119
   147.500      4.655      0.121
   148.000      4.656      0.122
   148.500      4.655      0.123
   149.000      4.656      0.124
   149.500      4.658      0.125
   150.000      4.658      0.126
   150.500      4.658      0.127
   151.000      4.658      0.129
   151.500      4.658      0.130
   152.000      4.659      0.130
   152.500      4.658      0.131
   153.000      4.660      0.133
   153.500      4.660      0.134
   154.000      4.660      0.134
   154.500      4.660      0.136
   155.000      4.660      0.137
   155.500      4.660      0.137
   156.000      4.660      0.137
   156.500      4.660      0.139
   157.000      4.661      0.140
   157.500      4.661      0.141
   158.000      4.661      0.141
   158.500      4.661      0.142
   159.000      4.660      0.142
   159.500      4.659      0.141
   160.000      4.659      0.143
   160.500      4.659      0.145
   161.000      4.660      0.145
   161.500      4.660      0.145
   162.000      4.660      0.146
   162.500      4.660      0.145
   163.000      4.658      0.144
   163.500      4.657      0.144
   164.000      4.657      0.146
   164.500      4.657      0.147
   165.000      4.658      0.147
   165.500      4.658      0.147
   166.000      4.658      0.146
   166.500      4.656      0.145
   167.000      4.654      0.144
   167.500      4.653      0.145
   168.000      4.654      0.146
   168.500      4.654      0.146
   169.000      4.655      0.146
   169.500      4.655      0.146
   170.000      4.653      0.143
   170.500      4.651      0.142
   171.000      4.649      0.142
   171.500      4.649      0.142
   172.000      4.649      0.142
   172.500      4.650      0.142
   173.000      4.650      0.142
   173.500      4.650      0.140
   174.000      4.646      0.137
   174.500      4.643      0.138
   175.000      4.643      0.137
   175.500      4.644      0.136
   176.000      4.643      0.136
   176.500      4.644      0.136
   177.000      4.644      0.135
   177.500      4.642      0.131
   178.000      4.637      0.132
   178.500      4.635      0.131
   179.000      4.637      0.129
   179.500      4.637      0.129
   180.000      4.636      0.129
   180.500      4.638      0.129
   181.000      4.637      0.126
   181.500      4.632      0.126
   182.000      4.627      0.126
   182.500      4.629      0.125
   183.000      4.629      0.125
   183.500      4.629      0.125
   184.000      4.628      0.124
   184.500      4.630      0.124
   185.000      4.627      0.122
   185.500      4.619      0.128
   186.000      4.620      0.127
   186.500      4.620      0.127
   187.000      4.620      0.127
   187.500      4.620      0.127
   188.000      4.619      0.126
   188.500      4.621      0.126
   189.000      4.612      0.141
   189.500      4.610      0.141
   190.000      4.610      0.141
   190.500      4.610      0.141
   191.000      4.610      0.141
   191.500      4.610      0.141
   192.000      4.609      0.140
   192.500      4.609      0.154
   193.000      4.600      0.171
   193.500      4.600      0.171
   194.000      4.600      0.171
   194.500      4.600      0.171
   195.000      4.600      0.171
   195.500      4.600      0.171
   196.000      4.598      0.170
   196.500      4.589      0.216
   197.000      4.589      0.216
   197.500      4.589      0.216
   198.000      4.589      0.216
   198.500      4.589      0.216
   199.000      4.589      0.216
