     0.000      1.365      0.550
     0.500      3.128      0.253
     1.000      3.168      0.247
     1.500      3.170      0.244
     2.000      3.195      0.199
     2.500      3.219      0.161
     3.000      3.222      0.154
     3.500      3.240      0.122
     4.000      3.254      0.098
     4.500      3.261      0.086
     5.000      3.274      0.069
     5.500      3.282      0.056
     6.000      3.288      0.050
     6.500      3.296      0.047
     7.000      3.302      0.046
     7.500      3.306      0.049
     8.000      3.310      0.055
     8.500      3.313      0.059
     9.000      3.316      0.063
     9.500      3.318      0.068
    10.000      3.319      0.072
    10.500      3.320      0.074
    11.000      3.320      0.077
    11.500      3.320      0.078
    12.000      3.318      0.079
    12.500      3.318      0.079
    13.000      3.316      0.079
    13.500      3.314      0.078
    14.000      3.312      0.077
    14.500      3.310      0.075
    15.000      3.308      0.073
    15.500      3.306      0.071
    16.000      3.303      0.068
    16.500      3.301      0.065
    17.000      3.299      0.064
    17.500      3.297      0.061
    18.000      3.295      0.057
    18.500      3.294      0.055
    19.000      3.292      0.053
    19.500      3.291      0.050
    20.000      3.291      0.048
    20.500      3.291      0.047
    21.000      3.291      0.045
    21.500      3.292      0.043
    22.000      3.293      0.041
    22.500      3.295      0.040
    23.000      3.297      0.038
    23.500      3.300      0.037
    24.000      3.303      0.036
    24.500      3.306      0.035
    25.000      3.311      0.034
    25.500      3.315      0.033
    26.000      3.320      0.033
    26.500      3.325      0.032
    27.000      3.330      0.032
    27.500      3.337      0.032
    28.000      3.343      0.032
    28.500      3.349      0.033
    29.000      3.357      0.034
    29.500      3.364      0.034
    30.000      3.372      0.035
    30.500      3.379      0.037
    31.000      3.387      0.038
    31.500      3.396      0.039
    32.000      3.404      0.041
    32.500      3.413      0.043
    33.000      3.422      0.045
    33.500      3.431      0.046
    34.000      3.440      0.048
    34.500      3.450      0.050
    35.000      3.459      0.052
    35.500      3.469      0.054
    36.000      3.479      0.055
    36.500      3.488      0.057
    37.000      3.498      0.059
    37.500      3.508      0.060
    38.000      3.518      0.061
    38.500      3.527      0.063
    39.000      3.537      0.064
    39.500      3.547      0.065
    40.000      3.557      0.065
    40.500      3.566      0.067
    41.000      3.576      0.067
    41.500      3.585      0.067
    42.000      3.594      0.068
    42.500      3.603      0.068
    43.000      3.612      0.067
    43.500      3.621      0.068
    44.000      3.630      0.067
    44.500      3.638      0.067
    45.000      3.646      0.067
    45.500      3.653      0.067
    46.000      3.661      0.067
    46.500      3.668      0.067
    47.000      3.675      0.068
    47.500      3.682      0.068
    48.000      3.688      0.070
    48.500      3.694      0.072
    49.000      3.699      0.075
    49.500      3.704      0.078
    50.000      3.709      0.083
    50.500      3.714      0.088
    51.000      3.717      0.093
    51.500      3.720      0.100
    52.000      3.723      0.109
    52.500      3.726      0.117
    53.000      3.728      0.127
    53.500      3.728      0.138
    54.000      3.730      0.148
    54.500      3.733      0.158
    55.000      3.735      0.167
    55.500      3.739      0.174
    56.000      3.744      0.181
    56.500      3.752      0.184
    57.000      3.761      0.185
    57.500      3.774      0.182
    58.000      3.784      0.183
    58.500      3.790      0.187
    59.000      3.797      0.190
    59.500      3.804      0.193
    60.000      3.811      0.199
    60.500      3.818      0.203
    61.000      3.827      0.207
    61.500      3.840      0.208
    62.000      3.851      0.210
    62.500      3.859      0.213
    63.000      3.864      0.215
    63.500      3.873      0.215
    64.000      3.886      0.211
    64.500      3.900      0.204
    65.000      3.912      0.197
    65.500      3.921      0.195
    66.000      4.267      0.228
    66.500      4.271      0.222
    67.000      4.274      0.218
    67.500      4.279      0.216
    68.000      4.283      0.212
    68.500      4.286      0.209
    69.000      4.289      0.207
    69.500      4.288      0.205
    70.000      4.287      0.204
    70.500      4.287      0.204
    71.000      4.290      0.205
    71.500      4.294      0.206
    72.000      4.298      0.206
    72.500      4.302      0.205
    73.000      4.304      0.204
    73.500      4.307      0.204
    74.000      4.309      0.207
    74.500      4.312      0.212
    75.000      4.315      0.217
    75.500      4.317      0.221
    76.000      4.319      0.224
    76.500      4.321      0.228
    77.000      4.324      0.231
    77.500      4.328      0.233
    78.000      4.330      0.235
    78.500      4.332      0.238
    79.000      4.336      0.239
    79.500      4.341      0.239
    80.000      4.346      0.237
    80.500      4.350      0.235
    81.000      4.355      0.233
    81.500      4.359      0.231
    82.000      4.363      0.230
    82.500      4.367      0.229
    83.000      4.370      0.229
    83.500      4.373      0.228
    84.000      4.376      0.227
    84.500      4.377      0.225
    85.000      4.377      0.224
    85.500      4.378      0.223
    86.000      4.377      0.223
    86.500      4.377      0.222
    87.000      4.377      0.221
    87.500      4.378      0.221
    88.000      4.379      0.221
    88.500      4.379      0.221
    89.000      4.379      0.222
    89.500      4.379      0.222
    90.000      4.379      0.223
    90.500      4.381      0.223
    91.000      4.381      0.224
    91.500      4.381      0.224
    92.000      4.382      0.225
    92.500      4.382      0.225
    93.000      4.382      0.226
    93.500      4.383      0.227
    94.000      4.384      0.227
    94.500      4.385      0.227
    95.000      4.385      0.228
    95.500      4.385      0.228
    96.000      4.386      0.228
    96.500      4.387      0.229
    97.000      4.388      0.228
    97.500      4.388      0.228
    98.000      4.388      0.228
    98.500      4.389      0.228
    99.000      4.390      0.228
    99.500      4.390      0.228
   100.000      4.392      0.228
   100.500      4.392      0.227
   101.000      4.393      0.227
   101.500      4.393      0.226
   102.000      4.394      0.226
   102.500      4.394      0.226
   103.000      4.395      0.226
   103.500      4.396      0.225
   104.000      4.397      0.224
   104.500      4.398      0.224
   105.000      4.398      0.223
   105.500      4.399      0.222
   106.000      4.400      0.222
   106.500      4.400      0.222
   107.000      4.401      0.221
   107.500      4.402      0.221
   108.000      4.403      0.220
   108.500      4.403      0.219
   109.000      4.404      0.219
   109.500      4.405      0.219
   110.000      4.405      0.218
   110.500      4.406      0.218
   111.000      4.407      0.218
   111.500      4.408      0.217
   112.000      4.408      0.217
   112.500      4.409      0.217
   113.000      4.409      0.217
   113.500      4.410      0.217
   114.000      4.411      0.217
   114.500      4.412      0.216
   115.000      4.412      0.217
   115.500      4.413      0.216
   116.000      4.413      0.216
   116.500      4.414      0.217
   117.000      4.415      0.217
   117.500      4.415      0.217
   118.000      4.416      0.217
   118.500      4.416      0.217
   119.000      4.417      0.218
   119.500      4.417      0.218
   120.000      4.418      0.218
   120.500      4.418      0.219
   121.000      4.418      0.219
   121.500      4.419      0.220
   122.000      4.419      0.220
   122.500      4.419      0.221
   123.000      4.420      0.221
   123.500      4.420      0.222
   124.000      4.420      0.222
   124.500      4.420      0.223
   125.000      4.420      0.223
   125.500      4.421      0.224
   126.000      4.421      0.225
   126.500      4.420      0.225
   127.000      4.420      0.225
   127.500      4.421      0.226
   128.000      4.421      0.227
   128.500      4.421      0.227
   129.000      4.421      0.228
   129.500      4.420      0.229
   130.000      4.420      0.229
   130.500      4.420      0.230
   131.000      4.420      0.230
   131.500      4.420      0.230
   132.000      4.420      0.231
   132.500      4.419      0.232
   133.000      4.419      0.233
   133.500      4.419      0.233
   134.000      4.419      0.233
   134.500      4.419      0.234
   135.000      4.419      0.234
   135.500      4.418      0.235
   136.000      4.417      0.235
   136.500      4.417      0.236
   137.000      4.417      0.236
   137.500      4.417      0.237
   138.000      4.417      0.237
   138.500      4.416      0.237
   139.000      4.415      0.238
   139.500      4.414      0.238
   140.000      4.414      0.239
   140.500      4.414      0.239
   141.000      4.414      0.239
   141.500      4.413      0.239
   142.000      4.412      0.239
   142.500      4.411      0.240
   143.000      4.411      0.240
   143.500      4.410      0.240
   144.000      4.410      0.240
   144.500      4.410      0.240
   145.000      4.409      0.240
   145.500      4.409      0.240
   146.000      4.408      0.241
   146.500      4.407      0.241
   147.000      4.407      0.241
   147.500      4.406      0.241
   148.000      4.406      0.241
   148.500      4.405      0.240
   149.000      4.405      0.240
   149.500      4.404      0.240
   150.000      4.403      0.240
   150.500      4.402      0.239
   151.000      4.402      0.239
   151.500      4.401      0.239
   152.000      4.401      0.239
   152.500      4.401      0.238
   153.000      4.400      0.238
   153.500      4.399      0.238
   154.000      4.398      0.237
   154.500      4.397      0.237
   155.000      4.397      0.236
   155.500      4.397      0.235
   156.000      4.397      0.235
   156.500      4.396      0.234
   157.000      4.394      0.233
   157.500      4.393      0.233
   158.000      4.393      0.232
   158.500      4.393      0.231
   159.000      4.393      0.230
   159.500      4.392      0.229
   160.000      4.392      0.229
   160.500      4.390      0.227
   161.000      4.389      0.226
   161.500      4.389      0.225
   162.000      4.389      0.224
   162.500      4.389      0.223
   163.000      4.388      0.222
   163.500      4.388      0.221
   164.000      4.387      0.219
   164.500      4.385      0.217
   165.000      4.385      0.216
   165.500      4.385      0.215
   166.000      4.385      0.213
   166.500      4.385      0.212
   167.000      4.385      0.210
   167.500      4.384      0.209
   168.000      4.383      0.207
   168.500      4.382      0.205
   169.000      4.382      0.204
   169.500      4.382      0.202
   170.000      4.383      0.200
   170.500      4.382      0.197
   171.000      4.382      0.197
   171.500      4.380      0.195
   172.000      4.380      0.194
   172.500      4.380      0.192
   173.000      4.380      0.189
   173.500      4.381      0.186
   174.000      4.381      0.185
   174.500      4.381      0.185
   175.000      4.379      0.184
   175.500      4.378      0.182
   176.000      4.378      0.180
   176.500      4.380      0.176
   177.000      4.380      0.174
   177.500      4.380      0.174
   178.000      4.380      0.174
   178.500      4.379      0.174
   179.000      4.378      0.173
   179.500      4.379      0.171
   180.000      4.381      0.168
   180.500      4.380      0.167
   181.000      4.380      0.167
   181.500      4.380      0.167
   182.000      4.381      0.168
   182.500      4.379      0.171
   183.000      4.380      0.170
   183.500      4.381      0.170
   184.000      4.380      0.170
   184.500      4.381      0.169
   185.000      4.384      0.171
   185.500      4.384      0.173
   186.000      4.381      0.180
   186.500      4.383      0.183
   187.000      4.382      0.185
   187.500      4.383      0.185
   188.000      4.387      0.188
   188.500      4.388      0.191
   189.000      4.388      0.191
   189.500      4.384      0.204
   190.000      4.387      0.212
   190.500      4.386      0.215
   191.000      4.391      0.220
   191.500      4.392      0.225
   192.000      4.392      0.225
   192.500      4.392      0.225
   193.000      4.388      0.243
   193.500      4.389      0.261
   194.000      4.396      0.268
   194.500      4.398      0.273
   195.000      4.398      0.273
   195.500      4.398      0.273
   196.000      4.398      0.273
   196.500      4.394      0.295
   197.000      4.403      0.328
   197.500      4.406      0.335
   198.000      4.406      0.335
   198.500      4.406      0.335
   199.000      4.406      0.335
