     0.000      1.444      0.505
     0.500      2.946      0.183
     1.000      2.995      0.190
     1.500      2.996      0.189
     2.000      3.045      0.153
     2.500      3.110      0.123
     3.000      3.126      0.122
     3.500      3.154      0.101
     4.000      3.189      0.084
     4.500      3.221      0.069
     5.000      3.248      0.061
     5.500      3.268      0.053
     6.000      3.283      0.048
     6.500      3.314      0.042
     7.000      3.330      0.041
     7.500      3.340      0.042
     8.000      3.354      0.046
     8.500      3.373      0.046
     9.000      3.382      0.049
     9.500      3.389      0.051
    10.000      3.397      0.053
    10.500      3.407      0.056
    11.000      3.411      0.056
    11.500      3.415      0.057
    12.000      3.418      0.058
    12.500      3.421      0.058
    13.000      3.422      0.058
    13.500      3.422      0.057
    14.000      3.421      0.056
    14.500      3.421      0.056
    15.000      3.419      0.055
    15.500      3.416      0.053
    16.000      3.413      0.051
    16.500      3.410      0.050
    17.000      3.406      0.049
    17.500      3.402      0.047
    18.000      3.398      0.045
    18.500      3.393      0.044
    19.000      3.388      0.043
    19.500      3.385      0.042
    20.000      3.380      0.040
    20.500      3.375      0.038
    21.000      3.372      0.037
    21.500      3.368      0.037
    22.000      3.365      0.035
    22.500      3.362      0.033
    23.000      3.359      0.032
    23.500      3.357      0.032
    24.000      3.355      0.030
    24.500      3.354      0.028
    25.000      3.353      0.028
    25.500      3.353      0.027
    26.000      3.352      0.026
    26.500      3.353      0.025
    27.000      3.354      0.025
    27.500      3.356      0.025
    28.000      3.357      0.025
    28.500      3.360      0.025
    29.000      3.362      0.026
    29.500      3.366      0.026
    30.000      3.369      0.027
    30.500      3.373      0.028
    31.000      3.378      0.029
    31.500      3.382      0.030
    32.000      3.387      0.031
    32.500      3.393      0.033
    33.000      3.398      0.035
    33.500      3.404      0.036
    34.000      3.411      0.037
    34.500      3.417      0.039
    35.000      3.423      0.040
    35.500      3.431      0.042
    36.000      3.438      0.044
    36.500      3.445      0.045
    37.000      3.453      0.046
    37.500      3.460      0.048
    38.000      3.468      0.049
    38.500      3.476      0.050
    39.000      3.484      0.052
    39.500      3.492      0.053
    40.000      3.501      0.054
    40.500      3.509      0.055
    41.000      3.517      0.056
    41.500      3.525      0.057
    42.000      3.534      0.057
    42.500      3.543      0.058
    43.000      3.550      0.059
    43.500      3.559      0.059
    44.000      3.568      0.060
    44.500      3.576      0.060
    45.000      3.583      0.060
    45.500      3.592      0.061
    46.000      3.601      0.061
    46.500      3.608      0.061
    47.000      3.615      0.062
    47.500      3.623      0.062
    48.000      3.631      0.063
    48.500      3.638      0.064
    49.000      3.644      0.065
    49.500      3.651      0.066
    50.000      3.659      0.068
    50.500      3.665      0.071
    51.000      3.670      0.073
    51.500      3.676      0.076
    52.000      3.682      0.080
    52.500      3.687      0.084
    53.000      3.691      0.089
    53.500      3.696      0.095
    54.000      3.700      0.101
    54.500      3.704      0.108
    55.000      3.707      0.115
    55.500      3.711      0.122
    56.000      3.716      0.128
    56.500      3.720      0.134
    57.000      3.726      0.137
    57.500      3.731      0.142
    58.000      3.735      0.148
    58.500      3.741      0.153
    59.000      3.749      0.156
    59.500      3.756      0.159
    60.000      3.764      0.164
    60.500      3.773      0.165
    61.000      3.786      0.164
    61.500      3.798      0.163
    62.000      3.809      0.163
    62.500      3.820      0.163
    63.000      3.830      0.167
    63.500      3.840      0.169
    64.000      3.852      0.170
    64.500      3.867      0.170
    65.000      3.881      0.170
    65.500      3.895      0.169
    66.000      3.904      0.170
    66.500      3.913      0.174
    67.000      3.924      0.176
    67.500      3.934      0.178
    68.000      3.939      0.184
    68.500      3.946      0.189
    69.000      3.952      0.196
    69.500      3.958      0.201
    70.000      3.966      0.202
    70.500      4.138      0.193
    71.000      4.151      0.191
    71.500      4.165      0.188
    72.000      4.178      0.189
    72.500      4.197      0.196
    73.000      4.215      0.203
    73.500      4.231      0.208
    74.000      4.254      0.218
    74.500      4.273      0.221
    75.000      4.290      0.223
    75.500      4.307      0.226
    76.000      4.325      0.230
    76.500      4.337      0.232
    77.000      4.347      0.233
    77.500      4.355      0.232
    78.000      4.359      0.229
    78.500      4.363      0.224
    79.000      4.364      0.217
    79.500      4.366      0.212
    80.000      4.368      0.209
    80.500      4.369      0.207
    81.000      4.372      0.206
    81.500      4.373      0.206
    82.000      4.372      0.204
    82.500      4.373      0.203
    83.000      4.373      0.203
    83.500      4.373      0.202
    84.000      4.375      0.202
    84.500      4.376      0.203
    85.000      4.377      0.204
    85.500      4.377      0.204
    86.000      4.378      0.203
    86.500      4.377      0.202
    87.000      4.376      0.202
    87.500      4.377      0.203
    88.000      4.376      0.205
    88.500      4.377      0.206
    89.000      4.377      0.206
    89.500      4.378      0.207
    90.000      4.378      0.207
    90.500      4.378      0.208
    91.000      4.379      0.208
    91.500      4.379      0.210
    92.000      4.379      0.210
    92.500      4.379      0.211
    93.000      4.380      0.211
    93.500      4.381      0.212
    94.000      4.382      0.211
    94.500      4.382      0.211
    95.000      4.382      0.212
    95.500      4.383      0.212
    96.000      4.383      0.212
    96.500      4.385      0.212
    97.000      4.386      0.211
    97.500      4.387      0.210
    98.000      4.387      0.210
    98.500      4.387      0.209
    99.000      4.388      0.209
    99.500      4.389      0.208
   100.000      4.390      0.207
   100.500      4.392      0.206
   101.000      4.392      0.205
   101.500      4.392      0.204
   102.000      4.393      0.203
   102.500      4.394      0.202
   103.000      4.395      0.201
   103.500      4.397      0.200
   104.000      4.398      0.199
   104.500      4.398      0.198
   105.000      4.399      0.197
   105.500      4.399      0.196
   106.000      4.401      0.195
   106.500      4.402      0.193
   107.000      4.403      0.192
   107.500      4.404      0.192
   108.000      4.404      0.191
   108.500      4.405      0.191
   109.000      4.406      0.190
   109.500      4.407      0.189
   110.000      4.409      0.188
   110.500      4.410      0.188
   111.000      4.410      0.187
   111.500      4.411      0.188
   112.000      4.411      0.188
   112.500      4.413      0.187
   113.000      4.414      0.187
   113.500      4.415      0.186
   114.000      4.416      0.187
   114.500      4.416      0.188
   115.000      4.416      0.188
   115.500      4.417      0.189
   116.000      4.419      0.189
   116.500      4.420      0.189
   117.000      4.420      0.190
   117.500      4.421      0.191
   118.000      4.421      0.192
   118.500      4.421      0.194
   119.000      4.422      0.194
   119.500      4.423      0.195
   120.000      4.424      0.195
   120.500      4.424      0.197
   121.000      4.424      0.199
   121.500      4.424      0.201
   122.000      4.425      0.202
   122.500      4.426      0.203
   123.000      4.426      0.203
   123.500      4.426      0.205
   124.000      4.426      0.206
   124.500      4.426      0.209
   125.000      4.426      0.210
   125.500      4.427      0.212
   126.000      4.427      0.212
   126.500      4.427      0.213
   127.000      4.427      0.215
   127.500      4.427      0.217
   128.000      4.427      0.219
   128.500      4.427      0.220
   129.000      4.427      0.221
   129.500      4.427      0.222
   130.000      4.427      0.224
   130.500      4.427      0.226
   131.000      4.426      0.228
   131.500      4.426      0.229
   132.000      4.426      0.230
   132.500      4.426      0.231
   133.000      4.426      0.232
   133.500      4.425      0.234
   134.000      4.425      0.235
   134.500      4.424      0.237
   135.000      4.424      0.237
   135.500      4.424      0.238
   136.000      4.424      0.239
   136.500      4.423      0.241
   137.000      4.422      0.243
   137.500      4.422      0.243
   138.000      4.421      0.244
   138.500      4.421      0.245
   139.000      4.421      0.246
   139.500      4.420      0.247
   140.000      4.419      0.249
   140.500      4.418      0.249
   141.000      4.418      0.249
   141.500      4.417      0.250
   142.000      4.417      0.251
   142.500      4.417      0.253
   143.000      4.415      0.253
   143.500      4.414      0.254
   144.000      4.413      0.254
   144.500      4.413      0.254
   145.000      4.413      0.255
   145.500      4.412      0.256
   146.000      4.411      0.257
   146.500      4.409      0.257
   147.000      4.408      0.257
   147.500      4.408      0.257
   148.000      4.407      0.258
   148.500      4.406      0.258
   149.000      4.405      0.259
   149.500      4.404      0.259
   150.000      4.403      0.259
   150.500      4.402      0.259
   151.000      4.401      0.259
   151.500      4.400      0.259
   152.000      4.399      0.259
   152.500      4.398      0.260
   153.000      4.396      0.259
   153.500      4.395      0.259
   154.000      4.395      0.259
   154.500      4.394      0.259
   155.000      4.392      0.259
   155.500      4.391      0.259
   156.000      4.389      0.258
   156.500      4.388      0.258
   157.000      4.388      0.257
   157.500      4.387      0.257
   158.000      4.385      0.256
   158.500      4.384      0.256
   159.000      4.382      0.255
   159.500      4.380      0.255
   160.000      4.379      0.255
   160.500      4.379      0.254
   161.000      4.378      0.253
   161.500      4.376      0.252
   162.000      4.374      0.251
   162.500      4.372      0.250
   163.000      4.371      0.250
   163.500      4.371      0.249
   164.000      4.370      0.248
   164.500      4.369      0.247
   165.000      4.366      0.247
   165.500      4.363      0.245
   166.000      4.361      0.244
   166.500      4.361      0.244
   167.000      4.361      0.242
   167.500      4.360      0.241
   168.000      4.359      0.240
   168.500      4.355      0.239
   169.000      4.352      0.238
   169.500      4.351      0.237
   170.000      4.351      0.235
   170.500      4.351      0.235
   171.000      4.350      0.233
   171.500      4.348      0.233
   172.000      4.344      0.232
   172.500      4.341      0.231
   173.000      4.341      0.229
   173.500      4.341      0.228
   174.000      4.340      0.226
   174.500      4.339      0.226
   175.000      4.336      0.227
   175.500      4.333      0.226
   176.000      4.331      0.223
   176.500      4.329      0.223
   177.000      4.329      0.221
   177.500      4.329      0.221
   178.000      4.326      0.222
   178.500      4.325      0.222
   179.000      4.323      0.220
   179.500      4.318      0.219
   180.000      4.317      0.219
   180.500      4.319      0.219
   181.000      4.317      0.220
   181.500      4.315      0.222
   182.000      4.315      0.220
   182.500      4.310      0.220
   183.000      4.305      0.220
   183.500      4.307      0.222
   184.000      4.307      0.223
   184.500      4.304      0.227
   185.000      4.305      0.226
   185.500      4.302      0.226
   186.000      4.298      0.228
   186.500      4.294      0.230
   187.000      4.297      0.233
   187.500      4.293      0.238
   188.000      4.295      0.241
   188.500      4.291      0.243
   189.000      4.291      0.243
   189.500      4.287      0.245
   190.000      4.284      0.251
   190.500      4.283      0.256
   191.000      4.284      0.265
   191.500      4.280      0.269
   192.000      4.280      0.269
   192.500      4.280      0.269
   193.000      4.275      0.272
   193.500      4.275      0.283
   194.000      4.274      0.300
   194.500      4.269      0.306
   195.000      4.269      0.306
   195.500      4.269      0.306
   196.000      4.269      0.306
   196.500      4.264      0.310
   197.000      4.264      0.345
   197.500      4.258      0.353
   198.000      4.258      0.353
   198.500      4.258      0.353
   199.000      4.258      0.353
   199.500      4.258      0.353
