     0.000      1.148      0.573
     0.500      3.057      0.222
     1.000      3.102      0.236
     1.500      3.102      0.236
     2.000      3.127      0.213
     2.500      3.180      0.156
     3.000      3.184      0.148
     3.500      3.194      0.139
     4.000      3.229      0.103
     4.500      3.247      0.085
     5.000      3.253      0.075
     5.500      3.274      0.059
     6.000      3.287      0.047
     6.500      3.297      0.040
     7.000      3.309      0.040
     7.500      3.318      0.039
     8.000      3.325      0.041
     8.500      3.335      0.049
     9.000      3.341      0.055
     9.500      3.344      0.058
    10.000      3.350      0.063
    10.500      3.354      0.069
    11.000      3.356      0.071
    11.500      3.358      0.075
    12.000      3.359      0.077
    12.500      3.360      0.079
    13.000      3.360      0.080
    13.500      3.358      0.081
    14.000      3.357      0.081
    14.500      3.356      0.080
    15.000      3.353      0.079
    15.500      3.351      0.079
    16.000      3.348      0.077
    16.500      3.345      0.075
    17.000      3.341      0.072
    17.500      3.338      0.070
    18.000      3.334      0.068
    18.500      3.330      0.065
    19.000      3.326      0.062
    19.500      3.323      0.060
    20.000      3.319      0.057
    20.500      3.315      0.054
    21.000      3.313      0.051
    21.500      3.310      0.049
    22.000      3.307      0.046
    22.500      3.304      0.044
    23.000      3.302      0.042
    23.500      3.300      0.040
    24.000      3.299      0.039
    24.500      3.298      0.038
    25.000      3.298      0.036
    25.500      3.297      0.035
    26.000      3.298      0.034
    26.500      3.299      0.033
    27.000      3.300      0.033
    27.500      3.301      0.032
    28.000      3.303      0.032
    28.500      3.306      0.032
    29.000      3.308      0.032
    29.500      3.312      0.032
    30.000      3.315      0.033
    30.500      3.319      0.033
    31.000      3.323      0.033
    31.500      3.327      0.034
    32.000      3.333      0.035
    32.500      3.338      0.036
    33.000      3.343      0.036
    33.500      3.348      0.037
    34.000      3.356      0.039
    34.500      3.362      0.039
    35.000      3.368      0.040
    35.500      3.374      0.042
    36.000      3.382      0.044
    36.500      3.389      0.044
    37.000      3.396      0.046
    37.500      3.404      0.047
    38.000      3.412      0.048
    38.500      3.420      0.050
    39.000      3.428      0.051
    39.500      3.436      0.052
    40.000      3.445      0.054
    40.500      3.453      0.056
    41.000      3.462      0.057
    41.500      3.470      0.058
    42.000      3.479      0.060
    42.500      3.488      0.061
    43.000      3.497      0.063
    43.500      3.506      0.064
    44.000      3.515      0.065
    44.500      3.524      0.067
    45.000      3.533      0.069
    45.500      3.542      0.069
    46.000      3.551      0.071
    46.500      3.560      0.073
    47.000      3.569      0.074
    47.500      3.578      0.075
    48.000      3.586      0.077
    48.500      3.595      0.079
    49.000      3.604      0.081
    49.500      3.612      0.083
    50.000      3.621      0.085
    50.500      3.630      0.087
    51.000      3.637      0.090
    51.500      3.645      0.093
    52.000      3.653      0.096
    52.500      3.661      0.099
    53.000      3.668      0.103
    53.500      3.676      0.107
    54.000      3.683      0.111
    54.500      3.690      0.116
    55.000      3.696      0.121
    55.500      3.703      0.126
    56.000      3.709      0.132
    56.500      3.715      0.139
    57.000      3.721      0.145
    57.500      3.726      0.153
    58.000      3.730      0.160
    58.500      3.736      0.169
    59.000      3.741      0.177
    59.500      3.744      0.186
    60.000      3.749      0.195
    60.500      3.759      0.198
    61.000      3.773      0.195
    61.500      3.783      0.194
    62.000      3.795      0.190
    62.500      3.803      0.188
    63.000      3.811      0.189
    63.500      3.818      0.189
    64.000      3.826      0.186
    64.500      3.832      0.179
    65.000      3.834      0.173
    65.500      3.835      0.170
    66.000      3.837      0.168
    66.500      3.838      0.169
    67.000      3.836      0.170
    67.500      3.838      0.174
    68.000      3.837      0.179
    68.500      3.834      0.186
    69.000      3.831      0.191
    69.500      3.831      0.198
    70.000      3.833      0.203
    70.500      3.838      0.200
    71.000      3.843      0.199
    71.500      3.848      0.193
    72.000      3.850      0.193
    72.500      3.852      0.196
    73.000      4.323      0.309
    73.500      4.324      0.308
    74.000      4.326      0.307
    74.500      4.331      0.299
    75.000      4.336      0.288
    75.500      4.338      0.279
    76.000      4.343      0.270
    76.500      4.347      0.265
    77.000      4.352      0.258
    77.500      4.354      0.254
    78.000      4.356      0.252
    78.500      4.359      0.251
    79.000      4.362      0.251
    79.500      4.367      0.250
    80.000      4.368      0.245
    80.500      4.368      0.241
    81.000      4.369      0.238
    81.500      4.369      0.239
    82.000      4.368      0.240
    82.500      4.367      0.241
    83.000      4.367      0.240
    83.500      4.368      0.237
    84.000      4.369      0.236
    84.500      4.368      0.237
    85.000      4.367      0.237
    85.500      4.367      0.239
    86.000      4.367      0.239
    86.500      4.369      0.239
    87.000      4.370      0.240
    87.500      4.370      0.241
    88.000      4.371      0.240
    88.500      4.372      0.240
    89.000      4.373      0.239
    89.500      4.375      0.239
    90.000      4.377      0.238
    90.500      4.378      0.239
    91.000      4.379      0.240
    91.500      4.381      0.240
    92.000      4.382      0.241
    92.500      4.384      0.242
    93.000      4.386      0.243
    93.500      4.387      0.244
    94.000      4.388      0.244
    94.500      4.389      0.245
    95.000      4.390      0.247
    95.500      4.392      0.248
    96.000      4.393      0.248
    96.500      4.394      0.248
    97.000      4.394      0.248
    97.500      4.395      0.249
    98.000      4.395      0.250
    98.500      4.397      0.250
    99.000      4.398      0.250
    99.500      4.399      0.250
   100.000      4.399      0.249
   100.500      4.399      0.249
   101.000      4.400      0.249
   101.500      4.400      0.249
   102.000      4.402      0.248
   102.500      4.403      0.247
   103.000      4.403      0.246
   103.500      4.402      0.245
   104.000      4.402      0.244
   104.500      4.403      0.244
   105.000      4.403      0.243
   105.500      4.404      0.241
   106.000      4.405      0.240
   106.500      4.405      0.238
   107.000      4.404      0.237
   107.500      4.404      0.236
   108.000      4.404      0.235
   108.500      4.405      0.234
   109.000      4.406      0.232
   109.500      4.406      0.230
   110.000      4.405      0.229
   110.500      4.405      0.228
   111.000      4.405      0.227
   111.500      4.405      0.225
   112.000      4.406      0.224
   112.500      4.406      0.223
   113.000      4.406      0.221
   113.500      4.406      0.220
   114.000      4.405      0.219
   114.500      4.405      0.218
   115.000      4.405      0.217
   115.500      4.405      0.216
   116.000      4.406      0.215
   116.500      4.405      0.214
   117.000      4.405      0.213
   117.500      4.405      0.212
   118.000      4.404      0.212
   118.500      4.404      0.211
   119.000      4.404      0.210
   119.500      4.404      0.210
   120.000      4.405      0.209
   120.500      4.404      0.209
   121.000      4.404      0.208
   121.500      4.403      0.208
   122.000      4.403      0.207
   122.500      4.403      0.207
   123.000      4.404      0.207
   123.500      4.403      0.207
   124.000      4.403      0.207
   124.500      4.402      0.206
   125.000      4.402      0.206
   125.500      4.402      0.206
   126.000      4.402      0.206
   126.500      4.401      0.206
   127.000      4.401      0.206
   127.500      4.400      0.206
   128.000      4.400      0.206
   128.500      4.400      0.206
   129.000      4.400      0.207
   129.500      4.399      0.208
   130.000      4.399      0.208
   130.500      4.398      0.208
   131.000      4.398      0.208
   131.500      4.398      0.208
   132.000      4.397      0.209
   132.500      4.397      0.210
   133.000      4.396      0.210
   133.500      4.396      0.210
   134.000      4.395      0.211
   134.500      4.395      0.211
   135.000      4.395      0.211
   135.500      4.394      0.213
   136.000      4.393      0.213
   136.500      4.392      0.213
   137.000      4.392      0.214
   137.500      4.391      0.215
   138.000      4.391      0.215
   138.500      4.391      0.216
   139.000      4.390      0.217
   139.500      4.389      0.217
   140.000      4.388      0.218
   140.500      4.388      0.219
   141.000      4.388      0.219
   141.500      4.388      0.220
   142.000      4.386      0.221
   142.500      4.385      0.222
   143.000      4.385      0.223
   143.500      4.384      0.224
   144.000      4.384      0.224
   144.500      4.383      0.225
   145.000      4.383      0.226
   145.500      4.381      0.227
   146.000      4.381      0.228
   146.500      4.380      0.229
   147.000      4.380      0.229
   147.500      4.379      0.229
   148.000      4.378      0.230
   148.500      4.377      0.231
   149.000      4.376      0.233
   149.500      4.376      0.234
   150.000      4.375      0.235
   150.500      4.374      0.235
   151.000      4.373      0.235
   151.500      4.373      0.236
   152.000      4.372      0.237
   152.500      4.371      0.238
   153.000      4.370      0.239
   153.500      4.369      0.240
   154.000      4.368      0.240
   154.500      4.368      0.240
   155.000      4.367      0.241
   155.500      4.366      0.242
   156.000      4.365      0.244
   156.500      4.364      0.244
   157.000      4.363      0.244
   157.500      4.363      0.245
   158.000      4.362      0.245
   158.500      4.361      0.246
   159.000      4.360      0.247
   159.500      4.359      0.248
   160.000      4.358      0.248
   160.500      4.358      0.248
   161.000      4.357      0.248
   161.500      4.356      0.248
   162.000      4.355      0.249
   162.500      4.354      0.250
   163.000      4.353      0.250
   163.500      4.352      0.250
   164.000      4.351      0.250
   164.500      4.351      0.250
   165.000      4.349      0.250
   165.500      4.348      0.251
   166.000      4.348      0.252
   166.500      4.347      0.251
   167.000      4.346      0.251
   167.500      4.345      0.251
   168.000      4.343      0.251
   168.500      4.342      0.251
   169.000      4.342      0.251
   169.500      4.341      0.251
   170.000      4.340      0.251
   170.500      4.339      0.251
   171.000      4.338      0.251
   171.500      4.337      0.250
   172.000      4.337      0.250
   172.500      4.336      0.250
   173.000      4.334      0.250
   173.500      4.334      0.250
   174.000      4.332      0.250
   174.500      4.331      0.248
   175.000      4.331      0.248
   175.500      4.330      0.249
   176.000      4.329      0.249
   176.500      4.328      0.248
   177.000      4.326      0.248
   177.500      4.326      0.247
   178.000      4.325      0.246
   178.500      4.324      0.248
   179.000      4.323      0.249
   179.500      4.323      0.249
   180.000      4.321      0.248
   180.500      4.320      0.247
   181.000      4.319      0.246
   181.500      4.318      0.248
   182.000      4.317      0.249
   182.500      4.318      0.250
   183.000      4.317      0.251
   183.500      4.315      0.250
   184.000      4.313      0.249
   184.500      4.311      0.252
   185.000      4.310      0.254
   185.500      4.311      0.256
   186.000      4.313      0.257
   186.500      4.310      0.259
   187.000      4.307      0.258
   187.500      4.305      0.261
   188.000      4.303      0.266
   188.500      4.305      0.269
   189.000      4.308      0.271
   189.500      4.308      0.271
   190.000      4.303      0.276
   190.500      4.299      0.279
   191.000      4.295      0.287
   191.500      4.300      0.293
   192.000      4.302      0.294
   192.500      4.302      0.294
   193.000      4.302      0.295
   193.500      4.293      0.304
   194.000      4.287      0.320
   194.500      4.296      0.330
   195.000      4.296      0.330
   195.500      4.296      0.330
   196.000      4.296      0.330
   196.500      4.296      0.330
   197.000      4.280      0.366
   197.500      4.289      0.378
   198.000      4.289      0.378
   198.500      4.289      0.378
   199.000      4.289      0.378
