     0.000      1.494      0.567
     0.500      3.112      0.137
     1.000      3.140      0.140
     1.500      3.179      0.106
     2.000      3.195      0.105
     2.500      3.222      0.079
     3.000      3.242      0.077
     3.500      3.265      0.061
     4.000      3.279      0.056
     4.500      3.302      0.047
     5.000      3.313      0.045
     5.500      3.333      0.040
     6.000      3.345      0.038
     6.500      3.357      0.037
     7.000      3.371      0.035
     7.500      3.379      0.038
     8.000      3.392      0.035
     8.500      3.401      0.037
     9.000      3.410      0.037
     9.500      3.418      0.037
    10.000      3.425      0.038
    10.500      3.433      0.037
    11.000      3.440      0.037
    11.500      3.446      0.038
    12.000      3.452      0.037
    12.500      3.457      0.038
    13.000      3.463      0.038
    13.500      3.468      0.037
    14.000      3.473      0.037
    14.500      3.479      0.037
    15.000      3.483      0.037
    15.500      3.489      0.037
    16.000      3.494      0.036
    16.500      3.499      0.036
    17.000      3.504      0.035
    17.500      3.510      0.035
    18.000      3.514      0.034
    18.500      3.521      0.033
    19.000      3.526      0.032
    19.500      3.532      0.032
    20.000      3.538      0.030
    20.500      3.544      0.030
    21.000      3.551      0.028
    21.500      3.558      0.027
    22.000      3.564      0.027
    22.500      3.571      0.026
    23.000      3.578      0.026
    23.500      3.586      0.026
    24.000      3.594      0.026
    24.500      3.601      0.027
    25.000      3.610      0.028
    25.500      3.618      0.029
    26.000      3.626      0.030
    26.500      3.636      0.032
    27.000      3.645      0.033
    27.500      3.654      0.035
    28.000      3.664      0.038
    28.500      3.673      0.039
    29.000      3.684      0.042
    29.500      3.694      0.043
    30.000      3.705      0.045
    30.500      3.717      0.048
    31.000      3.728      0.049
    31.500      3.740      0.051
    32.000      3.752      0.052
    32.500      3.766      0.054
    33.000      3.780      0.054
    33.500      3.794      0.055
    34.000      3.809      0.057
    34.500      3.824      0.058
    35.000      3.839      0.059
    35.500      3.855      0.061
    36.000      3.871      0.063
    36.500      3.887      0.065
    37.000      3.903      0.068
    37.500      3.920      0.070
    38.000      3.939      0.073
    38.500      3.958      0.075
    39.000      3.974      0.078
    39.500      3.991      0.082
    40.000      4.006      0.080
    40.500      4.022      0.077
    41.000      4.040      0.075
    41.500      4.059      0.076
    42.000      4.079      0.078
    42.500      4.101      0.075
    43.000      4.127      0.068
    43.500      4.152      0.058
    44.000      4.170      0.057
    44.500      4.190      0.060
    45.000      4.438      0.214
    45.500      4.434      0.203
    46.000      4.429      0.196
    46.500      4.424      0.186
    47.000      4.420      0.177
    47.500      4.420      0.170
    48.000      4.423      0.163
    48.500      4.426      0.156
    49.000      4.434      0.150
    49.500      4.440      0.147
    50.000      4.449      0.143
    50.500      4.463      0.145
    51.000      4.475      0.146
    51.500      4.486      0.145
    52.000      4.491      0.140
    52.500      4.493      0.134
    53.000      4.493      0.128
    53.500      4.492      0.123
    54.000      4.491      0.118
    54.500      4.488      0.112
    55.000      4.485      0.106
    55.500      4.483      0.102
    56.000      4.482      0.099
    56.500      4.479      0.095
    57.000      4.476      0.090
    57.500      4.474      0.086
    58.000      4.472      0.084
    58.500      4.472      0.082
    59.000      4.471      0.081
    59.500      4.469      0.080
    60.000      4.467      0.078
    60.500      4.465      0.077
    61.000      4.465      0.077
    61.500      4.465      0.077
    62.000      4.465      0.077
    62.500      4.464      0.077
    63.000      4.463      0.078
    63.500      4.462      0.078
    64.000      4.463      0.079
    64.500      4.463      0.080
    65.000      4.464      0.081
    65.500      4.464      0.081
    66.000      4.464      0.082
    66.500      4.464      0.082
    67.000      4.465      0.083
    67.500      4.466      0.085
    68.000      4.467      0.086
    68.500      4.469      0.086
    69.000      4.469      0.086
    69.500      4.470      0.086
    70.000      4.471      0.087
    70.500      4.473      0.087
    71.000      4.475      0.088
    71.500      4.477      0.088
    72.000      4.478      0.087
    72.500      4.480      0.087
    73.000      4.481      0.087
    73.500      4.483      0.087
    74.000      4.485      0.087
    74.500      4.488      0.087
    75.000      4.490      0.087
    75.500      4.493      0.085
    76.000      4.495      0.084
    76.500      4.497      0.084
    77.000      4.499      0.083
    77.500      4.502      0.083
    78.000      4.505      0.083
    78.500      4.508      0.081
    79.000      4.511      0.079
    79.500      4.513      0.078
    80.000      4.515      0.077
    80.500      4.518      0.077
    81.000      4.521      0.077
    81.500      4.525      0.076
    82.000      4.528      0.073
    82.500      4.531      0.072
    83.000      4.533      0.071
    83.500      4.536      0.069
    84.000      4.540      0.069
    84.500      4.543      0.069
    85.000      4.547      0.067
    85.500      4.550      0.065
    86.000      4.552      0.064
    86.500      4.556      0.063
    87.000      4.559      0.062
    87.500      4.563      0.063
    88.000      4.567      0.062
    88.500      4.571      0.060
    89.000      4.573      0.059
    89.500      4.576      0.058
    90.000      4.580      0.057
    90.500      4.583      0.058
    91.000      4.587      0.058
    91.500      4.591      0.057
    92.000      4.593      0.057
    92.500      4.596      0.056
    93.000      4.600      0.056
    93.500      4.603      0.056
    94.000      4.607      0.058
    94.500      4.611      0.058
    95.000      4.614      0.058
    95.500      4.617      0.058
    96.000      4.620      0.058
    96.500      4.623      0.058
    97.000      4.627      0.060
    97.500      4.630      0.060
    98.000      4.633      0.061
    98.500      4.636      0.062
    99.000      4.639      0.063
    99.500      4.642      0.063
   100.000      4.645      0.064
   100.500      4.648      0.065
   101.000      4.652      0.066
   101.500      4.655      0.067
   102.000      4.658      0.068
   102.500      4.660      0.069
   103.000      4.663      0.069
   103.500      4.665      0.070
   104.000      4.668      0.071
   104.500      4.672      0.073
   105.000      4.674      0.074
   105.500      4.677      0.075
   106.000      4.679      0.075
   106.500      4.681      0.075
   107.000      4.683      0.076
   107.500      4.687      0.078
   108.000      4.690      0.079
   108.500      4.692      0.080
   109.000      4.693      0.080
   109.500      4.695      0.080
   110.000      4.697      0.081
   110.500      4.700      0.083
   111.000      4.703      0.084
   111.500      4.705      0.085
   112.000      4.707      0.085
   112.500      4.708      0.085
   113.000      4.709      0.085
   113.500      4.712      0.087
   114.000      4.715      0.088
   114.500      4.717      0.089
   115.000      4.718      0.089
   115.500      4.719      0.089
   116.000      4.720      0.089
   116.500      4.723      0.090
   117.000      4.725      0.091
   117.500      4.727      0.092
   118.000      4.728      0.093
   118.500      4.729      0.093
   119.000      4.730      0.093
   119.500      4.732      0.093
   120.000      4.734      0.094
   120.500      4.736      0.095
   121.000      4.737      0.096
   121.500      4.738      0.096
   122.000      4.739      0.095
   122.500      4.740      0.096
   123.000      4.741      0.097
   123.500      4.743      0.098
   124.000      4.744      0.098
   124.500      4.745      0.098
   125.000      4.745      0.098
   125.500      4.746      0.099
   126.000      4.747      0.099
   126.500      4.748      0.100
   127.000      4.750      0.100
   127.500      4.750      0.100
   128.000      4.751      0.100
   128.500      4.751      0.101
   129.000      4.752      0.101
   129.500      4.752      0.101
   130.000      4.754      0.101
   130.500      4.754      0.102
   131.000      4.755      0.102
   131.500      4.755      0.102
   132.000      4.755      0.103
   132.500      4.755      0.103
   133.000      4.756      0.103
   133.500      4.757      0.103
   134.000      4.757      0.103
   134.500      4.757      0.104
   135.000      4.757      0.104
   135.500      4.757      0.104
   136.000      4.757      0.104
   136.500      4.758      0.104
   137.000      4.758      0.104
   137.500      4.758      0.105
   138.000      4.758      0.105
   138.500      4.757      0.105
   139.000      4.757      0.105
   139.500      4.757      0.105
   140.000      4.757      0.106
   140.500      4.757      0.106
   141.000      4.756      0.106
   141.500      4.756      0.106
   142.000      4.756      0.106
   142.500      4.756      0.106
   143.000      4.755      0.107
   143.500      4.754      0.107
   144.000      4.754      0.107
   144.500      4.754      0.107
   145.000      4.754      0.106
   145.500      4.753      0.107
   146.000      4.752      0.107
   146.500      4.750      0.107
   147.000      4.750      0.107
   147.500      4.749      0.107
   148.000      4.750      0.107
   148.500      4.749      0.107
   149.000      4.747      0.108
   149.500      4.745      0.108
   150.000      4.744      0.107
   150.500      4.744      0.107
   151.000      4.744      0.107
   151.500      4.743      0.107
   152.000      4.741      0.108
   152.500      4.739      0.108
   153.000      4.737      0.107
   153.500      4.737      0.107
   154.000      4.737      0.107
   154.500      4.737      0.107
   155.000      4.734      0.109
   155.500      4.731      0.108
   156.000      4.729      0.107
   156.500      4.728      0.107
   157.000      4.728      0.106
   157.500      4.728      0.106
   158.000      4.726      0.108
   158.500      4.721      0.108
   159.000      4.719      0.107
   159.500      4.719      0.107
   160.000      4.718      0.106
   160.500      4.718      0.106
   161.000      4.717      0.107
   161.500      4.711      0.108
   162.000      4.708      0.106
   162.500      4.708      0.106
   163.000      4.707      0.105
   163.500      4.707      0.105
   164.000      4.705      0.106
   164.500      4.700      0.107
   165.000      4.696      0.106
   165.500      4.695      0.105
   166.000      4.695      0.105
   166.500      4.694      0.105
   167.000      4.692      0.105
   167.500      4.687      0.106
   168.000      4.683      0.107
   168.500      4.681      0.105
   169.000      4.680      0.104
   169.500      4.680      0.104
   170.000      4.679      0.105
   170.500      4.672      0.106
   171.000      4.670      0.107
   171.500      4.666      0.106
   172.000      4.665      0.104
   172.500      4.665      0.104
   173.000      4.663      0.105
   173.500      4.656      0.107
   174.000      4.655      0.107
   174.500      4.650      0.107
   175.000      4.648      0.106
   175.500      4.647      0.106
   176.000      4.646      0.106
   176.500      4.639      0.110
   177.000      4.638      0.110
   177.500      4.635      0.112
   178.000      4.630      0.109
   178.500      4.629      0.109
   179.000      4.628      0.109
   179.500      4.621      0.115
   180.000      4.620      0.115
   180.500      4.618      0.115
   181.000      4.612      0.115
   181.500      4.609      0.114
   182.000      4.608      0.114
   182.500      4.600      0.123
   183.000      4.600      0.123
   183.500      4.598      0.123
   184.000      4.593      0.125
   184.500      4.587      0.122
   185.000      4.586      0.123
   185.500      4.579      0.134
   186.000      4.579      0.134
   186.500      4.579      0.134
   187.000      4.576      0.134
   187.500      4.565      0.134
   188.000      4.563      0.136
   188.500      4.556      0.149
   189.000      4.556      0.149
   189.500      4.556      0.149
   190.000      4.554      0.149
   190.500      4.544      0.151
   191.000      4.539      0.152
   191.500      4.531      0.168
   192.000      4.531      0.168
   192.500      4.531      0.168
   193.000      4.531      0.168
   193.500      4.528      0.169
   194.000      4.513      0.173
   194.500      4.505      0.191
   195.000      4.505      0.191
   195.500      4.505      0.191
   196.000      4.505      0.191
   196.500      4.505      0.191
   197.000      4.486      0.199
   197.500      4.478      0.218
   198.000      4.478      0.218
   198.500      4.478      0.218
   199.000      4.478      0.218
   199.500      4.478      0.218
