     0.000      1.323      0.485
     0.500      3.214      0.161
     1.000      3.243      0.162
     1.500      3.287      0.126
     2.000      3.320      0.117
     2.500      3.339      0.104
     3.000      3.375      0.083
     3.500      3.396      0.078
     4.000      3.426      0.058
     4.500      3.444      0.055
     5.000      3.471      0.045
     5.500      3.489      0.040
     6.000      3.509      0.037
     6.500      3.528      0.034
     7.000      3.542      0.034
     7.500      3.560      0.035
     8.000      3.575      0.036
     8.500      3.585      0.036
     9.000      3.600      0.039
     9.500      3.611      0.038
    10.000      3.619      0.041
    10.500      3.631      0.040
    11.000      3.639      0.041
    11.500      3.646      0.041
    12.000      3.655      0.040
    12.500      3.660      0.041
    13.000      3.666      0.039
    13.500      3.673      0.039
    14.000      3.677      0.038
    14.500      3.682      0.037
    15.000      3.686      0.037
    15.500      3.689      0.036
    16.000      3.693      0.035
    16.500      3.696      0.034
    17.000      3.699      0.033
    17.500      3.702      0.032
    18.000      3.705      0.032
    18.500      3.707      0.031
    19.000      3.710      0.031
    19.500      3.712      0.031
    20.000      3.715      0.029
    20.500      3.717      0.029
    21.000      3.719      0.029
    21.500      3.722      0.028
    22.000      3.724      0.027
    22.500      3.726      0.026
    23.000      3.728      0.025
    23.500      3.730      0.025
    24.000      3.733      0.024
    24.500      3.735      0.023
    25.000      3.737      0.023
    25.500      3.740      0.022
    26.000      3.742      0.022
    26.500      3.744      0.021
    27.000      3.747      0.021
    27.500      3.749      0.021
    28.000      3.752      0.021
    28.500      3.755      0.021
    29.000      3.758      0.021
    29.500      3.761      0.021
    30.000      3.764      0.021
    30.500      3.767      0.021
    31.000      3.771      0.023
    31.500      3.775      0.023
    32.000      3.778      0.024
    32.500      3.783      0.025
    33.000      3.786      0.026
    33.500      3.791      0.027
    34.000      3.796      0.028
    34.500      3.800      0.029
    35.000      3.806      0.030
    35.500      3.811      0.032
    36.000      3.817      0.033
    36.500      3.823      0.034
    37.000      3.829      0.036
    37.500      3.835      0.037
    38.000      3.842      0.040
    38.500      3.849      0.041
    39.000      3.856      0.043
    39.500      3.864      0.046
    40.000      3.872      0.048
    40.500      3.880      0.050
    41.000      3.890      0.053
    41.500      3.898      0.055
    42.000      3.908      0.059
    42.500      3.919      0.062
    43.000      3.929      0.065
    43.500      3.941      0.069
    44.000      3.953      0.073
    44.500      3.966      0.077
    45.000      3.980      0.080
    45.500      3.993      0.083
    46.000      4.006      0.085
    46.500      4.020      0.086
    47.000      4.036      0.089
    47.500      4.054      0.088
    48.000      4.073      0.084
    48.500      4.091      0.082
    49.000      4.106      0.082
    49.500      4.122      0.082
    50.000      4.133      0.082
    50.500      4.144      0.080
    51.000      4.441      0.209
    51.500      4.465      0.212
    52.000      4.482      0.211
    52.500      4.493      0.206
    53.000      4.498      0.201
    53.500      4.499      0.194
    54.000      4.498      0.183
    54.500      4.496      0.173
    55.000      4.498      0.163
    55.500      4.501      0.156
    56.000      4.503      0.152
    56.500      4.503      0.149
    57.000      4.506      0.148
    57.500      4.516      0.152
    58.000      4.525      0.153
    58.500      4.529      0.151
    59.000      4.531      0.150
    59.500      4.533      0.148
    60.000      4.534      0.144
    60.500      4.534      0.142
    61.000      4.537      0.139
    61.500      4.540      0.137
    62.000      4.541      0.136
    62.500      4.542      0.135
    63.000      4.543      0.133
    63.500      4.543      0.133
    64.000      4.546      0.132
    64.500      4.549      0.132
    65.000      4.550      0.131
    65.500      4.552      0.132
    66.000      4.553      0.131
    66.500      4.553      0.132
    67.000      4.556      0.132
    67.500      4.558      0.132
    68.000      4.560      0.132
    68.500      4.562      0.133
    69.000      4.562      0.132
    69.500      4.564      0.133
    70.000      4.566      0.134
    70.500      4.568      0.133
    71.000      4.571      0.133
    71.500      4.572      0.133
    72.000      4.573      0.133
    72.500      4.575      0.133
    73.000      4.576      0.134
    73.500      4.578      0.133
    74.000      4.581      0.132
    74.500      4.582      0.131
    75.000      4.583      0.130
    75.500      4.585      0.131
    76.000      4.587      0.130
    76.500      4.589      0.130
    77.000      4.591      0.129
    77.500      4.593      0.127
    78.000      4.594      0.126
    78.500      4.595      0.126
    79.000      4.597      0.124
    79.500      4.599      0.124
    80.000      4.601      0.122
    80.500      4.602      0.120
    81.000      4.604      0.119
    81.500      4.605      0.118
    82.000      4.607      0.117
    82.500      4.609      0.116
    83.000      4.610      0.114
    83.500      4.612      0.112
    84.000      4.613      0.110
    84.500      4.615      0.109
    85.000      4.617      0.108
    85.500      4.618      0.107
    86.000      4.619      0.105
    86.500      4.621      0.103
    87.000      4.622      0.101
    87.500      4.624      0.100
    88.000      4.625      0.099
    88.500      4.626      0.099
    89.000      4.627      0.097
    89.500      4.629      0.096
    90.000      4.630      0.095
    90.500      4.632      0.094
    91.000      4.633      0.093
    91.500      4.634      0.093
    92.000      4.634      0.092
    92.500      4.636      0.091
    93.000      4.637      0.091
    93.500      4.639      0.091
    94.000      4.640      0.091
    94.500      4.640      0.091
    95.000      4.641      0.091
    95.500      4.641      0.091
    96.000      4.643      0.092
    96.500      4.645      0.092
    97.000      4.646      0.093
    97.500      4.645      0.093
    98.000      4.645      0.094
    98.500      4.646      0.095
    99.000      4.648      0.096
    99.500      4.650      0.097
   100.000      4.650      0.098
   100.500      4.649      0.099
   101.000      4.649      0.100
   101.500      4.650      0.102
   102.000      4.652      0.104
   102.500      4.653      0.105
   103.000      4.653      0.106
   103.500      4.651      0.107
   104.000      4.651      0.108
   104.500      4.652      0.110
   105.000      4.654      0.112
   105.500      4.654      0.113
   106.000      4.654      0.114
   106.500      4.652      0.116
   107.000      4.652      0.117
   107.500      4.653      0.119
   108.000      4.654      0.120
   108.500      4.654      0.121
   109.000      4.653      0.123
   109.500      4.652      0.124
   110.000      4.652      0.125
   110.500      4.653      0.127
   111.000      4.653      0.128
   111.500      4.653      0.130
   112.000      4.652      0.131
   112.500      4.651      0.132
   113.000      4.650      0.133
   113.500      4.651      0.135
   114.000      4.651      0.136
   114.500      4.650      0.137
   115.000      4.649      0.139
   115.500      4.648      0.140
   116.000      4.648      0.141
   116.500      4.648      0.142
   117.000      4.647      0.143
   117.500      4.647      0.144
   118.000      4.645      0.146
   118.500      4.645      0.146
   119.000      4.645      0.147
   119.500      4.644      0.148
   120.000      4.643      0.149
   120.500      4.642      0.150
   121.000      4.641      0.152
   121.500      4.640      0.152
   122.000      4.640      0.153
   122.500      4.639      0.154
   123.000      4.638      0.155
   123.500      4.636      0.156
   124.000      4.635      0.157
   124.500      4.635      0.157
   125.000      4.635      0.158
   125.500      4.634      0.159
   126.000      4.632      0.160
   126.500      4.630      0.162
   127.000      4.629      0.162
   127.500      4.629      0.162
   128.000      4.629      0.162
   128.500      4.627      0.163
   129.000      4.625      0.164
   129.500      4.623      0.166
   130.000      4.622      0.166
   130.500      4.622      0.165
   131.000      4.621      0.166
   131.500      4.620      0.167
   132.000      4.617      0.169
   132.500      4.616      0.169
   133.000      4.615      0.169
   133.500      4.614      0.169
   134.000      4.613      0.169
   134.500      4.612      0.170
   135.000      4.609      0.172
   135.500      4.608      0.172
   136.000      4.606      0.172
   136.500      4.606      0.171
   137.000      4.605      0.172
   137.500      4.603      0.173
   138.000      4.601      0.175
   138.500      4.599      0.174
   139.000      4.598      0.174
   139.500      4.597      0.174
   140.000      4.596      0.174
   140.500      4.594      0.175
   141.000      4.592      0.176
   141.500      4.590      0.176
   142.000      4.589      0.176
   142.500      4.587      0.175
   143.000      4.586      0.175
   143.500      4.584      0.177
   144.000      4.583      0.177
   144.500      4.581      0.177
   145.000      4.579      0.176
   145.500      4.577      0.176
   146.000      4.576      0.176
   146.500      4.574      0.177
   147.000      4.573      0.176
   147.500      4.571      0.177
   148.000      4.569      0.177
   148.500      4.567      0.176
   149.000      4.566      0.177
   149.500      4.564      0.176
   150.000      4.563      0.175
   150.500      4.561      0.176
   151.000      4.559      0.176
   151.500      4.557      0.175
   152.000      4.555      0.176
   152.500      4.553      0.174
   153.000      4.553      0.174
   153.500      4.551      0.174
   154.000      4.548      0.174
   154.500      4.546      0.174
   155.000      4.545      0.173
   155.500      4.543      0.172
   156.000      4.542      0.171
   156.500      4.541      0.171
   157.000      4.538      0.171
   157.500      4.536      0.171
   158.000      4.535      0.170
   158.500      4.532      0.168
   159.000      4.531      0.168
   159.500      4.530      0.168
   160.000      4.528      0.167
   160.500      4.526      0.167
   161.000      4.524      0.166
   161.500      4.522      0.164
   162.000      4.521      0.163
   162.500      4.519      0.162
   163.000      4.518      0.162
   163.500      4.516      0.161
   164.000      4.514      0.160
   164.500      4.511      0.159
   165.000      4.510      0.158
   165.500      4.508      0.156
   166.000      4.508      0.155
   166.500      4.506      0.155
   167.000      4.503      0.154
   167.500      4.501      0.153
   168.000      4.500      0.152
   168.500      4.498      0.150
   169.000      4.499      0.147
   169.500      4.497      0.148
   170.000      4.494      0.148
   170.500      4.491      0.147
   171.000      4.489      0.146
   171.500      4.488      0.143
   172.000      4.489      0.140
   172.500      4.488      0.142
   173.000      4.484      0.142
   173.500      4.481      0.141
   174.000      4.479      0.140
   174.500      4.479      0.135
   175.000      4.480      0.134
   175.500      4.479      0.136
   176.000      4.475      0.137
   176.500      4.471      0.137
   177.000      4.469      0.135
   177.500      4.470      0.130
   178.000      4.471      0.130
   178.500      4.471      0.132
   179.000      4.466      0.135
   179.500      4.462      0.136
   180.000      4.459      0.134
   180.500      4.462      0.130
   181.000      4.462      0.130
   181.500      4.463      0.132
   182.000      4.458      0.136
   182.500      4.454      0.139
   183.000      4.453      0.137
   183.500      4.454      0.136
   184.000      4.454      0.136
   184.500      4.455      0.137
   185.000      4.450      0.144
   185.500      4.446      0.149
   186.000      4.446      0.149
   186.500      4.446      0.149
   187.000      4.446      0.149
   187.500      4.447      0.150
   188.000      4.443      0.159
   188.500      4.437      0.168
   189.000      4.440      0.170
   189.500      4.440      0.170
   190.000      4.440      0.170
   190.500      4.440      0.171
   191.000      4.437      0.181
   191.500      4.433      0.198
   192.000      4.434      0.199
   192.500      4.434      0.199
   193.000      4.434      0.199
   193.500      4.434      0.199
   194.000      4.432      0.210
   194.500      4.429      0.235
   195.000      4.429      0.235
   195.500      4.429      0.235
   196.000      4.429      0.235
   196.500      4.429      0.235
   197.000      4.428      0.247
   197.500      4.425      0.276
   198.000      4.425      0.276
   198.500      4.425      0.276
   199.000      4.425      0.276
