     0.000      1.469      0.498
     0.500      3.105      0.142
     1.000      3.154      0.147
     1.500      3.154      0.147
     2.000      3.175      0.119
     2.500      3.197      0.098
     3.000      3.200      0.097
     3.500      3.208      0.083
     4.000      3.228      0.066
     4.500      3.237      0.060
     5.000      3.242      0.053
     5.500      3.255      0.043
     6.000      3.262      0.038
     6.500      3.270      0.037
     7.000      3.277      0.033
     7.500      3.283      0.031
     8.000      3.290      0.034
     8.500      3.295      0.035
     9.000      3.300      0.035
     9.500      3.304      0.037
    10.000      3.308      0.040
    10.500      3.312      0.042
    11.000      3.315      0.042
    11.500      3.317      0.044
    12.000      3.320      0.045
    12.500      3.323      0.045
    13.000      3.323      0.045
    13.500      3.324      0.046
    14.000      3.326      0.045
    14.500      3.327      0.044
    15.000      3.327      0.044
    15.500      3.327      0.043
    16.000      3.327      0.042
    16.500      3.327      0.041
    17.000      3.326      0.040
    17.500      3.326      0.038
    18.000      3.325      0.037
    18.500      3.324      0.036
    19.000      3.324      0.035
    19.500      3.322      0.033
    20.000      3.321      0.032
    20.500      3.320      0.031
    21.000      3.319      0.030
    21.500      3.318      0.029
    22.000      3.317      0.028
    22.500      3.316      0.028
    23.000      3.315      0.027
    23.500      3.314      0.026
    24.000      3.313      0.026
    24.500      3.312      0.025
    25.000      3.312      0.025
    25.500      3.311      0.024
    26.000      3.311      0.024
    26.500      3.310      0.023
    27.000      3.310      0.023
    27.500      3.310      0.022
    28.000      3.310      0.022
    28.500      3.310      0.022
    29.000      3.311      0.022
    29.500      3.311      0.021
    30.000      3.311      0.022
    30.500      3.312      0.022
    31.000      3.313      0.022
    31.500      3.314      0.022
    32.000      3.315      0.023
    32.500      3.316      0.024
    33.000      3.317      0.024
    33.500      3.319      0.025
    34.000      3.320      0.027
    34.500      3.322      0.028
    35.000      3.324      0.029
    35.500      3.326      0.031
    36.000      3.328      0.032
    36.500      3.331      0.033
    37.000      3.333      0.035
    37.500      3.336      0.036
    38.000      3.338      0.038
    38.500      3.341      0.039
    39.000      3.345      0.041
    39.500      3.348      0.043
    40.000      3.351      0.044
    40.500      3.355      0.046
    41.000      3.358      0.047
    41.500      3.362      0.048
    42.000      3.366      0.049
    42.500      3.370      0.051
    43.000      3.374      0.052
    43.500      3.379      0.053
    44.000      3.383      0.054
    44.500      3.388      0.056
    45.000      3.393      0.056
    45.500      3.398      0.057
    46.000      3.403      0.058
    46.500      3.409      0.059
    47.000      3.414      0.059
    47.500      3.419      0.060
    48.000      3.426      0.062
    48.500      3.432      0.062
    49.000      3.438      0.063
    49.500      3.444      0.065
    50.000      3.451      0.066
    50.500      3.458      0.067
    51.000      3.464      0.070
    51.500      3.472      0.072
    52.000      3.479      0.074
    52.500      3.486      0.077
    53.000      3.494      0.080
    53.500      3.502      0.083
    54.000      3.509      0.087
    54.500      3.517      0.092
    55.000      3.527      0.098
    55.500      3.535      0.103
    56.000      3.544      0.108
    56.500      3.555      0.114
    57.000      3.566      0.120
    57.500      3.577      0.125
    58.000      3.589      0.132
    58.500      3.604      0.139
    59.000      3.617      0.143
    59.500      3.634      0.148
    60.000      3.656      0.149
    60.500      3.672      0.153
    61.000      3.689      0.158
    61.500      3.704      0.168
    62.000      3.717      0.179
    62.500      3.730      0.194
    63.000      3.746      0.209
    63.500      3.763      0.223
    64.000      3.780      0.235
    64.500      3.796      0.247
    65.000      3.814      0.259
    65.500      3.831      0.265
    66.000      3.839      0.266
    66.500      4.214      0.257
    67.000      4.235      0.261
    67.500      4.252      0.262
    68.000      4.264      0.258
    68.500      4.281      0.255
    69.000      4.295      0.252
    69.500      4.308      0.248
    70.000      4.320      0.244
    70.500      4.334      0.243
    71.000      4.347      0.241
    71.500      4.360      0.241
    72.000      4.368      0.240
    72.500      4.372      0.234
    73.000      4.374      0.228
    73.500      4.374      0.220
    74.000      4.378      0.215
    74.500      4.379      0.209
    75.000      4.383      0.206
    75.500      4.383      0.202
    76.000      4.384      0.200
    76.500      4.386      0.199
    77.000      4.389      0.198
    77.500      4.392      0.197
    78.000      4.393      0.196
    78.500      4.392      0.195
    79.000      4.392      0.195
    79.500      4.392      0.195
    80.000      4.391      0.195
    80.500      4.392      0.195
    81.000      4.393      0.196
    81.500      4.394      0.197
    82.000      4.394      0.199
    82.500      4.394      0.200
    83.000      4.393      0.201
    83.500      4.392      0.203
    84.000      4.393      0.205
    84.500      4.394      0.206
    85.000      4.394      0.208
    85.500      4.394      0.209
    86.000      4.393      0.210
    86.500      4.392      0.212
    87.000      4.392      0.213
    87.500      4.392      0.215
    88.000      4.393      0.216
    88.500      4.394      0.217
    89.000      4.393      0.217
    89.500      4.392      0.217
    90.000      4.391      0.219
    90.500      4.391      0.220
    91.000      4.391      0.220
    91.500      4.392      0.220
    92.000      4.391      0.220
    92.500      4.391      0.219
    93.000      4.389      0.219
    93.500      4.388      0.220
    94.000      4.388      0.220
    94.500      4.388      0.219
    95.000      4.389      0.218
    95.500      4.388      0.217
    96.000      4.387      0.215
    96.500      4.386      0.215
    97.000      4.385      0.215
    97.500      4.385      0.214
    98.000      4.385      0.213
    98.500      4.385      0.211
    99.000      4.384      0.210
    99.500      4.384      0.208
   100.000      4.383      0.207
   100.500      4.382      0.207
   101.000      4.381      0.205
   101.500      4.380      0.203
   102.000      4.380      0.202
   102.500      4.380      0.201
   103.000      4.380      0.199
   103.500      4.379      0.198
   104.000      4.378      0.197
   104.500      4.377      0.195
   105.000      4.376      0.194
   105.500      4.376      0.193
   106.000      4.377      0.192
   106.500      4.376      0.191
   107.000      4.376      0.190
   107.500      4.374      0.188
   108.000      4.373      0.187
   108.500      4.372      0.186
   109.000      4.372      0.186
   109.500      4.373      0.186
   110.000      4.373      0.185
   110.500      4.372      0.183
   111.000      4.370      0.183
   111.500      4.369      0.182
   112.000      4.369      0.182
   112.500      4.370      0.183
   113.000      4.370      0.183
   113.500      4.370      0.182
   114.000      4.369      0.182
   114.500      4.367      0.181
   115.000      4.366      0.182
   115.500      4.367      0.182
   116.000      4.367      0.183
   116.500      4.368      0.183
   117.000      4.368      0.183
   117.500      4.366      0.183
   118.000      4.365      0.184
   118.500      4.365      0.184
   119.000      4.365      0.185
   119.500      4.366      0.185
   120.000      4.367      0.186
   120.500      4.366      0.186
   121.000      4.365      0.187
   121.500      4.365      0.188
   122.000      4.365      0.189
   122.500      4.365      0.189
   123.000      4.366      0.190
   123.500      4.366      0.190
   124.000      4.366      0.191
   124.500      4.365      0.192
   125.000      4.365      0.193
   125.500      4.366      0.194
   126.000      4.366      0.194
   126.500      4.367      0.195
   127.000      4.367      0.195
   127.500      4.366      0.196
   128.000      4.367      0.198
   128.500      4.367      0.199
   129.000      4.367      0.200
   129.500      4.367      0.200
   130.000      4.368      0.200
   130.500      4.368      0.200
   131.000      4.368      0.202
   131.500      4.369      0.203
   132.000      4.369      0.205
   132.500      4.369      0.205
   133.000      4.370      0.205
   133.500      4.370      0.205
   134.000      4.370      0.205
   134.500      4.371      0.207
   135.000      4.371      0.208
   135.500      4.372      0.210
   136.000      4.372      0.210
   136.500      4.373      0.210
   137.000      4.373      0.209
   137.500      4.373      0.210
   138.000      4.374      0.211
   138.500      4.374      0.213
   139.000      4.375      0.214
   139.500      4.376      0.214
   140.000      4.377      0.214
   140.500      4.377      0.213
   141.000      4.377      0.214
   141.500      4.377      0.215
   142.000      4.378      0.217
   142.500      4.379      0.217
   143.000      4.380      0.218
   143.500      4.381      0.217
   144.000      4.381      0.217
   144.500      4.381      0.217
   145.000      4.382      0.218
   145.500      4.383      0.220
   146.000      4.384      0.220
   146.500      4.385      0.220
   147.000      4.386      0.220
   147.500      4.385      0.220
   148.000      4.386      0.220
   148.500      4.386      0.221
   149.000      4.387      0.222
   149.500      4.388      0.222
   150.000      4.390      0.222
   150.500      4.391      0.222
   151.000      4.390      0.221
   151.500      4.390      0.222
   152.000      4.391      0.223
   152.500      4.392      0.223
   153.000      4.393      0.223
   153.500      4.395      0.223
   154.000      4.396      0.223
   154.500      4.395      0.222
   155.000      4.395      0.223
   155.500      4.396      0.223
   156.000      4.397      0.223
   156.500      4.399      0.223
   157.000      4.401      0.223
   157.500      4.402      0.223
   158.000      4.400      0.223
   158.500      4.400      0.223
   159.000      4.401      0.223
   159.500      4.402      0.223
   160.000      4.405      0.222
   160.500      4.406      0.222
   161.000      4.406      0.222
   161.500      4.405      0.223
   162.000      4.405      0.223
   162.500      4.406      0.222
   163.000      4.407      0.221
   163.500      4.410      0.221
   164.000      4.411      0.221
   164.500      4.411      0.221
   165.000      4.410      0.222
   165.500      4.409      0.221
   166.000      4.411      0.220
   166.500      4.414      0.219
   167.000      4.415      0.219
   167.500      4.415      0.219
   168.000      4.416      0.219
   168.500      4.414      0.220
   169.000      4.414      0.219
   169.500      4.417      0.218
   170.000      4.418      0.218
   170.500      4.419      0.217
   171.000      4.419      0.217
   171.500      4.421      0.217
   172.000      4.419      0.218
   172.500      4.420      0.217
   173.000      4.421      0.216
   173.500      4.422      0.216
   174.000      4.422      0.215
   174.500      4.423      0.215
   175.000      4.425      0.215
   175.500      4.425      0.217
   176.000      4.424      0.217
   176.500      4.424      0.216
   177.000      4.425      0.216
   177.500      4.425      0.215
   178.000      4.427      0.214
   178.500      4.431      0.214
   179.000      4.429      0.217
   179.500      4.427      0.218
   180.000      4.427      0.218
   180.500      4.427      0.217
   181.000      4.429      0.217
   181.500      4.432      0.217
   182.000      4.435      0.217
   182.500      4.431      0.221
   183.000      4.430      0.222
   183.500      4.429      0.224
   184.000      4.429      0.222
   184.500      4.433      0.223
   185.000      4.436      0.224
   185.500      4.436      0.224
   186.000      4.433      0.229
   186.500      4.431      0.231
   187.000      4.429      0.234
   187.500      4.432      0.234
   188.000      4.437      0.236
   188.500      4.437      0.236
   189.000      4.437      0.236
   189.500      4.434      0.242
   190.000      4.431      0.248
   190.500      4.430      0.251
   191.000      4.437      0.255
   191.500      4.437      0.255
   192.000      4.437      0.255
   192.500      4.437      0.255
   193.000      4.434      0.261
   193.500      4.428      0.275
   194.000      4.437      0.282
   194.500      4.437      0.282
   195.000      4.437      0.282
   195.500      4.437      0.282
   196.000      4.437      0.282
   196.500      4.434      0.288
   197.000      4.435      0.317
   197.500      4.435      0.317
   198.000      4.435      0.317
   198.500      4.435      0.317
   199.000      4.435      0.317
   199.500      4.435      0.317
