     0.000      1.715      0.529
     0.500      2.408      0.375
     1.000      3.274      0.229
     1.500      3.277      0.215
     2.000      3.295      0.158
     2.500      3.295      0.146
     3.000      3.305      0.116
     3.500      3.311      0.089
     4.000      3.317      0.074
     4.500      3.325      0.055
     5.000      3.328      0.049
     5.500      3.333      0.047
     6.000      3.335      0.047
     6.500      3.338      0.052
     7.000      3.343      0.059
     7.500      3.342      0.063
     8.000      3.345      0.068
     8.500      3.346      0.071
     9.000      3.346      0.074
     9.500      3.347      0.076
    10.000      3.347      0.076
    10.500      3.347      0.076
    11.000      3.346      0.075
    11.500      3.346      0.073
    12.000      3.344      0.071
    12.500      3.343      0.067
    13.000      3.342      0.064
    13.500      3.340      0.061
    14.000      3.339      0.057
    14.500      3.337      0.053
    15.000      3.335      0.050
    15.500      3.333      0.046
    16.000      3.332      0.044
    16.500      3.330      0.042
    17.000      3.328      0.038
    17.500      3.326      0.037
    18.000      3.325      0.035
    18.500      3.323      0.034
    19.000      3.321      0.033
    19.500      3.320      0.031
    20.000      3.318      0.030
    20.500      3.317      0.029
    21.000      3.316      0.029
    21.500      3.314      0.028
    22.000      3.313      0.027
    22.500      3.312      0.027
    23.000      3.311      0.026
    23.500      3.310      0.026
    24.000      3.309      0.026
    24.500      3.308      0.026
    25.000      3.308      0.026
    25.500      3.307      0.027
    26.000      3.307      0.028
    26.500      3.307      0.029
    27.000      3.307      0.031
    27.500      3.307      0.033
    28.000      3.307      0.034
    28.500      3.308      0.037
    29.000      3.309      0.038
    29.500      3.309      0.041
    30.000      3.311      0.043
    30.500      3.312      0.045
    31.000      3.314      0.047
    31.500      3.316      0.049
    32.000      3.318      0.051
    32.500      3.320      0.053
    33.000      3.322      0.055
    33.500      3.325      0.057
    34.000      3.328      0.059
    34.500      3.332      0.061
    35.000      3.336      0.062
    35.500      3.339      0.064
    36.000      3.344      0.066
    36.500      3.348      0.069
    37.000      3.353      0.071
    37.500      3.358      0.074
    38.000      3.364      0.076
    38.500      3.370      0.080
    39.000      3.376      0.084
    39.500      3.382      0.089
    40.000      3.390      0.094
    40.500      3.397      0.101
    41.000      3.405      0.107
    41.500      3.415      0.113
    42.000      3.426      0.114
    42.500      3.441      0.114
    43.000      3.454      0.117
    43.500      3.467      0.120
    44.000      3.481      0.127
    44.500      3.494      0.135
    45.000      3.510      0.144
    45.500      3.527      0.150
    46.000      3.547      0.153
    46.500      3.569      0.155
    47.000      3.590      0.159
    47.500      3.616      0.156
    48.000      3.644      0.156
    48.500      3.669      0.161
    49.000      3.695      0.167
    49.500      3.724      0.174
    50.000      3.750      0.186
    50.500      4.194      0.239
    51.000      4.214      0.247
    51.500      4.229      0.251
    52.000      4.248      0.260
    52.500      4.271      0.269
    53.000      4.292      0.277
    53.500      4.307      0.280
    54.000      4.313      0.279
    54.500      4.316      0.276
    55.000      4.316      0.272
    55.500      4.320      0.268
    56.000      4.318      0.260
    56.500      4.313      0.250
    57.000      4.304      0.238
    57.500      4.295      0.225
    58.000      4.286      0.212
    58.500      4.281      0.205
    59.000      4.277      0.196
    59.500      4.275      0.188
    60.000      4.271      0.179
    60.500      4.265      0.170
    61.000      4.257      0.163
    61.500      4.251      0.155
    62.000      4.246      0.150
    62.500      4.242      0.144
    63.000      4.240      0.137
    63.500      4.238      0.132
    64.000      4.234      0.127
    64.500      4.229      0.122
    65.000      4.225      0.120
    65.500      4.222      0.119
    66.000      4.222      0.122
    66.500      4.223      0.122
    67.000      4.225      0.127
    67.500      4.224      0.126
    68.000      4.222      0.126
    68.500      4.220      0.126
    69.000      4.218      0.126
    69.500      4.217      0.127
    70.000      4.216      0.124
    70.500      4.217      0.123
    71.000      4.217      0.124
    71.500      4.217      0.125
    72.000      4.217      0.126
    72.500      4.217      0.127
    73.000      4.217      0.128
    73.500      4.217      0.127
    74.000      4.219      0.128
    74.500      4.220      0.129
    75.000      4.222      0.130
    75.500      4.223      0.131
    76.000      4.224      0.132
    76.500      4.225      0.132
    77.000      4.227      0.132
    77.500      4.229      0.132
    78.000      4.232      0.134
    78.500      4.234      0.135
    79.000      4.237      0.135
    79.500      4.239      0.135
    80.000      4.242      0.135
    80.500      4.244      0.134
    81.000      4.247      0.134
    81.500      4.250      0.135
    82.000      4.253      0.136
    82.500      4.257      0.136
    83.000      4.261      0.135
    83.500      4.264      0.134
    84.000      4.267      0.133
    84.500      4.270      0.132
    85.000      4.274      0.132
    85.500      4.278      0.132
    86.000      4.282      0.132
    86.500      4.286      0.130
    87.000      4.291      0.129
    87.500      4.295      0.128
    88.000      4.299      0.126
    88.500      4.302      0.125
    89.000      4.306      0.125
    89.500      4.311      0.124
    90.000      4.316      0.123
    90.500      4.320      0.121
    91.000      4.325      0.119
    91.500      4.330      0.117
    92.000      4.333      0.115
    92.500      4.337      0.115
    93.000      4.342      0.114
    93.500      4.347      0.112
    94.000      4.352      0.111
    94.500      4.357      0.109
    95.000      4.362      0.107
    95.500      4.366      0.104
    96.000      4.369      0.103
    96.500      4.374      0.102
    97.000      4.379      0.101
    97.500      4.384      0.099
    98.000      4.389      0.098
    98.500      4.393      0.096
    99.000      4.398      0.094
    99.500      4.402      0.092
   100.000      4.405      0.091
   100.500      4.409      0.090
   101.000      4.415      0.088
   101.500      4.419      0.087
   102.000      4.423      0.086
   102.500      4.428      0.085
   103.000      4.432      0.082
   103.500      4.435      0.082
   104.000      4.439      0.081
   104.500      4.443      0.080
   105.000      4.448      0.079
   105.500      4.451      0.078
   106.000      4.455      0.077
   106.500      4.459      0.076
   107.000      4.463      0.075
   107.500      4.465      0.075
   108.000      4.469      0.075
   108.500      4.474      0.074
   109.000      4.477      0.074
   109.500      4.480      0.073
   110.000      4.484      0.073
   110.500      4.487      0.072
   111.000      4.489      0.073
   111.500      4.492      0.073
   112.000      4.496      0.074
   112.500      4.500      0.074
   113.000      4.502      0.073
   113.500      4.505      0.073
   114.000      4.508      0.073
   114.500      4.511      0.074
   115.000      4.513      0.076
   115.500      4.517      0.077
   116.000      4.520      0.078
   116.500      4.523      0.077
   117.000      4.525      0.077
   117.500      4.527      0.078
   118.000      4.530      0.079
   118.500      4.532      0.082
   119.000      4.535      0.084
   119.500      4.538      0.085
   120.000      4.541      0.085
   120.500      4.542      0.085
   121.000      4.544      0.085
   121.500      4.546      0.087
   122.000      4.549      0.090
   122.500      4.551      0.092
   123.000      4.553      0.095
   123.500      4.556      0.096
   124.000      4.557      0.095
   124.500      4.559      0.095
   125.000      4.560      0.097
   125.500      4.562      0.100
   126.000      4.564      0.102
   126.500      4.566      0.105
   127.000      4.569      0.107
   127.500      4.570      0.107
   128.000      4.571      0.107
   128.500      4.572      0.108
   129.000      4.574      0.111
   129.500      4.575      0.114
   130.000      4.577      0.116
   130.500      4.579      0.119
   131.000      4.581      0.119
   131.500      4.582      0.119
   132.000      4.582      0.120
   132.500      4.584      0.122
   133.000      4.585      0.125
   133.500      4.586      0.128
   134.000      4.588      0.130
   134.500      4.589      0.131
   135.000      4.590      0.132
   135.500      4.590      0.132
   136.000      4.591      0.134
   136.500      4.592      0.136
   137.000      4.593      0.139
   137.500      4.594      0.141
   138.000      4.596      0.142
   138.500      4.596      0.143
   139.000      4.597      0.144
   139.500      4.597      0.145
   140.000      4.598      0.146
   140.500      4.598      0.149
   141.000      4.598      0.151
   141.500      4.600      0.152
   142.000      4.601      0.153
   142.500      4.601      0.154
   143.000      4.601      0.155
   143.500      4.601      0.156
   144.000      4.602      0.159
   144.500      4.602      0.160
   145.000      4.602      0.161
   145.500      4.603      0.162
   146.000      4.603      0.163
   146.500      4.603      0.164
   147.000      4.603      0.165
   147.500      4.603      0.166
   148.000      4.603      0.168
   148.500      4.603      0.169
   149.000      4.603      0.169
   149.500      4.603      0.169
   150.000      4.603      0.170
   150.500      4.603      0.172
   151.000      4.603      0.173
   151.500      4.603      0.174
   152.000      4.602      0.175
   152.500      4.602      0.174
   153.000      4.602      0.174
   153.500      4.602      0.175
   154.000      4.601      0.176
   154.500      4.601      0.177
   155.000      4.601      0.178
   155.500      4.600      0.178
   156.000      4.599      0.178
   156.500      4.599      0.177
   157.000      4.598      0.177
   157.500      4.598      0.178
   158.000      4.598      0.179
   158.500      4.598      0.180
   159.000      4.597      0.180
   159.500      4.596      0.179
   160.000      4.594      0.178
   160.500      4.594      0.178
   161.000      4.593      0.178
   161.500      4.593      0.178
   162.000      4.593      0.180
   162.500      4.592      0.180
   163.000      4.591      0.178
   163.500      4.588      0.176
   164.000      4.588      0.176
   164.500      4.587      0.176
   165.000      4.587      0.176
   165.500      4.587      0.176
   166.000      4.586      0.177
   166.500      4.584      0.175
   167.000      4.582      0.172
   167.500      4.580      0.171
   168.000      4.580      0.171
   168.500      4.580      0.171
   169.000      4.579      0.171
   169.500      4.579      0.172
   170.000      4.577      0.171
   170.500      4.574      0.167
   171.000      4.571      0.165
   171.500      4.571      0.165
   172.000      4.571      0.165
   172.500      4.571      0.164
   173.000      4.570      0.164
   173.500      4.569      0.166
   174.000      4.566      0.161
   174.500      4.561      0.158
   175.000      4.560      0.158
   175.500      4.561      0.158
   176.000      4.561      0.158
   176.500      4.560      0.158
   177.000      4.559      0.158
   177.500      4.556      0.157
   178.000      4.551      0.153
   178.500      4.548      0.153
   179.000      4.549      0.153
   179.500      4.549      0.153
   180.000      4.549      0.153
   180.500      4.548      0.153
   181.000      4.547      0.154
   181.500      4.541      0.151
   182.000      4.535      0.154
   182.500      4.537      0.153
   183.000      4.537      0.153
   183.500      4.537      0.154
   184.000      4.537      0.154
   184.500      4.535      0.153
   185.000      4.531      0.155
   185.500      4.522      0.163
   186.000      4.523      0.163
   186.500      4.523      0.163
   187.000      4.523      0.165
   187.500      4.523      0.165
   188.000      4.523      0.165
   188.500      4.521      0.165
   189.000      4.511      0.182
   189.500      4.509      0.186
   190.000      4.509      0.187
   190.500      4.509      0.188
   191.000      4.509      0.188
   191.500      4.509      0.188
   192.000      4.509      0.188
   192.500      4.503      0.195
   193.000      4.494      0.223
   193.500      4.493      0.225
   194.000      4.493      0.225
   194.500      4.493      0.225
   195.000      4.493      0.225
   195.500      4.493      0.225
   196.000      4.493      0.225
   196.500      4.478      0.273
   197.000      4.478      0.275
   197.500      4.478      0.275
   198.000      4.478      0.275
   198.500      4.478      0.275
   199.000      4.478      0.275
   199.500      4.478      0.275
