     0.000      1.469      0.533
     0.500      3.041      0.188
     1.000      3.078      0.189
     1.500      3.126      0.150
     2.000      3.150      0.140
     2.500      3.186      0.113
     3.000      3.215      0.105
     3.500      3.243      0.086
     4.000      3.271      0.081
     4.500      3.296      0.069
     5.000      3.322      0.067
     5.500      3.344      0.061
     6.000      3.366      0.060
     6.500      3.388      0.057
     7.000      3.405      0.056
     7.500      3.426      0.056
     8.000      3.440      0.053
     8.500      3.460      0.054
     9.000      3.473      0.052
     9.500      3.489      0.052
    10.000      3.502      0.050
    10.500      3.516      0.050
    11.000      3.528      0.048
    11.500      3.540      0.047
    12.000      3.551      0.047
    12.500      3.561      0.046
    13.000      3.571      0.046
    13.500      3.581      0.045
    14.000      3.590      0.045
    14.500      3.598      0.045
    15.000      3.607      0.045
    15.500      3.614      0.045
    16.000      3.623      0.045
    16.500      3.629      0.046
    17.000      3.637      0.045
    17.500      3.643      0.045
    18.000      3.650      0.045
    18.500      3.656      0.045
    19.000      3.662      0.044
    19.500      3.669      0.044
    20.000      3.674      0.043
    20.500      3.681      0.043
    21.000      3.686      0.042
    21.500      3.692      0.042
    22.000      3.698      0.041
    22.500      3.704      0.041
    23.000      3.710      0.040
    23.500      3.716      0.040
    24.000      3.722      0.040
    24.500      3.729      0.039
    25.000      3.735      0.040
    25.500      3.742      0.040
    26.000      3.749      0.040
    26.500      3.756      0.041
    27.000      3.764      0.041
    27.500      3.772      0.042
    28.000      3.781      0.043
    28.500      3.790      0.045
    29.000      3.799      0.046
    29.500      3.809      0.048
    30.000      3.818      0.049
    30.500      3.826      0.050
    31.000      3.835      0.051
    31.500      3.844      0.049
    32.000      3.854      0.050
    32.500      3.865      0.050
    33.000      3.877      0.051
    33.500      3.889      0.052
    34.000      3.903      0.054
    34.500      3.916      0.056
    35.000      3.932      0.058
    35.500      3.948      0.060
    36.000      3.964      0.064
    36.500      3.980      0.066
    37.000      3.997      0.071
    37.500      4.014      0.074
    38.000      4.032      0.080
    38.500      4.051      0.087
    39.000      4.070      0.095
    39.500      4.091      0.100
    40.000      4.106      0.104
    40.500      4.126      0.108
    41.000      4.337      0.174
    41.500      4.357      0.180
    42.000      4.365      0.177
    42.500      4.375      0.177
    43.000      4.383      0.175
    43.500      4.391      0.172
    44.000      4.405      0.174
    44.500      4.415      0.172
    45.000      4.426      0.172
    45.500      4.431      0.171
    46.000      4.433      0.167
    46.500      4.437      0.165
    47.000      4.440      0.160
    47.500      4.442      0.155
    48.000      4.445      0.149
    48.500      4.447      0.145
    49.000      4.447      0.142
    49.500      4.446      0.139
    50.000      4.446      0.134
    50.500      4.444      0.127
    51.000      4.443      0.122
    51.500      4.445      0.119
    52.000      4.445      0.117
    52.500      4.444      0.116
    53.000      4.444      0.114
    53.500      4.442      0.112
    54.000      4.441      0.110
    54.500      4.442      0.108
    55.000      4.442      0.108
    55.500      4.442      0.107
    56.000      4.441      0.107
    56.500      4.440      0.107
    57.000      4.438      0.107
    57.500      4.438      0.107
    58.000      4.438      0.107
    58.500      4.438      0.106
    59.000      4.438      0.107
    59.500      4.436      0.107
    60.000      4.435      0.108
    60.500      4.434      0.109
    61.000      4.434      0.109
    61.500      4.434      0.108
    62.000      4.434      0.108
    62.500      4.432      0.109
    63.000      4.430      0.109
    63.500      4.429      0.110
    64.000      4.429      0.109
    64.500      4.429      0.109
    65.000      4.428      0.109
    65.500      4.427      0.108
    66.000      4.426      0.108
    66.500      4.424      0.108
    67.000      4.424      0.108
    67.500      4.423      0.107
    68.000      4.423      0.106
    68.500      4.423      0.106
    69.000      4.421      0.105
    69.500      4.419      0.104
    70.000      4.418      0.103
    70.500      4.418      0.102
    71.000      4.417      0.101
    71.500      4.417      0.101
    72.000      4.416      0.100
    72.500      4.414      0.099
    73.000      4.413      0.097
    73.500      4.412      0.096
    74.000      4.412      0.095
    74.500      4.411      0.094
    75.000      4.411      0.093
    75.500      4.410      0.092
    76.000      4.408      0.091
    76.500      4.407      0.089
    77.000      4.407      0.088
    77.500      4.406      0.087
    78.000      4.405      0.087
    78.500      4.404      0.087
    79.000      4.404      0.085
    79.500      4.403      0.084
    80.000      4.402      0.084
    80.500      4.401      0.083
    81.000      4.400      0.083
    81.500      4.399      0.083
    82.000      4.399      0.083
    82.500      4.398      0.083
    83.000      4.398      0.083
    83.500      4.397      0.082
    84.000      4.396      0.083
    84.500      4.395      0.083
    85.000      4.395      0.085
    85.500      4.394      0.086
    86.000      4.394      0.086
    86.500      4.393      0.087
    87.000      4.392      0.087
    87.500      4.391      0.089
    88.000      4.391      0.090
    88.500      4.391      0.092
    89.000      4.391      0.094
    89.500      4.390      0.095
    90.000      4.390      0.096
    90.500      4.389      0.097
    91.000      4.389      0.099
    91.500      4.388      0.102
    92.000      4.388      0.104
    92.500      4.388      0.106
    93.000      4.388      0.107
    93.500      4.387      0.108
    94.000      4.387      0.110
    94.500      4.387      0.112
    95.000      4.387      0.115
    95.500      4.387      0.117
    96.000      4.387      0.118
    96.500      4.387      0.120
    97.000      4.386      0.121
    97.500      4.386      0.123
    98.000      4.387      0.126
    98.500      4.387      0.128
    99.000      4.387      0.129
    99.500      4.387      0.130
   100.000      4.387      0.132
   100.500      4.387      0.133
   101.000      4.387      0.135
   101.500      4.388      0.137
   102.000      4.389      0.138
   102.500      4.389      0.140
   103.000      4.389      0.141
   103.500      4.389      0.142
   104.000      4.389      0.144
   104.500      4.390      0.145
   105.000      4.391      0.146
   105.500      4.391      0.147
   106.000      4.391      0.148
   106.500      4.392      0.150
   107.000      4.392      0.151
   107.500      4.393      0.151
   108.000      4.394      0.153
   108.500      4.394      0.154
   109.000      4.395      0.155
   109.500      4.395      0.155
   110.000      4.396      0.156
   110.500      4.396      0.157
   111.000      4.398      0.158
   111.500      4.399      0.159
   112.000      4.399      0.160
   112.500      4.399      0.160
   113.000      4.400      0.161
   113.500      4.401      0.161
   114.000      4.402      0.162
   114.500      4.404      0.163
   115.000      4.404      0.164
   115.500      4.404      0.164
   116.000      4.405      0.165
   116.500      4.406      0.165
   117.000      4.407      0.165
   117.500      4.409      0.166
   118.000      4.409      0.167
   118.500      4.409      0.167
   119.000      4.410      0.167
   119.500      4.411      0.168
   120.000      4.412      0.168
   120.500      4.414      0.168
   121.000      4.415      0.169
   121.500      4.415      0.170
   122.000      4.416      0.170
   122.500      4.417      0.170
   123.000      4.418      0.170
   123.500      4.419      0.170
   124.000      4.421      0.171
   124.500      4.421      0.172
   125.000      4.422      0.172
   125.500      4.422      0.172
   126.000      4.424      0.172
   126.500      4.425      0.172
   127.000      4.427      0.173
   127.500      4.427      0.173
   128.000      4.428      0.174
   128.500      4.429      0.174
   129.000      4.429      0.174
   129.500      4.431      0.174
   130.000      4.432      0.175
   130.500      4.433      0.175
   131.000      4.434      0.176
   131.500      4.435      0.176
   132.000      4.435      0.176
   132.500      4.437      0.177
   133.000      4.438      0.177
   133.500      4.439      0.178
   134.000      4.439      0.178
   134.500      4.440      0.178
   135.000      4.441      0.179
   135.500      4.443      0.179
   136.000      4.444      0.180
   136.500      4.445      0.180
   137.000      4.445      0.180
   137.500      4.446      0.181
   138.000      4.447      0.181
   138.500      4.448      0.182
   139.000      4.449      0.183
   139.500      4.450      0.183
   140.000      4.451      0.183
   140.500      4.451      0.183
   141.000      4.452      0.184
   141.500      4.453      0.185
   142.000      4.454      0.186
   142.500      4.455      0.187
   143.000      4.455      0.187
   143.500      4.456      0.187
   144.000      4.456      0.188
   144.500      4.457      0.188
   145.000      4.458      0.189
   145.500      4.459      0.190
   146.000      4.459      0.191
   146.500      4.460      0.191
   147.000      4.460      0.191
   147.500      4.461      0.192
   148.000      4.462      0.193
   148.500      4.463      0.194
   149.000      4.463      0.195
   149.500      4.463      0.195
   150.000      4.463      0.196
   150.500      4.464      0.197
   151.000      4.465      0.197
   151.500      4.465      0.198
   152.000      4.466      0.199
   152.500      4.466      0.200
   153.000      4.466      0.200
   153.500      4.467      0.201
   154.000      4.467      0.202
   154.500      4.467      0.203
   155.000      4.468      0.204
   155.500      4.468      0.205
   156.000      4.467      0.205
   156.500      4.468      0.206
   157.000      4.468      0.207
   157.500      4.468      0.207
   158.000      4.468      0.208
   158.500      4.469      0.209
   159.000      4.468      0.210
   159.500      4.468      0.211
   160.000      4.468      0.212
   160.500      4.468      0.213
   161.000      4.468      0.213
   161.500      4.468      0.214
   162.000      4.468      0.215
   162.500      4.468      0.216
   163.000      4.467      0.217
   163.500      4.466      0.218
   164.000      4.466      0.218
   164.500      4.466      0.219
   165.000      4.466      0.220
   165.500      4.465      0.220
   166.000      4.465      0.222
   166.500      4.463      0.223
   167.000      4.463      0.223
   167.500      4.463      0.224
   168.000      4.462      0.225
   168.500      4.462      0.225
   169.000      4.462      0.227
   169.500      4.459      0.228
   170.000      4.458      0.229
   170.500      4.458      0.229
   171.000      4.457      0.230
   171.500      4.456      0.231
   172.000      4.456      0.233
   172.500      4.454      0.233
   173.000      4.452      0.235
   173.500      4.451      0.235
   174.000      4.451      0.236
   174.500      4.449      0.237
   175.000      4.448      0.239
   175.500      4.447      0.239
   176.000      4.445      0.240
   176.500      4.443      0.242
   177.000      4.442      0.243
   177.500      4.441      0.244
   178.000      4.438      0.246
   178.500      4.437      0.247
   179.000      4.436      0.247
   179.500      4.434      0.249
   180.000      4.432      0.250
   180.500      4.431      0.251
   181.000      4.428      0.254
   181.500      4.425      0.256
   182.000      4.423      0.256
   182.500      4.423      0.256
   183.000      4.421      0.259
   183.500      4.418      0.261
   184.000      4.416      0.263
   184.500      4.412      0.268
   185.000      4.408      0.268
   185.500      4.408      0.268
   186.000      4.408      0.268
   186.500      4.404      0.272
   187.000      4.403      0.274
   187.500      4.396      0.281
   188.000      4.391      0.283
   188.500      4.391      0.283
   189.000      4.391      0.283
   189.500      4.391      0.283
   190.000      4.386      0.289
   190.500      4.379      0.295
   191.000      4.371      0.301
   191.500      4.371      0.301
   192.000      4.371      0.301
   192.500      4.371      0.301
   193.000      4.371      0.301
   193.500      4.365      0.310
   194.000      4.348      0.324
   194.500      4.348      0.324
   195.000      4.348      0.324
   195.500      4.348      0.324
   196.000      4.348      0.324
   196.500      4.348      0.324
   197.000      4.323      0.352
   197.500      4.323      0.352
   198.000      4.323      0.352
   198.500      4.323      0.352
   199.000      4.323      0.352
   199.500      4.323      0.352
