     0.000      1.425      0.582
     0.500      3.354      0.116
     1.000      3.362      0.118
     1.500      3.394      0.090
     2.000      3.408      0.087
     2.500      3.420      0.082
     3.000      3.445      0.062
     3.500      3.454      0.064
     4.000      3.472      0.048
     4.500      3.486      0.046
     5.000      3.497      0.041
     5.500      3.509      0.034
     6.000      3.521      0.033
     6.500      3.531      0.030
     7.000      3.539      0.028
     7.500      3.549      0.028
     8.000      3.557      0.026
     8.500      3.564      0.026
     9.000      3.572      0.026
     9.500      3.577      0.025
    10.000      3.584      0.026
    10.500      3.589      0.026
    11.000      3.594      0.026
    11.500      3.599      0.026
    12.000      3.603      0.027
    12.500      3.606      0.027
    13.000      3.611      0.027
    13.500      3.614      0.027
    14.000      3.616      0.027
    14.500      3.620      0.027
    15.000      3.622      0.027
    15.500      3.625      0.028
    16.000      3.627      0.027
    16.500      3.629      0.028
    17.000      3.632      0.028
    17.500      3.634      0.028
    18.000      3.636      0.028
    18.500      3.638      0.028
    19.000      3.640      0.028
    19.500      3.642      0.028
    20.000      3.645      0.027
    20.500      3.647      0.027
    21.000      3.650      0.027
    21.500      3.652      0.026
    22.000      3.655      0.026
    22.500      3.657      0.026
    23.000      3.660      0.025
    23.500      3.663      0.025
    24.000      3.666      0.025
    24.500      3.669      0.024
    25.000      3.672      0.024
    25.500      3.675      0.024
    26.000      3.679      0.024
    26.500      3.683      0.024
    27.000      3.687      0.024
    27.500      3.691      0.025
    28.000      3.695      0.026
    28.500      3.700      0.026
    29.000      3.704      0.027
    29.500      3.709      0.028
    30.000      3.714      0.029
    30.500      3.720      0.030
    31.000      3.725      0.031
    31.500      3.731      0.033
    32.000      3.738      0.033
    32.500      3.744      0.034
    33.000      3.751      0.036
    33.500      3.758      0.037
    34.000      3.766      0.038
    34.500      3.775      0.040
    35.000      3.783      0.040
    35.500      3.791      0.041
    36.000      3.801      0.044
    36.500      3.810      0.044
    37.000      3.820      0.046
    37.500      3.830      0.048
    38.000      3.839      0.049
    38.500      3.851      0.051
    39.000      3.861      0.053
    39.500      3.872      0.055
    40.000      3.884      0.059
    40.500      3.896      0.061
    41.000      3.907      0.063
    41.500      3.922      0.065
    42.000      3.937      0.063
    42.500      3.953      0.061
    43.000      3.971      0.059
    43.500      3.985      0.059
    44.000      4.001      0.061
    44.500      4.016      0.064
    45.000      4.030      0.066
    45.500      4.046      0.068
    46.000      4.060      0.071
    46.500      4.075      0.074
    47.000      4.091      0.079
    47.500      4.110      0.083
    48.000      4.127      0.089
    48.500      4.318      0.174
    49.000      4.345      0.185
    49.500      4.362      0.190
    50.000      4.379      0.194
    50.500      4.392      0.195
    51.000      4.406      0.190
    51.500      4.417      0.186
    52.000      4.428      0.180
    52.500      4.440      0.180
    53.000      4.451      0.179
    53.500      4.461      0.179
    54.000      4.472      0.176
    54.500      4.484      0.173
    55.000      4.494      0.167
    55.500      4.502      0.162
    56.000      4.511      0.160
    56.500      4.518      0.159
    57.000      4.524      0.156
    57.500      4.528      0.153
    58.000      4.532      0.149
    58.500      4.533      0.144
    59.000      4.533      0.140
    59.500      4.533      0.134
    60.000      4.534      0.130
    60.500      4.535      0.124
    61.000      4.537      0.119
    61.500      4.537      0.116
    62.000      4.538      0.112
    62.500      4.538      0.109
    63.000      4.539      0.107
    63.500      4.539      0.103
    64.000      4.540      0.101
    64.500      4.541      0.099
    65.000      4.542      0.097
    65.500      4.543      0.095
    66.000      4.543      0.094
    66.500      4.543      0.093
    67.000      4.543      0.092
    67.500      4.545      0.091
    68.000      4.545      0.090
    68.500      4.546      0.090
    69.000      4.546      0.090
    69.500      4.546      0.089
    70.000      4.546      0.089
    70.500      4.547      0.088
    71.000      4.548      0.088
    71.500      4.549      0.089
    72.000      4.549      0.089
    72.500      4.549      0.089
    73.000      4.549      0.088
    73.500      4.549      0.088
    74.000      4.550      0.089
    74.500      4.551      0.090
    75.000      4.551      0.089
    75.500      4.551      0.089
    76.000      4.551      0.089
    76.500      4.551      0.089
    77.000      4.551      0.089
    77.500      4.552      0.090
    78.000      4.552      0.090
    78.500      4.552      0.090
    79.000      4.553      0.089
    79.500      4.552      0.089
    80.000      4.553      0.089
    80.500      4.553      0.089
    81.000      4.553      0.090
    81.500      4.553      0.089
    82.000      4.554      0.089
    82.500      4.554      0.089
    83.000      4.553      0.088
    83.500      4.554      0.088
    84.000      4.554      0.089
    84.500      4.554      0.089
    85.000      4.554      0.088
    85.500      4.554      0.088
    86.000      4.554      0.088
    86.500      4.554      0.088
    87.000      4.554      0.088
    87.500      4.554      0.089
    88.000      4.555      0.088
    88.500      4.554      0.088
    89.000      4.554      0.087
    89.500      4.554      0.088
    90.000      4.554      0.089
    90.500      4.554      0.089
    91.000      4.555      0.089
    91.500      4.555      0.088
    92.000      4.554      0.088
    92.500      4.554      0.089
    93.000      4.554      0.090
    93.500      4.554      0.090
    94.000      4.554      0.090
    94.500      4.554      0.090
    95.000      4.554      0.090
    95.500      4.554      0.091
    96.000      4.554      0.092
    96.500      4.554      0.092
    97.000      4.554      0.092
    97.500      4.554      0.092
    98.000      4.554      0.093
    98.500      4.554      0.093
    99.000      4.554      0.094
    99.500      4.554      0.095
   100.000      4.554      0.094
   100.500      4.554      0.095
   101.000      4.554      0.095
   101.500      4.554      0.096
   102.000      4.553      0.097
   102.500      4.554      0.097
   103.000      4.553      0.097
   103.500      4.554      0.097
   104.000      4.554      0.098
   104.500      4.553      0.098
   105.000      4.553      0.099
   105.500      4.553      0.099
   106.000      4.553      0.099
   106.500      4.554      0.100
   107.000      4.553      0.100
   107.500      4.553      0.100
   108.000      4.553      0.100
   108.500      4.553      0.101
   109.000      4.553      0.101
   109.500      4.553      0.101
   110.000      4.553      0.101
   110.500      4.553      0.101
   111.000      4.553      0.101
   111.500      4.553      0.102
   112.000      4.553      0.102
   112.500      4.553      0.102
   113.000      4.553      0.102
   113.500      4.553      0.102
   114.000      4.553      0.102
   114.500      4.553      0.102
   115.000      4.553      0.102
   115.500      4.553      0.103
   116.000      4.553      0.103
   116.500      4.553      0.103
   117.000      4.553      0.103
   117.500      4.553      0.103
   118.000      4.553      0.103
   118.500      4.553      0.103
   119.000      4.553      0.103
   119.500      4.553      0.103
   120.000      4.553      0.104
   120.500      4.553      0.104
   121.000      4.553      0.103
   121.500      4.553      0.103
   122.000      4.553      0.104
   122.500      4.553      0.104
   123.000      4.553      0.105
   123.500      4.553      0.105
   124.000      4.553      0.104
   124.500      4.553      0.104
   125.000      4.553      0.104
   125.500      4.553      0.105
   126.000      4.553      0.106
   126.500      4.553      0.106
   127.000      4.552      0.106
   127.500      4.552      0.105
   128.000      4.552      0.106
   128.500      4.553      0.107
   129.000      4.553      0.108
   129.500      4.553      0.108
   130.000      4.552      0.108
   130.500      4.552      0.108
   131.000      4.552      0.108
   131.500      4.553      0.110
   132.000      4.553      0.110
   132.500      4.552      0.110
   133.000      4.552      0.110
   133.500      4.552      0.111
   134.000      4.551      0.112
   134.500      4.552      0.113
   135.000      4.552      0.113
   135.500      4.551      0.114
   136.000      4.551      0.114
   136.500      4.551      0.114
   137.000      4.551      0.116
   137.500      4.551      0.117
   138.000      4.551      0.117
   138.500      4.551      0.117
   139.000      4.550      0.118
   139.500      4.550      0.118
   140.000      4.550      0.120
   140.500      4.550      0.121
   141.000      4.549      0.121
   141.500      4.550      0.122
   142.000      4.549      0.122
   142.500      4.549      0.123
   143.000      4.549      0.125
   143.500      4.548      0.125
   144.000      4.548      0.126
   144.500      4.548      0.126
   145.000      4.548      0.127
   145.500      4.547      0.128
   146.000      4.547      0.129
   146.500      4.547      0.130
   147.000      4.546      0.130
   147.500      4.546      0.131
   148.000      4.546      0.132
   148.500      4.545      0.133
   149.000      4.545      0.134
   149.500      4.544      0.134
   150.000      4.544      0.134
   150.500      4.544      0.135
   151.000      4.544      0.136
   151.500      4.543      0.137
   152.000      4.542      0.138
   152.500      4.542      0.138
   153.000      4.541      0.138
   153.500      4.541      0.139
   154.000      4.541      0.140
   154.500      4.540      0.141
   155.000      4.539      0.141
   155.500      4.539      0.141
   156.000      4.538      0.142
   156.500      4.538      0.142
   157.000      4.538      0.143
   157.500      4.537      0.143
   158.000      4.536      0.144
   158.500      4.535      0.144
   159.000      4.535      0.144
   159.500      4.535      0.145
   160.000      4.534      0.145
   160.500      4.533      0.145
   161.000      4.532      0.145
   161.500      4.532      0.145
   162.000      4.532      0.146
   162.500      4.531      0.146
   163.000      4.529      0.145
   163.500      4.529      0.146
   164.000      4.528      0.145
   164.500      4.527      0.146
   165.000      4.527      0.146
   165.500      4.526      0.146
   166.000      4.524      0.145
   166.500      4.524      0.145
   167.000      4.523      0.145
   167.500      4.523      0.145
   168.000      4.523      0.146
   168.500      4.520      0.145
   169.000      4.518      0.144
   169.500      4.518      0.144
   170.000      4.518      0.144
   170.500      4.518      0.144
   171.000      4.517      0.144
   171.500      4.514      0.142
   172.000      4.512      0.142
   172.500      4.512      0.142
   173.000      4.512      0.142
   173.500      4.512      0.142
   174.000      4.511      0.142
   174.500      4.507      0.140
   175.000      4.505      0.140
   175.500      4.506      0.139
   176.000      4.505      0.140
   176.500      4.505      0.140
   177.000      4.502      0.139
   177.500      4.499      0.138
   178.000      4.499      0.138
   178.500      4.498      0.137
   179.000      4.498      0.139
   179.500      4.498      0.139
   180.000      4.492      0.138
   180.500      4.491      0.137
   181.000      4.492      0.137
   181.500      4.490      0.137
   182.000      4.490      0.139
   182.500      4.490      0.139
   183.000      4.481      0.140
   183.500      4.482      0.140
   184.000      4.483      0.140
   184.500      4.482      0.139
   185.000      4.482      0.143
   185.500      4.480      0.144
   186.000      4.472      0.147
   186.500      4.472      0.147
   187.000      4.473      0.146
   187.500      4.473      0.147
   188.000      4.473      0.152
   188.500      4.467      0.155
   189.000      4.462      0.159
   189.500      4.462      0.159
   190.000      4.462      0.159
   190.500      4.465      0.160
   191.000      4.464      0.167
   191.500      4.451      0.178
   192.000      4.451      0.178
   192.500      4.451      0.178
   193.000      4.451      0.178
   193.500      4.453      0.179
   194.000      4.454      0.190
   194.500      4.439      0.205
   195.000      4.439      0.205
   195.500      4.439      0.205
   196.000      4.439      0.205
   196.500      4.439      0.205
   197.000      4.444      0.220
   197.500      4.427      0.239
   198.000      4.427      0.239
   198.500      4.427      0.239
   199.000      4.427      0.239
