     0.000      1.377      0.487
     0.500      3.172      0.189
     1.000      3.228      0.186
     1.500      3.228      0.185
     2.000      3.240      0.164
     2.500      3.255      0.127
     3.000      3.252      0.119
     3.500      3.258      0.109
     4.000      3.269      0.086
     4.500      3.272      0.074
     5.000      3.271      0.066
     5.500      3.276      0.056
     6.000      3.279      0.045
     6.500      3.280      0.042
     7.000      3.280      0.041
     7.500      3.280      0.040
     8.000      3.280      0.040
     8.500      3.280      0.042
     9.000      3.279      0.045
     9.500      3.275      0.049
    10.000      3.274      0.051
    10.500      3.273      0.052
    11.000      3.269      0.055
    11.500      3.264      0.058
    12.000      3.262      0.058
    12.500      3.259      0.058
    13.000      3.254      0.059
    13.500      3.250      0.060
    14.000      3.246      0.059
    14.500      3.242      0.059
    15.000      3.236      0.058
    15.500      3.232      0.057
    16.000      3.228      0.056
    16.500      3.223      0.055
    17.000      3.218      0.053
    17.500      3.214      0.051
    18.000      3.209      0.049
    18.500      3.205      0.048
    19.000      3.202      0.046
    19.500      3.197      0.044
    20.000      3.194      0.043
    20.500      3.191      0.041
    21.000      3.188      0.039
    21.500      3.185      0.038
    22.000      3.183      0.037
    22.500      3.181      0.036
    23.000      3.179      0.034
    23.500      3.178      0.034
    24.000      3.177      0.033
    24.500      3.177      0.032
    25.000      3.177      0.031
    25.500      3.177      0.030
    26.000      3.178      0.030
    26.500      3.179      0.029
    27.000      3.181      0.028
    27.500      3.182      0.028
    28.000      3.185      0.027
    28.500      3.187      0.027
    29.000      3.190      0.027
    29.500      3.193      0.026
    30.000      3.197      0.026
    30.500      3.201      0.027
    31.000      3.205      0.027
    31.500      3.209      0.027
    32.000      3.214      0.027
    32.500      3.219      0.028
    33.000      3.224      0.028
    33.500      3.230      0.030
    34.000      3.235      0.030
    34.500      3.242      0.031
    35.000      3.248      0.033
    35.500      3.254      0.034
    36.000      3.260      0.035
    36.500      3.268      0.037
    37.000      3.274      0.038
    37.500      3.281      0.039
    38.000      3.289      0.041
    38.500      3.296      0.042
    39.000      3.304      0.044
    39.500      3.311      0.046
    40.000      3.320      0.047
    40.500      3.327      0.048
    41.000      3.335      0.050
    41.500      3.343      0.052
    42.000      3.351      0.053
    42.500      3.360      0.055
    43.000      3.368      0.056
    43.500      3.376      0.057
    44.000      3.385      0.058
    44.500      3.394      0.060
    45.000      3.402      0.061
    45.500      3.410      0.062
    46.000      3.419      0.064
    46.500      3.427      0.065
    47.000      3.436      0.066
    47.500      3.444      0.067
    48.000      3.453      0.069
    48.500      3.461      0.070
    49.000      3.469      0.072
    49.500      3.478      0.073
    50.000      3.486      0.075
    50.500      3.494      0.077
    51.000      3.502      0.079
    51.500      3.510      0.081
    52.000      3.518      0.084
    52.500      3.525      0.087
    53.000      3.532      0.090
    53.500      3.540      0.094
    54.000      3.547      0.097
    54.500      3.554      0.102
    55.000      3.561      0.106
    55.500      3.568      0.111
    56.000      3.575      0.117
    56.500      3.581      0.123
    57.000      3.587      0.130
    57.500      3.593      0.137
    58.000      3.600      0.142
    58.500      3.611      0.144
    59.000      3.623      0.147
    59.500      3.635      0.148
    60.000      3.647      0.150
    60.500      3.661      0.149
    61.000      3.672      0.152
    61.500      3.683      0.157
    62.000      3.694      0.160
    62.500      3.708      0.162
    63.000      3.722      0.163
    63.500      3.734      0.170
    64.000      3.742      0.178
    64.500      3.750      0.188
    65.000      3.758      0.196
    65.500      3.768      0.206
    66.000      3.780      0.216
    66.500      3.791      0.230
    67.000      3.804      0.242
    67.500      3.818      0.255
    68.000      3.832      0.264
    68.500      3.848      0.273
    69.000      3.862      0.280
    69.500      4.284      0.312
    70.000      4.301      0.311
    70.500      4.315      0.307
    71.000      4.330      0.303
    71.500      4.341      0.297
    72.000      4.352      0.292
    72.500      4.361      0.286
    73.000      4.367      0.279
    73.500      4.371      0.272
    74.000      4.372      0.265
    74.500      4.374      0.258
    75.000      4.375      0.250
    75.500      4.376      0.243
    76.000      4.376      0.235
    76.500      4.375      0.228
    77.000      4.373      0.222
    77.500      4.370      0.216
    78.000      4.367      0.210
    78.500      4.362      0.204
    79.000      4.357      0.199
    79.500      4.353      0.194
    80.000      4.347      0.190
    80.500      4.343      0.188
    81.000      4.339      0.186
    81.500      4.334      0.185
    82.000      4.330      0.186
    82.500      4.327      0.186
    83.000      4.323      0.186
    83.500      4.320      0.188
    84.000      4.317      0.189
    84.500      4.313      0.191
    85.000      4.311      0.195
    85.500      4.309      0.198
    86.000      4.307      0.201
    86.500      4.305      0.204
    87.000      4.303      0.208
    87.500      4.301      0.211
    88.000      4.298      0.215
    88.500      4.295      0.219
    89.000      4.292      0.222
    89.500      4.289      0.225
    90.000      4.286      0.227
    90.500      4.283      0.229
    91.000      4.279      0.232
    91.500      4.276      0.235
    92.000      4.273      0.237
    92.500      4.270      0.240
    93.000      4.268      0.242
    93.500      4.265      0.244
    94.000      4.262      0.246
    94.500      4.259      0.248
    95.000      4.256      0.249
    95.500      4.253      0.251
    96.000      4.251      0.252
    96.500      4.249      0.253
    97.000      4.246      0.255
    97.500      4.243      0.256
    98.000      4.241      0.257
    98.500      4.238      0.258
    99.000      4.235      0.258
    99.500      4.234      0.259
   100.000      4.232      0.259
   100.500      4.230      0.260
   101.000      4.228      0.260
   101.500      4.225      0.260
   102.000      4.223      0.260
   102.500      4.221      0.260
   103.000      4.220      0.260
   103.500      4.218      0.260
   104.000      4.217      0.260
   104.500      4.215      0.260
   105.000      4.213      0.259
   105.500      4.211      0.259
   106.000      4.210      0.258
   106.500      4.209      0.258
   107.000      4.208      0.257
   107.500      4.207      0.257
   108.000      4.205      0.256
   108.500      4.204      0.255
   109.000      4.203      0.255
   109.500      4.202      0.254
   110.000      4.201      0.253
   110.500      4.201      0.253
   111.000      4.200      0.252
   111.500      4.199      0.251
   112.000      4.198      0.250
   112.500      4.198      0.250
   113.000      4.197      0.249
   113.500      4.197      0.248
   114.000      4.197      0.247
   114.500      4.197      0.247
   115.000      4.196      0.246
   115.500      4.196      0.245
   116.000      4.196      0.244
   116.500      4.197      0.243
   117.000      4.197      0.243
   117.500      4.197      0.242
   118.000      4.197      0.241
   118.500      4.197      0.241
   119.000      4.197      0.240
   119.500      4.198      0.239
   120.000      4.199      0.238
   120.500      4.199      0.238
   121.000      4.199      0.237
   121.500      4.200      0.237
   122.000      4.200      0.236
   122.500      4.201      0.235
   123.000      4.202      0.235
   123.500      4.203      0.234
   124.000      4.204      0.234
   124.500      4.205      0.234
   125.000      4.205      0.233
   125.500      4.206      0.233
   126.000      4.208      0.232
   126.500      4.210      0.232
   127.000      4.211      0.232
   127.500      4.211      0.231
   128.000      4.212      0.231
   128.500      4.214      0.231
   129.000      4.216      0.230
   129.500      4.217      0.230
   130.000      4.219      0.230
   130.500      4.220      0.230
   131.000      4.221      0.230
   131.500      4.223      0.229
   132.000      4.225      0.229
   132.500      4.227      0.230
   133.000      4.229      0.230
   133.500      4.231      0.230
   134.000      4.232      0.229
   134.500      4.233      0.229
   135.000      4.236      0.229
   135.500      4.238      0.230
   136.000      4.240      0.230
   136.500      4.242      0.230
   137.000      4.244      0.230
   137.500      4.245      0.230
   138.000      4.248      0.230
   138.500      4.251      0.231
   139.000      4.252      0.232
   139.500      4.254      0.232
   140.000      4.256      0.232
   140.500      4.259      0.232
   141.000      4.261      0.232
   141.500      4.263      0.232
   142.000      4.266      0.234
   142.500      4.268      0.235
   143.000      4.270      0.235
   143.500      4.272      0.235
   144.000      4.275      0.235
   144.500      4.277      0.235
   145.000      4.279      0.236
   145.500      4.282      0.238
   146.000      4.284      0.238
   146.500      4.286      0.238
   147.000      4.288      0.238
   147.500      4.291      0.239
   148.000      4.293      0.239
   148.500      4.296      0.240
   149.000      4.299      0.242
   149.500      4.301      0.242
   150.000      4.302      0.242
   150.500      4.305      0.242
   151.000      4.307      0.242
   151.500      4.310      0.243
   152.000      4.313      0.245
   152.500      4.316      0.246
   153.000      4.317      0.245
   153.500      4.319      0.245
   154.000      4.321      0.246
   154.500      4.324      0.246
   155.000      4.326      0.247
   155.500      4.329      0.248
   156.000      4.332      0.248
   156.500      4.333      0.249
   157.000      4.335      0.249
   157.500      4.337      0.249
   158.000      4.340      0.249
   158.500      4.342      0.249
   159.000      4.345      0.250
   159.500      4.347      0.251
   160.000      4.349      0.251
   160.500      4.350      0.250
   161.000      4.352      0.250
   161.500      4.354      0.250
   162.000      4.357      0.250
   162.500      4.359      0.251
   163.000      4.362      0.252
   163.500      4.363      0.251
   164.000      4.364      0.250
   164.500      4.366      0.249
   165.000      4.368      0.250
   165.500      4.370      0.250
   166.000      4.373      0.251
   166.500      4.375      0.250
   167.000      4.375      0.248
   167.500      4.377      0.248
   168.000      4.378      0.247
   168.500      4.380      0.248
   169.000      4.382      0.248
   169.500      4.384      0.248
   170.000      4.385      0.246
   170.500      4.387      0.244
   171.000      4.387      0.244
   171.500      4.388      0.244
   172.000      4.390      0.244
   172.500      4.391      0.244
   173.000      4.393      0.242
   173.500      4.394      0.240
   174.000      4.395      0.239
   174.500      4.395      0.238
   175.000      4.396      0.240
   175.500      4.397      0.239
   176.000      4.398      0.237
   176.500      4.400      0.236
   177.000      4.400      0.234
   177.500      4.400      0.233
   178.000      4.401      0.234
   178.500      4.401      0.234
   179.000      4.402      0.233
   179.500      4.402      0.231
   180.000      4.402      0.230
   180.500      4.403      0.230
   181.000      4.403      0.229
   181.500      4.403      0.230
   182.000      4.403      0.229
   182.500      4.403      0.229
   183.000      4.401      0.227
   183.500      4.402      0.229
   184.000      4.403      0.229
   184.500      4.403      0.230
   185.000      4.403      0.229
   185.500      4.401      0.229
   186.000      4.398      0.229
   186.500      4.398      0.230
   187.000      4.401      0.237
   187.500      4.400      0.238
   188.000      4.399      0.237
   188.500      4.396      0.238
   189.000      4.393      0.238
   189.500      4.393      0.239
   190.000      4.393      0.247
   190.500      4.394      0.255
   191.000      4.392      0.255
   191.500      4.385      0.258
   192.000      4.384      0.258
   192.500      4.384      0.258
   193.000      4.384      0.261
   193.500      4.386      0.283
   194.000      4.381      0.287
   194.500      4.372      0.293
   195.000      4.372      0.293
   195.500      4.372      0.293
   196.000      4.372      0.293
   196.500      4.372      0.296
   197.000      4.366      0.332
   197.500      4.356      0.341
   198.000      4.356      0.341
   198.500      4.356      0.341
   199.000      4.356      0.341
   199.500      4.356      0.341
