     0.000      1.520      0.547
     0.500      2.073      0.361
     1.000      2.943      0.138
     1.500      3.043      0.152
     2.000      3.101      0.142
     2.500      3.143      0.126
     3.000      3.180      0.113
     3.500      3.217      0.102
     4.000      3.250      0.094
     4.500      3.280      0.089
     5.000      3.310      0.083
     5.500      3.335      0.081
     6.000      3.361      0.075
     6.500      3.384      0.073
     7.000      3.407      0.069
     7.500      3.426      0.065
     8.000      3.445      0.062
     8.500      3.462      0.057
     9.000      3.478      0.055
     9.500      3.494      0.050
    10.000      3.508      0.049
    10.500      3.521      0.045
    11.000      3.533      0.044
    11.500      3.545      0.041
    12.000      3.556      0.040
    12.500      3.566      0.039
    13.000      3.576      0.039
    13.500      3.586      0.038
    14.000      3.595      0.038
    14.500      3.604      0.038
    15.000      3.613      0.038
    15.500      3.621      0.038
    16.000      3.630      0.038
    16.500      3.638      0.038
    17.000      3.646      0.037
    17.500      3.654      0.037
    18.000      3.662      0.037
    18.500      3.670      0.037
    19.000      3.677      0.036
    19.500      3.686      0.037
    20.000      3.693      0.036
    20.500      3.702      0.037
    21.000      3.710      0.037
    21.500      3.719      0.038
    22.000      3.726      0.038
    22.500      3.736      0.039
    23.000      3.745      0.039
    23.500      3.754      0.040
    24.000      3.764      0.041
    24.500      3.774      0.042
    25.000      3.784      0.042
    25.500      3.796      0.042
    26.000      3.809      0.041
    26.500      3.821      0.041
    27.000      3.833      0.041
    27.500      3.846      0.043
    28.000      3.859      0.043
    28.500      3.873      0.044
    29.000      3.886      0.046
    29.500      3.901      0.045
    30.000      3.915      0.047
    30.500      3.928      0.048
    31.000      3.943      0.050
    31.500      3.958      0.053
    32.000      3.974      0.057
    32.500      3.990      0.062
    33.000      4.006      0.067
    33.500      4.024      0.073
    34.000      4.043      0.079
    34.500      4.058      0.082
    35.000      4.075      0.085
    35.500      4.093      0.090
    36.000      4.109      0.092
    36.500      4.463      0.228
    37.000      4.502      0.229
    37.500      4.525      0.224
    38.000      4.548      0.217
    38.500      4.559      0.209
    39.000      4.565      0.200
    39.500      4.568      0.187
    40.000      4.571      0.173
    40.500      4.572      0.161
    41.000      4.572      0.150
    41.500      4.572      0.142
    42.000      4.573      0.137
    42.500      4.574      0.132
    43.000      4.575      0.124
    43.500      4.575      0.116
    44.000      4.574      0.111
    44.500      4.574      0.106
    45.000      4.575      0.103
    45.500      4.575      0.102
    46.000      4.574      0.099
    46.500      4.572      0.093
    47.000      4.570      0.088
    47.500      4.567      0.084
    48.000      4.566      0.082
    48.500      4.565      0.080
    49.000      4.565      0.079
    49.500      4.562      0.077
    50.000      4.560      0.075
    50.500      4.559      0.074
    51.000      4.557      0.074
    51.500      4.556      0.073
    52.000      4.555      0.073
    52.500      4.554      0.073
    53.000      4.552      0.073
    53.500      4.550      0.073
    54.000      4.548      0.074
    54.500      4.547      0.074
    55.000      4.546      0.074
    55.500      4.546      0.074
    56.000      4.544      0.074
    56.500      4.542      0.075
    57.000      4.540      0.076
    57.500      4.539      0.076
    58.000      4.538      0.076
    58.500      4.537      0.076
    59.000      4.536      0.076
    59.500      4.534      0.076
    60.000      4.532      0.077
    60.500      4.531      0.077
    61.000      4.530      0.076
    61.500      4.529      0.076
    62.000      4.528      0.076
    62.500      4.527      0.075
    63.000      4.525      0.075
    63.500      4.524      0.075
    64.000      4.522      0.074
    64.500      4.521      0.073
    65.000      4.520      0.072
    65.500      4.519      0.072
    66.000      4.518      0.071
    66.500      4.517      0.070
    67.000      4.516      0.069
    67.500      4.514      0.068
    68.000      4.513      0.067
    68.500      4.512      0.066
    69.000      4.512      0.065
    69.500      4.511      0.064
    70.000      4.509      0.063
    70.500      4.508      0.062
    71.000      4.507      0.060
    71.500      4.506      0.059
    72.000      4.505      0.059
    72.500      4.504      0.058
    73.000      4.503      0.057
    73.500      4.503      0.056
    74.000      4.501      0.054
    74.500      4.500      0.054
    75.000      4.499      0.053
    75.500      4.498      0.053
    76.000      4.498      0.052
    76.500      4.497      0.052
    77.000      4.496      0.051
    77.500      4.495      0.051
    78.000      4.494      0.051
    78.500      4.493      0.052
    79.000      4.493      0.052
    79.500      4.492      0.052
    80.000      4.492      0.052
    80.500      4.491      0.053
    81.000      4.490      0.055
    81.500      4.488      0.055
    82.000      4.488      0.056
    82.500      4.487      0.057
    83.000      4.487      0.058
    83.500      4.487      0.059
    84.000      4.486      0.061
    84.500      4.485      0.063
    85.000      4.484      0.064
    85.500      4.484      0.066
    86.000      4.484      0.067
    86.500      4.483      0.068
    87.000      4.483      0.070
    87.500      4.482      0.072
    88.000      4.481      0.073
    88.500      4.480      0.075
    89.000      4.480      0.077
    89.500      4.480      0.078
    90.000      4.480      0.080
    90.500      4.479      0.081
    91.000      4.479      0.083
    91.500      4.478      0.084
    92.000      4.478      0.086
    92.500      4.477      0.087
    93.000      4.477      0.088
    93.500      4.477      0.090
    94.000      4.476      0.091
    94.500      4.476      0.092
    95.000      4.475      0.093
    95.500      4.475      0.094
    96.000      4.475      0.095
    96.500      4.474      0.096
    97.000      4.474      0.097
    97.500      4.474      0.098
    98.000      4.474      0.098
    98.500      4.473      0.099
    99.000      4.473      0.100
    99.500      4.473      0.101
   100.000      4.472      0.101
   100.500      4.472      0.102
   101.000      4.472      0.102
   101.500      4.472      0.102
   102.000      4.472      0.102
   102.500      4.471      0.103
   103.000      4.471      0.104
   103.500      4.471      0.104
   104.000      4.471      0.104
   104.500      4.471      0.103
   105.000      4.471      0.104
   105.500      4.470      0.104
   106.000      4.470      0.104
   106.500      4.470      0.104
   107.000      4.470      0.104
   107.500      4.470      0.103
   108.000      4.470      0.103
   108.500      4.470      0.103
   109.000      4.469      0.103
   109.500      4.469      0.103
   110.000      4.469      0.103
   110.500      4.469      0.102
   111.000      4.470      0.102
   111.500      4.470      0.101
   112.000      4.469      0.101
   112.500      4.469      0.101
   113.000      4.469      0.101
   113.500      4.469      0.100
   114.000      4.470      0.099
   114.500      4.470      0.099
   115.000      4.469      0.099
   115.500      4.468      0.099
   116.000      4.469      0.098
   116.500      4.469      0.097
   117.000      4.469      0.097
   117.500      4.470      0.096
   118.000      4.469      0.096
   118.500      4.468      0.095
   119.000      4.468      0.095
   119.500      4.469      0.094
   120.000      4.469      0.094
   120.500      4.470      0.093
   121.000      4.470      0.093
   121.500      4.469      0.092
   122.000      4.469      0.092
   122.500      4.469      0.092
   123.000      4.470      0.091
   123.500      4.471      0.091
   124.000      4.471      0.090
   124.500      4.470      0.090
   125.000      4.469      0.090
   125.500      4.469      0.090
   126.000      4.470      0.090
   126.500      4.471      0.090
   127.000      4.472      0.089
   127.500      4.472      0.089
   128.000      4.470      0.089
   128.500      4.470      0.089
   129.000      4.470      0.089
   129.500      4.471      0.089
   130.000      4.472      0.090
   130.500      4.473      0.089
   131.000      4.472      0.089
   131.500      4.471      0.089
   132.000      4.471      0.090
   132.500      4.472      0.090
   133.000      4.473      0.091
   133.500      4.474      0.091
   134.000      4.474      0.091
   134.500      4.472      0.091
   135.000      4.472      0.092
   135.500      4.472      0.093
   136.000      4.473      0.094
   136.500      4.475      0.094
   137.000      4.475      0.094
   137.500      4.475      0.095
   138.000      4.473      0.095
   138.500      4.473      0.097
   139.000      4.474      0.098
   139.500      4.476      0.099
   140.000      4.476      0.099
   140.500      4.476      0.100
   141.000      4.475      0.100
   141.500      4.474      0.101
   142.000      4.475      0.103
   142.500      4.476      0.104
   143.000      4.477      0.105
   143.500      4.477      0.105
   144.000      4.477      0.106
   144.500      4.476      0.107
   145.000      4.476      0.108
   145.500      4.477      0.110
   146.000      4.478      0.111
   146.500      4.479      0.112
   147.000      4.479      0.112
   147.500      4.478      0.114
   148.000      4.477      0.115
   148.500      4.478      0.116
   149.000      4.479      0.118
   149.500      4.480      0.118
   150.000      4.480      0.118
   150.500      4.480      0.120
   151.000      4.478      0.121
   151.500      4.479      0.122
   152.000      4.480      0.123
   152.500      4.481      0.125
   153.000      4.481      0.125
   153.500      4.481      0.125
   154.000      4.481      0.127
   154.500      4.480      0.128
   155.000      4.481      0.129
   155.500      4.482      0.131
   156.000      4.482      0.131
   156.500      4.482      0.131
   157.000      4.482      0.132
   157.500      4.481      0.134
   158.000      4.482      0.134
   158.500      4.483      0.136
   159.000      4.483      0.136
   159.500      4.483      0.137
   160.000      4.483      0.137
   160.500      4.483      0.138
   161.000      4.483      0.139
   161.500      4.484      0.140
   162.000      4.485      0.141
   162.500      4.484      0.141
   163.000      4.484      0.141
   163.500      4.484      0.142
   164.000      4.483      0.143
   164.500      4.485      0.143
   165.000      4.486      0.144
   165.500      4.485      0.145
   166.000      4.485      0.145
   166.500      4.484      0.145
   167.000      4.484      0.146
   167.500      4.485      0.146
   168.000      4.487      0.147
   168.500      4.487      0.147
   169.000      4.486      0.148
   169.500      4.485      0.148
   170.000      4.485      0.148
   170.500      4.485      0.149
   171.000      4.488      0.149
   171.500      4.488      0.149
   172.000      4.488      0.150
   172.500      4.487      0.151
   173.000      4.485      0.150
   173.500      4.485      0.150
   174.000      4.487      0.151
   174.500      4.489      0.151
   175.000      4.488      0.152
   175.500      4.488      0.152
   176.000      4.487      0.153
   176.500      4.485      0.153
   177.000      4.485      0.153
   177.500      4.490      0.154
   178.000      4.489      0.154
   178.500      4.489      0.155
   179.000      4.488      0.155
   179.500      4.486      0.156
   180.000      4.484      0.156
   180.500      4.488      0.158
   181.000      4.489      0.159
   181.500      4.488      0.160
   182.000      4.488      0.160
   182.500      4.488      0.160
   183.000      4.485      0.162
   183.500      4.484      0.162
   184.000      4.490      0.166
   184.500      4.488      0.168
   185.000      4.488      0.168
   185.500      4.488      0.168
   186.000      4.488      0.168
   186.500      4.483      0.171
   187.000      4.488      0.177
   187.500      4.488      0.180
   188.000      4.487      0.180
   188.500      4.487      0.180
   189.000      4.487      0.180
   189.500      4.487      0.180
   190.000      4.480      0.186
   190.500      4.488      0.198
   191.000      4.486      0.199
   191.500      4.486      0.199
   192.000      4.486      0.199
   192.500      4.486      0.199
   193.000      4.486      0.199
   193.500      4.486      0.218
   194.000      4.485      0.225
   194.500      4.485      0.225
   195.000      4.485      0.225
   195.500      4.485      0.225
   196.000      4.485      0.225
   196.500      4.484      0.225
   197.000      4.483      0.258
   197.500      4.483      0.258
   198.000      4.483      0.258
   198.500      4.483      0.258
   199.000      4.483      0.258
