     0.000      1.373      0.487
     0.500      3.181      0.143
     1.000      3.216      0.152
     1.500      3.259      0.116
     2.000      3.278      0.108
     2.500      3.296      0.100
     3.000      3.331      0.074
     3.500      3.344      0.073
     4.000      3.366      0.062
     4.500      3.389      0.048
     5.000      3.402      0.048
     5.500      3.423      0.037
     6.000      3.436      0.037
     6.500      3.450      0.036
     7.000      3.465      0.032
     7.500      3.476      0.035
     8.000      3.489      0.033
     8.500      3.499      0.034
     9.000      3.507      0.036
     9.500      3.518      0.035
    10.000      3.525      0.037
    10.500      3.533      0.036
    11.000      3.540      0.036
    11.500      3.546      0.036
    12.000      3.552      0.035
    12.500      3.557      0.035
    13.000      3.562      0.034
    13.500      3.567      0.033
    14.000      3.570      0.032
    14.500      3.574      0.032
    15.000      3.578      0.031
    15.500      3.581      0.030
    16.000      3.585      0.029
    16.500      3.587      0.028
    17.000      3.590      0.028
    17.500      3.593      0.027
    18.000      3.596      0.027
    18.500      3.599      0.026
    19.000      3.602      0.025
    19.500      3.605      0.025
    20.000      3.607      0.024
    20.500      3.610      0.023
    21.000      3.613      0.023
    21.500      3.616      0.022
    22.000      3.619      0.022
    22.500      3.622      0.021
    23.000      3.625      0.020
    23.500      3.628      0.020
    24.000      3.631      0.020
    24.500      3.635      0.019
    25.000      3.638      0.019
    25.500      3.642      0.019
    26.000      3.645      0.019
    26.500      3.649      0.020
    27.000      3.653      0.020
    27.500      3.657      0.021
    28.000      3.661      0.022
    28.500      3.666      0.023
    29.000      3.670      0.024
    29.500      3.675      0.025
    30.000      3.680      0.026
    30.500      3.685      0.027
    31.000      3.690      0.028
    31.500      3.696      0.030
    32.000      3.702      0.031
    32.500      3.708      0.032
    33.000      3.714      0.033
    33.500      3.721      0.035
    34.000      3.728      0.036
    34.500      3.735      0.037
    35.000      3.742      0.038
    35.500      3.750      0.039
    36.000      3.758      0.040
    36.500      3.766      0.041
    37.000      3.775      0.042
    37.500      3.784      0.043
    38.000      3.793      0.045
    38.500      3.803      0.046
    39.000      3.813      0.047
    39.500      3.823      0.049
    40.000      3.834      0.049
    40.500      3.846      0.051
    41.000      3.860      0.051
    41.500      3.874      0.050
    42.000      3.889      0.049
    42.500      3.902      0.051
    43.000      3.916      0.054
    43.500      3.931      0.058
    44.000      3.947      0.061
    44.500      3.964      0.064
    45.000      3.981      0.068
    45.500      4.000      0.071
    46.000      4.021      0.075
    46.500      4.041      0.079
    47.000      4.059      0.085
    47.500      4.077      0.093
    48.000      4.097      0.099
    48.500      4.117      0.105
    49.000      4.133      0.109
    49.500      4.149      0.114
    50.000      4.463      0.232
    50.500      4.472      0.219
    51.000      4.488      0.205
    51.500      4.499      0.194
    52.000      4.510      0.186
    52.500      4.515      0.181
    53.000      4.517      0.176
    53.500      4.516      0.170
    54.000      4.515      0.164
    54.500      4.517      0.158
    55.000      4.516      0.152
    55.500      4.515      0.147
    56.000      4.512      0.143
    56.500      4.510      0.142
    57.000      4.506      0.139
    57.500      4.503      0.135
    58.000      4.499      0.130
    58.500      4.494      0.126
    59.000      4.489      0.124
    59.500      4.484      0.121
    60.000      4.479      0.119
    60.500      4.474      0.115
    61.000      4.470      0.112
    61.500      4.466      0.110
    62.000      4.462      0.109
    62.500      4.458      0.108
    63.000      4.453      0.108
    63.500      4.450      0.107
    64.000      4.447      0.106
    64.500      4.444      0.106
    65.000      4.441      0.106
    65.500      4.438      0.105
    66.000      4.434      0.106
    66.500      4.431      0.107
    67.000      4.429      0.106
    67.500      4.426      0.107
    68.000      4.424      0.107
    68.500      4.422      0.108
    69.000      4.419      0.108
    69.500      4.417      0.109
    70.000      4.415      0.109
    70.500      4.414      0.110
    71.000      4.412      0.110
    71.500      4.411      0.110
    72.000      4.409      0.111
    72.500      4.407      0.111
    73.000      4.406      0.111
    73.500      4.405      0.111
    74.000      4.404      0.111
    74.500      4.404      0.111
    75.000      4.402      0.111
    75.500      4.401      0.111
    76.000      4.401      0.110
    76.500      4.400      0.110
    77.000      4.400      0.110
    77.500      4.400      0.110
    78.000      4.399      0.109
    78.500      4.399      0.108
    79.000      4.399      0.108
    79.500      4.399      0.107
    80.000      4.399      0.106
    80.500      4.399      0.106
    81.000      4.399      0.105
    81.500      4.400      0.104
    82.000      4.400      0.103
    82.500      4.400      0.101
    83.000      4.401      0.100
    83.500      4.401      0.100
    84.000      4.402      0.099
    84.500      4.403      0.098
    85.000      4.403      0.097
    85.500      4.403      0.095
    86.000      4.404      0.094
    86.500      4.406      0.093
    87.000      4.407      0.092
    87.500      4.408      0.091
    88.000      4.408      0.090
    88.500      4.409      0.089
    89.000      4.410      0.087
    89.500      4.411      0.086
    90.000      4.413      0.086
    90.500      4.414      0.085
    91.000      4.414      0.084
    91.500      4.416      0.083
    92.000      4.417      0.082
    92.500      4.419      0.081
    93.000      4.420      0.081
    93.500      4.421      0.081
    94.000      4.422      0.080
    94.500      4.423      0.079
    95.000      4.425      0.078
    95.500      4.426      0.078
    96.000      4.428      0.078
    96.500      4.429      0.079
    97.000      4.430      0.078
    97.500      4.431      0.078
    98.000      4.433      0.078
    98.500      4.434      0.078
    99.000      4.436      0.078
    99.500      4.437      0.079
   100.000      4.439      0.079
   100.500      4.440      0.079
   101.000      4.441      0.080
   101.500      4.442      0.080
   102.000      4.444      0.080
   102.500      4.445      0.081
   103.000      4.446      0.082
   103.500      4.447      0.082
   104.000      4.448      0.083
   104.500      4.450      0.084
   105.000      4.451      0.084
   105.500      4.452      0.085
   106.000      4.453      0.086
   106.500      4.454      0.087
   107.000      4.455      0.088
   107.500      4.456      0.089
   108.000      4.458      0.090
   108.500      4.459      0.091
   109.000      4.460      0.092
   109.500      4.461      0.093
   110.000      4.462      0.094
   110.500      4.462      0.095
   111.000      4.464      0.096
   111.500      4.465      0.097
   112.000      4.466      0.098
   112.500      4.467      0.100
   113.000      4.467      0.101
   113.500      4.468      0.102
   114.000      4.469      0.104
   114.500      4.470      0.105
   115.000      4.471      0.106
   115.500      4.472      0.107
   116.000      4.472      0.109
   116.500      4.473      0.110
   117.000      4.474      0.111
   117.500      4.475      0.112
   118.000      4.476      0.114
   118.500      4.477      0.115
   119.000      4.477      0.117
   119.500      4.478      0.118
   120.000      4.478      0.120
   120.500      4.480      0.121
   121.000      4.480      0.122
   121.500      4.481      0.123
   122.000      4.481      0.125
   122.500      4.481      0.127
   123.000      4.482      0.128
   123.500      4.483      0.129
   124.000      4.484      0.131
   124.500      4.484      0.132
   125.000      4.484      0.134
   125.500      4.485      0.135
   126.000      4.486      0.137
   126.500      4.486      0.138
   127.000      4.487      0.140
   127.500      4.487      0.141
   128.000      4.487      0.142
   128.500      4.488      0.144
   129.000      4.489      0.146
   129.500      4.489      0.147
   130.000      4.489      0.149
   130.500      4.490      0.150
   131.000      4.489      0.151
   131.500      4.490      0.153
   132.000      4.491      0.155
   132.500      4.492      0.156
   133.000      4.492      0.158
   133.500      4.492      0.159
   134.000      4.491      0.160
   134.500      4.492      0.161
   135.000      4.493      0.163
   135.500      4.493      0.165
   136.000      4.493      0.166
   136.500      4.493      0.168
   137.000      4.493      0.169
   137.500      4.493      0.170
   138.000      4.494      0.171
   138.500      4.495      0.173
   139.000      4.495      0.175
   139.500      4.494      0.176
   140.000      4.494      0.177
   140.500      4.494      0.178
   141.000      4.495      0.179
   141.500      4.495      0.181
   142.000      4.495      0.183
   142.500      4.495      0.183
   143.000      4.494      0.184
   143.500      4.495      0.185
   144.000      4.495      0.187
   144.500      4.496      0.188
   145.000      4.496      0.190
   145.500      4.495      0.190
   146.000      4.494      0.191
   146.500      4.495      0.192
   147.000      4.495      0.193
   147.500      4.496      0.195
   148.000      4.496      0.196
   148.500      4.495      0.196
   149.000      4.494      0.196
   149.500      4.494      0.197
   150.000      4.495      0.199
   150.500      4.495      0.200
   151.000      4.495      0.201
   151.500      4.494      0.201
   152.000      4.493      0.201
   152.500      4.493      0.202
   153.000      4.494      0.203
   153.500      4.494      0.204
   154.000      4.494      0.205
   154.500      4.493      0.205
   155.000      4.492      0.205
   155.500      4.492      0.205
   156.000      4.492      0.207
   156.500      4.493      0.207
   157.000      4.493      0.207
   157.500      4.492      0.207
   158.000      4.491      0.207
   158.500      4.491      0.208
   159.000      4.491      0.209
   159.500      4.491      0.209
   160.000      4.491      0.209
   160.500      4.490      0.209
   161.000      4.489      0.208
   161.500      4.489      0.209
   162.000      4.489      0.210
   162.500      4.489      0.210
   163.000      4.489      0.209
   163.500      4.488      0.209
   164.000      4.487      0.208
   164.500      4.487      0.209
   165.000      4.487      0.210
   165.500      4.486      0.209
   166.000      4.487      0.208
   166.500      4.485      0.208
   167.000      4.484      0.208
   167.500      4.484      0.208
   168.000      4.485      0.208
   168.500      4.484      0.208
   169.000      4.484      0.207
   169.500      4.483      0.206
   170.000      4.481      0.206
   170.500      4.481      0.207
   171.000      4.482      0.206
   171.500      4.481      0.206
   172.000      4.480      0.205
   172.500      4.480      0.205
   173.000      4.478      0.205
   173.500      4.478      0.205
   174.000      4.479      0.204
   174.500      4.479      0.204
   175.000      4.476      0.204
   175.500      4.476      0.203
   176.000      4.474      0.204
   176.500      4.474      0.204
   177.000      4.476      0.203
   177.500      4.476      0.202
   178.000      4.473      0.204
   178.500      4.473      0.203
   179.000      4.470      0.205
   179.500      4.471      0.205
   180.000      4.472      0.203
   180.500      4.472      0.203
   181.000      4.470      0.205
   181.500      4.469      0.205
   182.000      4.466      0.209
   182.500      4.466      0.209
   183.000      4.468      0.208
   183.500      4.468      0.208
   184.000      4.468      0.208
   184.500      4.464      0.212
   185.000      4.461      0.218
   185.500      4.462      0.218
   186.000      4.463      0.218
   186.500      4.463      0.218
   187.000      4.463      0.218
   187.500      4.459      0.223
   188.000      4.456      0.232
   188.500      4.458      0.234
   189.000      4.458      0.234
   189.500      4.458      0.234
   190.000      4.458      0.234
   190.500      4.455      0.237
   191.000      4.451      0.253
   191.500      4.453      0.258
   192.000      4.453      0.258
   192.500      4.453      0.258
   193.000      4.453      0.258
   193.500      4.453      0.258
   194.000      4.446      0.281
   194.500      4.448      0.289
   195.000      4.448      0.289
   195.500      4.448      0.289
   196.000      4.448      0.289
   196.500      4.448      0.289
   197.000      4.441      0.317
   197.500      4.443      0.328
   198.000      4.443      0.328
   198.500      4.443      0.328
   199.000      4.443      0.328
   199.500      4.443      0.328
