     0.000      1.660      0.470
     0.500      3.089      0.271
     1.000      3.111      0.260
     1.500      3.114      0.258
     2.000      3.150      0.220
     2.500      3.195      0.178
     3.000      3.204      0.171
     3.500      3.223      0.149
     4.000      3.251      0.123
     4.500      3.272      0.102
     5.000      3.284      0.089
     5.500      3.297      0.077
     6.000      3.317      0.058
     6.500      3.328      0.047
     7.000      3.335      0.045
     7.500      3.345      0.041
     8.000      3.355      0.038
     8.500      3.360      0.042
     9.000      3.364      0.046
     9.500      3.370      0.050
    10.000      3.373      0.056
    10.500      3.375      0.060
    11.000      3.376      0.064
    11.500      3.377      0.068
    12.000      3.377      0.071
    12.500      3.375      0.073
    13.000      3.374      0.075
    13.500      3.372      0.077
    14.000      3.369      0.078
    14.500      3.366      0.079
    15.000      3.363      0.079
    15.500      3.360      0.079
    16.000      3.356      0.079
    16.500      3.352      0.078
    17.000      3.349      0.077
    17.500      3.346      0.075
    18.000      3.342      0.074
    18.500      3.339      0.072
    19.000      3.337      0.069
    19.500      3.334      0.067
    20.000      3.332      0.065
    20.500      3.331      0.062
    21.000      3.330      0.060
    21.500      3.329      0.057
    22.000      3.329      0.054
    22.500      3.330      0.052
    23.000      3.331      0.049
    23.500      3.333      0.046
    24.000      3.335      0.044
    24.500      3.338      0.042
    25.000      3.341      0.040
    25.500      3.346      0.039
    26.000      3.350      0.037
    26.500      3.355      0.036
    27.000      3.361      0.036
    27.500      3.366      0.035
    28.000      3.373      0.036
    28.500      3.380      0.036
    29.000      3.387      0.036
    29.500      3.395      0.038
    30.000      3.403      0.039
    30.500      3.411      0.040
    31.000      3.420      0.041
    31.500      3.429      0.043
    32.000      3.438      0.044
    32.500      3.448      0.045
    33.000      3.458      0.046
    33.500      3.467      0.048
    34.000      3.477      0.049
    34.500      3.488      0.050
    35.000      3.498      0.051
    35.500      3.508      0.052
    36.000      3.519      0.053
    36.500      3.530      0.053
    37.000      3.540      0.054
    37.500      3.551      0.054
    38.000      3.561      0.054
    38.500      3.572      0.054
    39.000      3.583      0.054
    39.500      3.593      0.054
    40.000      3.603      0.054
    40.500      3.614      0.053
    41.000      3.624      0.053
    41.500      3.634      0.053
    42.000      3.644      0.052
    42.500      3.653      0.052
    43.000      3.662      0.053
    43.500      3.671      0.053
    44.000      3.680      0.054
    44.500      3.688      0.055
    45.000      3.696      0.057
    45.500      3.704      0.060
    46.000      3.711      0.064
    46.500      3.718      0.068
    47.000      3.725      0.074
    47.500      3.731      0.079
    48.000      3.736      0.086
    48.500      3.742      0.094
    49.000      3.746      0.102
    49.500      3.750      0.112
    50.000      3.754      0.122
    50.500      3.757      0.132
    51.000      3.759      0.144
    51.500      3.761      0.154
    52.000      3.770      0.157
    52.500      3.781      0.157
    53.000      3.790      0.158
    53.500      3.801      0.159
    54.000      3.808      0.165
    54.500      3.813      0.171
    55.000      3.819      0.178
    55.500      3.826      0.182
    56.000      3.835      0.184
    56.500      3.844      0.187
    57.000      3.852      0.191
    57.500      3.860      0.195
    58.000      3.867      0.199
    58.500      3.878      0.199
    59.000      3.892      0.197
    59.500      3.903      0.198
    60.000      3.913      0.205
    60.500      3.921      0.209
    61.000      3.931      0.214
    61.500      3.943      0.218
    62.000      3.957      0.222
    62.500      3.972      0.223
    63.000      3.989      0.219
    63.500      4.001      0.217
    64.000      4.011      0.218
    64.500      4.020      0.219
    65.000      4.279      0.301
    65.500      4.277      0.290
    66.000      4.277      0.281
    66.500      4.280      0.271
    67.000      4.284      0.260
    67.500      4.290      0.249
    68.000      4.293      0.237
    68.500      4.295      0.228
    69.000      4.299      0.224
    69.500      4.303      0.223
    70.000      4.305      0.221
    70.500      4.308      0.219
    71.000      4.308      0.217
    71.500      4.310      0.218
    72.000      4.312      0.220
    72.500      4.312      0.221
    73.000      4.315      0.226
    73.500      4.318      0.228
    74.000      4.321      0.230
    74.500      4.323      0.227
    75.000      4.323      0.226
    75.500      4.321      0.223
    76.000      4.319      0.219
    76.500      4.319      0.216
    77.000      4.317      0.213
    77.500      4.316      0.212
    78.000      4.313      0.207
    78.500      4.310      0.204
    79.000      4.307      0.202
    79.500      4.304      0.201
    80.000      4.301      0.200
    80.500      4.298      0.198
    81.000      4.296      0.198
    81.500      4.293      0.199
    82.000      4.290      0.198
    82.500      4.287      0.198
    83.000      4.285      0.199
    83.500      4.282      0.199
    84.000      4.279      0.198
    84.500      4.276      0.199
    85.000      4.274      0.200
    85.500      4.272      0.201
    86.000      4.271      0.202
    86.500      4.269      0.204
    87.000      4.268      0.205
    87.500      4.266      0.206
    88.000      4.265      0.207
    88.500      4.264      0.209
    89.000      4.263      0.210
    89.500      4.263      0.211
    90.000      4.262      0.213
    90.500      4.262      0.214
    91.000      4.262      0.215
    91.500      4.262      0.216
    92.000      4.261      0.217
    92.500      4.261      0.217
    93.000      4.262      0.218
    93.500      4.263      0.219
    94.000      4.264      0.220
    94.500      4.264      0.220
    95.000      4.265      0.220
    95.500      4.265      0.221
    96.000      4.266      0.221
    96.500      4.268      0.220
    97.000      4.269      0.221
    97.500      4.271      0.221
    98.000      4.272      0.221
    98.500      4.273      0.221
    99.000      4.274      0.221
    99.500      4.276      0.220
   100.000      4.278      0.220
   100.500      4.280      0.220
   101.000      4.282      0.220
   101.500      4.283      0.220
   102.000      4.285      0.220
   102.500      4.287      0.219
   103.000      4.288      0.218
   103.500      4.290      0.218
   104.000      4.293      0.218
   104.500      4.295      0.218
   105.000      4.297      0.218
   105.500      4.299      0.218
   106.000      4.301      0.217
   106.500      4.303      0.217
   107.000      4.305      0.217
   107.500      4.307      0.217
   108.000      4.309      0.217
   108.500      4.311      0.217
   109.000      4.313      0.218
   109.500      4.315      0.218
   110.000      4.317      0.218
   110.500      4.319      0.218
   111.000      4.321      0.218
   111.500      4.323      0.219
   112.000      4.325      0.219
   112.500      4.327      0.220
   113.000      4.329      0.220
   113.500      4.330      0.221
   114.000      4.332      0.222
   114.500      4.334      0.222
   115.000      4.336      0.223
   115.500      4.337      0.224
   116.000      4.339      0.225
   116.500      4.341      0.226
   117.000      4.342      0.227
   117.500      4.344      0.227
   118.000      4.345      0.228
   118.500      4.346      0.229
   119.000      4.348      0.230
   119.500      4.349      0.232
   120.000      4.351      0.232
   120.500      4.352      0.234
   121.000      4.353      0.234
   121.500      4.354      0.235
   122.000      4.355      0.236
   122.500      4.356      0.237
   123.000      4.357      0.239
   123.500      4.358      0.240
   124.000      4.360      0.241
   124.500      4.361      0.242
   125.000      4.361      0.242
   125.500      4.362      0.243
   126.000      4.363      0.244
   126.500      4.363      0.246
   127.000      4.364      0.247
   127.500      4.365      0.248
   128.000      4.366      0.249
   128.500      4.366      0.249
   129.000      4.367      0.250
   129.500      4.367      0.251
   130.000      4.368      0.252
   130.500      4.368      0.253
   131.000      4.369      0.254
   131.500      4.370      0.255
   132.000      4.370      0.256
   132.500      4.370      0.257
   133.000      4.370      0.258
   133.500      4.371      0.259
   134.000      4.371      0.259
   134.500      4.372      0.260
   135.000      4.372      0.261
   135.500      4.372      0.262
   136.000      4.372      0.262
   136.500      4.372      0.263
   137.000      4.373      0.264
   137.500      4.373      0.265
   138.000      4.374      0.266
   138.500      4.374      0.266
   139.000      4.373      0.267
   139.500      4.373      0.267
   140.000      4.373      0.268
   140.500      4.373      0.268
   141.000      4.374      0.269
   141.500      4.374      0.270
   142.000      4.374      0.271
   142.500      4.373      0.271
   143.000      4.373      0.271
   143.500      4.373      0.272
   144.000      4.373      0.272
   144.500      4.374      0.272
   145.000      4.374      0.273
   145.500      4.373      0.274
   146.000      4.373      0.274
   146.500      4.373      0.274
   147.000      4.373      0.274
   147.500      4.373      0.274
   148.000      4.373      0.275
   148.500      4.373      0.276
   149.000      4.372      0.276
   149.500      4.372      0.276
   150.000      4.372      0.276
   150.500      4.372      0.275
   151.000      4.372      0.275
   151.500      4.372      0.276
   152.000      4.372      0.276
   152.500      4.371      0.276
   153.000      4.371      0.276
   153.500      4.370      0.276
   154.000      4.371      0.276
   154.500      4.370      0.276
   155.000      4.371      0.276
   155.500      4.371      0.276
   156.000      4.370      0.275
   156.500      4.369      0.275
   157.000      4.369      0.275
   157.500      4.369      0.275
   158.000      4.369      0.274
   158.500      4.370      0.274
   159.000      4.370      0.273
   159.500      4.369      0.273
   160.000      4.369      0.272
   160.500      4.368      0.272
   161.000      4.368      0.272
   161.500      4.368      0.270
   162.000      4.369      0.270
   162.500      4.369      0.269
   163.000      4.369      0.269
   163.500      4.368      0.268
   164.000      4.368      0.268
   164.500      4.368      0.267
   165.000      4.368      0.265
   165.500      4.368      0.264
   166.000      4.369      0.263
   166.500      4.369      0.263
   167.000      4.368      0.263
   167.500      4.368      0.263
   168.000      4.368      0.261
   168.500      4.368      0.259
   169.000      4.369      0.257
   169.500      4.370      0.256
   170.000      4.370      0.256
   170.500      4.370      0.256
   171.000      4.369      0.255
   171.500      4.369      0.254
   172.000      4.369      0.251
   172.500      4.370      0.249
   173.000      4.371      0.248
   173.500      4.372      0.248
   174.000      4.372      0.248
   174.500      4.371      0.247
   175.000      4.372      0.246
   175.500      4.372      0.243
   176.000      4.373      0.241
   176.500      4.373      0.240
   177.000      4.375      0.240
   177.500      4.376      0.240
   178.000      4.376      0.240
   178.500      4.376      0.239
   179.000      4.375      0.237
   179.500      4.376      0.234
   180.000      4.377      0.233
   180.500      4.379      0.234
   181.000      4.381      0.234
   181.500      4.382      0.233
   182.000      4.381      0.234
   182.500      4.380      0.233
   183.000      4.382      0.230
   183.500      4.384      0.230
   184.000      4.386      0.231
   184.500      4.389      0.231
   185.000      4.389      0.231
   185.500      4.387      0.234
   186.000      4.387      0.234
   186.500      4.389      0.234
   187.000      4.392      0.234
   187.500      4.396      0.236
   188.000      4.397      0.236
   188.500      4.398      0.236
   189.000      4.396      0.238
   189.500      4.395      0.245
   190.000      4.398      0.247
   190.500      4.404      0.251
   191.000      4.407      0.251
   191.500      4.408      0.251
   192.000      4.408      0.251
   192.500      4.408      0.251
   193.000      4.405      0.266
   193.500      4.412      0.274
   194.000      4.420      0.278
   194.500      4.420      0.278
   195.000      4.420      0.278
   195.500      4.420      0.278
   196.000      4.420      0.278
   196.500      4.418      0.300
   197.000      4.434      0.319
   197.500      4.434      0.319
   198.000      4.434      0.319
   198.500      4.434      0.319
   199.000      4.434      0.319
   199.500      4.434      0.319
