     0.000      1.386      0.496
     0.500      1.912      0.432
     1.000      2.918      0.139
     1.500      3.006      0.147
     2.000      3.049      0.143
     2.500      3.084      0.124
     3.000      3.115      0.115
     3.500      3.145      0.104
     4.000      3.172      0.098
     4.500      3.201      0.090
     5.000      3.224      0.086
     5.500      3.251      0.080
     6.000      3.272      0.078
     6.500      3.294      0.075
     7.000      3.315      0.071
     7.500      3.334      0.070
     8.000      3.352      0.067
     8.500      3.371      0.063
     9.000      3.385      0.062
     9.500      3.402      0.059
    10.000      3.416      0.056
    10.500      3.430      0.055
    11.000      3.444      0.052
    11.500      3.455      0.051
    12.000      3.468      0.049
    12.500      3.478      0.047
    13.000      3.489      0.045
    13.500      3.500      0.044
    14.000      3.510      0.042
    14.500      3.520      0.041
    15.000      3.529      0.039
    15.500      3.539      0.038
    16.000      3.548      0.037
    16.500      3.557      0.037
    17.000      3.566      0.036
    17.500      3.575      0.037
    18.000      3.585      0.037
    18.500      3.594      0.037
    19.000      3.603      0.038
    19.500      3.613      0.039
    20.000      3.623      0.041
    20.500      3.633      0.042
    21.000      3.643      0.044
    21.500      3.654      0.045
    22.000      3.665      0.047
    22.500      3.677      0.048
    23.000      3.689      0.049
    23.500      3.702      0.050
    24.000      3.715      0.050
    24.500      3.728      0.051
    25.000      3.743      0.051
    25.500      3.758      0.051
    26.000      3.774      0.051
    26.500      3.790      0.051
    27.000      3.808      0.051
    27.500      3.825      0.052
    28.000      3.845      0.053
    28.500      3.864      0.053
    29.000      3.887      0.056
    29.500      3.907      0.055
    30.000      3.928      0.056
    30.500      3.949      0.059
    31.000      3.972      0.065
    31.500      3.998      0.068
    32.000      4.021      0.070
    32.500      4.040      0.073
    33.000      4.056      0.076
    33.500      4.069      0.080
    34.000      4.091      0.089
    34.500      4.113      0.095
    35.000      4.138      0.100
    35.500      4.160      0.096
    36.000      4.353      0.112
    36.500      4.362      0.115
    37.000      4.372      0.119
    37.500      4.379      0.122
    38.000      4.386      0.123
    38.500      4.391      0.121
    39.000      4.398      0.115
    39.500      4.405      0.109
    40.000      4.410      0.102
    40.500      4.415      0.100
    41.000      4.420      0.102
    41.500      4.425      0.104
    42.000      4.430      0.105
    42.500      4.440      0.109
    43.000      4.448      0.111
    43.500      4.458      0.117
    44.000      4.464      0.122
    44.500      4.467      0.123
    45.000      4.470      0.121
    45.500      4.473      0.119
    46.000      4.479      0.118
    46.500      4.483      0.116
    47.000      4.486      0.114
    47.500      4.487      0.113
    48.000      4.489      0.112
    48.500      4.490      0.112
    49.000      4.490      0.108
    49.500      4.490      0.104
    50.000      4.489      0.099
    50.500      4.487      0.095
    51.000      4.485      0.092
    51.500      4.484      0.089
    52.000      4.483      0.087
    52.500      4.483      0.084
    53.000      4.482      0.081
    53.500      4.481      0.079
    54.000      4.480      0.078
    54.500      4.478      0.076
    55.000      4.478      0.075
    55.500      4.478      0.073
    56.000      4.477      0.071
    56.500      4.476      0.070
    57.000      4.476      0.070
    57.500      4.474      0.070
    58.000      4.474      0.069
    58.500      4.473      0.068
    59.000      4.473      0.066
    59.500      4.472      0.066
    60.000      4.472      0.066
    60.500      4.471      0.066
    61.000      4.471      0.066
    61.500      4.470      0.066
    62.000      4.470      0.064
    62.500      4.469      0.063
    63.000      4.469      0.063
    63.500      4.469      0.063
    64.000      4.468      0.063
    64.500      4.468      0.063
    65.000      4.467      0.063
    65.500      4.467      0.062
    66.000      4.467      0.061
    66.500      4.467      0.060
    67.000      4.467      0.060
    67.500      4.467      0.060
    68.000      4.466      0.060
    68.500      4.466      0.059
    69.000      4.466      0.058
    69.500      4.466      0.057
    70.000      4.466      0.056
    70.500      4.466      0.056
    71.000      4.465      0.056
    71.500      4.465      0.056
    72.000      4.465      0.056
    72.500      4.466      0.055
    73.000      4.466      0.054
    73.500      4.466      0.054
    74.000      4.466      0.054
    74.500      4.465      0.054
    75.000      4.465      0.054
    75.500      4.466      0.054
    76.000      4.467      0.054
    76.500      4.467      0.054
    77.000      4.467      0.054
    77.500      4.466      0.054
    78.000      4.466      0.054
    78.500      4.466      0.055
    79.000      4.467      0.056
    79.500      4.468      0.056
    80.000      4.468      0.057
    80.500      4.468      0.057
    81.000      4.468      0.058
    81.500      4.468      0.058
    82.000      4.468      0.059
    82.500      4.469      0.061
    83.000      4.470      0.063
    83.500      4.470      0.063
    84.000      4.470      0.064
    84.500      4.470      0.064
    85.000      4.470      0.065
    85.500      4.470      0.067
    86.000      4.471      0.069
    86.500      4.472      0.071
    87.000      4.472      0.071
    87.500      4.472      0.072
    88.000      4.472      0.073
    88.500      4.472      0.074
    89.000      4.473      0.076
    89.500      4.474      0.078
    90.000      4.475      0.079
    90.500      4.475      0.079
    91.000      4.475      0.080
    91.500      4.475      0.081
    92.000      4.475      0.082
    92.500      4.475      0.084
    93.000      4.477      0.086
    93.500      4.477      0.086
    94.000      4.477      0.086
    94.500      4.477      0.087
    95.000      4.477      0.088
    95.500      4.477      0.089
    96.000      4.478      0.091
    96.500      4.479      0.092
    97.000      4.479      0.092
    97.500      4.479      0.092
    98.000      4.479      0.093
    98.500      4.479      0.093
    99.000      4.480      0.094
    99.500      4.481      0.095
   100.000      4.481      0.096
   100.500      4.481      0.096
   101.000      4.481      0.096
   101.500      4.481      0.096
   102.000      4.482      0.097
   102.500      4.482      0.097
   103.000      4.482      0.098
   103.500      4.483      0.098
   104.000      4.483      0.098
   104.500      4.483      0.098
   105.000      4.483      0.098
   105.500      4.483      0.098
   106.000      4.483      0.099
   106.500      4.483      0.099
   107.000      4.484      0.099
   107.500      4.484      0.098
   108.000      4.484      0.098
   108.500      4.485      0.098
   109.000      4.484      0.099
   109.500      4.484      0.099
   110.000      4.484      0.099
   110.500      4.485      0.098
   111.000      4.485      0.098
   111.500      4.486      0.098
   112.000      4.485      0.098
   112.500      4.484      0.098
   113.000      4.484      0.098
   113.500      4.485      0.098
   114.000      4.486      0.097
   114.500      4.486      0.097
   115.000      4.486      0.097
   115.500      4.486      0.097
   116.000      4.485      0.097
   116.500      4.485      0.097
   117.000      4.486      0.097
   117.500      4.486      0.096
   118.000      4.486      0.096
   118.500      4.486      0.096
   119.000      4.485      0.096
   119.500      4.484      0.095
   120.000      4.485      0.096
   120.500      4.486      0.096
   121.000      4.486      0.095
   121.500      4.486      0.095
   122.000      4.486      0.095
   122.500      4.485      0.095
   123.000      4.484      0.095
   123.500      4.485      0.096
   124.000      4.486      0.095
   124.500      4.486      0.095
   125.000      4.486      0.095
   125.500      4.485      0.095
   126.000      4.484      0.095
   126.500      4.484      0.096
   127.000      4.485      0.096
   127.500      4.485      0.096
   128.000      4.486      0.096
   128.500      4.485      0.096
   129.000      4.485      0.096
   129.500      4.484      0.097
   130.000      4.484      0.098
   130.500      4.484      0.098
   131.000      4.485      0.098
   131.500      4.485      0.098
   132.000      4.485      0.099
   132.500      4.484      0.099
   133.000      4.483      0.100
   133.500      4.483      0.101
   134.000      4.483      0.101
   134.500      4.484      0.102
   135.000      4.484      0.102
   135.500      4.484      0.103
   136.000      4.483      0.104
   136.500      4.482      0.104
   137.000      4.482      0.105
   137.500      4.482      0.106
   138.000      4.483      0.106
   138.500      4.483      0.108
   139.000      4.483      0.108
   139.500      4.481      0.109
   140.000      4.480      0.110
   140.500      4.481      0.111
   141.000      4.482      0.111
   141.500      4.482      0.112
   142.000      4.482      0.113
   142.500      4.482      0.114
   143.000      4.480      0.114
   143.500      4.479      0.116
   144.000      4.480      0.117
   144.500      4.481      0.118
   145.000      4.481      0.119
   145.500      4.481      0.119
   146.000      4.480      0.120
   146.500      4.478      0.121
   147.000      4.478      0.122
   147.500      4.479      0.123
   148.000      4.480      0.124
   148.500      4.479      0.125
   149.000      4.479      0.126
   149.500      4.478      0.127
   150.000      4.476      0.127
   150.500      4.477      0.129
   151.000      4.478      0.130
   151.500      4.478      0.130
   152.000      4.478      0.131
   152.500      4.478      0.131
   153.000      4.476      0.133
   153.500      4.475      0.134
   154.000      4.476      0.135
   154.500      4.477      0.135
   155.000      4.477      0.135
   155.500      4.477      0.137
   156.000      4.476      0.137
   156.500      4.474      0.138
   157.000      4.473      0.139
   157.500      4.475      0.140
   158.000      4.475      0.140
   158.500      4.475      0.140
   159.000      4.475      0.142
   159.500      4.475      0.142
   160.000      4.472      0.143
   160.500      4.472      0.143
   161.000      4.474      0.144
   161.500      4.474      0.143
   162.000      4.474      0.144
   162.500      4.475      0.145
   163.000      4.473      0.146
   163.500      4.470      0.146
   164.000      4.472      0.147
   164.500      4.472      0.147
   165.000      4.473      0.146
   165.500      4.473      0.147
   166.000      4.473      0.149
   166.500      4.470      0.149
   167.000      4.469      0.149
   167.500      4.471      0.149
   168.000      4.471      0.148
   168.500      4.471      0.148
   169.000      4.472      0.149
   169.500      4.471      0.150
   170.000      4.468      0.150
   170.500      4.468      0.151
   171.000      4.470      0.150
   171.500      4.470      0.150
   172.000      4.471      0.150
   172.500      4.470      0.150
   173.000      4.470      0.151
   173.500      4.466      0.151
   174.000      4.468      0.152
   174.500      4.469      0.151
   175.000      4.470      0.151
   175.500      4.469      0.150
   176.000      4.469      0.152
   176.500      4.468      0.153
   177.000      4.465      0.154
   177.500      4.467      0.153
   178.000      4.469      0.153
   178.500      4.469      0.152
   179.000      4.468      0.152
   179.500      4.468      0.154
   180.000      4.464      0.155
   180.500      4.465      0.157
   181.000      4.467      0.156
   181.500      4.469      0.156
   182.000      4.467      0.156
   182.500      4.467      0.156
   183.000      4.468      0.158
   183.500      4.462      0.160
   184.000      4.466      0.162
   184.500      4.469      0.163
   185.000      4.467      0.162
   185.500      4.467      0.162
   186.000      4.467      0.162
   186.500      4.467      0.165
   187.000      4.463      0.171
   187.500      4.468      0.173
   188.000      4.467      0.173
   188.500      4.467      0.173
   189.000      4.467      0.173
   189.500      4.467      0.173
   190.000      4.462      0.179
   190.500      4.466      0.187
   191.000      4.466      0.190
   191.500      4.466      0.190
   192.000      4.466      0.190
   192.500      4.466      0.190
   193.000      4.466      0.190
   193.500      4.461      0.206
   194.000      4.466      0.213
   194.500      4.466      0.213
   195.000      4.466      0.213
   195.500      4.466      0.213
   196.000      4.466      0.213
   196.500      4.466      0.213
   197.000      4.467      0.243
   197.500      4.467      0.243
   198.000      4.467      0.243
   198.500      4.467      0.243
   199.000      4.467      0.243
