     0.000      1.175      0.430
     0.500      1.957      0.376
     1.000      3.111      0.131
     1.500      3.153      0.128
     2.000      3.192      0.113
     2.500      3.226      0.099
     3.000      3.260      0.091
     3.500      3.288      0.085
     4.000      3.321      0.077
     4.500      3.342      0.076
     5.000      3.371      0.070
     5.500      3.391      0.069
     6.000      3.412      0.067
     6.500      3.433      0.063
     7.000      3.449      0.062
     7.500      3.467      0.059
     8.000      3.480      0.057
     8.500      3.496      0.054
     9.000      3.507      0.053
     9.500      3.520      0.050
    10.000      3.530      0.049
    10.500      3.539      0.047
    11.000      3.549      0.046
    11.500      3.557      0.046
    12.000      3.565      0.044
    12.500      3.572      0.045
    13.000      3.579      0.044
    13.500      3.586      0.045
    14.000      3.592      0.045
    14.500      3.598      0.045
    15.000      3.605      0.045
    15.500      3.610      0.045
    16.000      3.617      0.045
    16.500      3.622      0.045
    17.000      3.629      0.044
    17.500      3.634      0.044
    18.000      3.641      0.044
    18.500      3.647      0.043
    19.000      3.653      0.042
    19.500      3.661      0.042
    20.000      3.667      0.041
    20.500      3.676      0.040
    21.000      3.683      0.039
    21.500      3.692      0.040
    22.000      3.700      0.040
    22.500      3.708      0.040
    23.000      3.718      0.041
    23.500      3.726      0.041
    24.000      3.737      0.042
    24.500      3.747      0.043
    25.000      3.758      0.045
    25.500      3.771      0.047
    26.000      3.782      0.049
    26.500      3.796      0.052
    27.000      3.808      0.055
    27.500      3.823      0.059
    28.000      3.837      0.062
    28.500      3.851      0.066
    29.000      3.866      0.070
    29.500      3.881      0.075
    30.000      3.895      0.078
    30.500      3.912      0.081
    31.000      3.931      0.082
    31.500      3.952      0.083
    32.000      3.969      0.084
    32.500      3.988      0.087
    33.000      4.008      0.089
    33.500      4.028      0.089
    34.000      4.049      0.086
    34.500      4.067      0.077
    35.000      4.087      0.060
    35.500      4.111      0.055
    36.000      4.439      0.217
    36.500      4.456      0.220
    37.000      4.463      0.219
    37.500      4.463      0.217
    38.000      4.458      0.209
    38.500      4.453      0.198
    39.000      4.452      0.188
    39.500      4.452      0.179
    40.000      4.453      0.174
    40.500      4.451      0.170
    41.000      4.450      0.168
    41.500      4.453      0.168
    42.000      4.451      0.165
    42.500      4.447      0.159
    43.000      4.446      0.156
    43.500      4.446      0.153
    44.000      4.443      0.149
    44.500      4.440      0.146
    45.000      4.438      0.141
    45.500      4.441      0.141
    46.000      4.441      0.138
    46.500      4.439      0.133
    47.000      4.439      0.133
    47.500      4.442      0.136
    48.000      4.443      0.138
    48.500      4.441      0.135
    49.000      4.437      0.131
    49.500      4.434      0.127
    50.000      4.431      0.123
    50.500      4.427      0.117
    51.000      4.422      0.110
    51.500      4.419      0.108
    52.000      4.417      0.105
    52.500      4.414      0.103
    53.000      4.411      0.101
    53.500      4.408      0.097
    54.000      4.405      0.092
    54.500      4.402      0.091
    55.000      4.400      0.090
    55.500      4.398      0.089
    56.000      4.395      0.088
    56.500      4.393      0.088
    57.000      4.390      0.085
    57.500      4.388      0.084
    58.000      4.387      0.084
    58.500      4.386      0.084
    59.000      4.383      0.084
    59.500      4.381      0.084
    60.000      4.379      0.083
    60.500      4.377      0.083
    61.000      4.376      0.083
    61.500      4.376      0.083
    62.000      4.374      0.083
    62.500      4.372      0.084
    63.000      4.370      0.084
    63.500      4.369      0.084
    64.000      4.369      0.084
    64.500      4.368      0.084
    65.000      4.368      0.085
    65.500      4.367      0.085
    66.000      4.365      0.086
    66.500      4.364      0.085
    67.000      4.363      0.085
    67.500      4.363      0.085
    68.000      4.363      0.085
    68.500      4.363      0.086
    69.000      4.362      0.086
    69.500      4.362      0.086
    70.000      4.361      0.086
    70.500      4.360      0.085
    71.000      4.361      0.085
    71.500      4.361      0.085
    72.000      4.361      0.086
    72.500      4.361      0.086
    73.000      4.361      0.085
    73.500      4.360      0.085
    74.000      4.360      0.084
    74.500      4.361      0.085
    75.000      4.361      0.085
    75.500      4.362      0.085
    76.000      4.362      0.084
    76.500      4.362      0.083
    77.000      4.361      0.083
    77.500      4.362      0.083
    78.000      4.363      0.084
    78.500      4.364      0.084
    79.000      4.365      0.083
    79.500      4.365      0.083
    80.000      4.365      0.082
    80.500      4.364      0.082
    81.000      4.365      0.082
    81.500      4.367      0.083
    82.000      4.368      0.083
    82.500      4.369      0.083
    83.000      4.369      0.083
    83.500      4.369      0.082
    84.000      4.369      0.082
    84.500      4.371      0.083
    85.000      4.372      0.083
    85.500      4.374      0.084
    86.000      4.374      0.084
    86.500      4.374      0.084
    87.000      4.374      0.084
    87.500      4.375      0.084
    88.000      4.377      0.085
    88.500      4.378      0.085
    89.000      4.380      0.086
    89.500      4.380      0.086
    90.000      4.379      0.086
    90.500      4.380      0.087
    91.000      4.381      0.087
    91.500      4.382      0.088
    92.000      4.384      0.088
    92.500      4.385      0.089
    93.000      4.385      0.090
    93.500      4.385      0.090
    94.000      4.386      0.090
    94.500      4.387      0.091
    95.000      4.389      0.092
    95.500      4.390      0.092
    96.000      4.391      0.094
    96.500      4.391      0.094
    97.000      4.391      0.094
    97.500      4.392      0.095
    98.000      4.393      0.095
    98.500      4.395      0.096
    99.000      4.395      0.097
    99.500      4.396      0.097
   100.000      4.396      0.098
   100.500      4.397      0.098
   101.000      4.398      0.099
   101.500      4.399      0.100
   102.000      4.400      0.101
   102.500      4.401      0.101
   103.000      4.401      0.101
   103.500      4.401      0.102
   104.000      4.402      0.103
   104.500      4.403      0.104
   105.000      4.404      0.104
   105.500      4.405      0.105
   106.000      4.405      0.105
   106.500      4.405      0.105
   107.000      4.406      0.106
   107.500      4.407      0.107
   108.000      4.408      0.108
   108.500      4.410      0.109
   109.000      4.410      0.109
   109.500      4.410      0.109
   110.000      4.410      0.109
   110.500      4.411      0.110
   111.000      4.412      0.111
   111.500      4.413      0.112
   112.000      4.414      0.113
   112.500      4.414      0.113
   113.000      4.414      0.113
   113.500      4.414      0.113
   114.000      4.415      0.115
   114.500      4.417      0.116
   115.000      4.418      0.117
   115.500      4.418      0.117
   116.000      4.418      0.117
   116.500      4.418      0.117
   117.000      4.419      0.118
   117.500      4.420      0.119
   118.000      4.421      0.120
   118.500      4.422      0.121
   119.000      4.422      0.121
   119.500      4.422      0.121
   120.000      4.422      0.121
   120.500      4.423      0.122
   121.000      4.424      0.123
   121.500      4.426      0.125
   122.000      4.426      0.126
   122.500      4.425      0.126
   123.000      4.425      0.126
   123.500      4.426      0.126
   124.000      4.427      0.127
   124.500      4.428      0.128
   125.000      4.429      0.130
   125.500      4.429      0.130
   126.000      4.429      0.130
   126.500      4.429      0.130
   127.000      4.430      0.131
   127.500      4.431      0.132
   128.000      4.432      0.133
   128.500      4.433      0.134
   129.000      4.432      0.135
   129.500      4.432      0.135
   130.000      4.432      0.135
   130.500      4.433      0.136
   131.000      4.434      0.137
   131.500      4.435      0.138
   132.000      4.436      0.139
   132.500      4.435      0.140
   133.000      4.435      0.140
   133.500      4.436      0.140
   134.000      4.437      0.141
   134.500      4.438      0.142
   135.000      4.439      0.143
   135.500      4.439      0.144
   136.000      4.438      0.145
   136.500      4.438      0.145
   137.000      4.439      0.146
   137.500      4.440      0.147
   138.000      4.441      0.147
   138.500      4.441      0.148
   139.000      4.442      0.149
   139.500      4.441      0.150
   140.000      4.442      0.150
   140.500      4.442      0.151
   141.000      4.443      0.152
   141.500      4.444      0.152
   142.000      4.444      0.153
   142.500      4.444      0.154
   143.000      4.444      0.155
   143.500      4.445      0.155
   144.000      4.445      0.156
   144.500      4.446      0.157
   145.000      4.446      0.157
   145.500      4.448      0.157
   146.000      4.447      0.159
   146.500      4.447      0.159
   147.000      4.447      0.160
   147.500      4.448      0.161
   148.000      4.448      0.161
   148.500      4.449      0.161
   149.000      4.450      0.161
   149.500      4.449      0.163
   150.000      4.450      0.163
   150.500      4.450      0.164
   151.000      4.450      0.164
   151.500      4.451      0.164
   152.000      4.452      0.164
   152.500      4.452      0.165
   153.000      4.452      0.167
   153.500      4.452      0.167
   154.000      4.452      0.168
   154.500      4.453      0.168
   155.000      4.453      0.168
   155.500      4.454      0.167
   156.000      4.455      0.169
   156.500      4.455      0.170
   157.000      4.455      0.170
   157.500      4.455      0.171
   158.000      4.455      0.170
   158.500      4.455      0.170
   159.000      4.457      0.170
   159.500      4.457      0.172
   160.000      4.458      0.172
   160.500      4.457      0.173
   161.000      4.456      0.173
   161.500      4.457      0.173
   162.000      4.458      0.173
   162.500      4.460      0.173
   163.000      4.460      0.174
   163.500      4.461      0.175
   164.000      4.459      0.175
   164.500      4.458      0.175
   165.000      4.459      0.175
   165.500      4.460      0.175
   166.000      4.463      0.175
   166.500      4.463      0.176
   167.000      4.462      0.177
   167.500      4.461      0.177
   168.000      4.460      0.177
   168.500      4.461      0.178
   169.000      4.463      0.177
   169.500      4.466      0.177
   170.000      4.465      0.179
   170.500      4.463      0.179
   171.000      4.462      0.179
   171.500      4.462      0.180
   172.000      4.463      0.180
   172.500      4.467      0.180
   173.000      4.468      0.181
   173.500      4.467      0.182
   174.000      4.464      0.183
   174.500      4.464      0.183
   175.000      4.464      0.184
   175.500      4.467      0.184
   176.000      4.469      0.184
   176.500      4.470      0.186
   177.000      4.466      0.186
   177.500      4.465      0.188
   178.000      4.467      0.188
   178.500      4.469      0.189
   179.000      4.470      0.190
   179.500      4.472      0.191
   180.000      4.472      0.192
   180.500      4.467      0.195
   181.000      4.467      0.195
   181.500      4.471      0.196
   182.000      4.473      0.197
   182.500      4.471      0.199
   183.000      4.474      0.200
   183.500      4.471      0.202
   184.000      4.468      0.206
   184.500      4.471      0.207
   185.000      4.475      0.208
   185.500      4.475      0.208
   186.000      4.473      0.212
   186.500      4.476      0.214
   187.000      4.470      0.220
   187.500      4.471      0.221
   188.000      4.476      0.224
   188.500      4.476      0.224
   189.000      4.476      0.224
   189.500      4.474      0.229
   190.000      4.478      0.232
   190.500      4.471      0.241
   191.000      4.478      0.245
   191.500      4.478      0.245
   192.000      4.478      0.245
   192.500      4.478      0.245
   193.000      4.476      0.251
   193.500      4.472      0.265
   194.000      4.480      0.271
   194.500      4.480      0.271
   195.000      4.480      0.271
   195.500      4.480      0.271
   196.000      4.480      0.271
   196.500      4.478      0.278
   197.000      4.482      0.303
   197.500      4.482      0.303
   198.000      4.482      0.303
   198.500      4.482      0.303
   199.000      4.482      0.303
