     0.000      1.358      0.650
     0.500      2.966      0.186
     1.000      3.040      0.166
     1.500      3.090      0.138
     2.000      3.126      0.116
     2.500      3.168      0.098
     3.000      3.197      0.083
     3.500      3.232      0.076
     4.000      3.261      0.071
     4.500      3.288      0.066
     5.000      3.313      0.062
     5.500      3.334      0.061
     6.000      3.355      0.059
     6.500      3.374      0.059
     7.000      3.392      0.057
     7.500      3.408      0.056
     8.000      3.423      0.055
     8.500      3.437      0.053
     9.000      3.450      0.052
     9.500      3.463      0.050
    10.000      3.475      0.051
    10.500      3.487      0.048
    11.000      3.497      0.048
    11.500      3.509      0.046
    12.000      3.518      0.045
    12.500      3.529      0.044
    13.000      3.538      0.043
    13.500      3.549      0.043
    14.000      3.558      0.042
    14.500      3.568      0.042
    15.000      3.577      0.043
    15.500      3.586      0.043
    16.000      3.595      0.043
    16.500      3.605      0.044
    17.000      3.615      0.045
    17.500      3.624      0.047
    18.000      3.634      0.048
    18.500      3.643      0.050
    19.000      3.653      0.052
    19.500      3.663      0.053
    20.000      3.674      0.054
    20.500      3.685      0.056
    21.000      3.696      0.058
    21.500      3.708      0.060
    22.000      3.719      0.061
    22.500      3.732      0.062
    23.000      3.744      0.063
    23.500      3.758      0.064
    24.000      3.775      0.063
    24.500      3.790      0.062
    25.000      3.807      0.061
    25.500      3.822      0.061
    26.000      3.837      0.062
    26.500      3.851      0.063
    27.000      3.865      0.064
    27.500      3.881      0.063
    28.000      3.897      0.062
    28.500      3.913      0.063
    29.000      3.930      0.060
    29.500      3.947      0.059
    30.000      3.962      0.060
    30.500      3.980      0.063
    31.000      3.996      0.061
    31.500      4.015      0.065
    32.000      4.031      0.066
    32.500      4.051      0.071
    33.000      4.068      0.073
    33.500      4.088      0.077
    34.000      4.222      0.165
    34.500      4.251      0.162
    35.000      4.280      0.164
    35.500      4.295      0.161
    36.000      4.301      0.156
    36.500      4.306      0.153
    37.000      4.318      0.150
    37.500      4.330      0.147
    38.000      4.342      0.142
    38.500      4.348      0.136
    39.000      4.360      0.142
    39.500      4.370      0.149
    40.000      4.382      0.157
    40.500      4.392      0.159
    41.000      4.403      0.160
    41.500      4.411      0.158
    42.000      4.415      0.153
    42.500      4.415      0.146
    43.000      4.416      0.142
    43.500      4.417      0.138
    44.000      4.419      0.132
    44.500      4.424      0.131
    45.000      4.428      0.130
    45.500      4.431      0.130
    46.000      4.433      0.129
    46.500      4.431      0.125
    47.000      4.429      0.121
    47.500      4.427      0.117
    48.000      4.426      0.113
    48.500      4.426      0.109
    49.000      4.426      0.105
    49.500      4.424      0.101
    50.000      4.423      0.099
    50.500      4.421      0.095
    51.000      4.419      0.093
    51.500      4.418      0.091
    52.000      4.418      0.089
    52.500      4.418      0.086
    53.000      4.417      0.084
    53.500      4.415      0.083
    54.000      4.413      0.080
    54.500      4.412      0.079
    55.000      4.411      0.078
    55.500      4.411      0.077
    56.000      4.411      0.077
    56.500      4.410      0.076
    57.000      4.408      0.075
    57.500      4.407      0.074
    58.000      4.406      0.073
    58.500      4.405      0.073
    59.000      4.405      0.073
    59.500      4.405      0.073
    60.000      4.403      0.073
    60.500      4.402      0.072
    61.000      4.401      0.071
    61.500      4.400      0.071
    62.000      4.400      0.071
    62.500      4.399      0.072
    63.000      4.399      0.072
    63.500      4.398      0.072
    64.000      4.397      0.071
    64.500      4.397      0.071
    65.000      4.396      0.071
    65.500      4.395      0.071
    66.000      4.395      0.071
    66.500      4.394      0.071
    67.000      4.394      0.072
    67.500      4.393      0.072
    68.000      4.393      0.072
    68.500      4.392      0.072
    69.000      4.391      0.071
    69.500      4.390      0.071
    70.000      4.390      0.072
    70.500      4.390      0.073
    71.000      4.389      0.073
    71.500      4.389      0.073
    72.000      4.389      0.073
    72.500      4.388      0.072
    73.000      4.387      0.072
    73.500      4.387      0.073
    74.000      4.387      0.075
    74.500      4.387      0.075
    75.000      4.386      0.075
    75.500      4.385      0.075
    76.000      4.385      0.074
    76.500      4.384      0.074
    77.000      4.384      0.076
    77.500      4.384      0.077
    78.000      4.384      0.078
    78.500      4.384      0.078
    79.000      4.383      0.078
    79.500      4.382      0.078
    80.000      4.382      0.079
    80.500      4.382      0.080
    81.000      4.382      0.081
    81.500      4.382      0.082
    82.000      4.381      0.083
    82.500      4.381      0.083
    83.000      4.380      0.083
    83.500      4.380      0.083
    84.000      4.380      0.085
    84.500      4.380      0.086
    85.000      4.380      0.087
    85.500      4.380      0.088
    86.000      4.379      0.088
    86.500      4.378      0.089
    87.000      4.378      0.089
    87.500      4.378      0.090
    88.000      4.378      0.091
    88.500      4.378      0.093
    89.000      4.378      0.093
    89.500      4.377      0.094
    90.000      4.377      0.094
    90.500      4.377      0.095
    91.000      4.377      0.095
    91.500      4.377      0.097
    92.000      4.377      0.097
    92.500      4.376      0.098
    93.000      4.376      0.098
    93.500      4.375      0.099
    94.000      4.375      0.099
    94.500      4.375      0.100
    95.000      4.375      0.101
    95.500      4.375      0.101
    96.000      4.375      0.101
    96.500      4.374      0.102
    97.000      4.373      0.102
    97.500      4.373      0.102
    98.000      4.373      0.103
    98.500      4.373      0.103
    99.000      4.373      0.103
    99.500      4.372      0.103
   100.000      4.372      0.103
   100.500      4.371      0.104
   101.000      4.371      0.104
   101.500      4.371      0.104
   102.000      4.371      0.104
   102.500      4.371      0.103
   103.000      4.370      0.104
   103.500      4.369      0.104
   104.000      4.368      0.104
   104.500      4.368      0.104
   105.000      4.368      0.104
   105.500      4.368      0.103
   106.000      4.368      0.103
   106.500      4.367      0.103
   107.000      4.366      0.104
   107.500      4.365      0.104
   108.000      4.366      0.103
   108.500      4.365      0.103
   109.000      4.365      0.102
   109.500      4.365      0.102
   110.000      4.364      0.103
   110.500      4.363      0.103
   111.000      4.362      0.102
   111.500      4.363      0.102
   112.000      4.362      0.102
   112.500      4.362      0.101
   113.000      4.361      0.101
   113.500      4.360      0.101
   114.000      4.359      0.102
   114.500      4.359      0.102
   115.000      4.359      0.102
   115.500      4.359      0.101
   116.000      4.358      0.100
   116.500      4.357      0.100
   117.000      4.357      0.101
   117.500      4.356      0.101
   118.000      4.356      0.102
   118.500      4.356      0.102
   119.000      4.355      0.101
   119.500      4.354      0.100
   120.000      4.353      0.100
   120.500      4.353      0.101
   121.000      4.352      0.103
   121.500      4.352      0.103
   122.000      4.352      0.103
   122.500      4.351      0.103
   123.000      4.350      0.102
   123.500      4.349      0.102
   124.000      4.348      0.104
   124.500      4.348      0.106
   125.000      4.348      0.106
   125.500      4.347      0.107
   126.000      4.347      0.106
   126.500      4.345      0.106
   127.000      4.345      0.106
   127.500      4.344      0.109
   128.000      4.343      0.110
   128.500      4.343      0.111
   129.000      4.343      0.111
   129.500      4.342      0.112
   130.000      4.340      0.112
   130.500      4.340      0.113
   131.000      4.339      0.115
   131.500      4.339      0.117
   132.000      4.339      0.118
   132.500      4.338      0.118
   133.000      4.337      0.119
   133.500      4.335      0.119
   134.000      4.335      0.121
   134.500      4.334      0.123
   135.000      4.334      0.125
   135.500      4.333      0.126
   136.000      4.332      0.127
   136.500      4.331      0.128
   137.000      4.330      0.129
   137.500      4.330      0.130
   138.000      4.329      0.133
   138.500      4.329      0.135
   139.000      4.328      0.135
   139.500      4.326      0.137
   140.000      4.325      0.138
   140.500      4.324      0.139
   141.000      4.324      0.141
   141.500      4.323      0.144
   142.000      4.322      0.145
   142.500      4.321      0.146
   143.000      4.320      0.147
   143.500      4.320      0.148
   144.000      4.319      0.150
   144.500      4.318      0.152
   145.000      4.317      0.154
   145.500      4.316      0.156
   146.000      4.315      0.157
   146.500      4.314      0.157
   147.000      4.314      0.159
   147.500      4.313      0.161
   148.000      4.312      0.163
   148.500      4.310      0.166
   149.000      4.309      0.167
   149.500      4.309      0.167
   150.000      4.308      0.168
   150.500      4.308      0.170
   151.000      4.306      0.172
   151.500      4.305      0.174
   152.000      4.303      0.177
   152.500      4.302      0.177
   153.000      4.302      0.178
   153.500      4.302      0.178
   154.000      4.302      0.180
   154.500      4.299      0.183
   155.000      4.298      0.185
   155.500      4.296      0.187
   156.000      4.295      0.187
   156.500      4.295      0.187
   157.000      4.295      0.188
   157.500      4.294      0.190
   158.000      4.292      0.192
   158.500      4.290      0.195
   159.000      4.289      0.196
   159.500      4.288      0.197
   160.000      4.288      0.196
   160.500      4.288      0.198
   161.000      4.287      0.199
   161.500      4.284      0.202
   162.000      4.283      0.204
   162.500      4.281      0.205
   163.000      4.281      0.205
   163.500      4.280      0.205
   164.000      4.280      0.206
   164.500      4.279      0.207
   165.000      4.277      0.210
   165.500      4.275      0.212
   166.000      4.274      0.213
   166.500      4.273      0.213
   167.000      4.272      0.213
   167.500      4.271      0.214
   168.000      4.271      0.215
   168.500      4.269      0.218
   169.000      4.267      0.220
   169.500      4.266      0.220
   170.000      4.265      0.220
   170.500      4.263      0.220
   171.000      4.263      0.221
   171.500      4.264      0.222
   172.000      4.260      0.225
   172.500      4.258      0.227
   173.000      4.257      0.227
   173.500      4.256      0.227
   174.000      4.254      0.227
   174.500      4.256      0.228
   175.000      4.255      0.229
   175.500      4.252      0.232
   176.000      4.249      0.235
   176.500      4.248      0.235
   177.000      4.246      0.234
   177.500      4.245      0.235
   178.000      4.247      0.236
   178.500      4.246      0.237
   179.000      4.243      0.240
   179.500      4.240      0.243
   180.000      4.239      0.242
   180.500      4.236      0.242
   181.000      4.239      0.244
   181.500      4.237      0.246
   182.000      4.237      0.246
   182.500      4.234      0.249
   183.000      4.231      0.252
   183.500      4.228      0.251
   184.000      4.228      0.253
   184.500      4.229      0.257
   185.000      4.228      0.257
   185.500      4.228      0.257
   186.000      4.225      0.260
   186.500      4.221      0.263
   187.000      4.216      0.262
   187.500      4.219      0.269
   188.000      4.218      0.272
   188.500      4.218      0.272
   189.000      4.218      0.272
   189.500      4.215      0.275
   190.000      4.210      0.277
   190.500      4.211      0.284
   191.000      4.208      0.290
   191.500      4.208      0.290
   192.000      4.208      0.290
   192.500      4.208      0.290
   193.000      4.205      0.293
   193.500      4.195      0.295
   194.000      4.198      0.313
   194.500      4.198      0.313
   195.000      4.198      0.313
   195.500      4.198      0.313
   196.000      4.198      0.313
   196.500      4.195      0.315
   197.000      4.188      0.342
   197.500      4.188      0.342
   198.000      4.188      0.342
   198.500      4.188      0.342
   199.000      4.188      0.342
   199.500      4.188      0.342
