     0.000      1.593      0.486
     0.500      2.966      0.187
     1.000      3.034      0.183
     1.500      3.096      0.153
     2.000      3.137      0.134
     2.500      3.176      0.116
     3.000      3.217      0.095
     3.500      3.247      0.088
     4.000      3.282      0.072
     4.500      3.310      0.067
     5.000      3.336      0.059
     5.500      3.363      0.055
     6.000      3.383      0.052
     6.500      3.405      0.050
     7.000      3.421      0.048
     7.500      3.440      0.048
     8.000      3.453      0.046
     8.500      3.468      0.047
     9.000      3.479      0.046
     9.500      3.491      0.046
    10.000      3.501      0.046
    10.500      3.510      0.046
    11.000      3.519      0.046
    11.500      3.526      0.046
    12.000      3.535      0.046
    12.500      3.541      0.046
    13.000      3.547      0.046
    13.500      3.553      0.046
    14.000      3.559      0.047
    14.500      3.565      0.046
    15.000      3.570      0.046
    15.500      3.575      0.045
    16.000      3.580      0.044
    16.500      3.585      0.044
    17.000      3.589      0.042
    17.500      3.594      0.041
    18.000      3.599      0.040
    18.500      3.604      0.038
    19.000      3.608      0.037
    19.500      3.613      0.035
    20.000      3.618      0.034
    20.500      3.623      0.033
    21.000      3.628      0.031
    21.500      3.633      0.030
    22.000      3.638      0.029
    22.500      3.644      0.029
    23.000      3.649      0.029
    23.500      3.655      0.029
    24.000      3.661      0.029
    24.500      3.667      0.030
    25.000      3.674      0.032
    25.500      3.681      0.033
    26.000      3.689      0.034
    26.500      3.697      0.035
    27.000      3.705      0.037
    27.500      3.713      0.039
    28.000      3.721      0.042
    28.500      3.730      0.044
    29.000      3.739      0.046
    29.500      3.750      0.048
    30.000      3.760      0.050
    30.500      3.772      0.052
    31.000      3.784      0.054
    31.500      3.796      0.056
    32.000      3.809      0.058
    32.500      3.822      0.060
    33.000      3.836      0.062
    33.500      3.850      0.064
    34.000      3.866      0.065
    34.500      3.883      0.066
    35.000      3.903      0.064
    35.500      3.922      0.063
    36.000      3.940      0.065
    36.500      3.959      0.066
    37.000      3.978      0.068
    37.500      3.998      0.072
    38.000      4.019      0.076
    38.500      4.042      0.082
    39.000      4.066      0.088
    39.500      4.092      0.092
    40.000      4.322      0.172
    40.500      4.340      0.169
    41.000      4.357      0.169
    41.500      4.375      0.174
    42.000      4.395      0.180
    42.500      4.410      0.182
    43.000      4.419      0.181
    43.500      4.427      0.177
    44.000      4.434      0.174
    44.500      4.438      0.170
    45.000      4.446      0.169
    45.500      4.454      0.168
    46.000      4.461      0.167
    46.500      4.470      0.166
    47.000      4.481      0.166
    47.500      4.486      0.163
    48.000      4.485      0.158
    48.500      4.485      0.152
    49.000      4.486      0.149
    49.500      4.488      0.146
    50.000      4.491      0.143
    50.500      4.496      0.142
    51.000      4.501      0.143
    51.500      4.504      0.143
    52.000      4.503      0.140
    52.500      4.502      0.137
    53.000      4.499      0.132
    53.500      4.497      0.125
    54.000      4.495      0.118
    54.500      4.492      0.111
    55.000      4.489      0.106
    55.500      4.486      0.100
    56.000      4.482      0.094
    56.500      4.478      0.089
    57.000      4.476      0.085
    57.500      4.474      0.081
    58.000      4.472      0.078
    58.500      4.469      0.074
    59.000      4.466      0.071
    59.500      4.463      0.070
    60.000      4.461      0.068
    60.500      4.459      0.067
    61.000      4.457      0.067
    61.500      4.455      0.066
    62.000      4.452      0.065
    62.500      4.449      0.066
    63.000      4.448      0.066
    63.500      4.446      0.067
    64.000      4.444      0.068
    64.500      4.443      0.068
    65.000      4.441      0.069
    65.500      4.438      0.071
    66.000      4.437      0.072
    66.500      4.436      0.073
    67.000      4.434      0.074
    67.500      4.433      0.075
    68.000      4.432      0.076
    68.500      4.430      0.077
    69.000      4.428      0.078
    69.500      4.428      0.079
    70.000      4.427      0.080
    70.500      4.425      0.080
    71.000      4.424      0.081
    71.500      4.423      0.082
    72.000      4.422      0.083
    72.500      4.422      0.083
    73.000      4.421      0.084
    73.500      4.420      0.084
    74.000      4.419      0.084
    74.500      4.419      0.085
    75.000      4.418      0.085
    75.500      4.418      0.085
    76.000      4.417      0.085
    76.500      4.417      0.086
    77.000      4.416      0.086
    77.500      4.416      0.086
    78.000      4.416      0.086
    78.500      4.415      0.086
    79.000      4.416      0.086
    79.500      4.415      0.086
    80.000      4.415      0.086
    80.500      4.415      0.085
    81.000      4.416      0.085
    81.500      4.415      0.085
    82.000      4.415      0.085
    82.500      4.416      0.085
    83.000      4.416      0.085
    83.500      4.416      0.085
    84.000      4.417      0.084
    84.500      4.417      0.084
    85.000      4.417      0.084
    85.500      4.418      0.085
    86.000      4.418      0.085
    86.500      4.419      0.084
    87.000      4.419      0.084
    87.500      4.420      0.084
    88.000      4.420      0.085
    88.500      4.421      0.085
    89.000      4.422      0.085
    89.500      4.423      0.085
    90.000      4.424      0.085
    90.500      4.424      0.085
    91.000      4.425      0.086
    91.500      4.426      0.087
    92.000      4.427      0.087
    92.500      4.428      0.087
    93.000      4.430      0.087
    93.500      4.430      0.088
    94.000      4.431      0.088
    94.500      4.432      0.089
    95.000      4.433      0.090
    95.500      4.434      0.091
    96.000      4.436      0.091
    96.500      4.437      0.091
    97.000      4.437      0.092
    97.500      4.438      0.093
    98.000      4.440      0.094
    98.500      4.441      0.095
    99.000      4.444      0.096
    99.500      4.444      0.096
   100.000      4.445      0.096
   100.500      4.446      0.097
   101.000      4.447      0.098
   101.500      4.449      0.099
   102.000      4.451      0.101
   102.500      4.452      0.100
   103.000      4.453      0.101
   103.500      4.453      0.101
   104.000      4.455      0.102
   104.500      4.456      0.104
   105.000      4.458      0.105
   105.500      4.460      0.106
   106.000      4.461      0.106
   106.500      4.461      0.106
   107.000      4.462      0.107
   107.500      4.464      0.108
   108.000      4.466      0.109
   108.500      4.468      0.110
   109.000      4.469      0.110
   109.500      4.469      0.111
   110.000      4.470      0.111
   110.500      4.472      0.112
   111.000      4.473      0.114
   111.500      4.475      0.115
   112.000      4.477      0.115
   112.500      4.478      0.116
   113.000      4.478      0.116
   113.500      4.479      0.116
   114.000      4.481      0.118
   114.500      4.483      0.119
   115.000      4.484      0.120
   115.500      4.485      0.120
   116.000      4.486      0.121
   116.500      4.487      0.121
   117.000      4.488      0.122
   117.500      4.490      0.123
   118.000      4.491      0.124
   118.500      4.492      0.125
   119.000      4.494      0.125
   119.500      4.495      0.126
   120.000      4.496      0.127
   120.500      4.497      0.128
   121.000      4.498      0.129
   121.500      4.499      0.130
   122.000      4.500      0.130
   122.500      4.501      0.131
   123.000      4.503      0.132
   123.500      4.503      0.133
   124.000      4.505      0.134
   124.500      4.506      0.135
   125.000      4.506      0.136
   125.500      4.508      0.136
   126.000      4.509      0.137
   126.500      4.510      0.138
   127.000      4.511      0.139
   127.500      4.512      0.140
   128.000      4.512      0.141
   128.500      4.513      0.142
   129.000      4.514      0.143
   129.500      4.516      0.143
   130.000      4.517      0.144
   130.500      4.517      0.146
   131.000      4.518      0.147
   131.500      4.518      0.148
   132.000      4.519      0.148
   132.500      4.520      0.149
   133.000      4.522      0.150
   133.500      4.522      0.151
   134.000      4.523      0.153
   134.500      4.522      0.153
   135.000      4.523      0.154
   135.500      4.524      0.155
   136.000      4.525      0.156
   136.500      4.526      0.157
   137.000      4.527      0.158
   137.500      4.526      0.159
   138.000      4.526      0.160
   138.500      4.527      0.161
   139.000      4.528      0.162
   139.500      4.529      0.163
   140.000      4.530      0.164
   140.500      4.530      0.165
   141.000      4.529      0.165
   141.500      4.529      0.167
   142.000      4.530      0.168
   142.500      4.531      0.169
   143.000      4.531      0.170
   143.500      4.532      0.170
   144.000      4.531      0.170
   144.500      4.530      0.172
   145.000      4.531      0.173
   145.500      4.531      0.174
   146.000      4.532      0.175
   146.500      4.532      0.175
   147.000      4.532      0.175
   147.500      4.532      0.176
   148.000      4.530      0.178
   148.500      4.531      0.179
   149.000      4.531      0.179
   149.500      4.531      0.180
   150.000      4.531      0.180
   150.500      4.531      0.181
   151.000      4.530      0.182
   151.500      4.529      0.183
   152.000      4.529      0.184
   152.500      4.529      0.183
   153.000      4.529      0.184
   153.500      4.529      0.184
   154.000      4.528      0.186
   154.500      4.526      0.187
   155.000      4.526      0.187
   155.500      4.525      0.187
   156.000      4.525      0.186
   156.500      4.525      0.187
   157.000      4.524      0.188
   157.500      4.522      0.190
   158.000      4.521      0.190
   158.500      4.521      0.189
   159.000      4.520      0.189
   159.500      4.519      0.188
   160.000      4.519      0.190
   160.500      4.517      0.191
   161.000      4.515      0.192
   161.500      4.514      0.191
   162.000      4.513      0.190
   162.500      4.512      0.190
   163.000      4.511      0.190
   163.500      4.510      0.192
   164.000      4.508      0.192
   164.500      4.506      0.192
   165.000      4.505      0.191
   165.500      4.503      0.190
   166.000      4.503      0.190
   166.500      4.501      0.191
   167.000      4.499      0.191
   167.500      4.496      0.192
   168.000      4.495      0.192
   168.500      4.492      0.190
   169.000      4.492      0.190
   169.500      4.490      0.190
   170.000      4.488      0.190
   170.500      4.485      0.191
   171.000      4.483      0.192
   171.500      4.480      0.190
   172.000      4.478      0.189
   172.500      4.477      0.190
   173.000      4.475      0.189
   173.500      4.473      0.189
   174.000      4.469      0.192
   174.500      4.466      0.190
   175.000      4.462      0.188
   175.500      4.461      0.189
   176.000      4.461      0.189
   176.500      4.457      0.188
   177.000      4.455      0.190
   177.500      4.450      0.192
   178.000      4.444      0.189
   178.500      4.443      0.189
   179.000      4.443      0.190
   179.500      4.442      0.188
   180.000      4.438      0.190
   180.500      4.432      0.194
   181.000      4.426      0.192
   181.500      4.422      0.192
   182.000      4.421      0.193
   182.500      4.421      0.192
   183.000      4.420      0.192
   183.500      4.415      0.195
   184.000      4.407      0.199
   184.500      4.399      0.198
   185.000      4.398      0.199
   185.500      4.397      0.199
   186.000      4.397      0.199
   186.500      4.394      0.201
   187.000      4.386      0.209
   187.500      4.373      0.210
   188.000      4.371      0.211
   188.500      4.371      0.211
   189.000      4.371      0.211
   189.500      4.371      0.211
   190.000      4.366      0.218
   190.500      4.349      0.227
   191.000      4.342      0.230
   191.500      4.342      0.230
   192.000      4.342      0.230
   192.500      4.342      0.230
   193.000      4.342      0.230
   193.500      4.328      0.246
   194.000      4.310      0.256
   194.500      4.309      0.257
   195.000      4.309      0.257
   195.500      4.309      0.257
   196.000      4.309      0.257
   196.500      4.309      0.257
   197.000      4.275      0.290
   197.500      4.274      0.291
   198.000      4.274      0.291
   198.500      4.274      0.291
   199.000      4.274      0.291
   199.500      4.274      0.291
