     0.000      1.509      0.465
     0.500      3.036      0.187
     1.000      3.094      0.187
     1.500      3.159      0.142
     2.000      3.193      0.132
     2.500      3.242      0.102
     3.000      3.272      0.092
     3.500      3.313      0.069
     4.000      3.339      0.062
     4.500      3.374      0.049
     5.000      3.394      0.046
     5.500      3.423      0.043
     6.000      3.440      0.040
     6.500      3.462      0.042
     7.000      3.478      0.040
     7.500      3.493      0.044
     8.000      3.508      0.044
     8.500      3.520      0.045
     9.000      3.532      0.047
     9.500      3.541      0.046
    10.000      3.551      0.048
    10.500      3.559      0.047
    11.000      3.566      0.048
    11.500      3.573      0.047
    12.000      3.579      0.047
    12.500      3.585      0.047
    13.000      3.591      0.047
    13.500      3.596      0.047
    14.000      3.602      0.046
    14.500      3.607      0.046
    15.000      3.613      0.045
    15.500      3.618      0.045
    16.000      3.623      0.044
    16.500      3.629      0.043
    17.000      3.635      0.042
    17.500      3.641      0.041
    18.000      3.647      0.040
    18.500      3.653      0.038
    19.000      3.660      0.037
    19.500      3.667      0.036
    20.000      3.673      0.035
    20.500      3.680      0.034
    21.000      3.688      0.033
    21.500      3.695      0.033
    22.000      3.703      0.032
    22.500      3.711      0.032
    23.000      3.720      0.032
    23.500      3.728      0.032
    24.000      3.738      0.032
    24.500      3.747      0.033
    25.000      3.757      0.034
    25.500      3.767      0.035
    26.000      3.778      0.037
    26.500      3.789      0.038
    27.000      3.801      0.041
    27.500      3.813      0.043
    28.000      3.825      0.045
    28.500      3.838      0.048
    29.000      3.852      0.051
    29.500      3.866      0.054
    30.000      3.883      0.057
    30.500      3.898      0.060
    31.000      3.914      0.064
    31.500      3.932      0.069
    32.000      3.950      0.072
    32.500      3.969      0.073
    33.000      3.985      0.073
    33.500      4.003      0.074
    34.000      4.018      0.074
    34.500      4.037      0.074
    35.000      4.057      0.071
    35.500      4.079      0.065
    36.000      4.098      0.063
    36.500      4.117      0.066
    37.000      4.136      0.066
    37.500      4.159      0.069
    38.000      4.179      0.064
    38.500      4.352      0.143
    39.000      4.373      0.145
    39.500      4.392      0.147
    40.000      4.414      0.153
    40.500      4.437      0.163
    41.000      4.455      0.167
    41.500      4.470      0.167
    42.000      4.484      0.168
    42.500      4.502      0.170
    43.000      4.516      0.171
    43.500      4.526      0.169
    44.000      4.529      0.164
    44.500      4.536      0.161
    45.000      4.543      0.158
    45.500      4.551      0.154
    46.000      4.558      0.150
    46.500      4.563      0.146
    47.000      4.562      0.141
    47.500      4.561      0.135
    48.000      4.558      0.129
    48.500      4.553      0.120
    49.000      4.547      0.106
    49.500      4.543      0.096
    50.000      4.542      0.093
    50.500      4.540      0.089
    51.000      4.538      0.086
    51.500      4.533      0.081
    52.000      4.528      0.075
    52.500      4.524      0.069
    53.000      4.523      0.066
    53.500      4.521      0.066
    54.000      4.519      0.066
    54.500      4.516      0.066
    55.000      4.511      0.066
    55.500      4.507      0.065
    56.000      4.505      0.065
    56.500      4.503      0.066
    57.000      4.502      0.068
    57.500      4.499      0.070
    58.000      4.494      0.074
    58.500      4.490      0.075
    59.000      4.488      0.076
    59.500      4.487      0.077
    60.000      4.485      0.079
    60.500      4.482      0.081
    61.000      4.479      0.084
    61.500      4.475      0.087
    62.000      4.472      0.088
    62.500      4.471      0.088
    63.000      4.469      0.089
    63.500      4.467      0.090
    64.000      4.464      0.092
    64.500      4.461      0.095
    65.000      4.458      0.096
    65.500      4.456      0.095
    66.000      4.455      0.096
    66.500      4.453      0.096
    67.000      4.450      0.097
    67.500      4.447      0.098
    68.000      4.444      0.098
    68.500      4.443      0.098
    69.000      4.441      0.097
    69.500      4.439      0.097
    70.000      4.438      0.097
    70.500      4.435      0.097
    71.000      4.432      0.096
    71.500      4.430      0.096
    72.000      4.429      0.095
    72.500      4.427      0.094
    73.000      4.426      0.093
    73.500      4.424      0.092
    74.000      4.421      0.091
    74.500      4.419      0.090
    75.000      4.418      0.089
    75.500      4.416      0.088
    76.000      4.415      0.086
    76.500      4.414      0.084
    77.000      4.412      0.083
    77.500      4.409      0.081
    78.000      4.408      0.081
    78.500      4.407      0.080
    79.000      4.405      0.077
    79.500      4.404      0.075
    80.000      4.403      0.073
    80.500      4.401      0.072
    81.000      4.399      0.071
    81.500      4.398      0.070
    82.000      4.397      0.069
    82.500      4.395      0.066
    83.000      4.395      0.064
    83.500      4.394      0.063
    84.000      4.392      0.063
    84.500      4.390      0.062
    85.000      4.389      0.061
    85.500      4.389      0.060
    86.000      4.388      0.058
    86.500      4.387      0.057
    87.000      4.385      0.057
    87.500      4.384      0.057
    88.000      4.383      0.058
    88.500      4.383      0.057
    89.000      4.382      0.057
    89.500      4.381      0.057
    90.000      4.380      0.058
    90.500      4.379      0.058
    91.000      4.378      0.060
    91.500      4.378      0.061
    92.000      4.378      0.062
    92.500      4.377      0.064
    93.000      4.375      0.065
    93.500      4.375      0.065
    94.000      4.374      0.067
    94.500      4.374      0.069
    95.000      4.374      0.071
    95.500      4.373      0.073
    96.000      4.372      0.076
    96.500      4.371      0.077
    97.000      4.371      0.078
    97.500      4.371      0.079
    98.000      4.371      0.083
    98.500      4.370      0.085
    99.000      4.369      0.088
    99.500      4.368      0.090
   100.000      4.367      0.091
   100.500      4.368      0.092
   101.000      4.368      0.095
   101.500      4.367      0.099
   102.000      4.366      0.101
   102.500      4.365      0.103
   103.000      4.365      0.105
   103.500      4.365      0.106
   104.000      4.365      0.108
   104.500      4.366      0.111
   105.000      4.364      0.114
   105.500      4.363      0.116
   106.000      4.362      0.119
   106.500      4.362      0.120
   107.000      4.362      0.122
   107.500      4.364      0.124
   108.000      4.362      0.127
   108.500      4.361      0.130
   109.000      4.361      0.132
   109.500      4.360      0.134
   110.000      4.360      0.136
   110.500      4.361      0.137
   111.000      4.361      0.140
   111.500      4.359      0.143
   112.000      4.359      0.145
   112.500      4.358      0.147
   113.000      4.358      0.149
   113.500      4.358      0.150
   114.000      4.359      0.152
   114.500      4.358      0.155
   115.000      4.357      0.158
   115.500      4.357      0.159
   116.000      4.356      0.161
   116.500      4.356      0.163
   117.000      4.357      0.164
   117.500      4.357      0.167
   118.000      4.356      0.169
   118.500      4.355      0.171
   119.000      4.355      0.172
   119.500      4.354      0.174
   120.000      4.355      0.176
   120.500      4.355      0.178
   121.000      4.355      0.180
   121.500      4.354      0.182
   122.000      4.354      0.183
   122.500      4.353      0.185
   123.000      4.353      0.186
   123.500      4.353      0.188
   124.000      4.353      0.191
   124.500      4.353      0.192
   125.000      4.352      0.194
   125.500      4.352      0.195
   126.000      4.352      0.196
   126.500      4.351      0.197
   127.000      4.351      0.200
   127.500      4.351      0.202
   128.000      4.351      0.203
   128.500      4.351      0.204
   129.000      4.350      0.204
   129.500      4.350      0.206
   130.000      4.350      0.207
   130.500      4.350      0.209
   131.000      4.350      0.211
   131.500      4.349      0.211
   132.000      4.349      0.212
   132.500      4.348      0.213
   133.000      4.348      0.214
   133.500      4.348      0.216
   134.000      4.348      0.217
   134.500      4.348      0.218
   135.000      4.347      0.218
   135.500      4.347      0.219
   136.000      4.347      0.219
   136.500      4.346      0.220
   137.000      4.346      0.222
   137.500      4.347      0.223
   138.000      4.346      0.223
   138.500      4.345      0.223
   139.000      4.345      0.223
   139.500      4.345      0.224
   140.000      4.344      0.225
   140.500      4.345      0.226
   141.000      4.344      0.226
   141.500      4.343      0.226
   142.000      4.343      0.226
   142.500      4.343      0.226
   143.000      4.343      0.226
   143.500      4.343      0.227
   144.000      4.343      0.227
   144.500      4.341      0.226
   145.000      4.341      0.226
   145.500      4.341      0.226
   146.000      4.341      0.226
   146.500      4.341      0.226
   147.000      4.341      0.226
   147.500      4.339      0.225
   148.000      4.339      0.225
   148.500      4.339      0.225
   149.000      4.339      0.224
   149.500      4.339      0.224
   150.000      4.339      0.223
   150.500      4.337      0.222
   151.000      4.336      0.221
   151.500      4.336      0.221
   152.000      4.336      0.220
   152.500      4.336      0.219
   153.000      4.337      0.218
   153.500      4.335      0.217
   154.000      4.333      0.215
   154.500      4.333      0.215
   155.000      4.333      0.214
   155.500      4.333      0.213
   156.000      4.334      0.211
   156.500      4.334      0.210
   157.000      4.330      0.208
   157.500      4.330      0.206
   158.000      4.330      0.205
   158.500      4.329      0.204
   159.000      4.329      0.202
   159.500      4.331      0.201
   160.000      4.329      0.199
   160.500      4.326      0.196
   161.000      4.326      0.195
   161.500      4.325      0.193
   162.000      4.325      0.191
   162.500      4.327      0.189
   163.000      4.326      0.188
   163.500      4.323      0.186
   164.000      4.321      0.183
   164.500      4.321      0.181
   165.000      4.321      0.178
   165.500      4.322      0.176
   166.000      4.322      0.175
   166.500      4.322      0.174
   167.000      4.317      0.171
   167.500      4.317      0.168
   168.000      4.316      0.165
   168.500      4.316      0.161
   169.000      4.317      0.162
   169.500      4.316      0.161
   170.000      4.316      0.160
   170.500      4.311      0.156
   171.000      4.311      0.153
   171.500      4.311      0.149
   172.000      4.312      0.149
   172.500      4.310      0.149
   173.000      4.311      0.149
   173.500      4.307      0.148
   174.000      4.305      0.146
   174.500      4.304      0.143
   175.000      4.306      0.141
   175.500      4.304      0.142
   176.000      4.304      0.142
   176.500      4.306      0.143
   177.000      4.298      0.145
   177.500      4.297      0.144
   178.000      4.299      0.143
   178.500      4.297      0.145
   179.000      4.297      0.145
   179.500      4.297      0.145
   180.000      4.298      0.150
   180.500      4.291      0.156
   181.000      4.290      0.158
   181.500      4.290      0.161
   182.000      4.290      0.161
   182.500      4.290      0.161
   183.000      4.291      0.162
   183.500      4.282      0.177
   184.000      4.280      0.186
   184.500      4.283      0.191
   185.000      4.281      0.192
   185.500      4.281      0.192
   186.000      4.281      0.192
   186.500      4.284      0.195
   187.000      4.273      0.220
   187.500      4.274      0.234
   188.000      4.272      0.236
   188.500      4.272      0.236
   189.000      4.272      0.236
   189.500      4.272      0.236
   190.000      4.273      0.250
   190.500      4.262      0.286
   191.000      4.262      0.290
   191.500      4.262      0.290
   192.000      4.262      0.290
   192.500      4.262      0.290
   193.000      4.262      0.290
   193.500      4.252      0.330
   194.000      4.251      0.355
   194.500      4.251      0.355
   195.000      4.251      0.355
   195.500      4.251      0.355
   196.000      4.251      0.355
   196.500      4.251      0.355
   197.000      4.240      0.428
   197.500      4.240      0.428
   198.000      4.240      0.428
   198.500      4.240      0.428
   199.000      4.240      0.428
   199.500      4.240      0.428
