     0.000      1.374      0.544
     0.500      3.021      0.199
     1.000      3.017      0.223
     1.500      3.020      0.223
     2.000      3.057      0.205
     2.500      3.113      0.152
     3.000      3.121      0.147
     3.500      3.149      0.129
     4.000      3.183      0.100
     4.500      3.199      0.086
     5.000      3.221      0.073
     5.500      3.239      0.059
     6.000      3.254      0.050
     6.500      3.273      0.041
     7.000      3.283      0.038
     7.500      3.293      0.040
     8.000      3.305      0.043
     8.500      3.314      0.046
     9.000      3.319      0.052
     9.500      3.325      0.057
    10.000      3.330      0.062
    10.500      3.333      0.066
    11.000      3.336      0.069
    11.500      3.336      0.073
    12.000      3.337      0.076
    12.500      3.337      0.077
    13.000      3.335      0.079
    13.500      3.334      0.080
    14.000      3.331      0.081
    14.500      3.328      0.081
    15.000      3.325      0.080
    15.500      3.322      0.079
    16.000      3.318      0.078
    16.500      3.314      0.076
    17.000      3.310      0.075
    17.500      3.306      0.073
    18.000      3.301      0.070
    18.500      3.298      0.069
    19.000      3.295      0.066
    19.500      3.291      0.063
    20.000      3.288      0.060
    20.500      3.286      0.058
    21.000      3.284      0.055
    21.500      3.283      0.052
    22.000      3.282      0.049
    22.500      3.282      0.047
    23.000      3.282      0.045
    23.500      3.282      0.042
    24.000      3.284      0.040
    24.500      3.286      0.038
    25.000      3.288      0.037
    25.500      3.291      0.035
    26.000      3.295      0.034
    26.500      3.299      0.033
    27.000      3.303      0.033
    27.500      3.309      0.033
    28.000      3.314      0.033
    28.500      3.320      0.033
    29.000      3.326      0.034
    29.500      3.333      0.034
    30.000      3.340      0.034
    30.500      3.348      0.036
    31.000      3.355      0.036
    31.500      3.363      0.037
    32.000      3.372      0.039
    32.500      3.380      0.039
    33.000      3.389      0.040
    33.500      3.399      0.042
    34.000      3.408      0.042
    34.500      3.417      0.043
    35.000      3.428      0.044
    35.500      3.438      0.044
    36.000      3.448      0.045
    36.500      3.459      0.046
    37.000      3.469      0.046
    37.500      3.480      0.047
    38.000      3.491      0.048
    38.500      3.502      0.048
    39.000      3.513      0.048
    39.500      3.524      0.048
    40.000      3.534      0.049
    40.500      3.546      0.049
    41.000      3.557      0.049
    41.500      3.567      0.049
    42.000      3.579      0.050
    42.500      3.590      0.050
    43.000      3.600      0.051
    43.500      3.611      0.052
    44.000      3.622      0.053
    44.500      3.632      0.054
    45.000      3.643      0.056
    45.500      3.653      0.059
    46.000      3.663      0.061
    46.500      3.673      0.064
    47.000      3.682      0.068
    47.500      3.691      0.072
    48.000      3.700      0.076
    48.500      3.710      0.081
    49.000      3.719      0.085
    49.500      3.726      0.091
    50.000      3.735      0.097
    50.500      3.743      0.104
    51.000      3.750      0.111
    51.500      3.757      0.119
    52.000      3.765      0.127
    52.500      3.771      0.134
    53.000      3.777      0.142
    53.500      3.782      0.151
    54.000      3.787      0.159
    54.500      3.791      0.169
    55.000      3.796      0.179
    55.500      3.801      0.189
    56.000      3.807      0.200
    56.500      3.814      0.210
    57.000      3.822      0.220
    57.500      3.833      0.227
    58.000      3.846      0.234
    58.500      3.856      0.242
    59.000      3.869      0.248
    59.500      3.882      0.256
    60.000      3.899      0.261
    60.500      3.921      0.266
    61.000      3.938      0.276
    61.500      3.956      0.287
    62.000      3.975      0.296
    62.500      4.320      0.281
    63.000      4.322      0.286
    63.500      4.334      0.286
    64.000      4.346      0.285
    64.500      4.354      0.282
    65.000      4.359      0.280
    65.500      4.368      0.277
    66.000      4.378      0.272
    66.500      4.385      0.262
    67.000      4.391      0.258
    67.500      4.395      0.253
    68.000      4.399      0.249
    68.500      4.399      0.245
    69.000      4.403      0.242
    69.500      4.407      0.238
    70.000      4.411      0.232
    70.500      4.413      0.226
    71.000      4.415      0.221
    71.500      4.415      0.216
    72.000      4.412      0.213
    72.500      4.410      0.210
    73.000      4.410      0.208
    73.500      4.411      0.206
    74.000      4.411      0.205
    74.500      4.410      0.204
    75.000      4.408      0.204
    75.500      4.404      0.205
    76.000      4.404      0.207
    76.500      4.406      0.210
    77.000      4.406      0.212
    77.500      4.406      0.214
    78.000      4.404      0.217
    78.500      4.401      0.219
    79.000      4.396      0.221
    79.500      4.391      0.222
    80.000      4.388      0.224
    80.500      4.385      0.225
    81.000      4.382      0.227
    81.500      4.380      0.229
    82.000      4.375      0.233
    82.500      4.371      0.235
    83.000      4.367      0.237
    83.500      4.364      0.239
    84.000      4.361      0.241
    84.500      4.359      0.242
    85.000      4.356      0.244
    85.500      4.352      0.247
    86.000      4.348      0.249
    86.500      4.344      0.250
    87.000      4.342      0.252
    87.500      4.339      0.252
    88.000      4.337      0.253
    88.500      4.334      0.254
    89.000      4.331      0.256
    89.500      4.327      0.256
    90.000      4.324      0.257
    90.500      4.322      0.257
    91.000      4.319      0.257
    91.500      4.317      0.257
    92.000      4.314      0.257
    92.500      4.312      0.257
    93.000      4.309      0.257
    93.500      4.306      0.256
    94.000      4.304      0.255
    94.500      4.302      0.254
    95.000      4.299      0.253
    95.500      4.297      0.252
    96.000      4.295      0.251
    96.500      4.293      0.250
    97.000      4.290      0.248
    97.500      4.288      0.247
    98.000      4.286      0.245
    98.500      4.284      0.243
    99.000      4.282      0.242
    99.500      4.281      0.240
   100.000      4.279      0.239
   100.500      4.277      0.236
   101.000      4.275      0.234
   101.500      4.273      0.232
   102.000      4.271      0.230
   102.500      4.270      0.228
   103.000      4.269      0.226
   103.500      4.268      0.224
   104.000      4.265      0.221
   104.500      4.264      0.219
   105.000      4.262      0.217
   105.500      4.261      0.215
   106.000      4.260      0.212
   106.500      4.259      0.211
   107.000      4.258      0.209
   107.500      4.257      0.207
   108.000      4.255      0.205
   108.500      4.254      0.203
   109.000      4.253      0.200
   109.500      4.253      0.198
   110.000      4.252      0.197
   110.500      4.252      0.195
   111.000      4.250      0.193
   111.500      4.249      0.191
   112.000      4.249      0.190
   112.500      4.248      0.188
   113.000      4.247      0.186
   113.500      4.247      0.185
   114.000      4.247      0.184
   114.500      4.246      0.183
   115.000      4.245      0.181
   115.500      4.244      0.180
   116.000      4.244      0.178
   116.500      4.243      0.177
   117.000      4.244      0.176
   117.500      4.243      0.175
   118.000      4.243      0.175
   118.500      4.242      0.174
   119.000      4.241      0.174
   119.500      4.241      0.172
   120.000      4.241      0.171
   120.500      4.241      0.171
   121.000      4.241      0.171
   121.500      4.240      0.171
   122.000      4.240      0.171
   122.500      4.239      0.170
   123.000      4.239      0.169
   123.500      4.239      0.169
   124.000      4.240      0.169
   124.500      4.239      0.169
   125.000      4.239      0.170
   125.500      4.238      0.170
   126.000      4.238      0.170
   126.500      4.238      0.170
   127.000      4.238      0.170
   127.500      4.239      0.170
   128.000      4.238      0.170
   128.500      4.238      0.172
   129.000      4.237      0.172
   129.500      4.237      0.172
   130.000      4.237      0.173
   130.500      4.238      0.173
   131.000      4.238      0.173
   131.500      4.238      0.174
   132.000      4.238      0.175
   132.500      4.237      0.176
   133.000      4.237      0.177
   133.500      4.237      0.178
   134.000      4.238      0.178
   134.500      4.238      0.179
   135.000      4.238      0.180
   135.500      4.238      0.181
   136.000      4.237      0.182
   136.500      4.237      0.183
   137.000      4.238      0.184
   137.500      4.238      0.185
   138.000      4.238      0.185
   138.500      4.238      0.186
   139.000      4.238      0.188
   139.500      4.238      0.189
   140.000      4.238      0.190
   140.500      4.238      0.191
   141.000      4.238      0.191
   141.500      4.239      0.192
   142.000      4.238      0.194
   142.500      4.238      0.195
   143.000      4.238      0.196
   143.500      4.238      0.197
   144.000      4.239      0.198
   144.500      4.239      0.198
   145.000      4.239      0.200
   145.500      4.238      0.201
   146.000      4.238      0.202
   146.500      4.239      0.203
   147.000      4.239      0.203
   147.500      4.239      0.204
   148.000      4.239      0.205
   148.500      4.239      0.206
   149.000      4.238      0.207
   149.500      4.239      0.208
   150.000      4.239      0.208
   150.500      4.239      0.209
   151.000      4.239      0.209
   151.500      4.239      0.210
   152.000      4.239      0.212
   152.500      4.238      0.213
   153.000      4.238      0.213
   153.500      4.238      0.213
   154.000      4.238      0.213
   154.500      4.239      0.213
   155.000      4.239      0.214
   155.500      4.238      0.215
   156.000      4.237      0.216
   156.500      4.237      0.216
   157.000      4.237      0.215
   157.500      4.238      0.215
   158.000      4.238      0.215
   158.500      4.238      0.216
   159.000      4.237      0.217
   159.500      4.236      0.217
   160.000      4.235      0.217
   160.500      4.235      0.217
   161.000      4.237      0.216
   161.500      4.237      0.216
   162.000      4.236      0.216
   162.500      4.235      0.217
   163.000      4.233      0.217
   163.500      4.232      0.217
   164.000      4.233      0.216
   164.500      4.235      0.215
   165.000      4.235      0.215
   165.500      4.233      0.215
   166.000      4.231      0.215
   166.500      4.230      0.215
   167.000      4.229      0.215
   167.500      4.230      0.215
   168.000      4.232      0.213
   168.500      4.232      0.212
   169.000      4.229      0.212
   169.500      4.227      0.212
   170.000      4.226      0.212
   170.500      4.226      0.212
   171.000      4.225      0.212
   171.500      4.227      0.210
   172.000      4.227      0.210
   172.500      4.224      0.209
   173.000      4.222      0.209
   173.500      4.220      0.209
   174.000      4.220      0.210
   174.500      4.219      0.210
   175.000      4.221      0.209
   175.500      4.221      0.209
   176.000      4.217      0.208
   176.500      4.215      0.208
   177.000      4.214      0.208
   177.500      4.214      0.209
   178.000      4.213      0.210
   178.500      4.213      0.212
   179.000      4.215      0.212
   179.500      4.209      0.211
   180.000      4.207      0.213
   180.500      4.206      0.213
   181.000      4.205      0.213
   181.500      4.204      0.217
   182.000      4.204      0.219
   182.500      4.206      0.221
   183.000      4.200      0.223
   183.500      4.197      0.226
   184.000      4.196      0.227
   184.500      4.194      0.228
   185.000      4.195      0.231
   185.500      4.193      0.234
   186.000      4.196      0.240
   186.500      4.188      0.246
   187.000      4.186      0.251
   187.500      4.183      0.251
   188.000      4.183      0.255
   188.500      4.183      0.255
   189.000      4.182      0.259
   189.500      4.185      0.270
   190.000      4.174      0.285
   190.500      4.171      0.288
   191.000      4.170      0.293
   191.500      4.170      0.293
   192.000      4.170      0.293
   192.500      4.170      0.294
   193.000      4.171      0.313
   193.500      4.158      0.337
   194.000      4.155      0.343
   194.500      4.155      0.343
   195.000      4.155      0.343
   195.500      4.155      0.343
   196.000      4.155      0.343
   196.500      4.156      0.369
   197.000      4.138      0.407
   197.500      4.138      0.407
   198.000      4.138      0.407
   198.500      4.138      0.407
   199.000      4.138      0.407
