     0.000      1.381      0.467
     0.500      3.215      0.200
     1.000      3.267      0.214
     1.500      3.271      0.208
     2.000      3.309      0.166
     2.500      3.317      0.142
     3.000      3.326      0.130
     3.500      3.344      0.113
     4.000      3.358      0.086
     4.500      3.364      0.074
     5.000      3.371      0.070
     5.500      3.384      0.050
     6.000      3.389      0.045
     6.500      3.392      0.046
     7.000      3.398      0.042
     7.500      3.403      0.045
     8.000      3.403      0.048
     8.500      3.404      0.050
     9.000      3.408      0.055
     9.500      3.406      0.059
    10.000      3.404      0.061
    10.500      3.404      0.063
    11.000      3.402      0.066
    11.500      3.397      0.067
    12.000      3.395      0.067
    12.500      3.391      0.067
    13.000      3.385      0.068
    13.500      3.382      0.068
    14.000      3.377      0.065
    14.500      3.371      0.065
    15.000      3.366      0.065
    15.500      3.360      0.061
    16.000      3.354      0.059
    16.500      3.349      0.059
    17.000      3.343      0.055
    17.500      3.336      0.052
    18.000      3.331      0.051
    18.500      3.326      0.048
    19.000      3.320      0.046
    19.500      3.314      0.043
    20.000      3.310      0.041
    20.500      3.306      0.039
    21.000      3.301      0.037
    21.500      3.297      0.035
    22.000      3.294      0.033
    22.500      3.290      0.031
    23.000      3.287      0.030
    23.500      3.285      0.028
    24.000      3.283      0.027
    24.500      3.281      0.026
    25.000      3.280      0.024
    25.500      3.280      0.023
    26.000      3.279      0.023
    26.500      3.279      0.022
    27.000      3.279      0.022
    27.500      3.280      0.022
    28.000      3.280      0.021
    28.500      3.282      0.022
    29.000      3.283      0.022
    29.500      3.285      0.023
    30.000      3.288      0.024
    30.500      3.290      0.025
    31.000      3.293      0.027
    31.500      3.296      0.028
    32.000      3.299      0.030
    32.500      3.304      0.031
    33.000      3.308      0.033
    33.500      3.312      0.035
    34.000      3.317      0.037
    34.500      3.322      0.039
    35.000      3.326      0.040
    35.500      3.332      0.042
    36.000      3.338      0.044
    36.500      3.343      0.045
    37.000      3.350      0.047
    37.500      3.356      0.048
    38.000      3.363      0.049
    38.500      3.370      0.051
    39.000      3.377      0.053
    39.500      3.384      0.053
    40.000      3.392      0.055
    40.500      3.399      0.056
    41.000      3.407      0.056
    41.500      3.415      0.058
    42.000      3.424      0.059
    42.500      3.432      0.059
    43.000      3.441      0.060
    43.500      3.449      0.061
    44.000      3.458      0.061
    44.500      3.467      0.062
    45.000      3.476      0.063
    45.500      3.486      0.064
    46.000      3.495      0.065
    46.500      3.505      0.066
    47.000      3.515      0.068
    47.500      3.525      0.070
    48.000      3.534      0.072
    48.500      3.544      0.075
    49.000      3.555      0.078
    49.500      3.565      0.082
    50.000      3.575      0.086
    50.500      3.588      0.089
    51.000      3.599      0.092
    51.500      3.610      0.095
    52.000      3.621      0.100
    52.500      3.632      0.107
    53.000      3.641      0.114
    53.500      3.654      0.121
    54.000      3.666      0.129
    54.500      3.677      0.135
    55.000      3.688      0.142
    55.500      3.697      0.151
    56.000      3.707      0.161
    56.500      3.717      0.169
    57.000      3.729      0.180
    57.500      3.741      0.191
    58.000      3.753      0.199
    58.500      3.768      0.209
    59.000      3.783      0.217
    59.500      3.798      0.223
    60.000      3.814      0.230
    60.500      3.833      0.238
    61.000      3.857      0.242
    61.500      3.888      0.236
    62.000      3.923      0.227
    62.500      4.197      0.271
    63.000      4.217      0.274
    63.500      4.230      0.272
    64.000      4.241      0.267
    64.500      4.258      0.260
    65.000      4.273      0.252
    65.500      4.292      0.249
    66.000      4.305      0.246
    66.500      4.317      0.245
    67.000      4.327      0.241
    67.500      4.334      0.235
    68.000      4.340      0.226
    68.500      4.342      0.214
    69.000      4.343      0.203
    69.500      4.342      0.196
    70.000      4.340      0.189
    70.500      4.339      0.184
    71.000      4.340      0.179
    71.500      4.340      0.176
    72.000      4.341      0.170
    72.500      4.340      0.165
    73.000      4.337      0.161
    73.500      4.335      0.158
    74.000      4.333      0.157
    74.500      4.332      0.156
    75.000      4.331      0.155
    75.500      4.330      0.155
    76.000      4.329      0.154
    76.500      4.328      0.154
    77.000      4.326      0.155
    77.500      4.324      0.156
    78.000      4.322      0.157
    78.500      4.322      0.159
    79.000      4.321      0.162
    79.500      4.320      0.163
    80.000      4.319      0.165
    80.500      4.317      0.167
    81.000      4.316      0.168
    81.500      4.314      0.170
    82.000      4.314      0.172
    82.500      4.312      0.175
    83.000      4.312      0.177
    83.500      4.311      0.178
    84.000      4.309      0.180
    84.500      4.308      0.181
    85.000      4.307      0.182
    85.500      4.306      0.184
    86.000      4.305      0.185
    86.500      4.304      0.187
    87.000      4.303      0.188
    87.500      4.303      0.188
    88.000      4.302      0.188
    88.500      4.301      0.189
    89.000      4.300      0.190
    89.500      4.299      0.190
    90.000      4.298      0.191
    90.500      4.297      0.191
    91.000      4.297      0.190
    91.500      4.297      0.190
    92.000      4.296      0.189
    92.500      4.295      0.190
    93.000      4.294      0.189
    93.500      4.293      0.189
    94.000      4.293      0.188
    94.500      4.293      0.187
    95.000      4.293      0.186
    95.500      4.292      0.185
    96.000      4.291      0.184
    96.500      4.290      0.183
    97.000      4.290      0.182
    97.500      4.290      0.180
    98.000      4.290      0.179
    98.500      4.290      0.178
    99.000      4.290      0.177
    99.500      4.289      0.175
   100.000      4.289      0.173
   100.500      4.289      0.172
   101.000      4.289      0.170
   101.500      4.290      0.169
   102.000      4.290      0.167
   102.500      4.290      0.166
   103.000      4.289      0.165
   103.500      4.290      0.162
   104.000      4.290      0.161
   104.500      4.291      0.159
   105.000      4.291      0.157
   105.500      4.291      0.156
   106.000      4.291      0.155
   106.500      4.292      0.153
   107.000      4.293      0.151
   107.500      4.294      0.150
   108.000      4.294      0.148
   108.500      4.294      0.146
   109.000      4.294      0.146
   109.500      4.295      0.145
   110.000      4.296      0.144
   110.500      4.297      0.142
   111.000      4.299      0.140
   111.500      4.299      0.139
   112.000      4.299      0.138
   112.500      4.300      0.138
   113.000      4.301      0.137
   113.500      4.302      0.136
   114.000      4.303      0.135
   114.500      4.305      0.134
   115.000      4.306      0.133
   115.500      4.306      0.133
   116.000      4.307      0.133
   116.500      4.308      0.132
   117.000      4.310      0.131
   117.500      4.311      0.131
   118.000      4.312      0.131
   118.500      4.314      0.131
   119.000      4.314      0.131
   119.500      4.315      0.131
   120.000      4.317      0.130
   120.500      4.318      0.130
   121.000      4.319      0.130
   121.500      4.321      0.131
   122.000      4.322      0.132
   122.500      4.323      0.132
   123.000      4.324      0.132
   123.500      4.325      0.132
   124.000      4.327      0.132
   124.500      4.328      0.133
   125.000      4.330      0.135
   125.500      4.331      0.136
   126.000      4.333      0.136
   126.500      4.334      0.136
   127.000      4.335      0.136
   127.500      4.337      0.138
   128.000      4.338      0.139
   128.500      4.339      0.141
   129.000      4.340      0.143
   129.500      4.343      0.143
   130.000      4.344      0.143
   130.500      4.345      0.144
   131.000      4.347      0.146
   131.500      4.349      0.148
   132.000      4.349      0.151
   132.500      4.350      0.152
   133.000      4.352      0.152
   133.500      4.354      0.153
   134.000      4.355      0.155
   134.500      4.357      0.157
   135.000      4.359      0.160
   135.500      4.360      0.162
   136.000      4.360      0.163
   136.500      4.362      0.163
   137.000      4.364      0.165
   137.500      4.366      0.167
   138.000      4.367      0.170
   138.500      4.369      0.173
   139.000      4.370      0.175
   139.500      4.371      0.175
   140.000      4.372      0.175
   140.500      4.374      0.177
   141.000      4.376      0.180
   141.500      4.377      0.183
   142.000      4.378      0.186
   142.500      4.379      0.187
   143.000      4.380      0.188
   143.500      4.381      0.188
   144.000      4.383      0.190
   144.500      4.386      0.193
   145.000      4.386      0.196
   145.500      4.387      0.199
   146.000      4.388      0.200
   146.500      4.389      0.200
   147.000      4.390      0.201
   147.500      4.392      0.203
   148.000      4.394      0.205
   148.500      4.395      0.208
   149.000      4.395      0.211
   149.500      4.396      0.212
   150.000      4.398      0.213
   150.500      4.398      0.214
   151.000      4.399      0.215
   151.500      4.401      0.217
   152.000      4.401      0.219
   152.500      4.401      0.222
   153.000      4.403      0.223
   153.500      4.405      0.224
   154.000      4.406      0.224
   154.500      4.406      0.225
   155.000      4.407      0.226
   155.500      4.407      0.229
   156.000      4.407      0.231
   156.500      4.408      0.232
   157.000      4.410      0.233
   157.500      4.411      0.233
   158.000      4.411      0.233
   158.500      4.411      0.234
   159.000      4.411      0.236
   159.500      4.411      0.237
   160.000      4.412      0.239
   160.500      4.414      0.240
   161.000      4.415      0.239
   161.500      4.414      0.239
   162.000      4.414      0.240
   162.500      4.414      0.242
   163.000      4.414      0.242
   163.500      4.414      0.244
   164.000      4.416      0.244
   164.500      4.417      0.243
   165.000      4.416      0.243
   165.500      4.415      0.244
   166.000      4.414      0.245
   166.500      4.414      0.245
   167.000      4.415      0.246
   167.500      4.416      0.245
   168.000      4.416      0.244
   168.500      4.415      0.245
   169.000      4.413      0.246
   169.500      4.412      0.246
   170.000      4.413      0.246
   170.500      4.413      0.245
   171.000      4.413      0.243
   171.500      4.413      0.243
   172.000      4.412      0.244
   172.500      4.409      0.246
   173.000      4.408      0.245
   173.500      4.410      0.245
   174.000      4.410      0.242
   174.500      4.408      0.241
   175.000      4.408      0.242
   175.500      4.406      0.243
   176.000      4.402      0.244
   176.500      4.401      0.243
   177.000      4.403      0.242
   177.500      4.404      0.239
   178.000      4.400      0.238
   178.500      4.399      0.240
   179.000      4.397      0.242
   179.500      4.392      0.243
   180.000      4.392      0.242
   180.500      4.394      0.239
   181.000      4.394      0.238
   181.500      4.390      0.238
   182.000      4.388      0.240
   182.500      4.385      0.243
   183.000      4.378      0.244
   183.500      4.379      0.243
   184.000      4.380      0.242
   184.500      4.381      0.242
   185.000      4.380      0.242
   185.500      4.373      0.244
   186.000      4.369      0.249
   186.500      4.361      0.250
   187.000      4.363      0.251
   187.500      4.364      0.252
   188.000      4.364      0.252
   188.500      4.364      0.252
   189.000      4.356      0.255
   189.500      4.350      0.263
   190.000      4.340      0.268
   190.500      4.343      0.274
   191.000      4.343      0.274
   191.500      4.343      0.274
   192.000      4.343      0.274
   192.500      4.342      0.274
   193.000      4.327      0.289
   193.500      4.317      0.303
   194.000      4.318      0.308
   194.500      4.318      0.308
   195.000      4.318      0.308
   195.500      4.318      0.308
   196.000      4.318      0.308
   196.500      4.300      0.328
   197.000      4.289      0.357
   197.500      4.289      0.357
   198.000      4.289      0.357
   198.500      4.289      0.357
   199.000      4.289      0.357
   199.500      4.289      0.357
