     0.000      1.100      0.461
     0.500      3.311      0.114
     1.000      3.321      0.117
     1.500      3.352      0.090
     2.000      3.361      0.090
     2.500      3.378      0.077
     3.000      3.393      0.066
     3.500      3.404      0.063
     4.000      3.416      0.053
     4.500      3.428      0.047
     5.000      3.440      0.041
     5.500      3.447      0.037
     6.000      3.459      0.032
     6.500      3.465      0.030
     7.000      3.473      0.026
     7.500      3.481      0.025
     8.000      3.486      0.024
     8.500      3.493      0.024
     9.000      3.498      0.024
     9.500      3.502      0.024
    10.000      3.507      0.024
    10.500      3.511      0.024
    11.000      3.514      0.025
    11.500      3.517      0.025
    12.000      3.520      0.025
    12.500      3.523      0.026
    13.000      3.525      0.026
    13.500      3.527      0.026
    14.000      3.529      0.026
    14.500      3.531      0.027
    15.000      3.533      0.027
    15.500      3.535      0.027
    16.000      3.536      0.027
    16.500      3.538      0.027
    17.000      3.540      0.027
    17.500      3.542      0.027
    18.000      3.544      0.027
    18.500      3.545      0.027
    19.000      3.548      0.027
    19.500      3.550      0.027
    20.000      3.551      0.027
    20.500      3.554      0.027
    21.000      3.556      0.027
    21.500      3.558      0.026
    22.000      3.561      0.026
    22.500      3.563      0.026
    23.000      3.566      0.026
    23.500      3.569      0.025
    24.000      3.571      0.025
    24.500      3.574      0.025
    25.000      3.578      0.025
    25.500      3.580      0.025
    26.000      3.584      0.025
    26.500      3.587      0.025
    27.000      3.591      0.025
    27.500      3.595      0.025
    28.000      3.598      0.025
    28.500      3.602      0.025
    29.000      3.607      0.026
    29.500      3.611      0.026
    30.000      3.615      0.026
    30.500      3.620      0.027
    31.000      3.624      0.027
    31.500      3.629      0.028
    32.000      3.634      0.029
    32.500      3.639      0.030
    33.000      3.644      0.031
    33.500      3.650      0.032
    34.000      3.655      0.033
    34.500      3.661      0.034
    35.000      3.667      0.036
    35.500      3.673      0.037
    36.000      3.680      0.039
    36.500      3.687      0.041
    37.000      3.693      0.042
    37.500      3.700      0.044
    38.000      3.708      0.046
    38.500      3.715      0.048
    39.000      3.723      0.051
    39.500      3.731      0.054
    40.000      3.739      0.057
    40.500      3.747      0.060
    41.000      3.755      0.064
    41.500      3.764      0.066
    42.000      3.775      0.071
    42.500      3.784      0.074
    43.000      3.793      0.077
    43.500      3.802      0.080
    44.000      3.812      0.081
    44.500      3.822      0.083
    45.000      3.838      0.086
    45.500      3.851      0.087
    46.000      3.867      0.090
    46.500      3.885      0.093
    47.000      3.903      0.095
    47.500      3.924      0.096
    48.000      3.943      0.101
    48.500      3.957      0.105
    49.000      4.233      0.223
    49.500      4.240      0.218
    50.000      4.253      0.215
    50.500      4.265      0.213
    51.000      4.278      0.209
    51.500      4.293      0.207
    52.000      4.300      0.204
    52.500      4.305      0.198
    53.000      4.313      0.193
    53.500      4.321      0.188
    54.000      4.333      0.188
    54.500      4.352      0.192
    55.000      4.366      0.194
    55.500      4.376      0.195
    56.000      4.381      0.193
    56.500      4.383      0.187
    57.000      4.386      0.183
    57.500      4.385      0.176
    58.000      4.385      0.170
    58.500      4.384      0.165
    59.000      4.382      0.162
    59.500      4.381      0.157
    60.000      4.379      0.153
    60.500      4.379      0.147
    61.000      4.379      0.143
    61.500      4.379      0.141
    62.000      4.378      0.139
    62.500      4.377      0.137
    63.000      4.376      0.134
    63.500      4.375      0.131
    64.000      4.375      0.129
    64.500      4.374      0.128
    65.000      4.373      0.127
    65.500      4.372      0.127
    66.000      4.371      0.125
    66.500      4.370      0.125
    67.000      4.370      0.124
    67.500      4.370      0.123
    68.000      4.369      0.123
    68.500      4.368      0.123
    69.000      4.367      0.123
    69.500      4.366      0.123
    70.000      4.366      0.122
    70.500      4.366      0.121
    71.000      4.365      0.122
    71.500      4.364      0.122
    72.000      4.363      0.122
    72.500      4.362      0.121
    73.000      4.362      0.121
    73.500      4.362      0.120
    74.000      4.361      0.120
    74.500      4.360      0.120
    75.000      4.359      0.120
    75.500      4.359      0.119
    76.000      4.358      0.118
    76.500      4.358      0.118
    77.000      4.357      0.117
    77.500      4.356      0.116
    78.000      4.355      0.116
    78.500      4.355      0.115
    79.000      4.355      0.114
    79.500      4.354      0.114
    80.000      4.354      0.112
    80.500      4.353      0.111
    81.000      4.351      0.110
    81.500      4.351      0.109
    82.000      4.351      0.109
    82.500      4.351      0.108
    83.000      4.350      0.107
    83.500      4.349      0.105
    84.000      4.348      0.104
    84.500      4.348      0.103
    85.000      4.348      0.103
    85.500      4.347      0.102
    86.000      4.347      0.101
    86.500      4.346      0.099
    87.000      4.345      0.098
    87.500      4.345      0.097
    88.000      4.345      0.098
    88.500      4.344      0.097
    89.000      4.343      0.096
    89.500      4.343      0.094
    90.000      4.342      0.093
    90.500      4.342      0.093
    91.000      4.342      0.094
    91.500      4.341      0.094
    92.000      4.340      0.093
    92.500      4.340      0.092
    93.000      4.339      0.092
    93.500      4.339      0.092
    94.000      4.339      0.093
    94.500      4.339      0.093
    95.000      4.338      0.093
    95.500      4.337      0.093
    96.000      4.337      0.093
    96.500      4.337      0.094
    97.000      4.337      0.094
    97.500      4.336      0.095
    98.000      4.335      0.096
    98.500      4.335      0.096
    99.000      4.335      0.097
    99.500      4.334      0.098
   100.000      4.334      0.099
   100.500      4.334      0.100
   101.000      4.333      0.101
   101.500      4.333      0.102
   102.000      4.332      0.103
   102.500      4.332      0.104
   103.000      4.332      0.105
   103.500      4.332      0.106
   104.000      4.331      0.107
   104.500      4.331      0.108
   105.000      4.330      0.109
   105.500      4.330      0.111
   106.000      4.330      0.111
   106.500      4.330      0.112
   107.000      4.329      0.113
   107.500      4.329      0.114
   108.000      4.329      0.116
   108.500      4.328      0.117
   109.000      4.328      0.118
   109.500      4.328      0.118
   110.000      4.328      0.119
   110.500      4.327      0.121
   111.000      4.327      0.122
   111.500      4.326      0.124
   112.000      4.327      0.124
   112.500      4.327      0.125
   113.000      4.326      0.125
   113.500      4.326      0.127
   114.000      4.325      0.128
   114.500      4.325      0.130
   115.000      4.325      0.131
   115.500      4.325      0.131
   116.000      4.325      0.132
   116.500      4.325      0.133
   117.000      4.324      0.134
   117.500      4.324      0.136
   118.000      4.324      0.137
   118.500      4.324      0.137
   119.000      4.324      0.138
   119.500      4.323      0.139
   120.000      4.323      0.140
   120.500      4.323      0.141
   121.000      4.324      0.143
   121.500      4.323      0.144
   122.000      4.323      0.144
   122.500      4.322      0.145
   123.000      4.322      0.146
   123.500      4.323      0.147
   124.000      4.323      0.149
   124.500      4.323      0.150
   125.000      4.322      0.151
   125.500      4.321      0.151
   126.000      4.322      0.152
   126.500      4.322      0.153
   127.000      4.322      0.155
   127.500      4.322      0.157
   128.000      4.321      0.157
   128.500      4.320      0.157
   129.000      4.321      0.158
   129.500      4.321      0.160
   130.000      4.321      0.162
   130.500      4.321      0.164
   131.000      4.321      0.164
   131.500      4.320      0.164
   132.000      4.320      0.165
   132.500      4.321      0.166
   133.000      4.320      0.168
   133.500      4.320      0.170
   134.000      4.320      0.171
   134.500      4.320      0.171
   135.000      4.319      0.171
   135.500      4.320      0.173
   136.000      4.319      0.175
   136.500      4.319      0.177
   137.000      4.319      0.178
   137.500      4.319      0.179
   138.000      4.319      0.178
   138.500      4.319      0.179
   139.000      4.318      0.182
   139.500      4.318      0.183
   140.000      4.319      0.185
   140.500      4.319      0.186
   141.000      4.318      0.185
   141.500      4.318      0.186
   142.000      4.317      0.188
   142.500      4.317      0.190
   143.000      4.318      0.191
   143.500      4.318      0.192
   144.000      4.317      0.192
   144.500      4.317      0.192
   145.000      4.316      0.194
   145.500      4.316      0.196
   146.000      4.317      0.197
   146.500      4.317      0.198
   147.000      4.316      0.198
   147.500      4.316      0.199
   148.000      4.315      0.200
   148.500      4.315      0.201
   149.000      4.316      0.203
   149.500      4.316      0.203
   150.000      4.315      0.204
   150.500      4.314      0.204
   151.000      4.314      0.205
   151.500      4.314      0.206
   152.000      4.315      0.207
   152.500      4.315      0.208
   153.000      4.314      0.208
   153.500      4.313      0.209
   154.000      4.312      0.209
   154.500      4.313      0.210
   155.000      4.313      0.211
   155.500      4.313      0.211
   156.000      4.313      0.211
   156.500      4.311      0.213
   157.000      4.311      0.213
   157.500      4.312      0.213
   158.000      4.312      0.213
   158.500      4.312      0.213
   159.000      4.311      0.213
   159.500      4.309      0.215
   160.000      4.309      0.215
   160.500      4.310      0.215
   161.000      4.310      0.214
   161.500      4.310      0.214
   162.000      4.309      0.214
   162.500      4.307      0.215
   163.000      4.306      0.215
   163.500      4.308      0.215
   164.000      4.308      0.215
   164.500      4.308      0.214
   165.000      4.306      0.214
   165.500      4.305      0.214
   166.000      4.304      0.214
   166.500      4.305      0.213
   167.000      4.306      0.213
   167.500      4.305      0.213
   168.000      4.304      0.212
   168.500      4.302      0.211
   169.000      4.300      0.212
   169.500      4.302      0.211
   170.000      4.303      0.211
   170.500      4.303      0.210
   171.000      4.300      0.209
   171.500      4.298      0.207
   172.000      4.297      0.208
   172.500      4.299      0.207
   173.000      4.300      0.207
   173.500      4.300      0.207
   174.000      4.297      0.206
   174.500      4.294      0.203
   175.000      4.293      0.202
   175.500      4.295      0.203
   176.000      4.297      0.203
   176.500      4.296      0.202
   177.000      4.293      0.201
   177.500      4.291      0.198
   178.000      4.289      0.197
   178.500      4.290      0.198
   179.000      4.293      0.199
   179.500      4.292      0.199
   180.000      4.289      0.197
   180.500      4.287      0.196
   181.000      4.284      0.192
   181.500      4.285      0.195
   182.000      4.289      0.196
   182.500      4.287      0.196
   183.000      4.282      0.194
   183.500      4.282      0.194
   184.000      4.280      0.192
   184.500      4.279      0.193
   185.000      4.285      0.196
   185.500      4.281      0.197
   186.000      4.277      0.196
   186.500      4.277      0.196
   187.000      4.277      0.196
   187.500      4.273      0.194
   188.000      4.280      0.201
   188.500      4.275      0.205
   189.000      4.271      0.204
   189.500      4.271      0.204
   190.000      4.271      0.204
   190.500      4.267      0.202
   191.000      4.275      0.212
   191.500      4.264      0.220
   192.000      4.264      0.220
   192.500      4.264      0.220
   193.000      4.264      0.220
   193.500      4.264      0.220
   194.000      4.269      0.232
   194.500      4.258      0.244
   195.000      4.258      0.244
   195.500      4.258      0.244
   196.000      4.258      0.244
   196.500      4.258      0.244
   197.000      4.263      0.260
   197.500      4.250      0.278
   198.000      4.250      0.278
   198.500      4.250      0.278
   199.000      4.250      0.278
   199.500      4.250      0.278
