     0.000      1.562      0.634
     0.500      3.105      0.208
     1.000      3.154      0.210
     1.500      3.154      0.210
     2.000      3.193      0.171
     2.500      3.237      0.132
     3.000      3.241      0.132
     3.500      3.258      0.116
     4.000      3.296      0.079
     4.500      3.310      0.074
     5.000      3.319      0.067
     5.500      3.343      0.048
     6.000      3.359      0.040
     6.500      3.368      0.039
     7.000      3.381      0.040
     7.500      3.395      0.042
     8.000      3.403      0.043
     8.500      3.410      0.048
     9.000      3.420      0.055
     9.500      3.426      0.057
    10.000      3.430      0.059
    10.500      3.435      0.064
    11.000      3.439      0.067
    11.500      3.442      0.068
    12.000      3.443      0.069
    12.500      3.444      0.071
    13.000      3.445      0.070
    13.500      3.445      0.070
    14.000      3.443      0.069
    14.500      3.442      0.068
    15.000      3.441      0.067
    15.500      3.437      0.064
    16.000      3.434      0.062
    16.500      3.432      0.060
    17.000      3.428      0.057
    17.500      3.423      0.054
    18.000      3.419      0.052
    18.500      3.415      0.049
    19.000      3.410      0.046
    19.500      3.405      0.044
    20.000      3.401      0.042
    20.500      3.396      0.039
    21.000      3.390      0.037
    21.500      3.386      0.035
    22.000      3.382      0.034
    22.500      3.377      0.033
    23.000      3.372      0.032
    23.500      3.368      0.031
    24.000      3.365      0.031
    24.500      3.360      0.030
    25.000      3.357      0.030
    25.500      3.354      0.030
    26.000      3.351      0.029
    26.500      3.348      0.030
    27.000      3.346      0.029
    27.500      3.344      0.029
    28.000      3.342      0.029
    28.500      3.340      0.028
    29.000      3.339      0.028
    29.500      3.338      0.027
    30.000      3.337      0.027
    30.500      3.336      0.026
    31.000      3.336      0.026
    31.500      3.336      0.026
    32.000      3.336      0.025
    32.500      3.336      0.025
    33.000      3.336      0.025
    33.500      3.337      0.024
    34.000      3.338      0.024
    34.500      3.339      0.025
    35.000      3.341      0.025
    35.500      3.342      0.026
    36.000      3.344      0.026
    36.500      3.346      0.027
    37.000      3.348      0.028
    37.500      3.351      0.029
    38.000      3.353      0.031
    38.500      3.356      0.033
    39.000      3.359      0.034
    39.500      3.362      0.036
    40.000      3.365      0.038
    40.500      3.369      0.040
    41.000      3.372      0.042
    41.500      3.376      0.044
    42.000      3.380      0.047
    42.500      3.384      0.049
    43.000      3.388      0.051
    43.500      3.393      0.053
    44.000      3.398      0.056
    44.500      3.402      0.058
    45.000      3.407      0.060
    45.500      3.412      0.063
    46.000      3.417      0.065
    46.500      3.423      0.068
    47.000      3.428      0.070
    47.500      3.434      0.073
    48.000      3.440      0.075
    48.500      3.445      0.077
    49.000      3.452      0.079
    49.500      3.458      0.082
    50.000      3.463      0.084
    50.500      3.470      0.087
    51.000      3.477      0.089
    51.500      3.483      0.092
    52.000      3.489      0.094
    52.500      3.497      0.097
    53.000      3.503      0.100
    53.500      3.510      0.103
    54.000      3.517      0.106
    54.500      3.525      0.109
    55.000      3.532      0.112
    55.500      3.542      0.113
    56.000      3.552      0.114
    56.500      3.562      0.115
    57.000      3.573      0.116
    57.500      3.584      0.116
    58.000      3.595      0.115
    58.500      3.608      0.115
    59.000      3.620      0.114
    59.500      3.629      0.117
    60.000      3.642      0.117
    60.500      3.653      0.119
    61.000      3.664      0.121
    61.500      3.677      0.120
    62.000      3.690      0.121
    62.500      3.702      0.126
    63.000      3.711      0.133
    63.500      3.721      0.141
    64.000      3.730      0.150
    64.500      3.738      0.159
    65.000      3.745      0.164
    65.500      3.757      0.170
    66.000      3.770      0.175
    66.500      3.783      0.176
    67.000      3.794      0.176
    67.500      4.217      0.230
    68.000      4.243      0.235
    68.500      4.268      0.238
    69.000      4.288      0.237
    69.500      4.308      0.239
    70.000      4.328      0.241
    70.500      4.344      0.238
    71.000      4.357      0.235
    71.500      4.365      0.229
    72.000      4.372      0.222
    72.500      4.380      0.215
    73.000      4.385      0.208
    73.500      4.392      0.204
    74.000      4.400      0.202
    74.500      4.408      0.201
    75.000      4.418      0.202
    75.500      4.428      0.204
    76.000      4.433      0.202
    76.500      4.438      0.201
    77.000      4.442      0.199
    77.500      4.446      0.197
    78.000      4.450      0.196
    78.500      4.452      0.195
    79.000      4.454      0.196
    79.500      4.458      0.197
    80.000      4.460      0.199
    80.500      4.462      0.199
    81.000      4.463      0.200
    81.500      4.462      0.201
    82.000      4.463      0.202
    82.500      4.464      0.204
    83.000      4.464      0.206
    83.500      4.464      0.207
    84.000      4.464      0.208
    84.500      4.464      0.208
    85.000      4.463      0.210
    85.500      4.464      0.211
    86.000      4.465      0.212
    86.500      4.464      0.213
    87.000      4.463      0.213
    87.500      4.463      0.213
    88.000      4.462      0.213
    88.500      4.462      0.214
    89.000      4.462      0.214
    89.500      4.461      0.214
    90.000      4.460      0.213
    90.500      4.459      0.212
    91.000      4.458      0.211
    91.500      4.458      0.211
    92.000      4.457      0.210
    92.500      4.457      0.209
    93.000      4.456      0.208
    93.500      4.454      0.206
    94.000      4.453      0.204
    94.500      4.452      0.203
    95.000      4.451      0.202
    95.500      4.450      0.200
    96.000      4.449      0.198
    96.500      4.448      0.196
    97.000      4.447      0.194
    97.500      4.445      0.192
    98.000      4.444      0.190
    98.500      4.443      0.188
    99.000      4.442      0.186
    99.500      4.441      0.183
   100.000      4.440      0.181
   100.500      4.438      0.179
   101.000      4.436      0.176
   101.500      4.435      0.174
   102.000      4.434      0.172
   102.500      4.433      0.170
   103.000      4.432      0.168
   103.500      4.431      0.166
   104.000      4.429      0.164
   104.500      4.427      0.162
   105.000      4.426      0.160
   105.500      4.425      0.159
   106.000      4.424      0.157
   106.500      4.423      0.155
   107.000      4.422      0.154
   107.500      4.421      0.152
   108.000      4.419      0.151
   108.500      4.418      0.151
   109.000      4.417      0.150
   109.500      4.416      0.149
   110.000      4.415      0.148
   110.500      4.414      0.147
   111.000      4.413      0.146
   111.500      4.412      0.146
   112.000      4.411      0.147
   112.500      4.410      0.146
   113.000      4.409      0.146
   113.500      4.408      0.146
   114.000      4.408      0.146
   114.500      4.407      0.146
   115.000      4.406      0.147
   115.500      4.405      0.148
   116.000      4.404      0.148
   116.500      4.404      0.149
   117.000      4.403      0.149
   117.500      4.402      0.150
   118.000      4.401      0.151
   118.500      4.401      0.153
   119.000      4.400      0.154
   119.500      4.399      0.154
   120.000      4.399      0.155
   120.500      4.398      0.155
   121.000      4.398      0.156
   121.500      4.398      0.158
   122.000      4.397      0.160
   122.500      4.396      0.161
   123.000      4.395      0.161
   123.500      4.395      0.162
   124.000      4.395      0.163
   124.500      4.395      0.165
   125.000      4.394      0.167
   125.500      4.394      0.168
   126.000      4.393      0.169
   126.500      4.392      0.169
   127.000      4.392      0.171
   127.500      4.393      0.172
   128.000      4.392      0.174
   128.500      4.392      0.175
   129.000      4.391      0.176
   129.500      4.391      0.177
   130.000      4.390      0.178
   130.500      4.391      0.179
   131.000      4.391      0.180
   131.500      4.391      0.182
   132.000      4.390      0.183
   132.500      4.389      0.184
   133.000      4.389      0.184
   133.500      4.389      0.185
   134.000      4.389      0.187
   134.500      4.390      0.188
   135.000      4.389      0.189
   135.500      4.388      0.190
   136.000      4.388      0.191
   136.500      4.388      0.191
   137.000      4.388      0.193
   137.500      4.389      0.194
   138.000      4.389      0.195
   138.500      4.388      0.196
   139.000      4.387      0.197
   139.500      4.387      0.197
   140.000      4.387      0.198
   140.500      4.388      0.199
   141.000      4.388      0.201
   141.500      4.387      0.202
   142.000      4.387      0.202
   142.500      4.386      0.203
   143.000      4.386      0.203
   143.500      4.387      0.204
   144.000      4.387      0.205
   144.500      4.387      0.207
   145.000      4.386      0.207
   145.500      4.385      0.208
   146.000      4.385      0.208
   146.500      4.386      0.209
   147.000      4.387      0.210
   147.500      4.386      0.211
   148.000      4.385      0.212
   148.500      4.384      0.213
   149.000      4.384      0.213
   149.500      4.385      0.213
   150.000      4.385      0.214
   150.500      4.386      0.215
   151.000      4.384      0.216
   151.500      4.383      0.217
   152.000      4.382      0.217
   152.500      4.383      0.218
   153.000      4.384      0.218
   153.500      4.384      0.220
   154.000      4.383      0.220
   154.500      4.382      0.220
   155.000      4.381      0.221
   155.500      4.380      0.222
   156.000      4.381      0.223
   156.500      4.383      0.224
   157.000      4.382      0.225
   157.500      4.380      0.224
   158.000      4.379      0.224
   158.500      4.378      0.225
   159.000      4.378      0.226
   159.500      4.379      0.228
   160.000      4.380      0.228
   160.500      4.378      0.228
   161.000      4.376      0.227
   161.500      4.375      0.228
   162.000      4.375      0.229
   162.500      4.375      0.231
   163.000      4.376      0.233
   163.500      4.376      0.233
   164.000      4.374      0.231
   164.500      4.372      0.231
   165.000      4.371      0.232
   165.500      4.370      0.234
   166.000      4.371      0.236
   166.500      4.372      0.237
   167.000      4.370      0.236
   167.500      4.367      0.234
   168.000      4.366      0.234
   168.500      4.365      0.235
   169.000      4.365      0.238
   169.500      4.366      0.240
   170.000      4.366      0.240
   170.500      4.363      0.238
   171.000      4.360      0.237
   171.500      4.359      0.238
   172.000      4.359      0.239
   172.500      4.358      0.241
   173.000      4.359      0.243
   173.500      4.358      0.243
   174.000      4.353      0.241
   174.500      4.352      0.240
   175.000      4.351      0.241
   175.500      4.351      0.242
   176.000      4.350      0.244
   176.500      4.351      0.247
   177.000      4.347      0.245
   177.500      4.343      0.243
   178.000      4.342      0.244
   178.500      4.342      0.244
   179.000      4.341      0.244
   179.500      4.341      0.247
   180.000      4.341      0.250
   180.500      4.333      0.247
   181.000      4.331      0.247
   181.500      4.331      0.247
   182.000      4.330      0.246
   182.500      4.330      0.247
   183.000      4.330      0.251
   183.500      4.326      0.252
   184.000      4.318      0.250
   184.500      4.317      0.250
   185.000      4.317      0.250
   185.500      4.317      0.250
   186.000      4.317      0.250
   186.500      4.318      0.254
   187.000      4.306      0.255
   187.500      4.302      0.255
   188.000      4.302      0.254
   188.500      4.302      0.254
   189.000      4.302      0.254
   189.500      4.303      0.254
   190.000      4.300      0.258
   190.500      4.286      0.260
   191.000      4.285      0.259
   191.500      4.285      0.259
   192.000      4.285      0.259
   192.500      4.285      0.259
   193.000      4.286      0.259
   193.500      4.270      0.267
   194.000      4.266      0.267
   194.500      4.266      0.267
   195.000      4.266      0.267
   195.500      4.266      0.267
   196.000      4.266      0.267
   196.500      4.267      0.266
   197.000      4.244      0.277
   197.500      4.244      0.277
   198.000      4.244      0.277
   198.500      4.244      0.277
   199.000      4.244      0.277
