     0.000      1.298      0.393
     0.500      3.124      0.127
     1.000      3.150      0.139
     1.500      3.192      0.103
     2.000      3.212      0.104
     2.500      3.230      0.086
     3.000      3.260      0.075
     3.500      3.273      0.073
     4.000      3.296      0.054
     4.500      3.313      0.053
     5.000      3.330      0.043
     5.500      3.346      0.039
     6.000      3.359      0.036
     6.500      3.374      0.031
     7.000      3.384      0.030
     7.500      3.397      0.030
     8.000      3.407      0.028
     8.500      3.417      0.029
     9.000      3.425      0.029
     9.500      3.433      0.028
    10.000      3.440      0.030
    10.500      3.446      0.029
    11.000      3.453      0.030
    11.500      3.457      0.030
    12.000      3.463      0.030
    12.500      3.466      0.029
    13.000      3.470      0.029
    13.500      3.474      0.029
    14.000      3.477      0.029
    14.500      3.480      0.028
    15.000      3.482      0.028
    15.500      3.485      0.028
    16.000      3.487      0.027
    16.500      3.489      0.027
    17.000      3.491      0.027
    17.500      3.493      0.027
    18.000      3.495      0.027
    18.500      3.497      0.026
    19.000      3.499      0.026
    19.500      3.501      0.026
    20.000      3.503      0.025
    20.500      3.505      0.025
    21.000      3.508      0.025
    21.500      3.510      0.024
    22.000      3.512      0.024
    22.500      3.514      0.023
    23.000      3.517      0.023
    23.500      3.519      0.022
    24.000      3.522      0.022
    24.500      3.524      0.021
    25.000      3.527      0.021
    25.500      3.529      0.021
    26.000      3.532      0.020
    26.500      3.535      0.020
    27.000      3.538      0.020
    27.500      3.541      0.020
    28.000      3.544      0.020
    28.500      3.548      0.021
    29.000      3.552      0.021
    29.500      3.555      0.022
    30.000      3.559      0.022
    30.500      3.563      0.023
    31.000      3.567      0.024
    31.500      3.571      0.025
    32.000      3.576      0.026
    32.500      3.580      0.027
    33.000      3.585      0.029
    33.500      3.590      0.030
    34.000      3.595      0.031
    34.500      3.601      0.032
    35.000      3.607      0.034
    35.500      3.612      0.035
    36.000      3.619      0.037
    36.500      3.625      0.038
    37.000      3.631      0.040
    37.500      3.638      0.041
    38.000      3.645      0.043
    38.500      3.652      0.045
    39.000      3.660      0.047
    39.500      3.667      0.049
    40.000      3.676      0.051
    40.500      3.685      0.052
    41.000      3.694      0.054
    41.500      3.704      0.056
    42.000      3.714      0.058
    42.500      3.724      0.061
    43.000      3.736      0.063
    43.500      3.747      0.066
    44.000      3.759      0.069
    44.500      3.771      0.073
    45.000      3.783      0.078
    45.500      3.795      0.082
    46.000      3.807      0.088
    46.500      3.821      0.092
    47.000      3.836      0.097
    47.500      3.855      0.100
    48.000      3.875      0.104
    48.500      3.894      0.109
    49.000      3.915      0.116
    49.500      3.943      0.119
    50.000      3.977      0.120
    50.500      4.327      0.203
    51.000      4.339      0.200
    51.500      4.349      0.198
    52.000      4.361      0.196
    52.500      4.368      0.188
    53.000      4.377      0.178
    53.500      4.386      0.168
    54.000      4.393      0.160
    54.500      4.399      0.154
    55.000      4.405      0.151
    55.500      4.413      0.148
    56.000      4.421      0.144
    56.500      4.426      0.137
    57.000      4.427      0.133
    57.500      4.427      0.128
    58.000      4.425      0.125
    58.500      4.426      0.120
    59.000      4.428      0.117
    59.500      4.430      0.114
    60.000      4.429      0.112
    60.500      4.428      0.109
    61.000      4.427      0.108
    61.500      4.428      0.107
    62.000      4.431      0.108
    62.500      4.434      0.108
    63.000      4.436      0.109
    63.500      4.435      0.109
    64.000      4.435      0.110
    64.500      4.436      0.111
    65.000      4.439      0.113
    65.500      4.441      0.115
    66.000      4.442      0.117
    66.500      4.442      0.119
    67.000      4.442      0.120
    67.500      4.443      0.121
    68.000      4.445      0.124
    68.500      4.446      0.126
    69.000      4.447      0.127
    69.500      4.447      0.128
    70.000      4.448      0.129
    70.500      4.448      0.130
    71.000      4.450      0.132
    71.500      4.451      0.133
    72.000      4.451      0.133
    72.500      4.451      0.134
    73.000      4.452      0.134
    73.500      4.453      0.134
    74.000      4.454      0.135
    74.500      4.454      0.135
    75.000      4.454      0.134
    75.500      4.455      0.134
    76.000      4.455      0.133
    76.500      4.456      0.133
    77.000      4.456      0.132
    77.500      4.456      0.131
    78.000      4.457      0.130
    78.500      4.457      0.129
    79.000      4.458      0.128
    79.500      4.458      0.127
    80.000      4.458      0.125
    80.500      4.458      0.124
    81.000      4.458      0.122
    81.500      4.459      0.120
    82.000      4.459      0.118
    82.500      4.459      0.117
    83.000      4.459      0.115
    83.500      4.459      0.112
    84.000      4.459      0.110
    84.500      4.460      0.108
    85.000      4.460      0.106
    85.500      4.460      0.104
    86.000      4.459      0.102
    86.500      4.459      0.099
    87.000      4.459      0.097
    87.500      4.460      0.094
    88.000      4.460      0.092
    88.500      4.460      0.091
    89.000      4.459      0.089
    89.500      4.458      0.086
    90.000      4.459      0.084
    90.500      4.459      0.082
    91.000      4.459      0.081
    91.500      4.459      0.079
    92.000      4.459      0.078
    92.500      4.458      0.076
    93.000      4.458      0.075
    93.500      4.458      0.074
    94.000      4.458      0.073
    94.500      4.458      0.073
    95.000      4.458      0.072
    95.500      4.457      0.072
    96.000      4.457      0.072
    96.500      4.457      0.072
    97.000      4.457      0.072
    97.500      4.457      0.073
    98.000      4.456      0.074
    98.500      4.456      0.075
    99.000      4.456      0.075
    99.500      4.456      0.077
   100.000      4.456      0.078
   100.500      4.456      0.079
   101.000      4.455      0.081
   101.500      4.454      0.083
   102.000      4.454      0.085
   102.500      4.454      0.087
   103.000      4.454      0.088
   103.500      4.454      0.090
   104.000      4.453      0.092
   104.500      4.452      0.094
   105.000      4.452      0.097
   105.500      4.452      0.099
   106.000      4.452      0.100
   106.500      4.452      0.102
   107.000      4.451      0.105
   107.500      4.450      0.107
   108.000      4.450      0.109
   108.500      4.450      0.111
   109.000      4.450      0.112
   109.500      4.449      0.114
   110.000      4.448      0.117
   110.500      4.448      0.120
   111.000      4.448      0.122
   111.500      4.447      0.123
   112.000      4.447      0.124
   112.500      4.447      0.126
   113.000      4.446      0.129
   113.500      4.445      0.132
   114.000      4.445      0.133
   114.500      4.445      0.134
   115.000      4.444      0.135
   115.500      4.444      0.138
   116.000      4.443      0.141
   116.500      4.442      0.143
   117.000      4.442      0.144
   117.500      4.442      0.145
   118.000      4.441      0.146
   118.500      4.441      0.148
   119.000      4.440      0.152
   119.500      4.439      0.153
   120.000      4.439      0.154
   120.500      4.438      0.155
   121.000      4.438      0.156
   121.500      4.437      0.158
   122.000      4.436      0.161
   122.500      4.436      0.163
   123.000      4.435      0.163
   123.500      4.434      0.164
   124.000      4.434      0.165
   124.500      4.433      0.167
   125.000      4.432      0.170
   125.500      4.432      0.171
   126.000      4.431      0.171
   126.500      4.430      0.172
   127.000      4.430      0.173
   127.500      4.429      0.175
   128.000      4.428      0.178
   128.500      4.428      0.179
   129.000      4.427      0.179
   129.500      4.426      0.179
   130.000      4.425      0.181
   130.500      4.425      0.183
   131.000      4.424      0.185
   131.500      4.423      0.186
   132.000      4.422      0.186
   132.500      4.421      0.186
   133.000      4.420      0.188
   133.500      4.420      0.189
   134.000      4.419      0.191
   134.500      4.418      0.192
   135.000      4.417      0.192
   135.500      4.416      0.192
   136.000      4.415      0.194
   136.500      4.415      0.195
   137.000      4.414      0.197
   137.500      4.413      0.198
   138.000      4.411      0.197
   138.500      4.410      0.198
   139.000      4.410      0.199
   139.500      4.409      0.200
   140.000      4.408      0.202
   140.500      4.407      0.202
   141.000      4.405      0.202
   141.500      4.404      0.202
   142.000      4.404      0.203
   142.500      4.403      0.204
   143.000      4.402      0.206
   143.500      4.400      0.206
   144.000      4.399      0.206
   144.500      4.398      0.206
   145.000      4.398      0.207
   145.500      4.397      0.208
   146.000      4.395      0.209
   146.500      4.393      0.209
   147.000      4.392      0.209
   147.500      4.391      0.209
   148.000      4.391      0.209
   148.500      4.390      0.210
   149.000      4.388      0.211
   149.500      4.386      0.211
   150.000      4.384      0.211
   150.500      4.384      0.211
   151.000      4.383      0.211
   151.500      4.382      0.212
   152.000      4.380      0.213
   152.500      4.378      0.213
   153.000      4.376      0.212
   153.500      4.376      0.211
   154.000      4.375      0.212
   154.500      4.374      0.212
   155.000      4.372      0.213
   155.500      4.370      0.213
   156.000      4.368      0.212
   156.500      4.367      0.211
   157.000      4.367      0.211
   157.500      4.365      0.211
   158.000      4.364      0.212
   158.500      4.361      0.212
   159.000      4.359      0.211
   159.500      4.358      0.210
   160.000      4.357      0.209
   160.500      4.356      0.210
   161.000      4.354      0.210
   161.500      4.352      0.210
   162.000      4.350      0.208
   162.500      4.348      0.207
   163.000      4.347      0.207
   163.500      4.346      0.207
   164.000      4.345      0.207
   164.500      4.342      0.206
   165.000      4.340      0.205
   165.500      4.338      0.204
   166.000      4.337      0.203
   166.500      4.336      0.203
   167.000      4.334      0.203
   167.500      4.332      0.202
   168.000      4.329      0.201
   168.500      4.327      0.199
   169.000      4.325      0.199
   169.500      4.325      0.199
   170.000      4.324      0.198
   170.500      4.321      0.198
   171.000      4.318      0.196
   171.500      4.316      0.195
   172.000      4.313      0.194
   172.500      4.313      0.194
   173.000      4.312      0.193
   173.500      4.309      0.193
   174.000      4.305      0.190
   174.500      4.304      0.190
   175.000      4.301      0.189
   175.500      4.301      0.189
   176.000      4.300      0.188
   176.500      4.297      0.188
   177.000      4.292      0.185
   177.500      4.291      0.186
   178.000      4.289      0.185
   178.500      4.288      0.184
   179.000      4.287      0.184
   179.500      4.283      0.184
   180.000      4.278      0.182
   180.500      4.278      0.183
   181.000      4.277      0.183
   181.500      4.274      0.182
   182.000      4.273      0.183
   182.500      4.269      0.183
   183.000      4.264      0.182
   183.500      4.264      0.183
   184.000      4.264      0.183
   184.500      4.259      0.183
   185.000      4.259      0.185
   185.500      4.252      0.186
   186.000      4.249      0.187
   186.500      4.249      0.187
   187.000      4.249      0.187
   187.500      4.245      0.189
   188.000      4.244      0.193
   188.500      4.235      0.196
   189.000      4.233      0.198
   189.500      4.233      0.198
   190.000      4.233      0.198
   190.500      4.232      0.199
   191.000      4.228      0.207
   191.500      4.217      0.215
   192.000      4.217      0.215
   192.500      4.217      0.215
   193.000      4.217      0.215
   193.500      4.217      0.215
   194.000      4.212      0.230
   194.500      4.200      0.241
   195.000      4.200      0.241
   195.500      4.200      0.241
   196.000      4.200      0.241
   196.500      4.200      0.241
   197.000      4.195      0.260
   197.500      4.182      0.274
   198.000      4.182      0.274
   198.500      4.182      0.274
   199.000      4.182      0.274
   199.500      4.182      0.274
