     0.000      1.495      0.592
     0.500      3.043      0.136
     1.000      3.072      0.144
     1.500      3.156      0.110
     2.000      3.194      0.102
     2.500      3.249      0.079
     3.000      3.290      0.074
     3.500      3.329      0.058
     4.000      3.367      0.055
     4.500      3.397      0.047
     5.000      3.430      0.044
     5.500      3.454      0.042
     6.000      3.480      0.039
     6.500      3.500      0.040
     7.000      3.519      0.037
     7.500      3.537      0.038
     8.000      3.550      0.037
     8.500      3.564      0.037
     9.000      3.574      0.036
     9.500      3.584      0.035
    10.000      3.592      0.035
    10.500      3.599      0.035
    11.000      3.605      0.034
    11.500      3.611      0.034
    12.000      3.616      0.034
    12.500      3.620      0.035
    13.000      3.624      0.035
    13.500      3.628      0.035
    14.000      3.632      0.035
    14.500      3.636      0.035
    15.000      3.639      0.035
    15.500      3.643      0.035
    16.000      3.647      0.035
    16.500      3.652      0.035
    17.000      3.656      0.034
    17.500      3.661      0.034
    18.000      3.665      0.033
    18.500      3.671      0.032
    19.000      3.676      0.031
    19.500      3.681      0.030
    20.000      3.687      0.029
    20.500      3.693      0.028
    21.000      3.698      0.028
    21.500      3.705      0.027
    22.000      3.711      0.027
    22.500      3.718      0.027
    23.000      3.725      0.028
    23.500      3.733      0.028
    24.000      3.740      0.029
    24.500      3.748      0.030
    25.000      3.757      0.032
    25.500      3.765      0.033
    26.000      3.774      0.035
    26.500      3.783      0.037
    27.000      3.793      0.039
    27.500      3.803      0.040
    28.000      3.813      0.042
    28.500      3.824      0.044
    29.000      3.835      0.047
    29.500      3.846      0.049
    30.000      3.858      0.051
    30.500      3.870      0.054
    31.000      3.883      0.056
    31.500      3.895      0.059
    32.000      3.908      0.061
    32.500      3.920      0.064
    33.000      3.934      0.066
    33.500      3.949      0.069
    34.000      3.965      0.073
    34.500      3.982      0.074
    35.000      4.000      0.079
    35.500      4.020      0.081
    36.000      4.040      0.085
    36.500      4.060      0.087
    37.000      4.080      0.089
    37.500      4.102      0.088
    38.000      4.123      0.087
    38.500      4.139      0.083
    39.000      4.149      0.077
    39.500      4.441      0.146
    40.000      4.451      0.147
    40.500      4.457      0.144
    41.000      4.463      0.143
    41.500      4.464      0.141
    42.000      4.460      0.138
    42.500      4.456      0.133
    43.000      4.453      0.131
    43.500      4.453      0.126
    44.000      4.455      0.129
    44.500      4.458      0.133
    45.000      4.461      0.138
    45.500      4.464      0.141
    46.000      4.471      0.145
    46.500      4.477      0.150
    47.000      4.483      0.152
    47.500      4.489      0.154
    48.000      4.493      0.153
    48.500      4.494      0.151
    49.000      4.491      0.145
    49.500      4.487      0.138
    50.000      4.482      0.130
    50.500      4.478      0.122
    51.000      4.475      0.113
    51.500      4.474      0.110
    52.000      4.473      0.107
    52.500      4.469      0.103
    53.000      4.464      0.098
    53.500      4.460      0.093
    54.000      4.457      0.089
    54.500      4.456      0.086
    55.000      4.455      0.085
    55.500      4.452      0.085
    56.000      4.447      0.084
    56.500      4.444      0.083
    57.000      4.440      0.081
    57.500      4.438      0.081
    58.000      4.438      0.081
    58.500      4.435      0.082
    59.000      4.432      0.084
    59.500      4.428      0.085
    60.000      4.425      0.086
    60.500      4.422      0.087
    61.000      4.421      0.087
    61.500      4.420      0.087
    62.000      4.417      0.090
    62.500      4.413      0.092
    63.000      4.410      0.094
    63.500      4.408      0.094
    64.000      4.407      0.094
    64.500      4.405      0.094
    65.000      4.402      0.097
    65.500      4.400      0.098
    66.000      4.397      0.100
    66.500      4.394      0.100
    67.000      4.393      0.100
    67.500      4.391      0.100
    68.000      4.389      0.101
    68.500      4.387      0.102
    69.000      4.384      0.103
    69.500      4.382      0.103
    70.000      4.380      0.103
    70.500      4.378      0.102
    71.000      4.376      0.102
    71.500      4.374      0.102
    72.000      4.372      0.103
    72.500      4.370      0.103
    73.000      4.368      0.102
    73.500      4.366      0.101
    74.000      4.364      0.100
    74.500      4.363      0.099
    75.000      4.361      0.100
    75.500      4.359      0.099
    76.000      4.357      0.098
    76.500      4.355      0.097
    77.000      4.353      0.096
    77.500      4.352      0.094
    78.000      4.351      0.094
    78.500      4.349      0.094
    79.000      4.347      0.092
    79.500      4.345      0.091
    80.000      4.343      0.090
    80.500      4.342      0.088
    81.000      4.341      0.087
    81.500      4.340      0.086
    82.000      4.338      0.085
    82.500      4.336      0.084
    83.000      4.334      0.083
    83.500      4.333      0.082
    84.000      4.332      0.080
    84.500      4.331      0.080
    85.000      4.329      0.078
    85.500      4.327      0.078
    86.000      4.325      0.077
    86.500      4.324      0.076
    87.000      4.323      0.075
    87.500      4.322      0.074
    88.000      4.321      0.074
    88.500      4.320      0.073
    89.000      4.318      0.073
    89.500      4.316      0.073
    90.000      4.315      0.072
    90.500      4.315      0.072
    91.000      4.314      0.072
    91.500      4.312      0.072
    92.000      4.311      0.072
    92.500      4.309      0.073
    93.000      4.308      0.073
    93.500      4.308      0.073
    94.000      4.307      0.074
    94.500      4.306      0.074
    95.000      4.304      0.075
    95.500      4.303      0.076
    96.000      4.302      0.078
    96.500      4.301      0.078
    97.000      4.300      0.079
    97.500      4.299      0.079
    98.000      4.298      0.080
    98.500      4.297      0.082
    99.000      4.296      0.084
    99.500      4.295      0.086
   100.000      4.294      0.086
   100.500      4.293      0.087
   101.000      4.292      0.088
   101.500      4.291      0.090
   102.000      4.291      0.092
   102.500      4.290      0.094
   103.000      4.289      0.096
   103.500      4.288      0.096
   104.000      4.287      0.097
   104.500      4.286      0.099
   105.000      4.286      0.101
   105.500      4.285      0.104
   106.000      4.284      0.106
   106.500      4.283      0.107
   107.000      4.282      0.108
   107.500      4.281      0.109
   108.000      4.282      0.111
   108.500      4.281      0.114
   109.000      4.280      0.116
   109.500      4.279      0.117
   110.000      4.277      0.118
   110.500      4.277      0.120
   111.000      4.277      0.122
   111.500      4.277      0.124
   112.000      4.276      0.127
   112.500      4.275      0.128
   113.000      4.274      0.129
   113.500      4.273      0.130
   114.000      4.273      0.132
   114.500      4.274      0.134
   115.000      4.273      0.137
   115.500      4.272      0.139
   116.000      4.271      0.140
   116.500      4.269      0.141
   117.000      4.270      0.143
   117.500      4.270      0.145
   118.000      4.270      0.147
   118.500      4.269      0.149
   119.000      4.268      0.151
   119.500      4.267      0.152
   120.000      4.267      0.153
   120.500      4.267      0.155
   121.000      4.268      0.157
   121.500      4.267      0.159
   122.000      4.266      0.161
   122.500      4.265      0.163
   123.000      4.264      0.164
   123.500      4.265      0.166
   124.000      4.265      0.167
   124.500      4.265      0.169
   125.000      4.264      0.171
   125.500      4.264      0.172
   126.000      4.263      0.174
   126.500      4.263      0.175
   127.000      4.263      0.177
   127.500      4.263      0.178
   128.000      4.263      0.180
   128.500      4.262      0.182
   129.000      4.262      0.183
   129.500      4.262      0.185
   130.000      4.262      0.186
   130.500      4.262      0.187
   131.000      4.261      0.189
   131.500      4.262      0.190
   132.000      4.261      0.192
   132.500      4.261      0.193
   133.000      4.261      0.195
   133.500      4.261      0.195
   134.000      4.260      0.197
   134.500      4.261      0.198
   135.000      4.261      0.200
   135.500      4.261      0.201
   136.000      4.261      0.202
   136.500      4.261      0.203
   137.000      4.260      0.204
   137.500      4.261      0.205
   138.000      4.261      0.207
   138.500      4.261      0.208
   139.000      4.261      0.209
   139.500      4.261      0.210
   140.000      4.261      0.210
   140.500      4.260      0.211
   141.000      4.262      0.213
   141.500      4.262      0.214
   142.000      4.262      0.215
   142.500      4.262      0.216
   143.000      4.261      0.216
   143.500      4.261      0.217
   144.000      4.262      0.218
   144.500      4.263      0.219
   145.000      4.264      0.219
   145.500      4.263      0.220
   146.000      4.263      0.220
   146.500      4.263      0.221
   147.000      4.263      0.221
   147.500      4.265      0.223
   148.000      4.265      0.223
   148.500      4.265      0.223
   149.000      4.265      0.224
   149.500      4.265      0.224
   150.000      4.265      0.224
   150.500      4.266      0.225
   151.000      4.267      0.225
   151.500      4.267      0.225
   152.000      4.267      0.226
   152.500      4.267      0.226
   153.000      4.267      0.226
   153.500      4.268      0.226
   154.000      4.270      0.226
   154.500      4.270      0.226
   155.000      4.270      0.226
   155.500      4.269      0.226
   156.000      4.270      0.226
   156.500      4.271      0.226
   157.000      4.272      0.225
   157.500      4.273      0.225
   158.000      4.273      0.225
   158.500      4.273      0.225
   159.000      4.273      0.225
   159.500      4.275      0.224
   160.000      4.276      0.224
   160.500      4.276      0.223
   161.000      4.277      0.223
   161.500      4.277      0.223
   162.000      4.277      0.223
   162.500      4.278      0.222
   163.000      4.280      0.221
   163.500      4.279      0.219
   164.000      4.280      0.219
   164.500      4.281      0.219
   165.000      4.281      0.219
   165.500      4.282      0.218
   166.000      4.285      0.217
   166.500      4.284      0.214
   167.000      4.284      0.214
   167.500      4.286      0.215
   168.000      4.286      0.215
   168.500      4.287      0.214
   169.000      4.289      0.212
   169.500      4.289      0.209
   170.000      4.289      0.209
   170.500      4.290      0.209
   171.000      4.291      0.210
   171.500      4.292      0.209
   172.000      4.295      0.207
   172.500      4.294      0.204
   173.000      4.294      0.203
   173.500      4.295      0.203
   174.000      4.297      0.205
   174.500      4.298      0.205
   175.000      4.300      0.203
   175.500      4.301      0.200
   176.000      4.299      0.198
   176.500      4.301      0.198
   177.000      4.301      0.199
   177.500      4.304      0.201
   178.000      4.306      0.200
   178.500      4.308      0.197
   179.000      4.306      0.195
   179.500      4.306      0.195
   180.000      4.308      0.196
   180.500      4.310      0.200
   181.000      4.312      0.201
   181.500      4.317      0.197
   182.000      4.313      0.196
   182.500      4.313      0.196
   183.000      4.313      0.196
   183.500      4.315      0.198
   184.000      4.319      0.203
   184.500      4.325      0.202
   185.000      4.321      0.202
   185.500      4.321      0.202
   186.000      4.321      0.202
   186.500      4.322      0.203
   187.000      4.326      0.210
   187.500      4.332      0.214
   188.000      4.329      0.215
   188.500      4.329      0.215
   189.000      4.329      0.215
   189.500      4.329      0.215
   190.000      4.332      0.218
   190.500      4.337      0.232
   191.000      4.338      0.236
   191.500      4.338      0.236
   192.000      4.338      0.236
   192.500      4.338      0.236
   193.000      4.338      0.236
   193.500      4.343      0.250
   194.000      4.347      0.265
   194.500      4.347      0.265
   195.000      4.347      0.265
   195.500      4.347      0.265
   196.000      4.347      0.265
   196.500      4.347      0.265
   197.000      4.357      0.303
   197.500      4.357      0.303
   198.000      4.357      0.303
   198.500      4.357      0.303
   199.000      4.357      0.303
   199.500      4.357      0.303
