     0.000      1.440      0.493
     0.500      2.149      0.486
     1.000      3.134      0.181
     1.500      3.217      0.158
     2.000      3.257      0.153
     2.500      3.296      0.129
     3.000      3.325      0.116
     3.500      3.350      0.107
     4.000      3.380      0.087
     4.500      3.401      0.083
     5.000      3.429      0.067
     5.500      3.447      0.065
     6.000      3.470      0.058
     6.500      3.485      0.054
     7.000      3.502      0.052
     7.500      3.518      0.048
     8.000      3.531      0.047
     8.500      3.545      0.045
     9.000      3.557      0.042
     9.500      3.567      0.043
    10.000      3.578      0.039
    10.500      3.585      0.040
    11.000      3.594      0.037
    11.500      3.600      0.036
    12.000      3.607      0.035
    12.500      3.613      0.034
    13.000      3.618      0.033
    13.500      3.623      0.032
    14.000      3.627      0.031
    14.500      3.630      0.030
    15.000      3.634      0.030
    15.500      3.637      0.029
    16.000      3.640      0.029
    16.500      3.642      0.029
    17.000      3.645      0.029
    17.500      3.647      0.028
    18.000      3.650      0.028
    18.500      3.652      0.028
    19.000      3.654      0.027
    19.500      3.656      0.027
    20.000      3.658      0.026
    20.500      3.661      0.025
    21.000      3.663      0.025
    21.500      3.665      0.024
    22.000      3.667      0.023
    22.500      3.670      0.023
    23.000      3.672      0.022
    23.500      3.675      0.022
    24.000      3.678      0.022
    24.500      3.681      0.022
    25.000      3.684      0.022
    25.500      3.688      0.023
    26.000      3.692      0.023
    26.500      3.696      0.024
    27.000      3.700      0.025
    27.500      3.705      0.026
    28.000      3.709      0.027
    28.500      3.715      0.028
    29.000      3.720      0.029
    29.500      3.727      0.031
    30.000      3.733      0.032
    30.500      3.740      0.032
    31.000      3.748      0.034
    31.500      3.755      0.035
    32.000      3.763      0.036
    32.500      3.772      0.038
    33.000      3.781      0.039
    33.500      3.791      0.040
    34.000      3.802      0.042
    34.500      3.813      0.043
    35.000      3.825      0.045
    35.500      3.837      0.047
    36.000      3.850      0.048
    36.500      3.863      0.051
    37.000      3.878      0.053
    37.500      3.893      0.057
    38.000      3.909      0.061
    38.500      3.924      0.064
    39.000      3.940      0.067
    39.500      3.958      0.072
    40.000      3.975      0.075
    40.500      3.994      0.082
    41.000      4.016      0.086
    41.500      4.042      0.089
    42.000      4.078      0.086
    42.500      4.107      0.081
    43.000      4.135      0.084
    43.500      4.161      0.089
    44.000      4.187      0.100
    44.500      4.215      0.107
    45.000      4.241      0.114
    45.500      4.557      0.181
    46.000      4.562      0.173
    46.500      4.573      0.166
    47.000      4.582      0.163
    47.500      4.590      0.159
    48.000      4.595      0.156
    48.500      4.597      0.150
    49.000      4.598      0.143
    49.500      4.597      0.137
    50.000      4.597      0.132
    50.500      4.597      0.127
    51.000      4.596      0.123
    51.500      4.596      0.120
    52.000      4.596      0.118
    52.500      4.597      0.117
    53.000      4.595      0.114
    53.500      4.597      0.113
    54.000      4.600      0.115
    54.500      4.599      0.114
    55.000      4.598      0.112
    55.500      4.595      0.109
    56.000      4.592      0.107
    56.500      4.589      0.102
    57.000      4.586      0.098
    57.500      4.585      0.097
    58.000      4.584      0.096
    58.500      4.582      0.095
    59.000      4.580      0.093
    59.500      4.577      0.092
    60.000      4.575      0.090
    60.500      4.574      0.089
    61.000      4.574      0.089
    61.500      4.573      0.089
    62.000      4.571      0.089
    62.500      4.568      0.089
    63.000      4.567      0.088
    63.500      4.567      0.088
    64.000      4.566      0.088
    64.500      4.566      0.088
    65.000      4.564      0.088
    65.500      4.563      0.089
    66.000      4.562      0.089
    66.500      4.561      0.089
    67.000      4.561      0.088
    67.500      4.561      0.088
    68.000      4.561      0.088
    68.500      4.559      0.089
    69.000      4.559      0.089
    69.500      4.558      0.089
    70.000      4.558      0.088
    70.500      4.558      0.087
    71.000      4.558      0.087
    71.500      4.558      0.088
    72.000      4.557      0.087
    72.500      4.557      0.087
    73.000      4.557      0.087
    73.500      4.557      0.085
    74.000      4.558      0.085
    74.500      4.558      0.085
    75.000      4.558      0.084
    75.500      4.557      0.084
    76.000      4.557      0.083
    76.500      4.558      0.082
    77.000      4.558      0.082
    77.500      4.559      0.081
    78.000      4.559      0.080
    78.500      4.559      0.080
    79.000      4.559      0.080
    79.500      4.559      0.079
    80.000      4.559      0.078
    80.500      4.560      0.078
    81.000      4.561      0.077
    81.500      4.561      0.077
    82.000      4.561      0.076
    82.500      4.560      0.076
    83.000      4.561      0.076
    83.500      4.562      0.075
    84.000      4.562      0.075
    84.500      4.563      0.075
    85.000      4.562      0.075
    85.500      4.562      0.075
    86.000      4.563      0.075
    86.500      4.563      0.075
    87.000      4.564      0.075
    87.500      4.565      0.076
    88.000      4.564      0.076
    88.500      4.564      0.077
    89.000      4.564      0.077
    89.500      4.564      0.078
    90.000      4.565      0.079
    90.500      4.565      0.079
    91.000      4.565      0.080
    91.500      4.565      0.081
    92.000      4.565      0.081
    92.500      4.564      0.083
    93.000      4.565      0.084
    93.500      4.565      0.085
    94.000      4.565      0.086
    94.500      4.564      0.087
    95.000      4.564      0.088
    95.500      4.564      0.089
    96.000      4.563      0.091
    96.500      4.563      0.092
    97.000      4.563      0.093
    97.500      4.562      0.094
    98.000      4.562      0.095
    98.500      4.561      0.097
    99.000      4.560      0.098
    99.500      4.560      0.099
   100.000      4.559      0.100
   100.500      4.559      0.101
   101.000      4.558      0.102
   101.500      4.557      0.104
   102.000      4.555      0.105
   102.500      4.554      0.106
   103.000      4.554      0.107
   103.500      4.553      0.108
   104.000      4.552      0.109
   104.500      4.551      0.110
   105.000      4.549      0.112
   105.500      4.547      0.113
   106.000      4.546      0.113
   106.500      4.546      0.115
   107.000      4.545      0.116
   107.500      4.544      0.116
   108.000      4.541      0.118
   108.500      4.539      0.119
   109.000      4.538      0.119
   109.500      4.537      0.121
   110.000      4.536      0.122
   110.500      4.534      0.122
   111.000      4.532      0.123
   111.500      4.529      0.124
   112.000      4.527      0.125
   112.500      4.527      0.126
   113.000      4.525      0.127
   113.500      4.524      0.127
   114.000      4.522      0.129
   114.500      4.519      0.129
   115.000      4.516      0.130
   115.500      4.515      0.131
   116.000      4.514      0.132
   116.500      4.512      0.132
   117.000      4.510      0.133
   117.500      4.507      0.134
   118.000      4.504      0.135
   118.500      4.502      0.136
   119.000      4.501      0.137
   119.500      4.500      0.137
   120.000      4.497      0.138
   120.500      4.494      0.139
   121.000      4.491      0.140
   121.500      4.489      0.141
   122.000      4.487      0.142
   122.500      4.486      0.143
   123.000      4.484      0.143
   123.500      4.481      0.145
   124.000      4.478      0.146
   124.500      4.475      0.146
   125.000      4.473      0.147
   125.500      4.472      0.148
   126.000      4.470      0.148
   126.500      4.466      0.150
   127.000      4.464      0.151
   127.500      4.461      0.152
   128.000      4.458      0.153
   128.500      4.457      0.153
   129.000      4.455      0.154
   129.500      4.452      0.156
   130.000      4.449      0.157
   130.500      4.446      0.157
   131.000      4.443      0.158
   131.500      4.442      0.159
   132.000      4.440      0.159
   132.500      4.437      0.161
   133.000      4.434      0.163
   133.500      4.432      0.163
   134.000      4.428      0.164
   134.500      4.426      0.164
   135.000      4.425      0.165
   135.500      4.422      0.167
   136.000      4.419      0.168
   136.500      4.417      0.169
   137.000      4.413      0.170
   137.500      4.411      0.170
   138.000      4.409      0.171
   138.500      4.407      0.172
   139.000      4.404      0.174
   139.500      4.402      0.175
   140.000      4.399      0.175
   140.500      4.396      0.176
   141.000      4.394      0.177
   141.500      4.392      0.178
   142.000      4.389      0.179
   142.500      4.388      0.180
   143.000      4.385      0.181
   143.500      4.381      0.181
   144.000      4.379      0.182
   144.500      4.377      0.183
   145.000      4.375      0.185
   145.500      4.373      0.185
   146.000      4.372      0.186
   146.500      4.367      0.187
   147.000      4.365      0.188
   147.500      4.363      0.188
   148.000      4.361      0.189
   148.500      4.359      0.190
   149.000      4.358      0.191
   149.500      4.354      0.191
   150.000      4.351      0.192
   150.500      4.350      0.192
   151.000      4.348      0.193
   151.500      4.346      0.194
   152.000      4.345      0.195
   152.500      4.343      0.195
   153.000      4.338      0.196
   153.500      4.337      0.196
   154.000      4.335      0.196
   154.500      4.334      0.197
   155.000      4.333      0.198
   155.500      4.332      0.199
   156.000      4.327      0.199
   156.500      4.326      0.198
   157.000      4.324      0.199
   157.500      4.323      0.199
   158.000      4.323      0.200
   158.500      4.322      0.201
   159.000      4.317      0.201
   159.500      4.315      0.200
   160.000      4.314      0.200
   160.500      4.313      0.201
   161.000      4.313      0.202
   161.500      4.313      0.202
   162.000      4.310      0.203
   162.500      4.306      0.201
   163.000      4.305      0.200
   163.500      4.305      0.201
   164.000      4.305      0.202
   164.500      4.305      0.202
   165.000      4.304      0.202
   165.500      4.299      0.201
   166.000      4.298      0.199
   166.500      4.298      0.200
   167.000      4.299      0.201
   167.500      4.298      0.202
   168.000      4.298      0.201
   168.500      4.294      0.201
   169.000      4.292      0.198
   169.500      4.293      0.198
   170.000      4.294      0.199
   170.500      4.294      0.200
   171.000      4.293      0.199
   171.500      4.292      0.200
   172.000      4.289      0.196
   172.500      4.290      0.195
   173.000      4.292      0.197
   173.500      4.292      0.198
   174.000      4.291      0.197
   174.500      4.291      0.197
   175.000      4.287      0.195
   175.500      4.289      0.193
   176.000      4.292      0.195
   176.500      4.291      0.196
   177.000      4.291      0.195
   177.500      4.291      0.195
   178.000      4.288      0.195
   178.500      4.289      0.192
   179.000      4.294      0.194
   179.500      4.294      0.194
   180.000      4.293      0.194
   180.500      4.293      0.194
   181.000      4.292      0.196
   181.500      4.292      0.194
   182.000      4.299      0.196
   182.500      4.298      0.196
   183.000      4.298      0.195
   183.500      4.298      0.195
   184.000      4.299      0.196
   184.500      4.297      0.198
   185.000      4.306      0.202
   185.500      4.306      0.201
   186.000      4.306      0.201
   186.500      4.306      0.201
   187.000      4.306      0.201
   187.500      4.305      0.208
   188.000      4.317      0.213
   188.500      4.317      0.212
   189.000      4.317      0.212
   189.500      4.317      0.212
   190.000      4.317      0.212
   190.500      4.317      0.218
   191.000      4.330      0.232
   191.500      4.331      0.231
   192.000      4.331      0.231
   192.500      4.331      0.231
   193.000      4.331      0.231
   193.500      4.330      0.231
   194.000      4.347      0.258
   194.500      4.348      0.257
   195.000      4.348      0.257
   195.500      4.348      0.257
   196.000      4.348      0.257
   196.500      4.348      0.257
   197.000      4.368      0.292
   197.500      4.368      0.291
   198.000      4.368      0.291
   198.500      4.368      0.291
   199.000      4.368      0.291
   199.500      4.368      0.291
