     0.000      1.427      0.522
     0.500      3.108      0.175
     1.000      3.148      0.179
     1.500      3.223      0.146
     2.000      3.245      0.138
     2.500      3.281      0.111
     3.000      3.311      0.098
     3.500      3.340      0.080
     4.000      3.364      0.069
     4.500      3.390      0.058
     5.000      3.406      0.052
     5.500      3.432      0.044
     6.000      3.446      0.041
     6.500      3.466      0.038
     7.000      3.480      0.038
     7.500      3.491      0.038
     8.000      3.507      0.039
     8.500      3.515      0.039
     9.000      3.527      0.040
     9.500      3.535      0.040
    10.000      3.542      0.041
    10.500      3.550      0.041
    11.000      3.556      0.041
    11.500      3.562      0.040
    12.000      3.567      0.040
    12.500      3.571      0.040
    13.000      3.576      0.039
    13.500      3.579      0.038
    14.000      3.583      0.037
    14.500      3.586      0.037
    15.000      3.589      0.036
    15.500      3.592      0.036
    16.000      3.595      0.035
    16.500      3.597      0.034
    17.000      3.600      0.034
    17.500      3.603      0.033
    18.000      3.606      0.032
    18.500      3.608      0.031
    19.000      3.611      0.031
    19.500      3.614      0.030
    20.000      3.617      0.029
    20.500      3.620      0.028
    21.000      3.623      0.027
    21.500      3.627      0.027
    22.000      3.630      0.026
    22.500      3.634      0.026
    23.000      3.638      0.026
    23.500      3.641      0.026
    24.000      3.646      0.027
    24.500      3.650      0.027
    25.000      3.655      0.028
    25.500      3.660      0.029
    26.000      3.665      0.030
    26.500      3.670      0.032
    27.000      3.676      0.033
    27.500      3.682      0.035
    28.000      3.688      0.036
    28.500      3.695      0.039
    29.000      3.702      0.040
    29.500      3.709      0.043
    30.000      3.717      0.044
    30.500      3.725      0.046
    31.000      3.734      0.049
    31.500      3.743      0.050
    32.000      3.753      0.053
    32.500      3.765      0.054
    33.000      3.776      0.055
    33.500      3.788      0.058
    34.000      3.800      0.059
    34.500      3.813      0.061
    35.000      3.826      0.063
    35.500      3.839      0.066
    36.000      3.854      0.068
    36.500      3.871      0.070
    37.000      3.886      0.072
    37.500      3.903      0.076
    38.000      3.921      0.078
    38.500      3.940      0.081
    39.000      3.960      0.085
    39.500      3.980      0.087
    40.000      4.002      0.092
    40.500      4.022      0.094
    41.000      4.046      0.096
    41.500      4.071      0.095
    42.000      4.101      0.091
    42.500      4.133      0.088
    43.000      4.517      0.241
    43.500      4.531      0.241
    44.000      4.534      0.237
    44.500      4.537      0.230
    45.000      4.545      0.223
    45.500      4.554      0.218
    46.000      4.557      0.213
    46.500      4.556      0.208
    47.000      4.555      0.203
    47.500      4.550      0.197
    48.000      4.544      0.190
    48.500      4.540      0.179
    49.000      4.537      0.170
    49.500      4.541      0.168
    50.000      4.547      0.166
    50.500      4.550      0.164
    51.000      4.548      0.161
    51.500      4.544      0.154
    52.000      4.540      0.148
    52.500      4.535      0.142
    53.000      4.530      0.136
    53.500      4.526      0.131
    54.000      4.520      0.128
    54.500      4.513      0.124
    55.000      4.507      0.120
    55.500      4.503      0.115
    56.000      4.499      0.110
    56.500      4.495      0.107
    57.000      4.491      0.104
    57.500      4.485      0.102
    58.000      4.480      0.101
    58.500      4.477      0.098
    59.000      4.472      0.094
    59.500      4.470      0.092
    60.000      4.467      0.090
    60.500      4.462      0.089
    61.000      4.458      0.089
    61.500      4.454      0.088
    62.000      4.451      0.086
    62.500      4.448      0.084
    63.000      4.447      0.084
    63.500      4.443      0.083
    64.000      4.440      0.084
    64.500      4.437      0.084
    65.000      4.433      0.082
    65.500      4.431      0.082
    66.000      4.430      0.081
    66.500      4.428      0.081
    67.000      4.425      0.082
    67.500      4.422      0.082
    68.000      4.420      0.081
    68.500      4.418      0.081
    69.000      4.417      0.081
    69.500      4.416      0.081
    70.000      4.414      0.081
    70.500      4.411      0.082
    71.000      4.409      0.081
    71.500      4.408      0.081
    72.000      4.407      0.082
    72.500      4.406      0.082
    73.000      4.405      0.082
    73.500      4.403      0.082
    74.000      4.402      0.082
    74.500      4.400      0.082
    75.000      4.399      0.082
    75.500      4.399      0.082
    76.000      4.399      0.083
    76.500      4.397      0.082
    77.000      4.396      0.082
    77.500      4.395      0.083
    78.000      4.394      0.083
    78.500      4.394      0.083
    79.000      4.394      0.084
    79.500      4.393      0.083
    80.000      4.392      0.083
    80.500      4.392      0.084
    81.000      4.391      0.084
    81.500      4.391      0.084
    82.000      4.391      0.085
    82.500      4.391      0.085
    83.000      4.390      0.085
    83.500      4.390      0.085
    84.000      4.390      0.086
    84.500      4.389      0.087
    85.000      4.389      0.087
    85.500      4.389      0.088
    86.000      4.389      0.088
    86.500      4.389      0.088
    87.000      4.389      0.089
    87.500      4.389      0.090
    88.000      4.389      0.090
    88.500      4.388      0.091
    89.000      4.389      0.092
    89.500      4.389      0.092
    90.000      4.388      0.093
    90.500      4.388      0.094
    91.000      4.388      0.094
    91.500      4.388      0.095
    92.000      4.388      0.096
    92.500      4.388      0.097
    93.000      4.388      0.098
    93.500      4.388      0.098
    94.000      4.388      0.099
    94.500      4.387      0.100
    95.000      4.387      0.101
    95.500      4.388      0.102
    96.000      4.387      0.102
    96.500      4.387      0.103
    97.000      4.387      0.103
    97.500      4.386      0.104
    98.000      4.386      0.106
    98.500      4.386      0.107
    99.000      4.386      0.107
    99.500      4.385      0.107
   100.000      4.385      0.108
   100.500      4.384      0.108
   101.000      4.384      0.110
   101.500      4.384      0.111
   102.000      4.384      0.112
   102.500      4.383      0.112
   103.000      4.383      0.112
   103.500      4.382      0.113
   104.000      4.381      0.114
   104.500      4.381      0.115
   105.000      4.380      0.116
   105.500      4.380      0.116
   106.000      4.380      0.116
   106.500      4.379      0.116
   107.000      4.378      0.118
   107.500      4.377      0.119
   108.000      4.377      0.119
   108.500      4.376      0.120
   109.000      4.376      0.119
   109.500      4.375      0.120
   110.000      4.374      0.121
   110.500      4.373      0.122
   111.000      4.372      0.123
   111.500      4.371      0.123
   112.000      4.371      0.123
   112.500      4.371      0.123
   113.000      4.369      0.124
   113.500      4.368      0.126
   114.000      4.367      0.126
   114.500      4.366      0.126
   115.000      4.366      0.126
   115.500      4.366      0.127
   116.000      4.365      0.128
   116.500      4.363      0.129
   117.000      4.362      0.130
   117.500      4.361      0.130
   118.000      4.361      0.130
   118.500      4.360      0.130
   119.000      4.360      0.131
   119.500      4.358      0.133
   120.000      4.357      0.134
   120.500      4.356      0.134
   121.000      4.355      0.134
   121.500      4.355      0.134
   122.000      4.354      0.135
   122.500      4.352      0.137
   123.000      4.351      0.138
   123.500      4.350      0.139
   124.000      4.349      0.139
   124.500      4.349      0.139
   125.000      4.348      0.140
   125.500      4.347      0.141
   126.000      4.345      0.142
   126.500      4.345      0.144
   127.000      4.344      0.144
   127.500      4.343      0.144
   128.000      4.342      0.145
   128.500      4.341      0.145
   129.000      4.340      0.147
   129.500      4.339      0.149
   130.000      4.338      0.150
   130.500      4.338      0.150
   131.000      4.337      0.150
   131.500      4.336      0.151
   132.000      4.335      0.152
   132.500      4.334      0.154
   133.000      4.333      0.155
   133.500      4.332      0.156
   134.000      4.332      0.157
   134.500      4.330      0.157
   135.000      4.329      0.158
   135.500      4.329      0.159
   136.000      4.328      0.161
   136.500      4.328      0.162
   137.000      4.327      0.163
   137.500      4.326      0.164
   138.000      4.324      0.164
   138.500      4.324      0.166
   139.000      4.324      0.167
   139.500      4.323      0.169
   140.000      4.323      0.170
   140.500      4.321      0.170
   141.000      4.320      0.171
   141.500      4.319      0.172
   142.000      4.319      0.173
   142.500      4.319      0.175
   143.000      4.319      0.176
   143.500      4.318      0.177
   144.000      4.317      0.177
   144.500      4.315      0.178
   145.000      4.315      0.179
   145.500      4.315      0.181
   146.000      4.316      0.182
   146.500      4.315      0.183
   147.000      4.314      0.184
   147.500      4.313      0.185
   148.000      4.312      0.186
   148.500      4.312      0.187
   149.000      4.313      0.188
   149.500      4.314      0.189
   150.000      4.313      0.190
   150.500      4.311      0.191
   151.000      4.310      0.191
   151.500      4.310      0.192
   152.000      4.311      0.193
   152.500      4.312      0.194
   153.000      4.312      0.195
   153.500      4.311      0.196
   154.000      4.309      0.197
   154.500      4.309      0.198
   155.000      4.310      0.198
   155.500      4.311      0.200
   156.000      4.312      0.200
   156.500      4.312      0.201
   157.000      4.310      0.202
   157.500      4.309      0.203
   158.000      4.310      0.203
   158.500      4.312      0.204
   159.000      4.313      0.205
   159.500      4.313      0.205
   160.000      4.313      0.206
   160.500      4.311      0.207
   161.000      4.312      0.207
   161.500      4.313      0.208
   162.000      4.315      0.209
   162.500      4.315      0.209
   163.000      4.316      0.209
   163.500      4.315      0.210
   164.000      4.315      0.211
   164.500      4.316      0.211
   165.000      4.317      0.213
   165.500      4.318      0.213
   166.000      4.320      0.213
   166.500      4.320      0.213
   167.000      4.320      0.214
   167.500      4.321      0.214
   168.000      4.322      0.216
   168.500      4.323      0.217
   169.000      4.325      0.216
   169.500      4.326      0.215
   170.000      4.328      0.216
   170.500      4.328      0.217
   171.000      4.328      0.218
   171.500      4.330      0.220
   172.000      4.331      0.220
   172.500      4.333      0.219
   173.000      4.336      0.219
   173.500      4.337      0.220
   174.000      4.336      0.221
   174.500      4.337      0.222
   175.000      4.338      0.224
   175.500      4.342      0.222
   176.000      4.346      0.223
   176.500      4.349      0.223
   177.000      4.347      0.225
   177.500      4.347      0.225
   178.000      4.349      0.228
   178.500      4.353      0.227
   179.000      4.358      0.228
   179.500      4.361      0.229
   180.000      4.361      0.228
   180.500      4.359      0.230
   181.000      4.361      0.233
   181.500      4.365      0.234
   182.000      4.371      0.235
   182.500      4.375      0.236
   183.000      4.375      0.236
   183.500      4.375      0.237
   184.000      4.373      0.238
   184.500      4.378      0.243
   185.000      4.387      0.245
   185.500      4.391      0.246
   186.000      4.391      0.246
   186.500      4.391      0.246
   187.000      4.391      0.248
   187.500      4.392      0.256
   188.000      4.405      0.259
   188.500      4.410      0.261
   189.000      4.410      0.261
   189.500      4.410      0.261
   190.000      4.411      0.260
   190.500      4.411      0.268
   191.000      4.426      0.278
   191.500      4.431      0.280
   192.000      4.431      0.280
   192.500      4.431      0.280
   193.000      4.431      0.280
   193.500      4.431      0.282
   194.000      4.449      0.303
   194.500      4.455      0.306
   195.000      4.455      0.306
   195.500      4.455      0.306
   196.000      4.455      0.306
   196.500      4.455      0.306
   197.000      4.475      0.334
   197.500      4.481      0.337
   198.000      4.481      0.337
   198.500      4.481      0.337
   199.000      4.481      0.337
