     0.000      1.584      0.568
     0.500      3.256      0.248
     1.000      3.237      0.243
     1.500      3.235      0.229
     2.000      3.255      0.168
     2.500      3.266      0.147
     3.000      3.269      0.127
     3.500      3.289      0.084
     4.000      3.295      0.073
     4.500      3.303      0.054
     5.000      3.318      0.043
     5.500      3.324      0.045
     6.000      3.333      0.047
     6.500      3.343      0.055
     7.000      3.351      0.062
     7.500      3.358      0.069
     8.000      3.368      0.076
     8.500      3.375      0.081
     9.000      3.381      0.084
     9.500      3.390      0.088
    10.000      3.396      0.088
    10.500      3.402      0.089
    11.000      3.409      0.089
    11.500      3.416      0.086
    12.000      3.421      0.085
    12.500      3.428      0.082
    13.000      3.433      0.078
    13.500      3.439      0.074
    14.000      3.444      0.071
    14.500      3.450      0.065
    15.000      3.455      0.061
    15.500      3.460      0.057
    16.000      3.465      0.052
    16.500      3.470      0.048
    17.000      3.474      0.045
    17.500      3.480      0.040
    18.000      3.484      0.037
    18.500      3.489      0.035
    19.000      3.494      0.032
    19.500      3.499      0.030
    20.000      3.504      0.029
    20.500      3.509      0.028
    21.000      3.514      0.027
    21.500      3.519      0.026
    22.000      3.524      0.026
    22.500      3.529      0.025
    23.000      3.534      0.026
    23.500      3.539      0.026
    24.000      3.544      0.025
    24.500      3.549      0.026
    25.000      3.553      0.026
    25.500      3.559      0.026
    26.000      3.563      0.027
    26.500      3.568      0.028
    27.000      3.573      0.028
    27.500      3.577      0.029
    28.000      3.582      0.030
    28.500      3.587      0.031
    29.000      3.591      0.033
    29.500      3.595      0.034
    30.000      3.600      0.036
    30.500      3.603      0.038
    31.000      3.607      0.039
    31.500      3.612      0.042
    32.000      3.615      0.043
    32.500      3.618      0.046
    33.000      3.622      0.048
    33.500      3.625      0.050
    34.000      3.628      0.053
    34.500      3.632      0.056
    35.000      3.634      0.058
    35.500      3.637      0.061
    36.000      3.639      0.064
    36.500      3.641      0.067
    37.000      3.643      0.071
    37.500      3.645      0.075
    38.000      3.647      0.078
    38.500      3.648      0.082
    39.000      3.649      0.087
    39.500      3.650      0.091
    40.000      3.651      0.096
    40.500      3.651      0.101
    41.000      3.652      0.107
    41.500      3.652      0.113
    42.000      3.652      0.118
    42.500      3.655      0.123
    43.000      3.662      0.122
    43.500      3.671      0.119
    44.000      3.676      0.122
    44.500      3.680      0.123
    45.000      3.685      0.125
    45.500      3.689      0.127
    46.000      3.691      0.133
    46.500      3.691      0.139
    47.000      3.691      0.148
    47.500      3.692      0.155
    48.000      3.694      0.163
    48.500      3.693      0.173
    49.000      3.694      0.180
    49.500      3.697      0.182
    50.000      3.710      0.174
    50.500      3.721      0.168
    51.000      3.735      0.161
    51.500      3.750      0.153
    52.000      3.765      0.145
    52.500      3.775      0.140
    53.000      3.784      0.142
    53.500      4.195      0.305
    54.000      4.207      0.297
    54.500      4.219      0.285
    55.000      4.224      0.274
    55.500      4.229      0.260
    56.000      4.235      0.254
    56.500      4.248      0.252
    57.000      4.254      0.253
    57.500      4.256      0.246
    58.000      4.255      0.239
    58.500      4.257      0.233
    59.000      4.262      0.230
    59.500      4.270      0.229
    60.000      4.269      0.224
    60.500      4.272      0.221
    61.000      4.275      0.218
    61.500      4.284      0.216
    62.000      4.291      0.213
    62.500      4.296      0.208
    63.000      4.300      0.204
    63.500      4.302      0.200
    64.000      4.301      0.196
    64.500      4.301      0.192
    65.000      4.302      0.188
    65.500      4.303      0.184
    66.000      4.304      0.182
    66.500      4.307      0.181
    67.000      4.308      0.178
    67.500      4.308      0.176
    68.000      4.310      0.177
    68.500      4.312      0.179
    69.000      4.313      0.179
    69.500      4.314      0.180
    70.000      4.316      0.181
    70.500      4.317      0.180
    71.000      4.318      0.178
    71.500      4.319      0.179
    72.000      4.321      0.180
    72.500      4.321      0.181
    73.000      4.322      0.182
    73.500      4.322      0.182
    74.000      4.322      0.181
    74.500      4.323      0.180
    75.000      4.323      0.179
    75.500      4.324      0.179
    76.000      4.325      0.179
    76.500      4.326      0.180
    77.000      4.326      0.180
    77.500      4.327      0.180
    78.000      4.327      0.178
    78.500      4.328      0.177
    79.000      4.330      0.177
    79.500      4.330      0.176
    80.000      4.331      0.176
    80.500      4.332      0.176
    81.000      4.333      0.175
    81.500      4.333      0.173
    82.000      4.334      0.172
    82.500      4.336      0.170
    83.000      4.337      0.169
    83.500      4.338      0.168
    84.000      4.339      0.167
    84.500      4.340      0.165
    85.000      4.341      0.163
    85.500      4.341      0.162
    86.000      4.343      0.159
    86.500      4.345      0.157
    87.000      4.346      0.155
    87.500      4.347      0.153
    88.000      4.348      0.151
    88.500      4.349      0.149
    89.000      4.350      0.147
    89.500      4.351      0.144
    90.000      4.353      0.141
    90.500      4.354      0.139
    91.000      4.355      0.137
    91.500      4.356      0.135
    92.000      4.357      0.133
    92.500      4.359      0.130
    93.000      4.359      0.127
    93.500      4.361      0.124
    94.000      4.363      0.122
    94.500      4.364      0.120
    95.000      4.365      0.118
    95.500      4.366      0.116
    96.000      4.368      0.113
    96.500      4.369      0.111
    97.000      4.369      0.108
    97.500      4.371      0.106
    98.000      4.372      0.105
    98.500      4.374      0.104
    99.000      4.375      0.102
    99.500      4.376      0.100
   100.000      4.377      0.098
   100.500      4.378      0.096
   101.000      4.379      0.095
   101.500      4.380      0.095
   102.000      4.382      0.094
   102.500      4.383      0.094
   103.000      4.384      0.093
   103.500      4.385      0.092
   104.000      4.386      0.091
   104.500      4.387      0.091
   105.000      4.388      0.092
   105.500      4.389      0.092
   106.000      4.391      0.092
   106.500      4.391      0.093
   107.000      4.393      0.093
   107.500      4.394      0.093
   108.000      4.394      0.094
   108.500      4.395      0.095
   109.000      4.396      0.096
   109.500      4.397      0.097
   110.000      4.398      0.098
   110.500      4.399      0.099
   111.000      4.400      0.100
   111.500      4.401      0.101
   112.000      4.402      0.102
   112.500      4.402      0.103
   113.000      4.403      0.104
   113.500      4.404      0.106
   114.000      4.405      0.107
   114.500      4.406      0.109
   115.000      4.407      0.110
   115.500      4.407      0.111
   116.000      4.408      0.112
   116.500      4.409      0.113
   117.000      4.409      0.115
   117.500      4.410      0.116
   118.000      4.411      0.118
   118.500      4.412      0.119
   119.000      4.412      0.121
   119.500      4.413      0.122
   120.000      4.413      0.122
   120.500      4.414      0.124
   121.000      4.414      0.125
   121.500      4.415      0.126
   122.000      4.416      0.128
   122.500      4.416      0.129
   123.000      4.417      0.130
   123.500      4.418      0.131
   124.000      4.418      0.132
   124.500      4.418      0.133
   125.000      4.418      0.134
   125.500      4.419      0.135
   126.000      4.420      0.137
   126.500      4.420      0.138
   127.000      4.421      0.139
   127.500      4.421      0.140
   128.000      4.421      0.140
   128.500      4.421      0.141
   129.000      4.421      0.142
   129.500      4.422      0.143
   130.000      4.423      0.145
   130.500      4.423      0.146
   131.000      4.423      0.146
   131.500      4.423      0.147
   132.000      4.424      0.148
   132.500      4.423      0.148
   133.000      4.423      0.149
   133.500      4.424      0.150
   134.000      4.424      0.152
   134.500      4.425      0.152
   135.000      4.425      0.153
   135.500      4.425      0.153
   136.000      4.425      0.154
   136.500      4.424      0.154
   137.000      4.424      0.155
   137.500      4.425      0.157
   138.000      4.425      0.158
   138.500      4.426      0.158
   139.000      4.426      0.158
   139.500      4.425      0.159
   140.000      4.424      0.159
   140.500      4.424      0.159
   141.000      4.424      0.160
   141.500      4.425      0.162
   142.000      4.425      0.162
   142.500      4.425      0.163
   143.000      4.425      0.163
   143.500      4.424      0.164
   144.000      4.423      0.164
   144.500      4.422      0.164
   145.000      4.423      0.165
   145.500      4.424      0.166
   146.000      4.424      0.167
   146.500      4.424      0.168
   147.000      4.422      0.168
   147.500      4.421      0.168
   148.000      4.421      0.168
   148.500      4.420      0.168
   149.000      4.421      0.169
   149.500      4.422      0.170
   150.000      4.421      0.171
   150.500      4.420      0.172
   151.000      4.418      0.172
   151.500      4.418      0.172
   152.000      4.417      0.172
   152.500      4.417      0.172
   153.000      4.418      0.173
   153.500      4.418      0.174
   154.000      4.416      0.176
   154.500      4.415      0.176
   155.000      4.414      0.177
   155.500      4.413      0.176
   156.000      4.413      0.176
   156.500      4.413      0.175
   157.000      4.413      0.177
   157.500      4.412      0.179
   158.000      4.410      0.181
   158.500      4.409      0.181
   159.000      4.408      0.181
   159.500      4.408      0.180
   160.000      4.407      0.179
   160.500      4.407      0.180
   161.000      4.406      0.183
   161.500      4.404      0.185
   162.000      4.403      0.186
   162.500      4.402      0.186
   163.000      4.402      0.185
   163.500      4.401      0.184
   164.000      4.401      0.184
   164.500      4.399      0.186
   165.000      4.397      0.190
   165.500      4.396      0.191
   166.000      4.395      0.192
   166.500      4.395      0.191
   167.000      4.393      0.189
   167.500      4.393      0.189
   168.000      4.392      0.191
   168.500      4.389      0.195
   169.000      4.388      0.198
   169.500      4.387      0.198
   170.000      4.386      0.198
   170.500      4.385      0.197
   171.000      4.384      0.196
   171.500      4.383      0.198
   172.000      4.380      0.203
   172.500      4.379      0.205
   173.000      4.378      0.206
   173.500      4.376      0.206
   174.000      4.376      0.206
   174.500      4.374      0.205
   175.000      4.373      0.206
   175.500      4.370      0.213
   176.000      4.368      0.215
   176.500      4.368      0.216
   177.000      4.367      0.216
   177.500      4.365      0.217
   178.000      4.363      0.217
   178.500      4.362      0.218
   179.000      4.358      0.225
   179.500      4.356      0.229
   180.000      4.356      0.229
   180.500      4.355      0.229
   181.000      4.353      0.229
   181.500      4.351      0.232
   182.000      4.349      0.233
   182.500      4.345      0.242
   183.000      4.343      0.246
   183.500      4.343      0.246
   184.000      4.343      0.246
   184.500      4.341      0.246
   185.000      4.338      0.248
   185.500      4.335      0.252
   186.000      4.331      0.263
   186.500      4.328      0.268
   187.000      4.328      0.268
   187.500      4.328      0.268
   188.000      4.328      0.268
   188.500      4.325      0.267
   189.000      4.320      0.277
   189.500      4.316      0.288
   190.000      4.312      0.295
   190.500      4.312      0.295
   191.000      4.312      0.295
   191.500      4.312      0.295
   192.000      4.312      0.295
   192.500      4.306      0.299
   193.000      4.299      0.320
   193.500      4.295      0.327
   194.000      4.295      0.327
   194.500      4.295      0.327
   195.000      4.295      0.327
   195.500      4.295      0.327
   196.000      4.295      0.327
   196.500      4.281      0.357
   197.000      4.276      0.366
   197.500      4.276      0.366
   198.000      4.276      0.366
   198.500      4.276      0.366
   199.000      4.276      0.366
