     0.000      1.252      0.508
     0.500      3.195      0.235
     1.000      3.249      0.221
     1.500      3.262      0.202
     2.000      3.312      0.154
     2.500      3.336      0.153
     3.000      3.361      0.118
     3.500      3.387      0.097
     4.000      3.408      0.094
     4.500      3.430      0.069
     5.000      3.443      0.062
     5.500      3.462      0.055
     6.000      3.475      0.051
     6.500      3.483      0.049
     7.000      3.496      0.052
     7.500      3.503      0.053
     8.000      3.509      0.057
     8.500      3.513      0.061
     9.000      3.516      0.063
     9.500      3.519      0.067
    10.000      3.518      0.069
    10.500      3.517      0.070
    11.000      3.515      0.071
    11.500      3.512      0.072
    12.000      3.508      0.071
    12.500      3.503      0.071
    13.000      3.497      0.071
    13.500      3.490      0.068
    14.000      3.483      0.068
    14.500      3.475      0.066
    15.000      3.467      0.064
    15.500      3.458      0.062
    16.000      3.449      0.059
    16.500      3.440      0.058
    17.000      3.431      0.056
    17.500      3.421      0.053
    18.000      3.412      0.052
    18.500      3.402      0.049
    19.000      3.393      0.048
    19.500      3.385      0.046
    20.000      3.375      0.044
    20.500      3.367      0.043
    21.000      3.359      0.040
    21.500      3.350      0.039
    22.000      3.343      0.038
    22.500      3.336      0.035
    23.000      3.329      0.035
    23.500      3.322      0.033
    24.000      3.316      0.030
    24.500      3.310      0.030
    25.000      3.304      0.028
    25.500      3.299      0.027
    26.000      3.294      0.026
    26.500      3.290      0.025
    27.000      3.286      0.024
    27.500      3.282      0.024
    28.000      3.279      0.024
    28.500      3.276      0.024
    29.000      3.273      0.024
    29.500      3.271      0.025
    30.000      3.269      0.026
    30.500      3.267      0.027
    31.000      3.266      0.028
    31.500      3.266      0.030
    32.000      3.265      0.031
    32.500      3.265      0.033
    33.000      3.266      0.034
    33.500      3.267      0.036
    34.000      3.268      0.038
    34.500      3.270      0.039
    35.000      3.272      0.041
    35.500      3.274      0.042
    36.000      3.277      0.043
    36.500      3.280      0.045
    37.000      3.284      0.046
    37.500      3.288      0.046
    38.000      3.293      0.048
    38.500      3.297      0.048
    39.000      3.303      0.049
    39.500      3.309      0.050
    40.000      3.315      0.051
    40.500      3.321      0.051
    41.000      3.329      0.052
    41.500      3.336      0.053
    42.000      3.344      0.054
    42.500      3.353      0.055
    43.000      3.360      0.057
    43.500      3.370      0.058
    44.000      3.380      0.061
    44.500      3.389      0.064
    45.000      3.400      0.067
    45.500      3.411      0.072
    46.000      3.422      0.076
    46.500      3.434      0.081
    47.000      3.447      0.089
    47.500      3.459      0.095
    48.000      3.472      0.102
    48.500      3.484      0.110
    49.000      3.497      0.118
    49.500      3.512      0.124
    50.000      3.527      0.132
    50.500      3.544      0.137
    51.000      3.559      0.140
    51.500      3.572      0.139
    52.000      3.586      0.139
    52.500      3.598      0.143
    53.000      3.615      0.147
    53.500      3.628      0.150
    54.000      3.644      0.156
    54.500      3.662      0.163
    55.000      3.684      0.165
    55.500      3.714      0.164
    56.000      3.745      0.163
    56.500      3.775      0.163
    57.000      3.807      0.157
    57.500      3.839      0.154
    58.000      3.870      0.145
    58.500      3.900      0.143
    59.000      4.293      0.256
    59.500      4.305      0.255
    60.000      4.315      0.249
    60.500      4.323      0.247
    61.000      4.327      0.245
    61.500      4.330      0.242
    62.000      4.334      0.241
    62.500      4.337      0.241
    63.000      4.338      0.238
    63.500      4.340      0.234
    64.000      4.348      0.232
    64.500      4.356      0.234
    65.000      4.370      0.241
    65.500      4.379      0.247
    66.000      4.384      0.250
    66.500      4.387      0.252
    67.000      4.391      0.251
    67.500      4.393      0.246
    68.000      4.391      0.240
    68.500      4.387      0.231
    69.000      4.384      0.226
    69.500      4.382      0.223
    70.000      4.380      0.222
    70.500      4.380      0.220
    71.000      4.381      0.219
    71.500      4.380      0.217
    72.000      4.376      0.214
    72.500      4.371      0.211
    73.000      4.367      0.210
    73.500      4.363      0.209
    74.000      4.361      0.211
    74.500      4.359      0.212
    75.000      4.356      0.213
    75.500      4.352      0.214
    76.000      4.348      0.214
    76.500      4.345      0.214
    77.000      4.343      0.215
    77.500      4.342      0.217
    78.000      4.340      0.219
    78.500      4.337      0.221
    79.000      4.334      0.223
    79.500      4.331      0.224
    80.000      4.330      0.225
    80.500      4.329      0.225
    81.000      4.328      0.227
    81.500      4.327      0.228
    82.000      4.325      0.231
    82.500      4.323      0.232
    83.000      4.322      0.233
    83.500      4.321      0.233
    84.000      4.321      0.233
    84.500      4.321      0.233
    85.000      4.320      0.234
    85.500      4.318      0.235
    86.000      4.317      0.236
    86.500      4.317      0.237
    87.000      4.317      0.236
    87.500      4.317      0.234
    88.000      4.318      0.233
    88.500      4.317      0.233
    89.000      4.317      0.234
    89.500      4.317      0.234
    90.000      4.317      0.233
    90.500      4.317      0.231
    91.000      4.318      0.229
    91.500      4.318      0.228
    92.000      4.319      0.227
    92.500      4.319      0.227
    93.000      4.320      0.226
    93.500      4.320      0.224
    94.000      4.320      0.221
    94.500      4.321      0.219
    95.000      4.322      0.218
    95.500      4.323      0.217
    96.000      4.324      0.216
    96.500      4.324      0.213
    97.000      4.325      0.211
    97.500      4.325      0.208
    98.000      4.327      0.206
    98.500      4.328      0.204
    99.000      4.329      0.203
    99.500      4.331      0.201
   100.000      4.331      0.198
   100.500      4.331      0.196
   101.000      4.331      0.194
   101.500      4.333      0.191
   102.000      4.335      0.189
   102.500      4.337      0.188
   103.000      4.337      0.186
   103.500      4.338      0.183
   104.000      4.338      0.181
   104.500      4.339      0.179
   105.000      4.340      0.177
   105.500      4.343      0.175
   106.000      4.345      0.173
   106.500      4.344      0.172
   107.000      4.344      0.170
   107.500      4.345      0.169
   108.000      4.345      0.168
   108.500      4.347      0.166
   109.000      4.350      0.164
   109.500      4.351      0.162
   110.000      4.350      0.161
   110.500      4.350      0.161
   111.000      4.350      0.160
   111.500      4.352      0.159
   112.000      4.353      0.158
   112.500      4.355      0.156
   113.000      4.356      0.155
   113.500      4.355      0.155
   114.000      4.355      0.155
   114.500      4.355      0.155
   115.000      4.357      0.155
   115.500      4.359      0.154
   116.000      4.359      0.153
   116.500      4.360      0.153
   117.000      4.359      0.154
   117.500      4.359      0.154
   118.000      4.359      0.155
   118.500      4.361      0.155
   119.000      4.362      0.154
   119.500      4.363      0.154
   120.000      4.363      0.155
   120.500      4.363      0.156
   121.000      4.363      0.157
   121.500      4.363      0.158
   122.000      4.364      0.158
   122.500      4.365      0.158
   123.000      4.365      0.159
   123.500      4.365      0.160
   124.000      4.365      0.162
   124.500      4.365      0.162
   125.000      4.365      0.163
   125.500      4.366      0.164
   126.000      4.367      0.165
   126.500      4.367      0.166
   127.000      4.367      0.168
   127.500      4.366      0.169
   128.000      4.367      0.170
   128.500      4.367      0.171
   129.000      4.367      0.172
   129.500      4.368      0.173
   130.000      4.368      0.175
   130.500      4.367      0.177
   131.000      4.367      0.179
   131.500      4.368      0.179
   132.000      4.368      0.180
   132.500      4.368      0.181
   133.000      4.368      0.183
   133.500      4.368      0.185
   134.000      4.367      0.187
   134.500      4.367      0.189
   135.000      4.368      0.190
   135.500      4.368      0.190
   136.000      4.368      0.192
   136.500      4.368      0.193
   137.000      4.367      0.196
   137.500      4.367      0.198
   138.000      4.367      0.199
   138.500      4.367      0.200
   139.000      4.367      0.201
   139.500      4.367      0.203
   140.000      4.367      0.204
   140.500      4.366      0.207
   141.000      4.366      0.209
   141.500      4.366      0.210
   142.000      4.366      0.211
   142.500      4.366      0.212
   143.000      4.366      0.213
   143.500      4.365      0.215
   144.000      4.364      0.217
   144.500      4.364      0.219
   145.000      4.364      0.221
   145.500      4.364      0.221
   146.000      4.364      0.222
   146.500      4.364      0.223
   147.000      4.363      0.225
   147.500      4.362      0.227
   148.000      4.362      0.229
   148.500      4.362      0.231
   149.000      4.362      0.231
   149.500      4.362      0.232
   150.000      4.362      0.233
   150.500      4.361      0.234
   151.000      4.360      0.237
   151.500      4.359      0.238
   152.000      4.359      0.239
   152.500      4.359      0.240
   153.000      4.359      0.240
   153.500      4.359      0.241
   154.000      4.358      0.242
   154.500      4.357      0.245
   155.000      4.357      0.246
   155.500      4.357      0.247
   156.000      4.356      0.248
   156.500      4.356      0.248
   157.000      4.356      0.248
   157.500      4.355      0.249
   158.000      4.354      0.251
   158.500      4.353      0.253
   159.000      4.353      0.253
   159.500      4.353      0.254
   160.000      4.352      0.253
   160.500      4.352      0.253
   161.000      4.351      0.255
   161.500      4.350      0.256
   162.000      4.350      0.258
   162.500      4.350      0.258
   163.000      4.350      0.258
   163.500      4.349      0.257
   164.000      4.348      0.257
   164.500      4.347      0.258
   165.000      4.346      0.260
   165.500      4.346      0.261
   166.000      4.346      0.261
   166.500      4.346      0.261
   167.000      4.346      0.260
   167.500      4.343      0.259
   168.000      4.343      0.260
   168.500      4.342      0.262
   169.000      4.342      0.263
   169.500      4.342      0.263
   170.000      4.343      0.262
   170.500      4.342      0.261
   171.000      4.340      0.260
   171.500      4.338      0.261
   172.000      4.338      0.262
   172.500      4.338      0.263
   173.000      4.338      0.263
   173.500      4.340      0.262
   174.000      4.339      0.261
   174.500      4.336      0.259
   175.000      4.333      0.261
   175.500      4.333      0.262
   176.000      4.334      0.262
   176.500      4.334      0.261
   177.000      4.336      0.260
   177.500      4.336      0.260
   178.000      4.333      0.258
   178.500      4.328      0.260
   179.000      4.328      0.261
   179.500      4.329      0.260
   180.000      4.330      0.259
   180.500      4.332      0.259
   181.000      4.333      0.258
   181.500      4.330      0.257
   182.000      4.323      0.259
   182.500      4.323      0.261
   183.000      4.325      0.260
   183.500      4.327      0.259
   184.000      4.328      0.258
   184.500      4.328      0.258
   185.000      4.328      0.258
   185.500      4.319      0.258
   186.000      4.318      0.263
   186.500      4.321      0.261
   187.000      4.323      0.261
   187.500      4.324      0.261
   188.000      4.324      0.261
   188.500      4.324      0.261
   189.000      4.318      0.260
   189.500      4.313      0.269
   190.000      4.317      0.268
   190.500      4.320      0.269
   191.000      4.320      0.269
   191.500      4.320      0.269
   192.000      4.320      0.269
   192.500      4.319      0.268
   193.000      4.308      0.281
   193.500      4.315      0.283
   194.000      4.316      0.284
   194.500      4.316      0.284
   195.000      4.316      0.284
   195.500      4.316      0.284
   196.000      4.316      0.284
   196.500      4.303      0.301
   197.000      4.312      0.308
   197.500      4.312      0.308
   198.000      4.312      0.308
   198.500      4.312      0.308
   199.000      4.312      0.308
   199.500      4.312      0.308
