     0.000      1.396      0.634
     0.500      2.171      0.441
     1.000      2.896      0.187
     1.500      2.943      0.172
     2.000      3.011      0.147
     2.500      3.061      0.136
     3.000      3.116      0.120
     3.500      3.157      0.109
     4.000      3.202      0.094
     4.500      3.239      0.093
     5.000      3.277      0.081
     5.500      3.306      0.077
     6.000      3.340      0.074
     6.500      3.365      0.072
     7.000      3.392      0.071
     7.500      3.415      0.071
     8.000      3.437      0.073
     8.500      3.457      0.074
     9.000      3.476      0.078
     9.500      3.493      0.078
    10.000      3.510      0.081
    10.500      3.525      0.083
    11.000      3.540      0.085
    11.500      3.554      0.085
    12.000      3.568      0.086
    12.500      3.582      0.086
    13.000      3.597      0.084
    13.500      3.611      0.083
    14.000      3.626      0.080
    14.500      3.639      0.079
    15.000      3.651      0.076
    15.500      3.664      0.075
    16.000      3.674      0.074
    16.500      3.684      0.074
    17.000      3.694      0.073
    17.500      3.703      0.072
    18.000      3.712      0.071
    18.500      3.722      0.070
    19.000      3.731      0.068
    19.500      3.741      0.067
    20.000      3.750      0.065
    20.500      3.760      0.063
    21.000      3.770      0.061
    21.500      3.780      0.058
    22.000      3.790      0.055
    22.500      3.802      0.053
    23.000      3.813      0.050
    23.500      3.824      0.048
    24.000      3.837      0.047
    24.500      3.849      0.048
    25.000      3.862      0.049
    25.500      3.872      0.048
    26.000      3.885      0.050
    26.500      3.895      0.050
    27.000      3.906      0.050
    27.500      3.917      0.053
    28.000      3.927      0.052
    28.500      3.936      0.052
    29.000      3.945      0.049
    29.500      3.956      0.048
    30.000      3.968      0.051
    30.500      3.978      0.050
    31.000      3.990      0.053
    31.500      4.123      0.108
    32.000      4.130      0.105
    32.500      4.143      0.104
    33.000      4.154      0.103
    33.500      4.162      0.102
    34.000      4.171      0.101
    34.500      4.177      0.100
    35.000      4.185      0.102
    35.500      4.191      0.102
    36.000      4.193      0.098
    36.500      4.196      0.093
    37.000      4.200      0.090
    37.500      4.205      0.089
    38.000      4.213      0.093
    38.500      4.221      0.095
    39.000      4.230      0.094
    39.500      4.239      0.096
    40.000      4.249      0.099
    40.500      4.261      0.108
    41.000      4.266      0.109
    41.500      4.269      0.106
    42.000      4.273      0.104
    42.500      4.277      0.101
    43.000      4.281      0.098
    43.500      4.283      0.093
    44.000      4.286      0.090
    44.500      4.287      0.087
    45.000      4.289      0.086
    45.500      4.293      0.085
    46.000      4.295      0.084
    46.500      4.298      0.082
    47.000      4.300      0.080
    47.500      4.303      0.078
    48.000      4.304      0.078
    48.500      4.307      0.078
    49.000      4.310      0.078
    49.500      4.312      0.079
    50.000      4.314      0.077
    50.500      4.315      0.077
    51.000      4.317      0.076
    51.500      4.319      0.077
    52.000      4.322      0.078
    52.500      4.324      0.079
    53.000      4.326      0.079
    53.500      4.327      0.078
    54.000      4.329      0.078
    54.500      4.330      0.078
    55.000      4.332      0.079
    55.500      4.335      0.079
    56.000      4.337      0.079
    56.500      4.339      0.079
    57.000      4.340      0.079
    57.500      4.341      0.079
    58.000      4.343      0.078
    58.500      4.344      0.079
    59.000      4.346      0.079
    59.500      4.348      0.078
    60.000      4.349      0.078
    60.500      4.350      0.078
    61.000      4.352      0.077
    61.500      4.353      0.077
    62.000      4.355      0.076
    62.500      4.356      0.076
    63.000      4.358      0.075
    63.500      4.359      0.075
    64.000      4.360      0.074
    64.500      4.361      0.074
    65.000      4.363      0.073
    65.500      4.363      0.072
    66.000      4.365      0.071
    66.500      4.366      0.071
    67.000      4.367      0.070
    67.500      4.369      0.070
    68.000      4.370      0.069
    68.500      4.371      0.068
    69.000      4.371      0.067
    69.500      4.372      0.066
    70.000      4.374      0.066
    70.500      4.375      0.066
    71.000      4.376      0.066
    71.500      4.377      0.064
    72.000      4.378      0.064
    72.500      4.378      0.064
    73.000      4.379      0.063
    73.500      4.381      0.063
    74.000      4.382      0.063
    74.500      4.383      0.063
    75.000      4.384      0.063
    75.500      4.383      0.063
    76.000      4.384      0.063
    76.500      4.386      0.064
    77.000      4.387      0.064
    77.500      4.388      0.064
    78.000      4.389      0.064
    78.500      4.389      0.065
    79.000      4.389      0.067
    79.500      4.390      0.068
    80.000      4.392      0.069
    80.500      4.393      0.069
    81.000      4.394      0.069
    81.500      4.394      0.070
    82.000      4.394      0.073
    82.500      4.394      0.074
    83.000      4.396      0.075
    83.500      4.398      0.077
    84.000      4.399      0.077
    84.500      4.399      0.078
    85.000      4.399      0.080
    85.500      4.399      0.083
    86.000      4.400      0.084
    86.500      4.401      0.085
    87.000      4.403      0.086
    87.500      4.404      0.087
    88.000      4.404      0.089
    88.500      4.404      0.091
    89.000      4.404      0.093
    89.500      4.405      0.095
    90.000      4.407      0.096
    90.500      4.408      0.097
    91.000      4.409      0.098
    91.500      4.409      0.100
    92.000      4.409      0.102
    92.500      4.409      0.103
    93.000      4.411      0.104
    93.500      4.412      0.106
    94.000      4.413      0.107
    94.500      4.413      0.108
    95.000      4.414      0.110
    95.500      4.414      0.111
    96.000      4.415      0.112
    96.500      4.416      0.113
    97.000      4.417      0.114
    97.500      4.418      0.116
    98.000      4.419      0.117
    98.500      4.419      0.118
    99.000      4.419      0.119
    99.500      4.420      0.119
   100.000      4.421      0.120
   100.500      4.422      0.122
   101.000      4.423      0.123
   101.500      4.424      0.124
   102.000      4.424      0.124
   102.500      4.425      0.125
   103.000      4.426      0.125
   103.500      4.427      0.126
   104.000      4.427      0.127
   104.500      4.429      0.128
   105.000      4.429      0.129
   105.500      4.429      0.129
   106.000      4.430      0.129
   106.500      4.431      0.130
   107.000      4.432      0.131
   107.500      4.433      0.131
   108.000      4.434      0.132
   108.500      4.434      0.132
   109.000      4.435      0.132
   109.500      4.435      0.132
   110.000      4.436      0.133
   110.500      4.437      0.134
   111.000      4.438      0.134
   111.500      4.438      0.134
   112.000      4.439      0.135
   112.500      4.439      0.135
   113.000      4.440      0.135
   113.500      4.441      0.136
   114.000      4.442      0.136
   114.500      4.443      0.136
   115.000      4.443      0.136
   115.500      4.443      0.136
   116.000      4.444      0.136
   116.500      4.444      0.137
   117.000      4.446      0.137
   117.500      4.447      0.137
   118.000      4.447      0.137
   118.500      4.447      0.137
   119.000      4.447      0.137
   119.500      4.448      0.137
   120.000      4.449      0.138
   120.500      4.450      0.138
   121.000      4.451      0.138
   121.500      4.451      0.138
   122.000      4.451      0.138
   122.500      4.451      0.138
   123.000      4.452      0.139
   123.500      4.453      0.138
   124.000      4.454      0.139
   124.500      4.454      0.139
   125.000      4.454      0.139
   125.500      4.454      0.139
   126.000      4.454      0.139
   126.500      4.455      0.139
   127.000      4.456      0.139
   127.500      4.457      0.140
   128.000      4.457      0.140
   128.500      4.457      0.140
   129.000      4.457      0.140
   129.500      4.457      0.140
   130.000      4.458      0.140
   130.500      4.458      0.141
   131.000      4.459      0.141
   131.500      4.459      0.141
   132.000      4.459      0.141
   132.500      4.459      0.141
   133.000      4.459      0.142
   133.500      4.459      0.142
   134.000      4.460      0.143
   134.500      4.460      0.143
   135.000      4.460      0.143
   135.500      4.460      0.143
   136.000      4.460      0.143
   136.500      4.461      0.143
   137.000      4.460      0.145
   137.500      4.460      0.145
   138.000      4.461      0.145
   138.500      4.460      0.145
   139.000      4.460      0.145
   139.500      4.461      0.145
   140.000      4.461      0.146
   140.500      4.460      0.148
   141.000      4.460      0.148
   141.500      4.460      0.148
   142.000      4.459      0.149
   142.500      4.459      0.149
   143.000      4.460      0.149
   143.500      4.460      0.150
   144.000      4.460      0.151
   144.500      4.459      0.152
   145.000      4.458      0.153
   145.500      4.457      0.153
   146.000      4.457      0.153
   146.500      4.457      0.154
   147.000      4.458      0.154
   147.500      4.458      0.155
   148.000      4.457      0.157
   148.500      4.455      0.158
   149.000      4.455      0.158
   149.500      4.454      0.159
   150.000      4.454      0.159
   150.500      4.454      0.160
   151.000      4.455      0.160
   151.500      4.454      0.162
   152.000      4.451      0.163
   152.500      4.450      0.165
   153.000      4.449      0.165
   153.500      4.449      0.166
   154.000      4.450      0.166
   154.500      4.451      0.167
   155.000      4.450      0.167
   155.500      4.447      0.170
   156.000      4.444      0.172
   156.500      4.443      0.173
   157.000      4.443      0.173
   157.500      4.444      0.173
   158.000      4.445      0.174
   158.500      4.445      0.174
   159.000      4.441      0.176
   159.500      4.437      0.180
   160.000      4.436      0.181
   160.500      4.436      0.181
   161.000      4.437      0.181
   161.500      4.438      0.181
   162.000      4.437      0.182
   162.500      4.433      0.184
   163.000      4.429      0.188
   163.500      4.427      0.190
   164.000      4.428      0.190
   164.500      4.428      0.190
   165.000      4.429      0.190
   165.500      4.427      0.191
   166.000      4.423      0.193
   166.500      4.419      0.197
   167.000      4.417      0.200
   167.500      4.418      0.200
   168.000      4.419      0.199
   168.500      4.418      0.200
   169.000      4.415      0.201
   169.500      4.411      0.205
   170.000      4.408      0.206
   170.500      4.405      0.210
   171.000      4.406      0.211
   171.500      4.406      0.210
   172.000      4.406      0.210
   172.500      4.402      0.212
   173.000      4.397      0.217
   173.500      4.395      0.218
   174.000      4.393      0.221
   174.500      4.392      0.222
   175.000      4.392      0.222
   175.500      4.392      0.222
   176.000      4.387      0.226
   176.500      4.382      0.230
   177.000      4.380      0.230
   177.500      4.380      0.231
   178.000      4.376      0.236
   178.500      4.376      0.236
   179.000      4.376      0.236
   179.500      4.369      0.241
   180.000      4.364      0.245
   180.500      4.363      0.245
   181.000      4.362      0.246
   181.500      4.359      0.250
   182.000      4.358      0.251
   182.500      4.358      0.251
   183.000      4.350      0.258
   183.500      4.345      0.261
   184.000      4.344      0.262
   184.500      4.343      0.263
   185.000      4.342      0.263
   185.500      4.339      0.268
   186.000      4.338      0.268
   186.500      4.328      0.278
   187.000      4.323      0.280
   187.500      4.321      0.282
   188.000      4.321      0.282
   188.500      4.321      0.282
   189.000      4.317      0.288
   189.500      4.317      0.288
   190.000      4.303      0.301
   190.500      4.298      0.304
   191.000      4.298      0.304
   191.500      4.298      0.304
   192.000      4.298      0.304
   192.500      4.297      0.305
   193.000      4.293      0.310
   193.500      4.275      0.324
   194.000      4.272      0.329
   194.500      4.272      0.329
   195.000      4.272      0.329
   195.500      4.272      0.329
   196.000      4.272      0.329
   196.500      4.267      0.335
   197.000      4.245      0.358
   197.500      4.245      0.358
   198.000      4.245      0.358
   198.500      4.245      0.358
   199.000      4.245      0.358
   199.500      4.245      0.358
