     0.000      1.428      0.498
     0.500      3.138      0.192
     1.000      3.202      0.173
     1.500      3.201      0.166
     2.000      3.206      0.128
     2.500      3.206      0.119
     3.000      3.205      0.106
     3.500      3.214      0.082
     4.000      3.214      0.075
     4.500      3.215      0.066
     5.000      3.224      0.054
     5.500      3.226      0.052
     6.000      3.230      0.047
     6.500      3.239      0.045
     7.000      3.242      0.045
     7.500      3.248      0.045
     8.000      3.256      0.048
     8.500      3.262      0.047
     9.000      3.269      0.049
     9.500      3.277      0.050
    10.000      3.285      0.051
    10.500      3.292      0.051
    11.000      3.300      0.051
    11.500      3.309      0.050
    12.000      3.317      0.050
    12.500      3.326      0.050
    13.000      3.335      0.048
    13.500      3.344      0.048
    14.000      3.353      0.046
    14.500      3.363      0.045
    15.000      3.371      0.044
    15.500      3.381      0.043
    16.000      3.391      0.041
    16.500      3.400      0.040
    17.000      3.409      0.039
    17.500      3.419      0.038
    18.000      3.428      0.037
    18.500      3.436      0.036
    19.000      3.447      0.035
    19.500      3.455      0.034
    20.000      3.463      0.033
    20.500      3.474      0.032
    21.000      3.482      0.031
    21.500      3.490      0.030
    22.000      3.500      0.029
    22.500      3.508      0.028
    23.000      3.516      0.028
    23.500      3.525      0.027
    24.000      3.533      0.026
    24.500      3.540      0.026
    25.000      3.548      0.025
    25.500      3.556      0.025
    26.000      3.563      0.025
    26.500      3.571      0.026
    27.000      3.578      0.027
    27.500      3.585      0.027
    28.000      3.592      0.028
    28.500      3.599      0.029
    29.000      3.605      0.031
    29.500      3.612      0.031
    30.000      3.618      0.033
    30.500      3.624      0.035
    31.000      3.630      0.036
    31.500      3.635      0.037
    32.000      3.641      0.039
    32.500      3.646      0.040
    33.000      3.651      0.042
    33.500      3.655      0.044
    34.000      3.660      0.045
    34.500      3.664      0.047
    35.000      3.668      0.049
    35.500      3.672      0.051
    36.000      3.676      0.053
    36.500      3.679      0.056
    37.000      3.682      0.059
    37.500      3.685      0.062
    38.000      3.688      0.065
    38.500      3.690      0.070
    39.000      3.692      0.074
    39.500      3.694      0.079
    40.000      3.696      0.085
    40.500      3.697      0.090
    41.000      3.698      0.098
    41.500      3.699      0.106
    42.000      3.700      0.115
    42.500      3.702      0.120
    43.000      3.710      0.112
    43.500      3.718      0.105
    44.000      3.727      0.096
    44.500      3.733      0.093
    45.000      3.735      0.098
    45.500      3.738      0.105
    46.000      3.739      0.113
    46.500      3.741      0.123
    47.000      3.745      0.131
    47.500      3.752      0.135
    48.000      3.760      0.140
    48.500      3.770      0.146
    49.000      3.777      0.153
    49.500      3.784      0.161
    50.000      3.794      0.169
    50.500      3.804      0.175
    51.000      3.815      0.179
    51.500      3.828      0.180
    52.000      3.839      0.186
    52.500      3.853      0.190
    53.000      3.876      0.180
    53.500      3.892      0.174
    54.000      3.915      0.148
    54.500      4.146      0.265
    55.000      4.164      0.264
    55.500      4.176      0.257
    56.000      4.186      0.251
    56.500      4.194      0.244
    57.000      4.204      0.238
    57.500      4.213      0.233
    58.000      4.227      0.232
    58.500      4.239      0.231
    59.000      4.251      0.231
    59.500      4.262      0.228
    60.000      4.269      0.226
    60.500      4.278      0.224
    61.000      4.284      0.222
    61.500      4.292      0.220
    62.000      4.295      0.215
    62.500      4.296      0.209
    63.000      4.299      0.206
    63.500      4.301      0.202
    64.000      4.300      0.196
    64.500      4.298      0.191
    65.000      4.295      0.183
    65.500      4.296      0.179
    66.000      4.297      0.177
    66.500      4.300      0.175
    67.000      4.303      0.174
    67.500      4.304      0.172
    68.000      4.304      0.169
    68.500      4.302      0.165
    69.000      4.304      0.164
    69.500      4.306      0.163
    70.000      4.309      0.163
    70.500      4.311      0.163
    71.000      4.313      0.164
    71.500      4.314      0.165
    72.000      4.314      0.164
    72.500      4.314      0.164
    73.000      4.316      0.163
    73.500      4.317      0.162
    74.000      4.318      0.160
    74.500      4.319      0.159
    75.000      4.319      0.159
    75.500      4.320      0.159
    76.000      4.320      0.159
    76.500      4.321      0.158
    77.000      4.322      0.157
    77.500      4.324      0.156
    78.000      4.325      0.155
    78.500      4.326      0.155
    79.000      4.327      0.154
    79.500      4.328      0.154
    80.000      4.329      0.153
    80.500      4.330      0.152
    81.000      4.331      0.151
    81.500      4.333      0.150
    82.000      4.334      0.149
    82.500      4.336      0.148
    83.000      4.337      0.147
    83.500      4.338      0.146
    84.000      4.339      0.144
    84.500      4.340      0.143
    85.000      4.342      0.142
    85.500      4.344      0.141
    86.000      4.345      0.139
    86.500      4.347      0.137
    87.000      4.348      0.136
    87.500      4.349      0.135
    88.000      4.350      0.134
    88.500      4.352      0.133
    89.000      4.354      0.130
    89.500      4.355      0.128
    90.000      4.356      0.127
    90.500      4.358      0.125
    91.000      4.359      0.124
    91.500      4.361      0.123
    92.000      4.362      0.122
    92.500      4.364      0.120
    93.000      4.365      0.118
    93.500      4.366      0.117
    94.000      4.368      0.116
    94.500      4.370      0.116
    95.000      4.371      0.115
    95.500      4.373      0.114
    96.000      4.374      0.111
    96.500      4.375      0.110
    97.000      4.376      0.110
    97.500      4.377      0.111
    98.000      4.379      0.111
    98.500      4.381      0.111
    99.000      4.383      0.110
    99.500      4.383      0.108
   100.000      4.384      0.108
   100.500      4.386      0.109
   101.000      4.386      0.110
   101.500      4.388      0.111
   102.000      4.389      0.112
   102.500      4.391      0.112
   103.000      4.392      0.112
   103.500      4.393      0.112
   104.000      4.394      0.113
   104.500      4.394      0.115
   105.000      4.395      0.117
   105.500      4.396      0.119
   106.000      4.398      0.120
   106.500      4.399      0.120
   107.000      4.400      0.121
   107.500      4.400      0.122
   108.000      4.400      0.124
   108.500      4.401      0.126
   109.000      4.402      0.129
   109.500      4.403      0.131
   110.000      4.404      0.132
   110.500      4.405      0.133
   111.000      4.405      0.134
   111.500      4.405      0.135
   112.000      4.406      0.137
   112.500      4.405      0.140
   113.000      4.406      0.143
   113.500      4.407      0.144
   114.000      4.408      0.145
   114.500      4.408      0.146
   115.000      4.408      0.147
   115.500      4.408      0.149
   116.000      4.408      0.152
   116.500      4.408      0.155
   117.000      4.409      0.156
   117.500      4.410      0.157
   118.000      4.410      0.158
   118.500      4.411      0.159
   119.000      4.410      0.160
   119.500      4.410      0.163
   120.000      4.410      0.165
   120.500      4.410      0.167
   121.000      4.410      0.168
   121.500      4.411      0.169
   122.000      4.411      0.170
   122.500      4.411      0.171
   123.000      4.410      0.173
   123.500      4.410      0.176
   124.000      4.410      0.177
   124.500      4.410      0.178
   125.000      4.410      0.179
   125.500      4.410      0.180
   126.000      4.411      0.181
   126.500      4.410      0.183
   127.000      4.409      0.185
   127.500      4.409      0.186
   128.000      4.409      0.187
   128.500      4.409      0.188
   129.000      4.409      0.189
   129.500      4.409      0.190
   130.000      4.409      0.192
   130.500      4.408      0.193
   131.000      4.407      0.195
   131.500      4.407      0.195
   132.000      4.407      0.196
   132.500      4.407      0.197
   133.000      4.406      0.198
   133.500      4.407      0.200
   134.000      4.407      0.201
   134.500      4.406      0.202
   135.000      4.404      0.203
   135.500      4.404      0.203
   136.000      4.404      0.204
   136.500      4.403      0.205
   137.000      4.403      0.206
   137.500      4.404      0.208
   138.000      4.403      0.209
   138.500      4.402      0.210
   139.000      4.401      0.210
   139.500      4.401      0.210
   140.000      4.400      0.211
   140.500      4.400      0.212
   141.000      4.400      0.213
   141.500      4.400      0.215
   142.000      4.399      0.216
   142.500      4.398      0.216
   143.000      4.397      0.216
   143.500      4.397      0.217
   144.000      4.396      0.217
   144.500      4.396      0.218
   145.000      4.396      0.219
   145.500      4.396      0.220
   146.000      4.395      0.221
   146.500      4.394      0.221
   147.000      4.393      0.221
   147.500      4.393      0.221
   148.000      4.392      0.222
   148.500      4.392      0.222
   149.000      4.391      0.223
   149.500      4.391      0.224
   150.000      4.391      0.224
   150.500      4.390      0.224
   151.000      4.389      0.224
   151.500      4.388      0.224
   152.000      4.388      0.224
   152.500      4.388      0.225
   153.000      4.387      0.225
   153.500      4.388      0.227
   154.000      4.387      0.226
   154.500      4.385      0.225
   155.000      4.384      0.225
   155.500      4.384      0.225
   156.000      4.384      0.225
   156.500      4.384      0.225
   157.000      4.384      0.226
   157.500      4.384      0.227
   158.000      4.383      0.226
   158.500      4.381      0.225
   159.000      4.381      0.224
   159.500      4.380      0.224
   160.000      4.380      0.224
   160.500      4.380      0.224
   161.000      4.381      0.225
   161.500      4.381      0.225
   162.000      4.379      0.223
   162.500      4.378      0.222
   163.000      4.377      0.222
   163.500      4.377      0.221
   164.000      4.378      0.221
   164.500      4.378      0.221
   165.000      4.379      0.222
   165.500      4.378      0.220
   166.000      4.376      0.218
   166.500      4.374      0.218
   167.000      4.374      0.217
   167.500      4.375      0.217
   168.000      4.376      0.217
   168.500      4.376      0.216
   169.000      4.378      0.215
   169.500      4.376      0.214
   170.000      4.372      0.214
   170.500      4.371      0.213
   171.000      4.373      0.212
   171.500      4.374      0.212
   172.000      4.376      0.210
   172.500      4.376      0.209
   173.000      4.377      0.210
   173.500      4.372      0.210
   174.000      4.370      0.210
   174.500      4.372      0.208
   175.000      4.374      0.207
   175.500      4.376      0.206
   176.000      4.377      0.204
   176.500      4.377      0.205
   177.000      4.375      0.208
   177.500      4.371      0.207
   178.000      4.370      0.206
   178.500      4.374      0.206
   179.000      4.377      0.205
   179.500      4.378      0.203
   180.000      4.378      0.205
   180.500      4.378      0.207
   181.000      4.374      0.209
   181.500      4.370      0.209
   182.000      4.375      0.209
   182.500      4.379      0.210
   183.000      4.381      0.209
   183.500      4.380      0.212
   184.000      4.380      0.212
   184.500      4.381      0.214
   185.000      4.373      0.218
   185.500      4.377      0.221
   186.000      4.382      0.225
   186.500      4.385      0.225
   187.000      4.383      0.229
   187.500      4.384      0.229
   188.000      4.384      0.229
   188.500      4.383      0.233
   189.000      4.376      0.242
   189.500      4.387      0.251
   190.000      4.389      0.257
   190.500      4.389      0.258
   191.000      4.389      0.258
   191.500      4.389      0.258
   192.000      4.389      0.258
   192.500      4.381      0.269
   193.000      4.393      0.291
   193.500      4.396      0.302
   194.000      4.396      0.302
   194.500      4.396      0.302
   195.000      4.396      0.302
   195.500      4.396      0.302
   196.000      4.396      0.302
   196.500      4.402      0.343
   197.000      4.405      0.358
   197.500      4.405      0.358
   198.000      4.405      0.358
   198.500      4.405      0.358
   199.000      4.405      0.358
