     0.000      1.326      0.461
     0.500      1.887      0.362
     1.000      3.001      0.180
     1.500      3.115      0.190
     2.000      3.177      0.170
     2.500      3.214      0.152
     3.000      3.247      0.134
     3.500      3.276      0.118
     4.000      3.309      0.103
     4.500      3.330      0.093
     5.000      3.359      0.080
     5.500      3.380      0.073
     6.000      3.399      0.067
     6.500      3.424      0.056
     7.000      3.436      0.058
     7.500      3.457      0.049
     8.000      3.471      0.048
     8.500      3.484      0.047
     9.000      3.500      0.043
     9.500      3.510      0.043
    10.000      3.521      0.042
    10.500      3.531      0.042
    11.000      3.540      0.040
    11.500      3.548      0.040
    12.000      3.556      0.038
    12.500      3.562      0.038
    13.000      3.568      0.038
    13.500      3.574      0.036
    14.000      3.579      0.036
    14.500      3.584      0.035
    15.000      3.588      0.034
    15.500      3.592      0.034
    16.000      3.596      0.033
    16.500      3.600      0.032
    17.000      3.604      0.032
    17.500      3.607      0.031
    18.000      3.611      0.030
    18.500      3.613      0.030
    19.000      3.617      0.029
    19.500      3.620      0.028
    20.000      3.623      0.028
    20.500      3.627      0.027
    21.000      3.630      0.026
    21.500      3.633      0.025
    22.000      3.637      0.025
    22.500      3.640      0.024
    23.000      3.644      0.023
    23.500      3.647      0.023
    24.000      3.651      0.022
    24.500      3.655      0.022
    25.000      3.659      0.022
    25.500      3.663      0.022
    26.000      3.667      0.022
    26.500      3.671      0.022
    27.000      3.676      0.022
    27.500      3.681      0.023
    28.000      3.686      0.024
    28.500      3.691      0.024
    29.000      3.696      0.025
    29.500      3.702      0.027
    30.000      3.707      0.027
    30.500      3.713      0.028
    31.000      3.720      0.029
    31.500      3.726      0.030
    32.000      3.732      0.031
    32.500      3.740      0.032
    33.000      3.746      0.033
    33.500      3.754      0.034
    34.000      3.762      0.034
    34.500      3.770      0.035
    35.000      3.779      0.036
    35.500      3.787      0.037
    36.000      3.797      0.037
    36.500      3.806      0.039
    37.000      3.816      0.040
    37.500      3.826      0.041
    38.000      3.838      0.043
    38.500      3.849      0.044
    39.000      3.861      0.045
    39.500      3.875      0.047
    40.000      3.887      0.049
    40.500      3.901      0.053
    41.000      3.915      0.056
    41.500      3.927      0.060
    42.000      3.941      0.064
    42.500      3.955      0.070
    43.000      3.970      0.075
    43.500      3.986      0.081
    44.000      4.001      0.088
    44.500      4.018      0.094
    45.000      4.036      0.099
    45.500      4.053      0.102
    46.000      4.072      0.104
    46.500      4.085      0.103
    47.000      4.098      0.100
    47.500      4.110      0.095
    48.000      4.122      0.092
    48.500      4.134      0.086
    49.000      4.149      0.084
    49.500      4.163      0.083
    50.000      4.178      0.086
    50.500      4.410      0.170
    51.000      4.416      0.168
    51.500      4.422      0.164
    52.000      4.427      0.160
    52.500      4.437      0.158
    53.000      4.441      0.157
    53.500      4.445      0.157
    54.000      4.448      0.158
    54.500      4.450      0.158
    55.000      4.454      0.160
    55.500      4.456      0.157
    56.000      4.459      0.156
    56.500      4.460      0.156
    57.000      4.460      0.154
    57.500      4.459      0.151
    58.000      4.458      0.147
    58.500      4.456      0.142
    59.000      4.455      0.138
    59.500      4.453      0.134
    60.000      4.451      0.130
    60.500      4.450      0.127
    61.000      4.450      0.125
    61.500      4.447      0.122
    62.000      4.445      0.119
    62.500      4.444      0.118
    63.000      4.443      0.118
    63.500      4.442      0.118
    64.000      4.441      0.118
    64.500      4.438      0.117
    65.000      4.437      0.116
    65.500      4.436      0.117
    66.000      4.435      0.118
    66.500      4.434      0.120
    67.000      4.433      0.120
    67.500      4.431      0.120
    68.000      4.430      0.120
    68.500      4.430      0.122
    69.000      4.429      0.124
    69.500      4.428      0.125
    70.000      4.427      0.126
    70.500      4.426      0.126
    71.000      4.425      0.126
    71.500      4.424      0.127
    72.000      4.424      0.128
    72.500      4.423      0.129
    73.000      4.422      0.129
    73.500      4.421      0.129
    74.000      4.421      0.129
    74.500      4.420      0.130
    75.000      4.420      0.130
    75.500      4.420      0.130
    76.000      4.419      0.130
    76.500      4.418      0.129
    77.000      4.417      0.129
    77.500      4.417      0.128
    78.000      4.417      0.128
    78.500      4.417      0.127
    79.000      4.416      0.127
    79.500      4.416      0.126
    80.000      4.415      0.125
    80.500      4.415      0.123
    81.000      4.415      0.122
    81.500      4.415      0.121
    82.000      4.415      0.120
    82.500      4.414      0.119
    83.000      4.414      0.118
    83.500      4.414      0.116
    84.000      4.414      0.114
    84.500      4.414      0.113
    85.000      4.414      0.112
    85.500      4.414      0.111
    86.000      4.413      0.108
    86.500      4.413      0.106
    87.000      4.414      0.105
    87.500      4.414      0.104
    88.000      4.414      0.103
    88.500      4.414      0.101
    89.000      4.413      0.099
    89.500      4.414      0.097
    90.000      4.414      0.096
    90.500      4.415      0.095
    91.000      4.414      0.094
    91.500      4.414      0.092
    92.000      4.414      0.090
    92.500      4.414      0.089
    93.000      4.415      0.089
    93.500      4.415      0.088
    94.000      4.415      0.088
    94.500      4.415      0.086
    95.000      4.415      0.085
    95.500      4.415      0.085
    96.000      4.416      0.085
    96.500      4.416      0.086
    97.000      4.416      0.086
    97.500      4.416      0.085
    98.000      4.416      0.085
    98.500      4.417      0.086
    99.000      4.417      0.087
    99.500      4.418      0.088
   100.000      4.418      0.089
   100.500      4.417      0.089
   101.000      4.418      0.090
   101.500      4.418      0.091
   102.000      4.419      0.093
   102.500      4.419      0.095
   103.000      4.419      0.096
   103.500      4.419      0.097
   104.000      4.419      0.098
   104.500      4.420      0.099
   105.000      4.420      0.102
   105.500      4.420      0.104
   106.000      4.420      0.106
   106.500      4.420      0.107
   107.000      4.420      0.109
   107.500      4.421      0.110
   108.000      4.421      0.113
   108.500      4.421      0.116
   109.000      4.421      0.118
   109.500      4.421      0.119
   110.000      4.422      0.121
   110.500      4.422      0.123
   111.000      4.422      0.125
   111.500      4.422      0.128
   112.000      4.422      0.131
   112.500      4.422      0.132
   113.000      4.422      0.134
   113.500      4.423      0.135
   114.000      4.423      0.138
   114.500      4.423      0.141
   115.000      4.423      0.143
   115.500      4.423      0.145
   116.000      4.423      0.146
   116.500      4.423      0.148
   117.000      4.423      0.151
   117.500      4.423      0.154
   118.000      4.423      0.156
   118.500      4.423      0.157
   119.000      4.424      0.159
   119.500      4.423      0.161
   120.000      4.423      0.163
   120.500      4.423      0.166
   121.000      4.423      0.168
   121.500      4.424      0.170
   122.000      4.424      0.171
   122.500      4.423      0.173
   123.000      4.423      0.175
   123.500      4.423      0.178
   124.000      4.423      0.180
   124.500      4.423      0.181
   125.000      4.423      0.183
   125.500      4.423      0.185
   126.000      4.422      0.187
   126.500      4.423      0.189
   127.000      4.423      0.191
   127.500      4.423      0.193
   128.000      4.423      0.194
   128.500      4.422      0.196
   129.000      4.422      0.198
   129.500      4.422      0.200
   130.000      4.422      0.202
   130.500      4.422      0.203
   131.000      4.422      0.205
   131.500      4.421      0.206
   132.000      4.421      0.208
   132.500      4.421      0.209
   133.000      4.421      0.211
   133.500      4.421      0.213
   134.000      4.420      0.214
   134.500      4.420      0.215
   135.000      4.419      0.217
   135.500      4.419      0.218
   136.000      4.420      0.220
   136.500      4.419      0.221
   137.000      4.419      0.223
   137.500      4.418      0.224
   138.000      4.418      0.225
   138.500      4.418      0.226
   139.000      4.417      0.228
   139.500      4.417      0.229
   140.000      4.416      0.230
   140.500      4.416      0.231
   141.000      4.415      0.232
   141.500      4.415      0.233
   142.000      4.415      0.234
   142.500      4.414      0.235
   143.000      4.414      0.236
   143.500      4.413      0.236
   144.000      4.413      0.237
   144.500      4.412      0.238
   145.000      4.412      0.239
   145.500      4.411      0.239
   146.000      4.410      0.240
   146.500      4.410      0.240
   147.000      4.409      0.241
   147.500      4.408      0.242
   148.000      4.408      0.242
   148.500      4.407      0.242
   149.000      4.406      0.243
   149.500      4.406      0.243
   150.000      4.405      0.243
   150.500      4.404      0.244
   151.000      4.404      0.244
   151.500      4.403      0.243
   152.000      4.402      0.243
   152.500      4.401      0.244
   153.000      4.401      0.244
   153.500      4.400      0.244
   154.000      4.399      0.244
   154.500      4.398      0.243
   155.000      4.397      0.242
   155.500      4.396      0.243
   156.000      4.395      0.243
   156.500      4.394      0.243
   157.000      4.394      0.242
   157.500      4.392      0.240
   158.000      4.392      0.239
   158.500      4.390      0.239
   159.000      4.389      0.239
   159.500      4.388      0.239
   160.000      4.388      0.237
   160.500      4.386      0.235
   161.000      4.385      0.234
   161.500      4.384      0.234
   162.000      4.383      0.233
   162.500      4.382      0.233
   163.000      4.381      0.231
   163.500      4.379      0.227
   164.000      4.378      0.226
   164.500      4.376      0.226
   165.000      4.375      0.225
   165.500      4.374      0.224
   166.000      4.374      0.222
   166.500      4.371      0.218
   167.000      4.370      0.216
   167.500      4.368      0.216
   168.000      4.367      0.214
   168.500      4.367      0.213
   169.000      4.366      0.211
   169.500      4.363      0.206
   170.000      4.360      0.204
   170.500      4.359      0.203
   171.000      4.359      0.202
   171.500      4.359      0.199
   172.000      4.357      0.198
   172.500      4.353      0.193
   173.000      4.350      0.189
   173.500      4.349      0.188
   174.000      4.350      0.187
   174.500      4.350      0.184
   175.000      4.347      0.184
   175.500      4.343      0.178
   176.000      4.339      0.173
   176.500      4.338      0.172
   177.000      4.340      0.170
   177.500      4.340      0.168
   178.000      4.336      0.169
   178.500      4.333      0.164
   179.000      4.327      0.156
   179.500      4.327      0.155
   180.000      4.329      0.153
   180.500      4.329      0.153
   181.000      4.326      0.153
   181.500      4.321      0.151
   182.000      4.313      0.141
   182.500      4.314      0.140
   183.000      4.317      0.140
   183.500      4.317      0.140
   184.000      4.314      0.140
   184.500      4.309      0.141
   185.000      4.299      0.131
   185.500      4.299      0.131
   186.000      4.303      0.133
   186.500      4.303      0.133
   187.000      4.303      0.133
   187.500      4.296      0.139
   188.000      4.283      0.131
   188.500      4.286      0.136
   189.000      4.288      0.139
   189.500      4.288      0.139
   190.000      4.288      0.139
   190.500      4.283      0.144
   191.000      4.266      0.146
   191.500      4.273      0.159
   192.000      4.272      0.159
   192.500      4.272      0.159
   193.000      4.272      0.159
   193.500      4.272      0.159
   194.000      4.248      0.175
   194.500      4.255      0.193
   195.000      4.255      0.193
   195.500      4.255      0.193
   196.000      4.255      0.193
   196.500      4.255      0.193
   197.000      4.229      0.217
   197.500      4.237      0.238
   198.000      4.237      0.238
   198.500      4.237      0.238
   199.000      4.237      0.238
   199.500      4.237      0.238
