     0.000      1.292      0.454
     0.500      2.953      0.170
     1.000      3.030      0.172
     1.500      3.086      0.137
     2.000      3.126      0.129
     2.500      3.175      0.108
     3.000      3.215      0.102
     3.500      3.254      0.091
     4.000      3.288      0.086
     4.500      3.324      0.081
     5.000      3.355      0.076
     5.500      3.386      0.072
     6.000      3.413      0.068
     6.500      3.438      0.065
     7.000      3.461      0.061
     7.500      3.485      0.058
     8.000      3.503      0.056
     8.500      3.523      0.052
     9.000      3.539      0.049
     9.500      3.557      0.048
    10.000      3.571      0.045
    10.500      3.585      0.046
    11.000      3.598      0.046
    11.500      3.609      0.048
    12.000      3.621      0.049
    12.500      3.631      0.051
    13.000      3.641      0.054
    13.500      3.650      0.055
    14.000      3.658      0.058
    14.500      3.667      0.060
    15.000      3.674      0.061
    15.500      3.682      0.063
    16.000      3.689      0.064
    16.500      3.697      0.066
    17.000      3.704      0.067
    17.500      3.711      0.068
    18.000      3.719      0.068
    18.500      3.727      0.068
    19.000      3.735      0.067
    19.500      3.744      0.066
    20.000      3.753      0.066
    20.500      3.761      0.065
    21.000      3.770      0.064
    21.500      3.779      0.063
    22.000      3.788      0.063
    22.500      3.796      0.063
    23.000      3.807      0.063
    23.500      3.817      0.063
    24.000      3.827      0.063
    24.500      3.838      0.063
    25.000      3.851      0.063
    25.500      3.863      0.064
    26.000      3.877      0.066
    26.500      3.892      0.069
    27.000      3.908      0.072
    27.500      3.925      0.074
    28.000      3.943      0.077
    28.500      3.961      0.080
    29.000      3.978      0.080
    29.500      3.997      0.081
    30.000      4.017      0.082
    30.500      4.035      0.076
    31.000      4.054      0.065
    31.500      4.073      0.066
    32.000      4.094      0.067
    32.500      4.332      0.130
    33.000      4.345      0.133
    33.500      4.358      0.134
    34.000      4.368      0.134
    34.500      4.373      0.132
    35.000      4.378      0.128
    35.500      4.382      0.124
    36.000      4.384      0.120
    36.500      4.387      0.114
    37.000      4.391      0.108
    37.500      4.396      0.103
    38.000      4.403      0.104
    38.500      4.408      0.105
    39.000      4.411      0.104
    39.500      4.414      0.105
    40.000      4.419      0.108
    40.500      4.424      0.109
    41.000      4.428      0.110
    41.500      4.431      0.109
    42.000      4.436      0.111
    42.500      4.438      0.111
    43.000      4.439      0.112
    43.500      4.440      0.111
    44.000      4.440      0.109
    44.500      4.441      0.106
    45.000      4.442      0.104
    45.500      4.442      0.101
    46.000      4.440      0.099
    46.500      4.438      0.097
    47.000      4.437      0.094
    47.500      4.437      0.092
    48.000      4.437      0.090
    48.500      4.437      0.088
    49.000      4.437      0.087
    49.500      4.435      0.085
    50.000      4.433      0.083
    50.500      4.432      0.082
    51.000      4.431      0.081
    51.500      4.431      0.079
    52.000      4.431      0.078
    52.500      4.430      0.077
    53.000      4.428      0.075
    53.500      4.427      0.074
    54.000      4.425      0.074
    54.500      4.425      0.072
    55.000      4.424      0.071
    55.500      4.423      0.070
    56.000      4.422      0.069
    56.500      4.420      0.068
    57.000      4.419      0.068
    57.500      4.417      0.067
    58.000      4.417      0.066
    58.500      4.415      0.065
    59.000      4.414      0.064
    59.500      4.412      0.064
    60.000      4.411      0.063
    60.500      4.410      0.063
    61.000      4.408      0.062
    61.500      4.407      0.061
    62.000      4.406      0.060
    62.500      4.404      0.059
    63.000      4.403      0.059
    63.500      4.401      0.058
    64.000      4.400      0.058
    64.500      4.398      0.057
    65.000      4.397      0.056
    65.500      4.395      0.056
    66.000      4.394      0.056
    66.500      4.392      0.055
    67.000      4.391      0.055
    67.500      4.389      0.055
    68.000      4.388      0.054
    68.500      4.386      0.054
    69.000      4.384      0.054
    69.500      4.383      0.054
    70.000      4.381      0.054
    70.500      4.380      0.054
    71.000      4.378      0.054
    71.500      4.377      0.054
    72.000      4.375      0.054
    72.500      4.373      0.055
    73.000      4.372      0.055
    73.500      4.370      0.055
    74.000      4.369      0.056
    74.500      4.367      0.056
    75.000      4.366      0.056
    75.500      4.363      0.057
    76.000      4.362      0.058
    76.500      4.361      0.059
    77.000      4.359      0.060
    77.500      4.358      0.060
    78.000      4.356      0.061
    78.500      4.354      0.062
    79.000      4.352      0.063
    79.500      4.351      0.064
    80.000      4.350      0.066
    80.500      4.348      0.067
    81.000      4.347      0.068
    81.500      4.345      0.069
    82.000      4.343      0.070
    82.500      4.341      0.071
    83.000      4.340      0.073
    83.500      4.339      0.074
    84.000      4.338      0.075
    84.500      4.336      0.076
    85.000      4.334      0.077
    85.500      4.332      0.079
    86.000      4.331      0.080
    86.500      4.330      0.081
    87.000      4.329      0.082
    87.500      4.328      0.084
    88.000      4.326      0.085
    88.500      4.324      0.086
    89.000      4.323      0.087
    89.500      4.321      0.088
    90.000      4.320      0.089
    90.500      4.319      0.090
    91.000      4.318      0.091
    91.500      4.317      0.092
    92.000      4.315      0.093
    92.500      4.313      0.095
    93.000      4.312      0.095
    93.500      4.311      0.096
    94.000      4.311      0.097
    94.500      4.310      0.098
    95.000      4.308      0.099
    95.500      4.307      0.100
    96.000      4.305      0.101
    96.500      4.304      0.101
    97.000      4.303      0.102
    97.500      4.303      0.103
    98.000      4.302      0.103
    98.500      4.300      0.104
    99.000      4.299      0.105
    99.500      4.298      0.105
   100.000      4.297      0.106
   100.500      4.296      0.106
   101.000      4.296      0.107
   101.500      4.295      0.107
   102.000      4.293      0.108
   102.500      4.292      0.108
   103.000      4.291      0.109
   103.500      4.290      0.109
   104.000      4.290      0.109
   104.500      4.289      0.110
   105.000      4.288      0.110
   105.500      4.287      0.110
   106.000      4.286      0.111
   106.500      4.285      0.111
   107.000      4.285      0.111
   107.500      4.284      0.111
   108.000      4.283      0.112
   108.500      4.283      0.112
   109.000      4.282      0.113
   109.500      4.281      0.113
   110.000      4.280      0.113
   110.500      4.280      0.113
   111.000      4.279      0.113
   111.500      4.279      0.114
   112.000      4.278      0.114
   112.500      4.277      0.114
   113.000      4.276      0.114
   113.500      4.276      0.114
   114.000      4.276      0.115
   114.500      4.275      0.115
   115.000      4.274      0.115
   115.500      4.273      0.115
   116.000      4.273      0.116
   116.500      4.273      0.116
   117.000      4.272      0.116
   117.500      4.272      0.116
   118.000      4.271      0.117
   118.500      4.271      0.117
   119.000      4.270      0.117
   119.500      4.270      0.117
   120.000      4.270      0.117
   120.500      4.270      0.117
   121.000      4.269      0.118
   121.500      4.269      0.118
   122.000      4.268      0.119
   122.500      4.267      0.119
   123.000      4.267      0.119
   123.500      4.267      0.119
   124.000      4.267      0.119
   124.500      4.267      0.120
   125.000      4.267      0.120
   125.500      4.266      0.121
   126.000      4.266      0.121
   126.500      4.266      0.121
   127.000      4.266      0.121
   127.500      4.266      0.122
   128.000      4.265      0.123
   128.500      4.265      0.123
   129.000      4.264      0.123
   129.500      4.264      0.123
   130.000      4.265      0.124
   130.500      4.265      0.124
   131.000      4.264      0.125
   131.500      4.264      0.126
   132.000      4.264      0.126
   132.500      4.263      0.126
   133.000      4.264      0.126
   133.500      4.264      0.127
   134.000      4.264      0.128
   134.500      4.264      0.128
   135.000      4.264      0.129
   135.500      4.263      0.129
   136.000      4.263      0.129
   136.500      4.264      0.130
   137.000      4.264      0.131
   137.500      4.264      0.131
   138.000      4.264      0.132
   138.500      4.264      0.132
   139.000      4.264      0.133
   139.500      4.264      0.133
   140.000      4.264      0.134
   140.500      4.265      0.135
   141.000      4.264      0.135
   141.500      4.264      0.135
   142.000      4.264      0.136
   142.500      4.264      0.136
   143.000      4.265      0.137
   143.500      4.266      0.138
   144.000      4.265      0.139
   144.500      4.265      0.139
   145.000      4.265      0.139
   145.500      4.265      0.139
   146.000      4.266      0.140
   146.500      4.267      0.141
   147.000      4.267      0.142
   147.500      4.267      0.143
   148.000      4.267      0.143
   148.500      4.267      0.143
   149.000      4.267      0.143
   149.500      4.268      0.144
   150.000      4.269      0.145
   150.500      4.269      0.146
   151.000      4.269      0.146
   151.500      4.269      0.146
   152.000      4.269      0.146
   152.500      4.269      0.146
   153.000      4.270      0.147
   153.500      4.271      0.149
   154.000      4.271      0.149
   154.500      4.272      0.149
   155.000      4.272      0.149
   155.500      4.271      0.148
   156.000      4.271      0.148
   156.500      4.273      0.150
   157.000      4.274      0.152
   157.500      4.274      0.152
   158.000      4.275      0.152
   158.500      4.275      0.152
   159.000      4.274      0.150
   159.500      4.274      0.151
   160.000      4.276      0.153
   160.500      4.277      0.154
   161.000      4.278      0.154
   161.500      4.278      0.154
   162.000      4.278      0.154
   162.500      4.277      0.152
   163.000      4.278      0.153
   163.500      4.279      0.156
   164.000      4.281      0.156
   164.500      4.282      0.156
   165.000      4.282      0.156
   165.500      4.281      0.155
   166.000      4.280      0.154
   166.500      4.282      0.155
   167.000      4.283      0.157
   167.500      4.285      0.158
   168.000      4.286      0.158
   168.500      4.285      0.158
   169.000      4.284      0.157
   169.500      4.284      0.156
   170.000      4.286      0.159
   170.500      4.288      0.159
   171.000      4.289      0.160
   171.500      4.290      0.160
   172.000      4.290      0.160
   172.500      4.288      0.159
   173.000      4.289      0.159
   173.500      4.291      0.163
   174.000      4.293      0.162
   174.500      4.293      0.162
   175.000      4.294      0.163
   175.500      4.294      0.163
   176.000      4.292      0.162
   176.500      4.294      0.164
   177.000      4.297      0.166
   177.500      4.298      0.166
   178.000      4.297      0.166
   178.500      4.298      0.168
   179.000      4.298      0.168
   179.500      4.296      0.168
   180.000      4.300      0.172
   180.500      4.303      0.173
   181.000      4.302      0.173
   181.500      4.302      0.172
   182.000      4.303      0.175
   182.500      4.303      0.175
   183.000      4.301      0.177
   183.500      4.307      0.182
   184.000      4.308      0.183
   184.500      4.307      0.183
   185.000      4.307      0.183
   185.500      4.307      0.184
   186.000      4.308      0.186
   186.500      4.308      0.191
   187.000      4.315      0.197
   187.500      4.312      0.198
   188.000      4.312      0.198
   188.500      4.312      0.198
   189.000      4.312      0.198
   189.500      4.314      0.201
   190.000      4.317      0.213
   190.500      4.318      0.217
   191.000      4.317      0.218
   191.500      4.317      0.218
   192.000      4.317      0.218
   192.500      4.317      0.218
   193.000      4.319      0.221
   193.500      4.327      0.240
   194.000      4.323      0.243
   194.500      4.323      0.243
   195.000      4.323      0.243
   195.500      4.323      0.243
   196.000      4.323      0.243
   196.500      4.325      0.247
   197.000      4.329      0.275
   197.500      4.329      0.275
   198.000      4.329      0.275
   198.500      4.329      0.275
   199.000      4.329      0.275
   199.500      4.329      0.275
