     0.000      1.494      0.491
     0.500      3.074      0.230
     1.000      3.115      0.230
     1.500      3.128      0.216
     2.000      3.180      0.169
     2.500      3.205      0.152
     3.000      3.232      0.124
     3.500      3.262      0.103
     4.000      3.285      0.089
     4.500      3.314      0.068
     5.000      3.332      0.060
     5.500      3.350      0.056
     6.000      3.379      0.050
     6.500      3.392      0.050
     7.000      3.405      0.052
     7.500      3.429      0.059
     8.000      3.438      0.058
     8.500      3.451      0.063
     9.000      3.466      0.067
     9.500      3.475      0.068
    10.000      3.486      0.070
    10.500      3.494      0.070
    11.000      3.502      0.071
    11.500      3.510      0.070
    12.000      3.515      0.069
    12.500      3.521      0.067
    13.000      3.527      0.066
    13.500      3.530      0.063
    14.000      3.534      0.061
    14.500      3.537      0.059
    15.000      3.539      0.056
    15.500      3.541      0.054
    16.000      3.543      0.051
    16.500      3.544      0.049
    17.000      3.545      0.047
    17.500      3.545      0.045
    18.000      3.545      0.043
    18.500      3.545      0.042
    19.000      3.545      0.041
    19.500      3.544      0.040
    20.000      3.544      0.039
    20.500      3.544      0.039
    21.000      3.543      0.038
    21.500      3.542      0.037
    22.000      3.541      0.036
    22.500      3.540      0.036
    23.000      3.539      0.035
    23.500      3.538      0.034
    24.000      3.537      0.033
    24.500      3.536      0.032
    25.000      3.535      0.031
    25.500      3.534      0.030
    26.000      3.533      0.029
    26.500      3.532      0.028
    27.000      3.530      0.027
    27.500      3.529      0.026
    28.000      3.529      0.025
    28.500      3.527      0.025
    29.000      3.527      0.024
    29.500      3.526      0.024
    30.000      3.525      0.024
    30.500      3.524      0.025
    31.000      3.523      0.026
    31.500      3.523      0.027
    32.000      3.522      0.029
    32.500      3.522      0.030
    33.000      3.521      0.032
    33.500      3.521      0.035
    34.000      3.521      0.037
    34.500      3.521      0.040
    35.000      3.521      0.042
    35.500      3.521      0.045
    36.000      3.521      0.048
    36.500      3.521      0.051
    37.000      3.521      0.054
    37.500      3.522      0.058
    38.000      3.523      0.061
    38.500      3.524      0.064
    39.000      3.524      0.068
    39.500      3.526      0.072
    40.000      3.527      0.075
    40.500      3.528      0.079
    41.000      3.530      0.083
    41.500      3.532      0.087
    42.000      3.534      0.091
    42.500      3.536      0.096
    43.000      3.538      0.100
    43.500      3.540      0.106
    44.000      3.544      0.110
    44.500      3.547      0.116
    45.000      3.551      0.120
    45.500      3.558      0.122
    46.000      3.568      0.119
    46.500      3.576      0.119
    47.000      3.586      0.117
    47.500      3.595      0.117
    48.000      3.605      0.115
    48.500      3.614      0.117
    49.000      3.625      0.120
    49.500      3.636      0.125
    50.000      3.646      0.129
    50.500      3.656      0.135
    51.000      3.670      0.140
    51.500      3.686      0.142
    52.000      3.706      0.142
    52.500      3.728      0.142
    53.000      3.752      0.138
    53.500      3.775      0.135
    54.000      3.795      0.133
    54.500      3.809      0.130
    55.000      3.827      0.129
    55.500      3.845      0.127
    56.000      3.856      0.129
    56.500      3.863      0.125
    57.000      4.368      0.261
    57.500      4.380      0.254
    58.000      4.388      0.250
    58.500      4.398      0.243
    59.000      4.402      0.238
    59.500      4.408      0.231
    60.000      4.414      0.223
    60.500      4.419      0.212
    61.000      4.424      0.199
    61.500      4.425      0.188
    62.000      4.428      0.176
    62.500      4.429      0.168
    63.000      4.425      0.159
    63.500      4.423      0.149
    64.000      4.424      0.141
    64.500      4.425      0.134
    65.000      4.427      0.128
    65.500      4.428      0.122
    66.000      4.429      0.117
    66.500      4.427      0.113
    67.000      4.425      0.111
    67.500      4.425      0.110
    68.000      4.425      0.110
    68.500      4.429      0.114
    69.000      4.432      0.118
    69.500      4.436      0.122
    70.000      4.437      0.125
    70.500      4.435      0.128
    71.000      4.433      0.130
    71.500      4.432      0.131
    72.000      4.430      0.131
    72.500      4.428      0.131
    73.000      4.427      0.131
    73.500      4.425      0.133
    74.000      4.423      0.135
    74.500      4.421      0.137
    75.000      4.419      0.138
    75.500      4.417      0.139
    76.000      4.415      0.140
    76.500      4.414      0.141
    77.000      4.413      0.143
    77.500      4.411      0.145
    78.000      4.409      0.146
    78.500      4.407      0.146
    79.000      4.406      0.147
    79.500      4.404      0.147
    80.000      4.403      0.148
    80.500      4.402      0.149
    81.000      4.401      0.149
    81.500      4.399      0.149
    82.000      4.397      0.148
    82.500      4.396      0.148
    83.000      4.395      0.147
    83.500      4.394      0.147
    84.000      4.393      0.147
    84.500      4.392      0.145
    85.000      4.391      0.144
    85.500      4.389      0.143
    86.000      4.388      0.141
    86.500      4.387      0.140
    87.000      4.386      0.138
    87.500      4.385      0.137
    88.000      4.385      0.135
    88.500      4.384      0.133
    89.000      4.383      0.131
    89.500      4.381      0.129
    90.000      4.380      0.126
    90.500      4.380      0.124
    91.000      4.379      0.122
    91.500      4.379      0.120
    92.000      4.378      0.118
    92.500      4.378      0.116
    93.000      4.376      0.113
    93.500      4.375      0.111
    94.000      4.375      0.109
    94.500      4.374      0.106
    95.000      4.374      0.104
    95.500      4.374      0.103
    96.000      4.374      0.101
    96.500      4.373      0.098
    97.000      4.372      0.096
    97.500      4.371      0.095
    98.000      4.370      0.093
    98.500      4.370      0.092
    99.000      4.371      0.091
    99.500      4.371      0.090
   100.000      4.370      0.088
   100.500      4.369      0.087
   101.000      4.368      0.087
   101.500      4.368      0.087
   102.000      4.368      0.087
   102.500      4.368      0.087
   103.000      4.368      0.087
   103.500      4.368      0.087
   104.000      4.367      0.087
   104.500      4.366      0.088
   105.000      4.366      0.091
   105.500      4.366      0.092
   106.000      4.366      0.093
   106.500      4.366      0.094
   107.000      4.365      0.095
   107.500      4.365      0.096
   108.000      4.364      0.098
   108.500      4.364      0.101
   109.000      4.364      0.103
   109.500      4.364      0.105
   110.000      4.364      0.107
   110.500      4.363      0.108
   111.000      4.362      0.110
   111.500      4.361      0.113
   112.000      4.362      0.115
   112.500      4.362      0.118
   113.000      4.362      0.120
   113.500      4.362      0.122
   114.000      4.361      0.123
   114.500      4.360      0.126
   115.000      4.359      0.128
   115.500      4.358      0.131
   116.000      4.359      0.134
   116.500      4.359      0.135
   117.000      4.359      0.137
   117.500      4.358      0.139
   118.000      4.356      0.142
   118.500      4.355      0.144
   119.000      4.355      0.146
   119.500      4.356      0.148
   120.000      4.356      0.150
   120.500      4.356      0.152
   121.000      4.354      0.154
   121.500      4.353      0.156
   122.000      4.351      0.159
   122.500      4.351      0.160
   123.000      4.352      0.162
   123.500      4.353      0.164
   124.000      4.352      0.165
   124.500      4.351      0.168
   125.000      4.349      0.170
   125.500      4.347      0.172
   126.000      4.347      0.174
   126.500      4.347      0.175
   127.000      4.348      0.177
   127.500      4.348      0.178
   128.000      4.347      0.180
   128.500      4.345      0.183
   129.000      4.344      0.184
   129.500      4.343      0.186
   130.000      4.343      0.187
   130.500      4.344      0.189
   131.000      4.344      0.190
   131.500      4.343      0.192
   132.000      4.342      0.194
   132.500      4.340      0.196
   133.000      4.339      0.197
   133.500      4.339      0.198
   134.000      4.340      0.200
   134.500      4.340      0.202
   135.000      4.339      0.203
   135.500      4.338      0.204
   136.000      4.337      0.206
   136.500      4.336      0.207
   137.000      4.335      0.208
   137.500      4.335      0.209
   138.000      4.336      0.212
   138.500      4.336      0.213
   139.000      4.335      0.214
   139.500      4.334      0.215
   140.000      4.333      0.216
   140.500      4.331      0.217
   141.000      4.331      0.218
   141.500      4.331      0.220
   142.000      4.332      0.222
   142.500      4.332      0.223
   143.000      4.331      0.223
   143.500      4.330      0.224
   144.000      4.329      0.225
   144.500      4.328      0.226
   145.000      4.328      0.228
   145.500      4.329      0.229
   146.000      4.329      0.230
   146.500      4.329      0.231
   147.000      4.328      0.231
   147.500      4.326      0.232
   148.000      4.325      0.233
   148.500      4.325      0.234
   149.000      4.327      0.236
   149.500      4.327      0.237
   150.000      4.327      0.237
   150.500      4.326      0.237
   151.000      4.325      0.238
   151.500      4.324      0.238
   152.000      4.324      0.239
   152.500      4.325      0.240
   153.000      4.326      0.242
   153.500      4.326      0.242
   154.000      4.325      0.243
   154.500      4.324      0.243
   155.000      4.323      0.243
   155.500      4.323      0.243
   156.000      4.324      0.244
   156.500      4.326      0.245
   157.000      4.325      0.246
   157.500      4.324      0.247
   158.000      4.324      0.247
   158.500      4.324      0.246
   159.000      4.324      0.246
   159.500      4.325      0.246
   160.000      4.326      0.247
   160.500      4.326      0.248
   161.000      4.324      0.249
   161.500      4.325      0.249
   162.000      4.326      0.248
   162.500      4.326      0.247
   163.000      4.327      0.247
   163.500      4.328      0.247
   164.000      4.327      0.248
   164.500      4.327      0.249
   165.000      4.326      0.249
   165.500      4.328      0.250
   166.000      4.329      0.248
   166.500      4.330      0.247
   167.000      4.330      0.247
   167.500      4.330      0.247
   168.000      4.331      0.248
   168.500      4.331      0.248
   169.000      4.331      0.248
   169.500      4.334      0.247
   170.000      4.335      0.246
   170.500      4.335      0.244
   171.000      4.335      0.245
   171.500      4.336      0.245
   172.000      4.336      0.245
   172.500      4.336      0.245
   173.000      4.339      0.245
   173.500      4.341      0.244
   174.000      4.341      0.242
   174.500      4.341      0.241
   175.000      4.343      0.241
   175.500      4.343      0.242
   176.000      4.344      0.241
   176.500      4.345      0.240
   177.000      4.348      0.241
   177.500      4.349      0.239
   178.000      4.349      0.237
   178.500      4.351      0.238
   179.000      4.352      0.238
   179.500      4.354      0.237
   180.000      4.355      0.236
   180.500      4.355      0.235
   181.000      4.359      0.237
   181.500      4.360      0.235
   182.000      4.360      0.234
   182.500      4.363      0.235
   183.000      4.365      0.234
   183.500      4.367      0.233
   184.000      4.367      0.232
   184.500      4.368      0.232
   185.000      4.372      0.234
   185.500      4.371      0.234
   186.000      4.376      0.235
   186.500      4.379      0.233
   187.000      4.381      0.232
   187.500      4.381      0.232
   188.000      4.381      0.232
   188.500      4.384      0.235
   189.000      4.385      0.236
   189.500      4.391      0.239
   190.000      4.396      0.238
   190.500      4.397      0.237
   191.000      4.397      0.237
   191.500      4.397      0.237
   192.000      4.397      0.237
   192.500      4.403      0.242
   193.000      4.408      0.250
   193.500      4.416      0.249
   194.000      4.416      0.249
   194.500      4.416      0.249
   195.000      4.416      0.249
   195.500      4.416      0.249
   196.000      4.416      0.249
   196.500      4.427      0.271
   197.000      4.437      0.272
   197.500      4.437      0.272
   198.000      4.437      0.272
   198.500      4.437      0.272
   199.000      4.437      0.272
