     0.000      1.347      0.622
     0.500      1.962      0.408
     1.000      3.029      0.164
     1.500      3.122      0.157
     2.000      3.163      0.149
     2.500      3.219      0.129
     3.000      3.255      0.113
     3.500      3.296      0.099
     4.000      3.333      0.085
     4.500      3.364      0.078
     5.000      3.397      0.066
     5.500      3.424      0.064
     6.000      3.450      0.056
     6.500      3.474      0.058
     7.000      3.494      0.053
     7.500      3.516      0.054
     8.000      3.532      0.053
     8.500      3.548      0.050
     9.000      3.562      0.051
     9.500      3.575      0.048
    10.000      3.586      0.048
    10.500      3.596      0.046
    11.000      3.605      0.044
    11.500      3.614      0.043
    12.000      3.621      0.041
    12.500      3.627      0.039
    13.000      3.633      0.038
    13.500      3.638      0.037
    14.000      3.644      0.036
    14.500      3.648      0.036
    15.000      3.653      0.035
    15.500      3.657      0.034
    16.000      3.661      0.034
    16.500      3.664      0.034
    17.000      3.668      0.033
    17.500      3.672      0.033
    18.000      3.675      0.033
    18.500      3.679      0.032
    19.000      3.682      0.032
    19.500      3.686      0.031
    20.000      3.690      0.031
    20.500      3.694      0.031
    21.000      3.697      0.030
    21.500      3.701      0.030
    22.000      3.705      0.030
    22.500      3.709      0.030
    23.000      3.714      0.030
    23.500      3.718      0.030
    24.000      3.723      0.031
    24.500      3.728      0.031
    25.000      3.733      0.032
    25.500      3.739      0.033
    26.000      3.745      0.034
    26.500      3.751      0.036
    27.000      3.757      0.037
    27.500      3.764      0.038
    28.000      3.771      0.040
    28.500      3.778      0.042
    29.000      3.786      0.044
    29.500      3.794      0.045
    30.000      3.803      0.047
    30.500      3.812      0.050
    31.000      3.822      0.052
    31.500      3.832      0.054
    32.000      3.843      0.056
    32.500      3.854      0.058
    33.000      3.867      0.061
    33.500      3.880      0.063
    34.000      3.895      0.066
    34.500      3.910      0.068
    35.000      3.927      0.069
    35.500      3.941      0.070
    36.000      3.956      0.072
    36.500      3.970      0.074
    37.000      3.986      0.074
    37.500      4.003      0.073
    38.000      4.021      0.071
    38.500      4.040      0.072
    39.000      4.059      0.072
    39.500      4.078      0.071
    40.000      4.095      0.072
    40.500      4.115      0.075
    41.000      4.135      0.078
    41.500      4.278      0.162
    42.000      4.291      0.160
    42.500      4.301      0.154
    43.000      4.309      0.150
    43.500      4.324      0.151
    44.000      4.340      0.154
    44.500      4.353      0.153
    45.000      4.370      0.155
    45.500      4.385      0.156
    46.000      4.393      0.155
    46.500      4.403      0.157
    47.000      4.413      0.158
    47.500      4.422      0.159
    48.000      4.428      0.158
    48.500      4.434      0.157
    49.000      4.441      0.160
    49.500      4.446      0.159
    50.000      4.450      0.156
    50.500      4.454      0.154
    51.000      4.456      0.151
    51.500      4.458      0.149
    52.000      4.466      0.153
    52.500      4.472      0.155
    53.000      4.476      0.156
    53.500      4.477      0.153
    54.000      4.476      0.150
    54.500      4.474      0.147
    55.000      4.471      0.140
    55.500      4.468      0.134
    56.000      4.466      0.130
    56.500      4.465      0.126
    57.000      4.464      0.123
    57.500      4.463      0.122
    58.000      4.460      0.118
    58.500      4.458      0.114
    59.000      4.457      0.111
    59.500      4.456      0.110
    60.000      4.455      0.109
    60.500      4.455      0.108
    61.000      4.452      0.105
    61.500      4.451      0.104
    62.000      4.450      0.102
    62.500      4.449      0.102
    63.000      4.449      0.102
    63.500      4.449      0.101
    64.000      4.447      0.100
    64.500      4.446      0.099
    65.000      4.445      0.099
    65.500      4.445      0.099
    66.000      4.444      0.099
    66.500      4.444      0.099
    67.000      4.443      0.098
    67.500      4.443      0.097
    68.000      4.442      0.097
    68.500      4.442      0.097
    69.000      4.442      0.097
    69.500      4.442      0.097
    70.000      4.441      0.096
    70.500      4.441      0.095
    71.000      4.441      0.095
    71.500      4.441      0.094
    72.000      4.442      0.094
    72.500      4.441      0.094
    73.000      4.441      0.093
    73.500      4.441      0.092
    74.000      4.442      0.092
    74.500      4.442      0.091
    75.000      4.442      0.091
    75.500      4.442      0.090
    76.000      4.442      0.090
    76.500      4.442      0.089
    77.000      4.443      0.088
    77.500      4.444      0.088
    78.000      4.444      0.087
    78.500      4.444      0.086
    79.000      4.443      0.085
    79.500      4.444      0.085
    80.000      4.445      0.084
    80.500      4.446      0.084
    81.000      4.446      0.083
    81.500      4.446      0.083
    82.000      4.446      0.082
    82.500      4.446      0.081
    83.000      4.447      0.081
    83.500      4.448      0.081
    84.000      4.449      0.081
    84.500      4.449      0.081
    85.000      4.449      0.081
    85.500      4.449      0.080
    86.000      4.450      0.079
    86.500      4.451      0.079
    87.000      4.451      0.080
    87.500      4.452      0.081
    88.000      4.451      0.081
    88.500      4.452      0.081
    89.000      4.453      0.081
    89.500      4.453      0.081
    90.000      4.454      0.082
    90.500      4.454      0.083
    91.000      4.454      0.084
    91.500      4.454      0.085
    92.000      4.455      0.085
    92.500      4.456      0.085
    93.000      4.456      0.086
    93.500      4.456      0.088
    94.000      4.456      0.089
    94.500      4.456      0.090
    95.000      4.456      0.091
    95.500      4.457      0.092
    96.000      4.457      0.093
    96.500      4.457      0.094
    97.000      4.457      0.096
    97.500      4.457      0.097
    98.000      4.457      0.099
    98.500      4.457      0.100
    99.000      4.457      0.101
    99.500      4.457      0.102
   100.000      4.456      0.103
   100.500      4.456      0.104
   101.000      4.456      0.106
   101.500      4.455      0.108
   102.000      4.456      0.109
   102.500      4.455      0.111
   103.000      4.454      0.112
   103.500      4.454      0.113
   104.000      4.453      0.114
   104.500      4.453      0.117
   105.000      4.453      0.118
   105.500      4.452      0.120
   106.000      4.451      0.121
   106.500      4.450      0.122
   107.000      4.450      0.123
   107.500      4.449      0.125
   108.000      4.449      0.127
   108.500      4.448      0.129
   109.000      4.447      0.130
   109.500      4.446      0.131
   110.000      4.444      0.132
   110.500      4.444      0.133
   111.000      4.443      0.135
   111.500      4.442      0.138
   112.000      4.441      0.139
   112.500      4.440      0.140
   113.000      4.439      0.141
   113.500      4.438      0.142
   114.000      4.437      0.144
   114.500      4.436      0.146
   115.000      4.435      0.148
   115.500      4.433      0.149
   116.000      4.431      0.150
   116.500      4.430      0.151
   117.000      4.429      0.152
   117.500      4.428      0.154
   118.000      4.427      0.156
   118.500      4.426      0.157
   119.000      4.424      0.158
   119.500      4.422      0.159
   120.000      4.421      0.160
   120.500      4.420      0.162
   121.000      4.419      0.164
   121.500      4.418      0.164
   122.000      4.415      0.166
   122.500      4.413      0.167
   123.000      4.412      0.168
   123.500      4.411      0.170
   124.000      4.409      0.171
   124.500      4.408      0.172
   125.000      4.406      0.173
   125.500      4.404      0.175
   126.000      4.402      0.176
   126.500      4.401      0.177
   127.000      4.400      0.178
   127.500      4.399      0.179
   128.000      4.397      0.180
   128.500      4.394      0.181
   129.000      4.392      0.183
   129.500      4.390      0.184
   130.000      4.390      0.185
   130.500      4.388      0.185
   131.000      4.387      0.186
   131.500      4.384      0.187
   132.000      4.381      0.190
   132.500      4.379      0.190
   133.000      4.379      0.191
   133.500      4.378      0.191
   134.000      4.376      0.191
   134.500      4.373      0.193
   135.000      4.370      0.195
   135.500      4.368      0.196
   136.000      4.368      0.196
   136.500      4.367      0.196
   137.000      4.365      0.196
   137.500      4.363      0.197
   138.000      4.360      0.199
   138.500      4.357      0.201
   139.000      4.356      0.201
   139.500      4.355      0.200
   140.000      4.354      0.200
   140.500      4.352      0.201
   141.000      4.349      0.203
   141.500      4.346      0.204
   142.000      4.345      0.204
   142.500      4.344      0.204
   143.000      4.343      0.204
   143.500      4.341      0.204
   144.000      4.338      0.206
   144.500      4.336      0.206
   145.000      4.334      0.207
   145.500      4.332      0.207
   146.000      4.331      0.206
   146.500      4.330      0.206
   147.000      4.328      0.208
   147.500      4.325      0.208
   148.000      4.323      0.208
   148.500      4.321      0.208
   149.000      4.320      0.207
   149.500      4.319      0.207
   150.000      4.317      0.208
   150.500      4.315      0.209
   151.000      4.313      0.208
   151.500      4.311      0.208
   152.000      4.309      0.208
   152.500      4.308      0.207
   153.000      4.307      0.208
   153.500      4.305      0.209
   154.000      4.303      0.208
   154.500      4.301      0.207
   155.000      4.299      0.207
   155.500      4.298      0.206
   156.000      4.297      0.206
   156.500      4.295      0.207
   157.000      4.294      0.207
   157.500      4.292      0.205
   158.000      4.289      0.204
   158.500      4.288      0.204
   159.000      4.287      0.203
   159.500      4.286      0.204
   160.000      4.285      0.204
   160.500      4.284      0.203
   161.000      4.281      0.201
   161.500      4.279      0.200
   162.000      4.278      0.199
   162.500      4.277      0.200
   163.000      4.276      0.200
   163.500      4.276      0.199
   164.000      4.274      0.197
   164.500      4.272      0.196
   165.000      4.270      0.195
   165.500      4.269      0.195
   166.000      4.268      0.195
   166.500      4.267      0.194
   167.000      4.267      0.193
   167.500      4.265      0.191
   168.000      4.263      0.190
   168.500      4.262      0.189
   169.000      4.262      0.189
   169.500      4.260      0.188
   170.000      4.260      0.188
   170.500      4.261      0.187
   171.000      4.258      0.185
   171.500      4.256      0.185
   172.000      4.256      0.185
   172.500      4.254      0.183
   173.000      4.254      0.183
   173.500      4.256      0.183
   174.000      4.255      0.182
   174.500      4.252      0.181
   175.000      4.251      0.181
   175.500      4.250      0.179
   176.000      4.249      0.179
   176.500      4.251      0.179
   177.000      4.253      0.180
   177.500      4.249      0.179
   178.000      4.247      0.180
   178.500      4.247      0.178
   179.000      4.246      0.178
   179.500      4.249      0.178
   180.000      4.250      0.179
   180.500      4.249      0.181
   181.000      4.245      0.183
   181.500      4.246      0.182
   182.000      4.244      0.182
   182.500      4.247      0.183
   183.000      4.247      0.183
   183.500      4.250      0.186
   184.000      4.246      0.189
   184.500      4.246      0.191
   185.000      4.244      0.192
   185.500      4.248      0.194
   186.000      4.248      0.194
   186.500      4.248      0.194
   187.000      4.249      0.202
   187.500      4.247      0.208
   188.000      4.246      0.208
   188.500      4.250      0.212
   189.000      4.250      0.212
   189.500      4.250      0.212
   190.000      4.252      0.214
   190.500      4.249      0.229
   191.000      4.250      0.233
   191.500      4.254      0.238
   192.000      4.254      0.238
   192.500      4.254      0.238
   193.000      4.254      0.238
   193.500      4.257      0.252
   194.000      4.255      0.266
   194.500      4.261      0.272
   195.000      4.261      0.272
   195.500      4.261      0.272
   196.000      4.261      0.272
   196.500      4.261      0.272
   197.000      4.263      0.306
   197.500      4.269      0.313
   198.000      4.269      0.313
   198.500      4.269      0.313
   199.000      4.269      0.313
   199.500      4.269      0.313
