     0.000      1.441      0.475
     0.500      3.093      0.173
     1.000      3.150      0.177
     1.500      3.208      0.137
     2.000      3.228      0.135
     2.500      3.264      0.104
     3.000      3.284      0.099
     3.500      3.314      0.078
     4.000      3.330      0.071
     4.500      3.356      0.057
     5.000      3.369      0.052
     5.500      3.391      0.043
     6.000      3.403      0.041
     6.500      3.419      0.037
     7.000      3.431      0.036
     7.500      3.442      0.036
     8.000      3.453      0.036
     8.500      3.461      0.037
     9.000      3.470      0.037
     9.500      3.477      0.039
    10.000      3.483      0.040
    10.500      3.489      0.040
    11.000      3.493      0.041
    11.500      3.498      0.041
    12.000      3.502      0.041
    12.500      3.505      0.041
    13.000      3.508      0.042
    13.500      3.511      0.041
    14.000      3.514      0.041
    14.500      3.516      0.041
    15.000      3.519      0.041
    15.500      3.522      0.041
    16.000      3.524      0.040
    16.500      3.527      0.040
    17.000      3.530      0.040
    17.500      3.532      0.039
    18.000      3.535      0.038
    18.500      3.538      0.038
    19.000      3.542      0.037
    19.500      3.545      0.036
    20.000      3.548      0.035
    20.500      3.552      0.034
    21.000      3.556      0.033
    21.500      3.560      0.032
    22.000      3.564      0.031
    22.500      3.568      0.030
    23.000      3.572      0.030
    23.500      3.576      0.029
    24.000      3.581      0.029
    24.500      3.586      0.028
    25.000      3.591      0.028
    25.500      3.596      0.028
    26.000      3.602      0.029
    26.500      3.607      0.029
    27.000      3.613      0.030
    27.500      3.619      0.031
    28.000      3.625      0.032
    28.500      3.632      0.034
    29.000      3.639      0.035
    29.500      3.645      0.037
    30.000      3.653      0.039
    30.500      3.660      0.040
    31.000      3.668      0.042
    31.500      3.677      0.044
    32.000      3.685      0.046
    32.500      3.694      0.048
    33.000      3.703      0.050
    33.500      3.713      0.052
    34.000      3.722      0.055
    34.500      3.731      0.057
    35.000      3.742      0.060
    35.500      3.752      0.062
    36.000      3.763      0.064
    36.500      3.775      0.067
    37.000      3.788      0.069
    37.500      3.800      0.072
    38.000      3.813      0.074
    38.500      3.825      0.078
    39.000      3.838      0.081
    39.500      3.853      0.086
    40.000      3.867      0.089
    40.500      3.882      0.092
    41.000      3.897      0.095
    41.500      3.915      0.098
    42.000      3.934      0.100
    42.500      3.954      0.101
    43.000      3.976      0.104
    43.500      3.999      0.105
    44.000      4.022      0.108
    44.500      4.045      0.109
    45.000      4.066      0.115
    45.500      4.413      0.226
    46.000      4.409      0.214
    46.500      4.410      0.206
    47.000      4.418      0.201
    47.500      4.425      0.196
    48.000      4.429      0.190
    48.500      4.432      0.184
    49.000      4.430      0.177
    49.500      4.433      0.170
    50.000      4.435      0.164
    50.500      4.434      0.157
    51.000      4.433      0.150
    51.500      4.429      0.145
    52.000      4.427      0.142
    52.500      4.424      0.137
    53.000      4.422      0.130
    53.500      4.418      0.126
    54.000      4.415      0.122
    54.500      4.412      0.121
    55.000      4.409      0.119
    55.500      4.406      0.116
    56.000      4.403      0.113
    56.500      4.401      0.109
    57.000      4.398      0.107
    57.500      4.396      0.107
    58.000      4.393      0.107
    58.500      4.391      0.107
    59.000      4.388      0.105
    59.500      4.386      0.104
    60.000      4.384      0.104
    60.500      4.383      0.104
    61.000      4.381      0.105
    61.500      4.379      0.106
    62.000      4.376      0.107
    62.500      4.375      0.106
    63.000      4.373      0.107
    63.500      4.372      0.108
    64.000      4.371      0.109
    64.500      4.369      0.110
    65.000      4.367      0.110
    65.500      4.366      0.110
    66.000      4.364      0.111
    66.500      4.364      0.111
    67.000      4.363      0.112
    67.500      4.361      0.112
    68.000      4.360      0.112
    68.500      4.359      0.112
    69.000      4.358      0.112
    69.500      4.357      0.113
    70.000      4.357      0.112
    70.500      4.356      0.112
    71.000      4.355      0.112
    71.500      4.354      0.111
    72.000      4.353      0.111
    72.500      4.353      0.111
    73.000      4.353      0.110
    73.500      4.352      0.109
    74.000      4.352      0.108
    74.500      4.351      0.107
    75.000      4.350      0.107
    75.500      4.350      0.106
    76.000      4.350      0.105
    76.500      4.350      0.104
    77.000      4.350      0.102
    77.500      4.350      0.101
    78.000      4.349      0.101
    78.500      4.349      0.100
    79.000      4.349      0.098
    79.500      4.349      0.097
    80.000      4.350      0.095
    80.500      4.350      0.094
    81.000      4.349      0.093
    81.500      4.349      0.092
    82.000      4.349      0.091
    82.500      4.350      0.089
    83.000      4.351      0.088
    83.500      4.351      0.087
    84.000      4.350      0.086
    84.500      4.350      0.085
    85.000      4.350      0.084
    85.500      4.351      0.083
    86.000      4.352      0.082
    86.500      4.352      0.081
    87.000      4.352      0.081
    87.500      4.352      0.081
    88.000      4.352      0.080
    88.500      4.353      0.079
    89.000      4.354      0.079
    89.500      4.355      0.079
    90.000      4.355      0.080
    90.500      4.355      0.080
    91.000      4.355      0.080
    91.500      4.356      0.080
    92.000      4.357      0.081
    92.500      4.358      0.082
    93.000      4.358      0.083
    93.500      4.359      0.084
    94.000      4.358      0.084
    94.500      4.359      0.085
    95.000      4.360      0.086
    95.500      4.361      0.088
    96.000      4.361      0.089
    96.500      4.362      0.091
    97.000      4.362      0.091
    97.500      4.362      0.093
    98.000      4.363      0.094
    98.500      4.364      0.096
    99.000      4.364      0.098
    99.500      4.365      0.100
   100.000      4.365      0.101
   100.500      4.365      0.102
   101.000      4.366      0.103
   101.500      4.366      0.105
   102.000      4.367      0.108
   102.500      4.368      0.109
   103.000      4.368      0.111
   103.500      4.368      0.112
   104.000      4.369      0.113
   104.500      4.369      0.115
   105.000      4.370      0.117
   105.500      4.371      0.119
   106.000      4.371      0.121
   106.500      4.371      0.123
   107.000      4.372      0.124
   107.500      4.372      0.125
   108.000      4.372      0.127
   108.500      4.373      0.129
   109.000      4.374      0.131
   109.500      4.374      0.133
   110.000      4.374      0.133
   110.500      4.374      0.134
   111.000      4.375      0.136
   111.500      4.376      0.138
   112.000      4.376      0.140
   112.500      4.377      0.142
   113.000      4.377      0.143
   113.500      4.377      0.144
   114.000      4.377      0.145
   114.500      4.378      0.147
   115.000      4.379      0.149
   115.500      4.379      0.151
   116.000      4.379      0.152
   116.500      4.379      0.152
   117.000      4.379      0.153
   117.500      4.380      0.156
   118.000      4.381      0.157
   118.500      4.381      0.159
   119.000      4.381      0.160
   119.500      4.381      0.160
   120.000      4.381      0.161
   120.500      4.382      0.163
   121.000      4.382      0.165
   121.500      4.383      0.167
   122.000      4.383      0.168
   122.500      4.383      0.168
   123.000      4.383      0.169
   123.500      4.383      0.171
   124.000      4.384      0.172
   124.500      4.385      0.174
   125.000      4.385      0.175
   125.500      4.385      0.175
   126.000      4.385      0.176
   126.500      4.385      0.177
   127.000      4.386      0.179
   127.500      4.386      0.180
   128.000      4.387      0.182
   128.500      4.387      0.182
   129.000      4.387      0.183
   129.500      4.387      0.184
   130.000      4.387      0.185
   130.500      4.388      0.187
   131.000      4.388      0.188
   131.500      4.389      0.188
   132.000      4.389      0.189
   132.500      4.389      0.190
   133.000      4.389      0.191
   133.500      4.389      0.192
   134.000      4.389      0.193
   134.500      4.390      0.194
   135.000      4.390      0.194
   135.500      4.390      0.195
   136.000      4.390      0.196
   136.500      4.391      0.197
   137.000      4.391      0.198
   137.500      4.391      0.199
   138.000      4.392      0.199
   138.500      4.392      0.199
   139.000      4.392      0.201
   139.500      4.392      0.202
   140.000      4.392      0.202
   140.500      4.392      0.203
   141.000      4.393      0.203
   141.500      4.393      0.203
   142.000      4.393      0.205
   142.500      4.393      0.206
   143.000      4.393      0.206
   143.500      4.393      0.206
   144.000      4.394      0.206
   144.500      4.394      0.207
   145.000      4.394      0.208
   145.500      4.394      0.209
   146.000      4.394      0.209
   146.500      4.394      0.209
   147.000      4.395      0.209
   147.500      4.395      0.209
   148.000      4.395      0.210
   148.500      4.395      0.211
   149.000      4.395      0.211
   149.500      4.395      0.211
   150.000      4.396      0.211
   150.500      4.395      0.211
   151.000      4.396      0.211
   151.500      4.396      0.213
   152.000      4.396      0.213
   152.500      4.396      0.212
   153.000      4.396      0.212
   153.500      4.396      0.211
   154.000      4.396      0.212
   154.500      4.397      0.213
   155.000      4.397      0.213
   155.500      4.397      0.213
   156.000      4.397      0.212
   156.500      4.397      0.211
   157.000      4.397      0.211
   157.500      4.397      0.212
   158.000      4.398      0.213
   158.500      4.398      0.212
   159.000      4.398      0.211
   159.500      4.398      0.210
   160.000      4.398      0.210
   160.500      4.398      0.210
   161.000      4.399      0.211
   161.500      4.399      0.211
   162.000      4.398      0.209
   162.500      4.398      0.208
   163.000      4.399      0.208
   163.500      4.399      0.208
   164.000      4.399      0.208
   164.500      4.400      0.208
   165.000      4.399      0.207
   165.500      4.398      0.206
   166.000      4.399      0.205
   166.500      4.399      0.205
   167.000      4.399      0.205
   167.500      4.400      0.205
   168.000      4.400      0.204
   168.500      4.399      0.203
   169.000      4.400      0.202
   169.500      4.400      0.201
   170.000      4.400      0.201
   170.500      4.400      0.201
   171.000      4.401      0.201
   171.500      4.399      0.199
   172.000      4.401      0.199
   172.500      4.401      0.198
   173.000      4.400      0.197
   173.500      4.400      0.197
   174.000      4.401      0.197
   174.500      4.401      0.196
   175.000      4.400      0.196
   175.500      4.402      0.195
   176.000      4.401      0.194
   176.500      4.401      0.194
   177.000      4.401      0.193
   177.500      4.402      0.194
   178.000      4.401      0.193
   178.500      4.402      0.194
   179.000      4.401      0.192
   179.500      4.401      0.192
   180.000      4.401      0.192
   180.500      4.402      0.192
   181.000      4.400      0.192
   181.500      4.403      0.195
   182.000      4.402      0.193
   182.500      4.402      0.193
   183.000      4.402      0.192
   183.500      4.402      0.193
   184.000      4.402      0.193
   184.500      4.403      0.199
   185.000      4.402      0.198
   185.500      4.402      0.198
   186.000      4.403      0.198
   186.500      4.403      0.198
   187.000      4.402      0.199
   187.500      4.402      0.207
   188.000      4.402      0.208
   188.500      4.403      0.209
   189.000      4.403      0.208
   189.500      4.403      0.208
   190.000      4.403      0.209
   190.500      4.401      0.214
   191.000      4.403      0.224
   191.500      4.403      0.226
   192.000      4.403      0.226
   192.500      4.403      0.226
   193.000      4.403      0.226
   193.500      4.403      0.227
   194.000      4.403      0.248
   194.500      4.404      0.250
   195.000      4.404      0.250
   195.500      4.404      0.250
   196.000      4.404      0.250
   196.500      4.404      0.250
   197.000      4.403      0.278
   197.500      4.404      0.281
   198.000      4.404      0.281
   198.500      4.404      0.281
   199.000      4.404      0.281
