     0.000      1.429      0.561
     0.500      3.317      0.299
     1.000      3.334      0.282
     1.500      3.347      0.238
     2.000      3.365      0.188
     2.500      3.371      0.166
     3.000      3.389      0.127
     3.500      3.393      0.105
     4.000      3.407      0.080
     4.500      3.413      0.066
     5.000      3.422      0.055
     5.500      3.429      0.055
     6.000      3.435      0.058
     6.500      3.440      0.062
     7.000      3.445      0.070
     7.500      3.449      0.076
     8.000      3.452      0.081
     8.500      3.455      0.085
     9.000      3.457      0.086
     9.500      3.459      0.089
    10.000      3.460      0.088
    10.500      3.461      0.088
    11.000      3.461      0.086
    11.500      3.461      0.084
    12.000      3.461      0.082
    12.500      3.460      0.078
    13.000      3.460      0.075
    13.500      3.459      0.071
    14.000      3.458      0.068
    14.500      3.456      0.064
    15.000      3.455      0.061
    15.500      3.454      0.058
    16.000      3.452      0.056
    16.500      3.451      0.054
    17.000      3.449      0.052
    17.500      3.448      0.051
    18.000      3.447      0.049
    18.500      3.446      0.048
    19.000      3.444      0.046
    19.500      3.443      0.045
    20.000      3.442      0.044
    20.500      3.441      0.042
    21.000      3.440      0.041
    21.500      3.439      0.039
    22.000      3.438      0.038
    22.500      3.437      0.036
    23.000      3.436      0.035
    23.500      3.435      0.033
    24.000      3.434      0.031
    24.500      3.433      0.030
    25.000      3.433      0.029
    25.500      3.432      0.029
    26.000      3.431      0.029
    26.500      3.430      0.029
    27.000      3.429      0.030
    27.500      3.429      0.032
    28.000      3.428      0.034
    28.500      3.427      0.036
    29.000      3.427      0.038
    29.500      3.426      0.041
    30.000      3.425      0.044
    30.500      3.425      0.048
    31.000      3.424      0.050
    31.500      3.424      0.054
    32.000      3.423      0.057
    32.500      3.423      0.060
    33.000      3.422      0.064
    33.500      3.422      0.067
    34.000      3.421      0.070
    34.500      3.421      0.073
    35.000      3.421      0.075
    35.500      3.420      0.079
    36.000      3.420      0.081
    36.500      3.419      0.084
    37.000      3.419      0.086
    37.500      3.419      0.088
    38.000      3.418      0.091
    38.500      3.418      0.093
    39.000      3.418      0.095
    39.500      3.418      0.097
    40.000      3.418      0.099
    40.500      3.418      0.102
    41.000      3.418      0.104
    41.500      3.418      0.107
    42.000      3.420      0.111
    42.500      3.420      0.115
    43.000      3.420      0.121
    43.500      3.422      0.126
    44.000      3.422      0.134
    44.500      3.423      0.139
    45.000      3.426      0.145
    45.500      3.431      0.150
    46.000      3.438      0.156
    46.500      3.446      0.161
    47.000      3.461      0.163
    47.500      3.477      0.162
    48.000      3.492      0.163
    48.500      3.513      0.158
    49.000      4.080      0.342
    49.500      4.090      0.337
    50.000      4.100      0.331
    50.500      4.116      0.320
    51.000      4.140      0.309
    51.500      4.160      0.302
    52.000      4.185      0.298
    52.500      4.206      0.291
    53.000      4.223      0.286
    53.500      4.237      0.277
    54.000      4.249      0.267
    54.500      4.261      0.253
    55.000      4.271      0.239
    55.500      4.280      0.225
    56.000      4.288      0.212
    56.500      4.294      0.202
    57.000      4.302      0.195
    57.500      4.311      0.188
    58.000      4.319      0.181
    58.500      4.329      0.171
    59.000      4.335      0.162
    59.500      4.343      0.156
    60.000      4.351      0.152
    60.500      4.361      0.153
    61.000      4.368      0.152
    61.500      4.375      0.151
    62.000      4.381      0.149
    62.500      4.387      0.146
    63.000      4.391      0.141
    63.500      4.395      0.137
    64.000      4.398      0.134
    64.500      4.402      0.133
    65.000      4.407      0.133
    65.500      4.411      0.134
    66.000      4.416      0.135
    66.500      4.419      0.134
    67.000      4.422      0.133
    67.500      4.425      0.132
    68.000      4.428      0.131
    68.500      4.431      0.133
    69.000      4.434      0.134
    69.500      4.437      0.135
    70.000      4.441      0.137
    70.500      4.442      0.137
    71.000      4.445      0.136
    71.500      4.447      0.136
    72.000      4.449      0.136
    72.500      4.451      0.137
    73.000      4.454      0.138
    73.500      4.456      0.139
    74.000      4.458      0.139
    74.500      4.459      0.139
    75.000      4.461      0.139
    75.500      4.462      0.138
    76.000      4.464      0.138
    76.500      4.465      0.138
    77.000      4.466      0.137
    77.500      4.467      0.137
    78.000      4.468      0.137
    78.500      4.469      0.136
    79.000      4.471      0.135
    79.500      4.471      0.134
    80.000      4.472      0.133
    80.500      4.472      0.132
    81.000      4.473      0.131
    81.500      4.473      0.130
    82.000      4.474      0.129
    82.500      4.475      0.128
    83.000      4.475      0.126
    83.500      4.475      0.125
    84.000      4.475      0.123
    84.500      4.475      0.122
    85.000      4.475      0.120
    85.500      4.475      0.119
    86.000      4.475      0.117
    86.500      4.476      0.116
    87.000      4.475      0.114
    87.500      4.475      0.113
    88.000      4.474      0.111
    88.500      4.474      0.110
    89.000      4.474      0.109
    89.500      4.474      0.107
    90.000      4.474      0.106
    90.500      4.473      0.104
    91.000      4.473      0.103
    91.500      4.471      0.102
    92.000      4.471      0.102
    92.500      4.471      0.101
    93.000      4.470      0.099
    93.500      4.470      0.098
    94.000      4.469      0.097
    94.500      4.469      0.097
    95.000      4.468      0.097
    95.500      4.467      0.098
    96.000      4.466      0.098
    96.500      4.466      0.097
    97.000      4.465      0.097
    97.500      4.465      0.096
    98.000      4.464      0.096
    98.500      4.463      0.097
    99.000      4.462      0.098
    99.500      4.462      0.099
   100.000      4.461      0.100
   100.500      4.461      0.100
   101.000      4.460      0.101
   101.500      4.459      0.101
   102.000      4.457      0.102
   102.500      4.457      0.104
   103.000      4.457      0.105
   103.500      4.457      0.106
   104.000      4.456      0.107
   104.500      4.455      0.108
   105.000      4.454      0.109
   105.500      4.452      0.110
   106.000      4.452      0.111
   106.500      4.452      0.113
   107.000      4.452      0.115
   107.500      4.452      0.116
   108.000      4.451      0.117
   108.500      4.449      0.118
   109.000      4.448      0.119
   109.500      4.446      0.121
   110.000      4.446      0.122
   110.500      4.447      0.125
   111.000      4.447      0.125
   111.500      4.447      0.127
   112.000      4.445      0.128
   112.500      4.443      0.129
   113.000      4.441      0.131
   113.500      4.441      0.132
   114.000      4.441      0.134
   114.500      4.442      0.136
   115.000      4.442      0.137
   115.500      4.441      0.138
   116.000      4.438      0.139
   116.500      4.437      0.141
   117.000      4.435      0.143
   117.500      4.435      0.144
   118.000      4.436      0.146
   118.500      4.437      0.147
   119.000      4.436      0.148
   119.500      4.434      0.149
   120.000      4.432      0.151
   120.500      4.430      0.153
   121.000      4.429      0.155
   121.500      4.430      0.156
   122.000      4.431      0.158
   122.500      4.431      0.159
   123.000      4.430      0.159
   123.500      4.427      0.161
   124.000      4.425      0.163
   124.500      4.424      0.166
   125.000      4.424      0.167
   125.500      4.424      0.168
   126.000      4.425      0.169
   126.500      4.425      0.170
   127.000      4.423      0.171
   127.500      4.420      0.174
   128.000      4.418      0.176
   128.500      4.417      0.178
   129.000      4.418      0.179
   129.500      4.418      0.180
   130.000      4.419      0.181
   130.500      4.418      0.182
   131.000      4.415      0.184
   131.500      4.413      0.186
   132.000      4.411      0.189
   132.500      4.411      0.190
   133.000      4.411      0.191
   133.500      4.411      0.192
   134.000      4.411      0.193
   134.500      4.410      0.194
   135.000      4.407      0.196
   135.500      4.405      0.198
   136.000      4.404      0.201
   136.500      4.404      0.202
   137.000      4.404      0.202
   137.500      4.404      0.203
   138.000      4.403      0.204
   138.500      4.402      0.205
   139.000      4.399      0.208
   139.500      4.397      0.211
   140.000      4.396      0.212
   140.500      4.396      0.213
   141.000      4.396      0.214
   141.500      4.395      0.214
   142.000      4.395      0.215
   142.500      4.393      0.217
   143.000      4.390      0.219
   143.500      4.388      0.222
   144.000      4.388      0.222
   144.500      4.387      0.223
   145.000      4.387      0.224
   145.500      4.387      0.224
   146.000      4.386      0.225
   146.500      4.383      0.228
   147.000      4.380      0.230
   147.500      4.379      0.231
   148.000      4.378      0.231
   148.500      4.377      0.232
   149.000      4.377      0.232
   149.500      4.377      0.232
   150.000      4.376      0.234
   150.500      4.372      0.236
   151.000      4.370      0.238
   151.500      4.370      0.238
   152.000      4.368      0.239
   152.500      4.367      0.239
   153.000      4.367      0.239
   153.500      4.367      0.239
   154.000      4.364      0.241
   154.500      4.361      0.243
   155.000      4.360      0.244
   155.500      4.358      0.244
   156.000      4.356      0.244
   156.500      4.356      0.244
   157.000      4.356      0.244
   157.500      4.355      0.244
   158.000      4.352      0.247
   158.500      4.350      0.248
   159.000      4.348      0.247
   159.500      4.345      0.247
   160.000      4.344      0.247
   160.500      4.344      0.247
   161.000      4.344      0.246
   161.500      4.342      0.248
   162.000      4.339      0.249
   162.500      4.337      0.249
   163.000      4.334      0.248
   163.500      4.332      0.248
   164.000      4.332      0.247
   164.500      4.332      0.248
   165.000      4.330      0.247
   165.500      4.328      0.249
   166.000      4.326      0.249
   166.500      4.323      0.247
   167.000      4.319      0.246
   167.500      4.318      0.246
   168.000      4.318      0.246
   168.500      4.318      0.247
   169.000      4.316      0.246
   169.500      4.313      0.247
   170.000      4.311      0.245
   170.500      4.306      0.243
   171.000      4.304      0.243
   171.500      4.303      0.242
   172.000      4.302      0.243
   172.500      4.303      0.244
   173.000      4.300      0.243
   173.500      4.298      0.242
   174.000      4.294      0.239
   174.500      4.289      0.238
   175.000      4.288      0.238
   175.500      4.287      0.239
   176.000      4.286      0.239
   176.500      4.287      0.240
   177.000      4.283      0.239
   177.500      4.281      0.235
   178.000      4.273      0.233
   178.500      4.272      0.233
   179.000      4.270      0.235
   179.500      4.270      0.235
   180.000      4.269      0.235
   180.500      4.268      0.236
   181.000      4.265      0.235
   181.500      4.258      0.231
   182.000      4.254      0.231
   182.500      4.252      0.233
   183.000      4.251      0.233
   183.500      4.251      0.233
   184.000      4.251      0.233
   184.500      4.248      0.235
   185.000      4.246      0.233
   185.500      4.236      0.234
   186.000      4.233      0.237
   186.500      4.232      0.238
   187.000      4.232      0.238
   187.500      4.232      0.238
   188.000      4.232      0.237
   188.500      4.227      0.242
   189.000      4.217      0.245
   189.500      4.212      0.250
   190.000      4.211      0.251
   190.500      4.211      0.251
   191.000      4.211      0.251
   191.500      4.211      0.251
   192.000      4.211      0.251
   192.500      4.206      0.263
   193.000      4.190      0.276
   193.500      4.189      0.277
   194.000      4.189      0.277
   194.500      4.189      0.277
   195.000      4.189      0.277
   195.500      4.189      0.277
   196.000      4.189      0.277
   196.500      4.167      0.316
   197.000      4.166      0.316
   197.500      4.166      0.316
   198.000      4.166      0.316
   198.500      4.166      0.316
   199.000      4.166      0.316
   199.500      4.166      0.316
