     0.000      1.474      0.587
     0.500      3.020      0.187
     1.000      3.049      0.180
     1.500      3.119      0.137
     2.000      3.164      0.125
     2.500      3.222      0.097
     3.000      3.260      0.083
     3.500      3.307      0.065
     4.000      3.340      0.056
     4.500      3.381      0.044
     5.000      3.405      0.040
     5.500      3.438      0.036
     6.000      3.459      0.037
     6.500      3.482      0.037
     7.000      3.501      0.040
     7.500      3.517      0.041
     8.000      3.532      0.043
     8.500      3.544      0.045
     9.000      3.556      0.046
     9.500      3.565      0.048
    10.000      3.573      0.048
    10.500      3.580      0.049
    11.000      3.586      0.049
    11.500      3.591      0.050
    12.000      3.596      0.050
    12.500      3.600      0.050
    13.000      3.604      0.050
    13.500      3.608      0.051
    14.000      3.612      0.050
    14.500      3.615      0.050
    15.000      3.619      0.050
    15.500      3.623      0.049
    16.000      3.627      0.049
    16.500      3.632      0.048
    17.000      3.636      0.047
    17.500      3.641      0.047
    18.000      3.645      0.046
    18.500      3.651      0.045
    19.000      3.656      0.044
    19.500      3.663      0.044
    20.000      3.669      0.043
    20.500      3.676      0.043
    21.000      3.682      0.042
    21.500      3.691      0.042
    22.000      3.698      0.042
    22.500      3.707      0.043
    23.000      3.717      0.043
    23.500      3.727      0.043
    24.000      3.737      0.044
    24.500      3.749      0.045
    25.000      3.761      0.045
    25.500      3.774      0.047
    26.000      3.788      0.048
    26.500      3.802      0.050
    27.000      3.818      0.051
    27.500      3.834      0.054
    28.000      3.852      0.056
    28.500      3.873      0.058
    29.000      3.893      0.060
    29.500      3.911      0.061
    30.000      3.930      0.063
    30.500      3.952      0.062
    31.000      3.975      0.060
    31.500      3.994      0.061
    32.000      4.016      0.062
    32.500      4.039      0.065
    33.000      4.063      0.066
    33.500      4.087      0.068
    34.000      4.111      0.071
    34.500      4.137      0.071
    35.000      4.348      0.175
    35.500      4.366      0.174
    36.000      4.380      0.171
    36.500      4.397      0.168
    37.000      4.409      0.166
    37.500      4.421      0.164
    38.000      4.426      0.157
    38.500      4.435      0.152
    39.000      4.445      0.147
    39.500      4.455      0.145
    40.000      4.466      0.144
    40.500      4.474      0.146
    41.000      4.480      0.151
    41.500      4.483      0.151
    42.000      4.489      0.152
    42.500      4.494      0.150
    43.000      4.495      0.147
    43.500      4.492      0.141
    44.000      4.486      0.133
    44.500      4.480      0.127
    45.000      4.477      0.120
    45.500      4.474      0.113
    46.000      4.470      0.105
    46.500      4.466      0.101
    47.000      4.462      0.094
    47.500      4.456      0.090
    48.000      4.452      0.087
    48.500      4.449      0.082
    49.000      4.445      0.078
    49.500      4.441      0.074
    50.000      4.438      0.072
    50.500      4.433      0.069
    51.000      4.429      0.068
    51.500      4.425      0.067
    52.000      4.422      0.065
    52.500      4.418      0.064
    53.000      4.415      0.063
    53.500      4.411      0.062
    54.000      4.407      0.063
    54.500      4.402      0.064
    55.000      4.400      0.065
    55.500      4.396      0.065
    56.000      4.393      0.064
    56.500      4.389      0.065
    57.000      4.385      0.065
    57.500      4.382      0.067
    58.000      4.379      0.068
    58.500      4.376      0.069
    59.000      4.373      0.069
    59.500      4.369      0.069
    60.000      4.366      0.070
    60.500      4.362      0.070
    61.000      4.359      0.072
    61.500      4.356      0.072
    62.000      4.354      0.073
    62.500      4.351      0.072
    63.000      4.347      0.072
    63.500      4.344      0.072
    64.000      4.341      0.073
    64.500      4.338      0.073
    65.000      4.336      0.074
    65.500      4.334      0.073
    66.000      4.330      0.073
    66.500      4.327      0.073
    67.000      4.324      0.072
    67.500      4.321      0.072
    68.000      4.319      0.072
    68.500      4.317      0.071
    69.000      4.315      0.071
    69.500      4.312      0.071
    70.000      4.309      0.070
    70.500      4.306      0.069
    71.000      4.304      0.068
    71.500      4.302      0.068
    72.000      4.300      0.067
    72.500      4.298      0.067
    73.000      4.295      0.067
    73.500      4.292      0.066
    74.000      4.290      0.065
    74.500      4.288      0.064
    75.000      4.287      0.064
    75.500      4.285      0.064
    76.000      4.283      0.064
    76.500      4.280      0.064
    77.000      4.278      0.063
    77.500      4.276      0.062
    78.000      4.275      0.062
    78.500      4.273      0.062
    79.000      4.272      0.062
    79.500      4.270      0.063
    80.000      4.267      0.063
    80.500      4.265      0.063
    81.000      4.264      0.063
    81.500      4.263      0.063
    82.000      4.261      0.063
    82.500      4.260      0.064
    83.000      4.259      0.065
    83.500      4.256      0.066
    84.000      4.255      0.067
    84.500      4.254      0.067
    85.000      4.252      0.067
    85.500      4.252      0.068
    86.000      4.250      0.069
    86.500      4.249      0.070
    87.000      4.247      0.072
    87.500      4.246      0.073
    88.000      4.245      0.073
    88.500      4.244      0.074
    89.000      4.244      0.075
    89.500      4.243      0.076
    90.000      4.242      0.077
    90.500      4.240      0.079
    91.000      4.239      0.080
    91.500      4.238      0.080
    92.000      4.238      0.081
    92.500      4.238      0.082
    93.000      4.237      0.083
    93.500      4.236      0.085
    94.000      4.234      0.086
    94.500      4.233      0.087
    95.000      4.233      0.087
    95.500      4.233      0.088
    96.000      4.232      0.089
    96.500      4.232      0.090
    97.000      4.231      0.091
    97.500      4.230      0.093
    98.000      4.229      0.093
    98.500      4.229      0.093
    99.000      4.229      0.094
    99.500      4.228      0.095
   100.000      4.227      0.096
   100.500      4.226      0.097
   101.000      4.226      0.098
   101.500      4.226      0.098
   102.000      4.226      0.098
   102.500      4.225      0.099
   103.000      4.225      0.099
   103.500      4.224      0.100
   104.000      4.223      0.101
   104.500      4.223      0.102
   105.000      4.223      0.102
   105.500      4.223      0.103
   106.000      4.223      0.103
   106.500      4.222      0.103
   107.000      4.221      0.104
   107.500      4.221      0.105
   108.000      4.221      0.106
   108.500      4.221      0.106
   109.000      4.221      0.106
   109.500      4.220      0.106
   110.000      4.220      0.107
   110.500      4.219      0.108
   111.000      4.220      0.110
   111.500      4.220      0.110
   112.000      4.220      0.110
   112.500      4.220      0.109
   113.000      4.219      0.110
   113.500      4.218      0.111
   114.000      4.218      0.112
   114.500      4.219      0.113
   115.000      4.219      0.113
   115.500      4.219      0.113
   116.000      4.219      0.113
   116.500      4.218      0.113
   117.000      4.217      0.115
   117.500      4.218      0.117
   118.000      4.219      0.117
   118.500      4.219      0.117
   119.000      4.219      0.117
   119.500      4.219      0.117
   120.000      4.218      0.118
   120.500      4.218      0.120
   121.000      4.219      0.121
   121.500      4.219      0.121
   122.000      4.219      0.121
   122.500      4.220      0.121
   123.000      4.219      0.122
   123.500      4.218      0.123
   124.000      4.219      0.125
   124.500      4.219      0.126
   125.000      4.220      0.126
   125.500      4.220      0.126
   126.000      4.220      0.127
   126.500      4.219      0.128
   127.000      4.220      0.130
   127.500      4.220      0.131
   128.000      4.221      0.131
   128.500      4.222      0.131
   129.000      4.222      0.132
   129.500      4.221      0.133
   130.000      4.221      0.135
   130.500      4.222      0.137
   131.000      4.222      0.137
   131.500      4.223      0.137
   132.000      4.223      0.138
   132.500      4.223      0.139
   133.000      4.223      0.141
   133.500      4.224      0.143
   134.000      4.224      0.144
   134.500      4.224      0.144
   135.000      4.225      0.144
   135.500      4.225      0.145
   136.000      4.225      0.147
   136.500      4.225      0.149
   137.000      4.226      0.151
   137.500      4.226      0.151
   138.000      4.226      0.151
   138.500      4.228      0.151
   139.000      4.227      0.154
   139.500      4.227      0.156
   140.000      4.228      0.158
   140.500      4.228      0.158
   141.000      4.228      0.158
   141.500      4.229      0.159
   142.000      4.230      0.160
   142.500      4.229      0.163
   143.000      4.230      0.165
   143.500      4.231      0.166
   144.000      4.231      0.166
   144.500      4.231      0.166
   145.000      4.232      0.167
   145.500      4.232      0.168
   146.000      4.232      0.172
   146.500      4.233      0.174
   147.000      4.234      0.173
   147.500      4.234      0.174
   148.000      4.235      0.174
   148.500      4.235      0.175
   149.000      4.234      0.178
   149.500      4.236      0.181
   150.000      4.236      0.181
   150.500      4.237      0.181
   151.000      4.237      0.181
   151.500      4.238      0.182
   152.000      4.238      0.184
   152.500      4.238      0.187
   153.000      4.239      0.188
   153.500      4.240      0.188
   154.000      4.240      0.188
   154.500      4.241      0.189
   155.000      4.241      0.190
   155.500      4.241      0.192
   156.000      4.241      0.195
   156.500      4.242      0.195
   157.000      4.243      0.195
   157.500      4.243      0.196
   158.000      4.244      0.196
   158.500      4.244      0.198
   159.000      4.244      0.199
   159.500      4.244      0.201
   160.000      4.245      0.201
   160.500      4.246      0.202
   161.000      4.247      0.203
   161.500      4.248      0.204
   162.000      4.248      0.205
   162.500      4.247      0.206
   163.000      4.247      0.208
   163.500      4.249      0.207
   164.000      4.249      0.208
   164.500      4.251      0.210
   165.000      4.251      0.211
   165.500      4.251      0.211
   166.000      4.249      0.212
   166.500      4.250      0.213
   167.000      4.252      0.214
   167.500      4.253      0.215
   168.000      4.254      0.217
   168.500      4.254      0.217
   169.000      4.254      0.217
   169.500      4.252      0.219
   170.000      4.252      0.219
   170.500      4.254      0.221
   171.000      4.256      0.223
   171.500      4.257      0.224
   172.000      4.258      0.224
   172.500      4.257      0.224
   173.000      4.254      0.225
   173.500      4.256      0.226
   174.000      4.258      0.229
   174.500      4.259      0.231
   175.000      4.260      0.231
   175.500      4.260      0.231
   176.000      4.259      0.231
   176.500      4.255      0.232
   177.000      4.258      0.236
   177.500      4.261      0.239
   178.000      4.263      0.239
   178.500      4.263      0.239
   179.000      4.263      0.239
   179.500      4.259      0.240
   180.000      4.257      0.242
   180.500      4.261      0.248
   181.000      4.264      0.250
   181.500      4.265      0.250
   182.000      4.265      0.250
   182.500      4.265      0.250
   183.000      4.259      0.253
   183.500      4.260      0.259
   184.000      4.265      0.263
   184.500      4.266      0.263
   185.000      4.266      0.263
   185.500      4.266      0.263
   186.000      4.266      0.263
   186.500      4.258      0.267
   187.000      4.263      0.279
   187.500      4.268      0.281
   188.000      4.268      0.281
   188.500      4.268      0.281
   189.000      4.268      0.281
   189.500      4.268      0.281
   190.000      4.258      0.290
   190.500      4.267      0.303
   191.000      4.268      0.304
   191.500      4.268      0.304
   192.000      4.268      0.304
   192.500      4.268      0.304
   193.000      4.268      0.304
   193.500      4.262      0.327
   194.000      4.268      0.332
   194.500      4.268      0.332
   195.000      4.268      0.332
   195.500      4.268      0.332
   196.000      4.268      0.332
   196.500      4.268      0.332
   197.000      4.267      0.366
   197.500      4.267      0.366
   198.000      4.267      0.366
   198.500      4.267      0.366
   199.000      4.267      0.366
   199.500      4.267      0.366
