     0.000      1.350      0.455
     0.500      3.039      0.142
     1.000      3.072      0.141
     1.500      3.104      0.112
     2.000      3.151      0.100
     2.500      3.169      0.101
     3.000      3.211      0.068
     3.500      3.236      0.073
     4.000      3.266      0.061
     4.500      3.287      0.049
     5.000      3.314      0.052
     5.500      3.339      0.040
     6.000      3.354      0.038
     6.500      3.379      0.040
     7.000      3.395      0.035
     7.500      3.409      0.037
     8.000      3.429      0.037
     8.500      3.441      0.036
     9.000      3.454      0.036
     9.500      3.467      0.036
    10.000      3.477      0.037
    10.500      3.487      0.036
    11.000      3.497      0.036
    11.500      3.506      0.035
    12.000      3.512      0.035
    12.500      3.520      0.035
    13.000      3.526      0.033
    13.500      3.531      0.033
    14.000      3.537      0.032
    14.500      3.541      0.031
    15.000      3.545      0.031
    15.500      3.550      0.031
    16.000      3.553      0.030
    16.500      3.557      0.030
    17.000      3.560      0.029
    17.500      3.563      0.029
    18.000      3.566      0.029
    18.500      3.569      0.029
    19.000      3.572      0.029
    19.500      3.575      0.029
    20.000      3.578      0.028
    20.500      3.580      0.028
    21.000      3.584      0.028
    21.500      3.586      0.027
    22.000      3.590      0.026
    22.500      3.593      0.026
    23.000      3.596      0.025
    23.500      3.599      0.024
    24.000      3.602      0.024
    24.500      3.606      0.023
    25.000      3.609      0.022
    25.500      3.613      0.022
    26.000      3.617      0.022
    26.500      3.620      0.021
    27.000      3.625      0.021
    27.500      3.629      0.021
    28.000      3.633      0.021
    28.500      3.638      0.021
    29.000      3.642      0.022
    29.500      3.646      0.023
    30.000      3.652      0.024
    30.500      3.656      0.025
    31.000      3.662      0.026
    31.500      3.667      0.028
    32.000      3.673      0.029
    32.500      3.678      0.030
    33.000      3.685      0.032
    33.500      3.691      0.033
    34.000      3.697      0.034
    34.500      3.704      0.036
    35.000      3.711      0.037
    35.500      3.718      0.039
    36.000      3.726      0.041
    36.500      3.733      0.042
    37.000      3.741      0.043
    37.500      3.749      0.045
    38.000      3.757      0.045
    38.500      3.766      0.047
    39.000      3.775      0.049
    39.500      3.785      0.049
    40.000      3.794      0.051
    40.500      3.804      0.053
    41.000      3.814      0.054
    41.500      3.825      0.056
    42.000      3.836      0.058
    42.500      3.848      0.059
    43.000      3.861      0.060
    43.500      3.873      0.062
    44.000      3.886      0.064
    44.500      3.900      0.067
    45.000      3.915      0.069
    45.500      3.932      0.072
    46.000      3.948      0.076
    46.500      3.966      0.079
    47.000      3.984      0.085
    47.500      4.002      0.089
    48.000      4.021      0.094
    48.500      4.035      0.095
    49.000      4.053      0.095
    49.500      4.063      0.092
    50.000      4.074      0.093
    50.500      4.085      0.094
    51.000      4.097      0.097
    51.500      4.109      0.098
    52.000      4.121      0.101
    52.500      4.421      0.132
    53.000      4.421      0.127
    53.500      4.424      0.123
    54.000      4.428      0.122
    54.500      4.434      0.122
    55.000      4.436      0.122
    55.500      4.441      0.125
    56.000      4.448      0.130
    56.500      4.454      0.134
    57.000      4.463      0.142
    57.500      4.472      0.150
    58.000      4.478      0.156
    58.500      4.482      0.161
    59.000      4.490      0.167
    59.500      4.495      0.171
    60.000      4.498      0.171
    60.500      4.497      0.169
    61.000      4.496      0.168
    61.500      4.495      0.166
    62.000      4.493      0.164
    62.500      4.491      0.160
    63.000      4.489      0.155
    63.500      4.488      0.150
    64.000      4.486      0.147
    64.500      4.483      0.143
    65.000      4.481      0.138
    65.500      4.479      0.135
    66.000      4.477      0.132
    66.500      4.476      0.131
    67.000      4.474      0.129
    67.500      4.472      0.127
    68.000      4.470      0.126
    68.500      4.468      0.124
    69.000      4.467      0.124
    69.500      4.466      0.124
    70.000      4.465      0.123
    70.500      4.463      0.123
    71.000      4.462      0.123
    71.500      4.460      0.123
    72.000      4.459      0.124
    72.500      4.458      0.124
    73.000      4.457      0.124
    73.500      4.456      0.124
    74.000      4.455      0.124
    74.500      4.454      0.124
    75.000      4.453      0.125
    75.500      4.452      0.125
    76.000      4.451      0.125
    76.500      4.450      0.124
    77.000      4.450      0.124
    77.500      4.449      0.124
    78.000      4.448      0.124
    78.500      4.447      0.124
    79.000      4.447      0.123
    79.500      4.446      0.123
    80.000      4.446      0.122
    80.500      4.446      0.121
    81.000      4.445      0.121
    81.500      4.444      0.120
    82.000      4.443      0.119
    82.500      4.444      0.118
    83.000      4.444      0.116
    83.500      4.443      0.116
    84.000      4.443      0.115
    84.500      4.442      0.114
    85.000      4.441      0.112
    85.500      4.442      0.111
    86.000      4.442      0.109
    86.500      4.442      0.108
    87.000      4.442      0.107
    87.500      4.441      0.105
    88.000      4.440      0.104
    88.500      4.441      0.102
    89.000      4.441      0.101
    89.500      4.442      0.100
    90.000      4.441      0.098
    90.500      4.440      0.097
    91.000      4.440      0.096
    91.500      4.441      0.094
    92.000      4.441      0.093
    92.500      4.441      0.091
    93.000      4.441      0.091
    93.500      4.440      0.090
    94.000      4.440      0.088
    94.500      4.441      0.087
    95.000      4.441      0.087
    95.500      4.441      0.086
    96.000      4.441      0.086
    96.500      4.441      0.086
    97.000      4.441      0.085
    97.500      4.441      0.084
    98.000      4.441      0.084
    98.500      4.442      0.085
    99.000      4.442      0.085
    99.500      4.441      0.086
   100.000      4.441      0.085
   100.500      4.442      0.085
   101.000      4.442      0.086
   101.500      4.442      0.087
   102.000      4.442      0.089
   102.500      4.442      0.089
   103.000      4.442      0.089
   103.500      4.442      0.090
   104.000      4.442      0.091
   104.500      4.443      0.093
   105.000      4.442      0.095
   105.500      4.442      0.095
   106.000      4.442      0.096
   106.500      4.442      0.097
   107.000      4.442      0.098
   107.500      4.442      0.101
   108.000      4.442      0.102
   108.500      4.442      0.103
   109.000      4.442      0.104
   109.500      4.442      0.105
   110.000      4.442      0.107
   110.500      4.442      0.109
   111.000      4.442      0.111
   111.500      4.442      0.112
   112.000      4.442      0.112
   112.500      4.442      0.114
   113.000      4.442      0.116
   113.500      4.441      0.118
   114.000      4.441      0.119
   114.500      4.441      0.120
   115.000      4.441      0.121
   115.500      4.441      0.122
   116.000      4.441      0.124
   116.500      4.441      0.126
   117.000      4.441      0.128
   117.500      4.441      0.129
   118.000      4.440      0.129
   118.500      4.440      0.130
   119.000      4.440      0.132
   119.500      4.440      0.134
   120.000      4.440      0.135
   120.500      4.439      0.136
   121.000      4.439      0.137
   121.500      4.439      0.138
   122.000      4.439      0.140
   122.500      4.438      0.141
   123.000      4.438      0.143
   123.500      4.438      0.143
   124.000      4.437      0.144
   124.500      4.437      0.145
   125.000      4.437      0.147
   125.500      4.437      0.148
   126.000      4.437      0.149
   126.500      4.436      0.150
   127.000      4.436      0.151
   127.500      4.435      0.152
   128.000      4.435      0.153
   128.500      4.435      0.155
   129.000      4.435      0.155
   129.500      4.434      0.156
   130.000      4.433      0.158
   130.500      4.433      0.159
   131.000      4.433      0.159
   131.500      4.433      0.160
   132.000      4.432      0.161
   132.500      4.431      0.163
   133.000      4.430      0.164
   133.500      4.430      0.164
   134.000      4.431      0.165
   134.500      4.430      0.166
   135.000      4.429      0.167
   135.500      4.429      0.168
   136.000      4.427      0.170
   136.500      4.427      0.170
   137.000      4.428      0.171
   137.500      4.427      0.171
   138.000      4.426      0.172
   138.500      4.425      0.174
   139.000      4.424      0.175
   139.500      4.424      0.175
   140.000      4.424      0.176
   140.500      4.424      0.176
   141.000      4.423      0.177
   141.500      4.422      0.179
   142.000      4.421      0.180
   142.500      4.421      0.180
   143.000      4.420      0.181
   143.500      4.420      0.181
   144.000      4.419      0.182
   144.500      4.418      0.183
   145.000      4.417      0.185
   145.500      4.417      0.185
   146.000      4.416      0.185
   146.500      4.416      0.185
   147.000      4.415      0.186
   147.500      4.413      0.188
   148.000      4.413      0.189
   148.500      4.412      0.189
   149.000      4.412      0.189
   149.500      4.411      0.189
   150.000      4.410      0.190
   150.500      4.409      0.192
   151.000      4.408      0.192
   151.500      4.408      0.192
   152.000      4.407      0.192
   152.500      4.406      0.192
   153.000      4.405      0.193
   153.500      4.404      0.195
   154.000      4.403      0.195
   154.500      4.402      0.195
   155.000      4.401      0.195
   155.500      4.401      0.194
   156.000      4.400      0.195
   156.500      4.398      0.197
   157.000      4.398      0.198
   157.500      4.397      0.198
   158.000      4.395      0.196
   158.500      4.394      0.196
   159.000      4.394      0.198
   159.500      4.393      0.199
   160.000      4.392      0.199
   160.500      4.391      0.199
   161.000      4.389      0.197
   161.500      4.388      0.197
   162.000      4.387      0.199
   162.500      4.387      0.200
   163.000      4.386      0.200
   163.500      4.384      0.199
   164.000      4.382      0.198
   164.500      4.381      0.198
   165.000      4.380      0.200
   165.500      4.380      0.200
   166.000      4.380      0.200
   166.500      4.377      0.199
   167.000      4.374      0.197
   167.500      4.373      0.197
   168.000      4.372      0.199
   168.500      4.373      0.200
   169.000      4.373      0.199
   169.500      4.370      0.197
   170.000      4.366      0.196
   170.500      4.365      0.196
   171.000      4.365      0.198
   171.500      4.366      0.198
   172.000      4.365      0.197
   172.500      4.362      0.196
   173.000      4.358      0.194
   173.500      4.357      0.194
   174.000      4.356      0.196
   174.500      4.358      0.196
   175.000      4.357      0.196
   175.500      4.353      0.194
   176.000      4.349      0.192
   176.500      4.347      0.192
   177.000      4.348      0.193
   177.500      4.349      0.194
   178.000      4.348      0.195
   178.500      4.345      0.193
   179.000      4.340      0.191
   179.500      4.338      0.190
   180.000      4.339      0.191
   180.500      4.340      0.193
   181.000      4.338      0.194
   181.500      4.336      0.192
   182.000      4.330      0.190
   182.500      4.328      0.189
   183.000      4.330      0.191
   183.500      4.329      0.194
   184.000      4.329      0.194
   184.500      4.327      0.193
   185.000      4.319      0.191
   185.500      4.317      0.190
   186.000      4.320      0.194
   186.500      4.318      0.197
   187.000      4.318      0.197
   187.500      4.318      0.197
   188.000      4.308      0.195
   188.500      4.307      0.194
   189.000      4.307      0.203
   189.500      4.307      0.203
   190.000      4.307      0.203
   190.500      4.307      0.203
   191.000      4.297      0.202
   191.500      4.297      0.205
   192.000      4.296      0.214
   192.500      4.296      0.214
   193.000      4.296      0.214
   193.500      4.296      0.214
   194.000      4.284      0.215
   194.500      4.283      0.230
   195.000      4.283      0.230
   195.500      4.283      0.230
   196.000      4.283      0.230
   196.500      4.283      0.230
   197.000      4.271      0.234
   197.500      4.271      0.253
   198.000      4.271      0.253
   198.500      4.271      0.253
   199.000      4.271      0.253
