     0.000      1.628      0.357
     0.500      1.732      0.337
     1.000      1.838      0.315
     1.500      1.949      0.312
     2.000      2.056      0.311
     2.500      2.169      0.267
     3.000      2.280      0.243
     3.500      2.809      0.116
     4.000      2.861      0.114
     4.500      2.906      0.100
     5.000      2.951      0.104
     5.500      2.990      0.098
     6.000      3.020      0.099
     6.500      3.058      0.101
     7.000      3.087      0.101
     7.500      3.128      0.106
     8.000      3.156      0.105
     8.500      3.188      0.105
     9.000      3.213      0.104
     9.500      3.242      0.103
    10.000      3.265      0.102
    10.500      3.291      0.100
    11.000      3.312      0.098
    11.500      3.336      0.097
    12.000      3.355      0.093
    12.500      3.376      0.092
    13.000      3.395      0.089
    13.500      3.413      0.088
    14.000      3.431      0.084
    14.500      3.447      0.082
    15.000      3.464      0.080
    15.500      3.478      0.078
    16.000      3.494      0.077
    16.500      3.508      0.076
    17.000      3.521      0.075
    17.500      3.535      0.074
    18.000      3.547      0.074
    18.500      3.560      0.074
    19.000      3.571      0.074
    19.500      3.583      0.074
    20.000      3.594      0.074
    20.500      3.605      0.074
    21.000      3.615      0.074
    21.500      3.626      0.074
    22.000      3.636      0.074
    22.500      3.646      0.073
    23.000      3.655      0.073
    23.500      3.665      0.072
    24.000      3.674      0.071
    24.500      3.684      0.069
    25.000      3.693      0.068
    25.500      3.702      0.066
    26.000      3.712      0.064
    26.500      3.721      0.062
    27.000      3.731      0.060
    27.500      3.740      0.058
    28.000      3.750      0.055
    28.500      3.760      0.052
    29.000      3.769      0.050
    29.500      3.779      0.049
    30.000      3.788      0.048
    30.500      3.798      0.048
    31.000      3.807      0.049
    31.500      3.817      0.050
    32.000      3.826      0.050
    32.500      3.835      0.052
    33.000      3.844      0.054
    33.500      3.852      0.054
    34.000      3.859      0.054
    34.500      3.868      0.055
    35.000      3.877      0.059
    35.500      3.887      0.063
    36.000      3.896      0.067
    36.500      3.903      0.067
    37.000      3.907      0.065
    37.500      3.913      0.062
    38.000      3.921      0.061
    38.500      3.930      0.062
    39.000      3.940      0.063
    39.500      3.950      0.064
    40.000      3.960      0.066
    40.500      3.970      0.069
    41.000      3.981      0.072
    41.500      3.991      0.073
    42.000      4.003      0.075
    42.500      4.017      0.079
    43.000      4.167      0.121
    43.500      4.181      0.129
    44.000      4.191      0.133
    44.500      4.200      0.136
    45.000      4.215      0.139
    45.500      4.226      0.137
    46.000      4.232      0.133
    46.500      4.236      0.130
    47.000      4.241      0.128
    47.500      4.251      0.132
    48.000      4.263      0.135
    48.500      4.271      0.134
    49.000      4.282      0.136
    49.500      4.291      0.136
    50.000      4.297      0.134
    50.500      4.301      0.130
    51.000      4.305      0.125
    51.500      4.312      0.124
    52.000      4.320      0.122
    52.500      4.327      0.122
    53.000      4.334      0.126
    53.500      4.341      0.128
    54.000      4.345      0.128
    54.500      4.349      0.129
    55.000      4.352      0.128
    55.500      4.356      0.127
    56.000      4.358      0.124
    56.500      4.361      0.123
    57.000      4.363      0.121
    57.500      4.365      0.119
    58.000      4.367      0.118
    58.500      4.369      0.117
    59.000      4.372      0.116
    59.500      4.375      0.116
    60.000      4.377      0.114
    60.500      4.379      0.113
    61.000      4.381      0.113
    61.500      4.384      0.113
    62.000      4.386      0.112
    62.500      4.389      0.112
    63.000      4.391      0.111
    63.500      4.394      0.110
    64.000      4.396      0.109
    64.500      4.398      0.110
    65.000      4.400      0.110
    65.500      4.403      0.109
    66.000      4.406      0.109
    66.500      4.408      0.108
    67.000      4.411      0.107
    67.500      4.413      0.106
    68.000      4.415      0.106
    68.500      4.417      0.105
    69.000      4.420      0.105
    69.500      4.422      0.104
    70.000      4.425      0.103
    70.500      4.428      0.101
    71.000      4.430      0.100
    71.500      4.431      0.100
    72.000      4.434      0.099
    72.500      4.436      0.098
    73.000      4.439      0.097
    73.500      4.442      0.095
    74.000      4.444      0.094
    74.500      4.446      0.093
    75.000      4.448      0.092
    75.500      4.450      0.092
    76.000      4.453      0.090
    76.500      4.455      0.089
    77.000      4.458      0.088
    77.500      4.460      0.086
    78.000      4.462      0.086
    78.500      4.464      0.085
    79.000      4.466      0.084
    79.500      4.468      0.083
    80.000      4.471      0.082
    80.500      4.473      0.081
    81.000      4.475      0.081
    81.500      4.477      0.080
    82.000      4.478      0.080
    82.500      4.481      0.079
    83.000      4.483      0.079
    83.500      4.485      0.078
    84.000      4.487      0.079
    84.500      4.489      0.079
    85.000      4.491      0.079
    85.500      4.493      0.079
    86.000      4.495      0.079
    86.500      4.496      0.079
    87.000      4.498      0.080
    87.500      4.501      0.081
    88.000      4.502      0.083
    88.500      4.504      0.083
    89.000      4.505      0.084
    89.500      4.507      0.085
    90.000      4.508      0.086
    90.500      4.511      0.088
    91.000      4.512      0.090
    91.500      4.513      0.091
    92.000      4.515      0.092
    92.500      4.516      0.093
    93.000      4.518      0.094
    93.500      4.519      0.096
    94.000      4.522      0.099
    94.500      4.523      0.100
    95.000      4.523      0.102
    95.500      4.524      0.103
    96.000      4.526      0.104
    96.500      4.527      0.106
    97.000      4.529      0.108
    97.500      4.530      0.110
    98.000      4.531      0.112
    98.500      4.531      0.113
    99.000      4.532      0.114
    99.500      4.534      0.116
   100.000      4.535      0.117
   100.500      4.536      0.120
   101.000      4.537      0.121
   101.500      4.537      0.122
   102.000      4.538      0.123
   102.500      4.539      0.125
   103.000      4.540      0.126
   103.500      4.541      0.128
   104.000      4.542      0.130
   104.500      4.542      0.131
   105.000      4.542      0.132
   105.500      4.543      0.133
   106.000      4.544      0.134
   106.500      4.545      0.136
   107.000      4.545      0.137
   107.500      4.545      0.138
   108.000      4.545      0.139
   108.500      4.545      0.140
   109.000      4.546      0.142
   109.500      4.547      0.143
   110.000      4.547      0.144
   110.500      4.547      0.145
   111.000      4.547      0.146
   111.500      4.547      0.147
   112.000      4.548      0.148
   112.500      4.548      0.149
   113.000      4.548      0.150
   113.500      4.548      0.151
   114.000      4.548      0.152
   114.500      4.548      0.152
   115.000      4.548      0.153
   115.500      4.549      0.154
   116.000      4.548      0.155
   116.500      4.548      0.156
   117.000      4.548      0.157
   117.500      4.547      0.158
   118.000      4.547      0.158
   118.500      4.548      0.159
   119.000      4.548      0.160
   119.500      4.547      0.161
   120.000      4.546      0.162
   120.500      4.546      0.163
   121.000      4.546      0.163
   121.500      4.546      0.164
   122.000      4.546      0.165
   122.500      4.545      0.166
   123.000      4.544      0.167
   123.500      4.544      0.168
   124.000      4.543      0.168
   124.500      4.543      0.168
   125.000      4.543      0.169
   125.500      4.542      0.170
   126.000      4.541      0.172
   126.500      4.541      0.173
   127.000      4.540      0.173
   127.500      4.540      0.173
   128.000      4.539      0.174
   128.500      4.539      0.175
   129.000      4.537      0.176
   129.500      4.537      0.178
   130.000      4.536      0.178
   130.500      4.536      0.178
   131.000      4.535      0.179
   131.500      4.534      0.180
   132.000      4.532      0.182
   132.500      4.532      0.183
   133.000      4.532      0.183
   133.500      4.531      0.184
   134.000      4.530      0.184
   134.500      4.529      0.185
   135.000      4.527      0.187
   135.500      4.526      0.188
   136.000      4.526      0.189
   136.500      4.526      0.190
   137.000      4.525      0.190
   137.500      4.523      0.191
   138.000      4.521      0.192
   138.500      4.520      0.193
   139.000      4.520      0.194
   139.500      4.520      0.195
   140.000      4.519      0.196
   140.500      4.517      0.197
   141.000      4.515      0.198
   141.500      4.514      0.199
   142.000      4.513      0.200
   142.500      4.513      0.201
   143.000      4.512      0.202
   143.500      4.510      0.203
   144.000      4.508      0.204
   144.500      4.506      0.205
   145.000      4.506      0.206
   145.500      4.505      0.207
   146.000      4.505      0.208
   146.500      4.503      0.209
   147.000      4.501      0.209
   147.500      4.499      0.210
   148.000      4.498      0.211
   148.500      4.498      0.212
   149.000      4.497      0.213
   149.500      4.496      0.214
   150.000      4.494      0.215
   150.500      4.491      0.215
   151.000      4.490      0.216
   151.500      4.489      0.217
   152.000      4.489      0.218
   152.500      4.487      0.219
   153.000      4.486      0.219
   153.500      4.483      0.220
   154.000      4.482      0.221
   154.500      4.481      0.222
   155.000      4.480      0.223
   155.500      4.479      0.223
   156.000      4.477      0.223
   156.500      4.475      0.224
   157.000      4.473      0.225
   157.500      4.473      0.226
   158.000      4.471      0.226
   158.500      4.470      0.227
   159.000      4.469      0.227
   159.500      4.467      0.227
   160.000      4.465      0.228
   160.500      4.464      0.229
   161.000      4.462      0.229
   161.500      4.461      0.229
   162.000      4.460      0.229
   162.500      4.459      0.229
   163.000      4.456      0.230
   163.500      4.455      0.231
   164.000      4.454      0.231
   164.500      4.452      0.231
   165.000      4.451      0.231
   165.500      4.450      0.231
   166.000      4.448      0.232
   166.500      4.446      0.232
   167.000      4.445      0.232
   167.500      4.442      0.231
   168.000      4.441      0.231
   168.500      4.441      0.231
   169.000      4.439      0.232
   169.500      4.438      0.232
   170.000      4.436      0.232
   170.500      4.434      0.232
   171.000      4.432      0.230
   171.500      4.432      0.230
   172.000      4.431      0.231
   172.500      4.429      0.232
   173.000      4.427      0.231
   173.500      4.425      0.230
   174.000      4.423      0.229
   174.500      4.422      0.228
   175.000      4.422      0.228
   175.500      4.420      0.230
   176.000      4.419      0.230
   176.500      4.417      0.229
   177.000      4.415      0.228
   177.500      4.412      0.226
   178.000      4.413      0.226
   178.500      4.412      0.228
   179.000      4.410      0.228
   179.500      4.409      0.228
   180.000      4.407      0.226
   180.500      4.403      0.224
   181.000      4.403      0.223
   181.500      4.403      0.226
   182.000      4.401      0.225
   182.500      4.401      0.227
   183.000      4.400      0.225
   183.500      4.397      0.223
   184.000      4.393      0.221
   184.500      4.395      0.225
   185.000      4.392      0.224
   185.500      4.392      0.226
   186.000      4.392      0.226
   186.500      4.391      0.224
   187.000      4.385      0.222
   187.500      4.386      0.224
   188.000      4.384      0.226
   188.500      4.384      0.228
   189.000      4.384      0.228
   189.500      4.384      0.228
   190.000      4.380      0.226
   190.500      4.376      0.226
   191.000      4.376      0.233
   191.500      4.376      0.235
   192.000      4.376      0.235
   192.500      4.376      0.235
   193.000      4.376      0.235
   193.500      4.367      0.235
   194.000      4.368      0.246
   194.500      4.369      0.248
   195.000      4.369      0.248
   195.500      4.369      0.248
   196.000      4.369      0.248
   196.500      4.369      0.248
   197.000      4.361      0.266
   197.500      4.362      0.269
   198.000      4.362      0.269
   198.500      4.362      0.269
   199.000      4.362      0.269
   199.500      4.362      0.269
