     0.000      1.603      0.375
     0.500      3.098      0.334
     1.000      3.187      0.323
     1.500      3.213      0.284
     2.000      3.246      0.223
     2.500      3.261      0.195
     3.000      3.292      0.150
     3.500      3.306      0.122
     4.000      3.326      0.101
     4.500      3.344      0.076
     5.000      3.359      0.065
     5.500      3.374      0.057
     6.000      3.388      0.058
     6.500      3.398      0.064
     7.000      3.409      0.070
     7.500      3.418      0.077
     8.000      3.426      0.083
     8.500      3.434      0.088
     9.000      3.440      0.091
     9.500      3.447      0.094
    10.000      3.452      0.095
    10.500      3.456      0.096
    11.000      3.460      0.095
    11.500      3.463      0.094
    12.000      3.466      0.092
    12.500      3.469      0.089
    13.000      3.471      0.086
    13.500      3.473      0.084
    14.000      3.475      0.080
    14.500      3.477      0.077
    15.000      3.478      0.074
    15.500      3.481      0.070
    16.000      3.482      0.067
    16.500      3.484      0.064
    17.000      3.485      0.060
    17.500      3.487      0.056
    18.000      3.488      0.053
    18.500      3.490      0.050
    19.000      3.492      0.046
    19.500      3.493      0.043
    20.000      3.496      0.040
    20.500      3.497      0.037
    21.000      3.499      0.034
    21.500      3.501      0.032
    22.000      3.502      0.030
    22.500      3.505      0.029
    23.000      3.507      0.028
    23.500      3.509      0.028
    24.000      3.511      0.029
    24.500      3.513      0.031
    25.000      3.515      0.033
    25.500      3.517      0.036
    26.000      3.519      0.038
    26.500      3.522      0.041
    27.000      3.524      0.044
    27.500      3.527      0.047
    28.000      3.529      0.050
    28.500      3.532      0.053
    29.000      3.535      0.056
    29.500      3.537      0.059
    30.000      3.540      0.061
    30.500      3.543      0.064
    31.000      3.546      0.066
    31.500      3.549      0.068
    32.000      3.553      0.071
    32.500      3.556      0.073
    33.000      3.559      0.075
    33.500      3.563      0.078
    34.000      3.566      0.081
    34.500      3.570      0.084
    35.000      3.574      0.088
    35.500      3.578      0.091
    36.000      3.585      0.088
    36.500      3.590      0.088
    37.000      3.595      0.092
    37.500      3.600      0.097
    38.000      3.604      0.103
    38.500      3.604      0.108
    39.000      3.606      0.115
    39.500      3.606      0.120
    40.000      3.605      0.127
    40.500      3.607      0.136
    41.000      3.605      0.144
    41.500      3.605      0.153
    42.000      3.611      0.160
    42.500      3.620      0.164
    43.000      3.631      0.167
    43.500      3.655      0.158
    44.000      3.678      0.146
    44.500      3.697      0.137
    45.000      3.718      0.133
    45.500      3.740      0.130
    46.000      4.113      0.222
    46.500      4.126      0.221
    47.000      4.134      0.218
    47.500      4.141      0.215
    48.000      4.145      0.210
    48.500      4.154      0.208
    49.000      4.165      0.206
    49.500      4.183      0.209
    50.000      4.197      0.212
    50.500      4.207      0.211
    51.000      4.217      0.206
    51.500      4.225      0.202
    52.000      4.231      0.199
    52.500      4.239      0.193
    53.000      4.243      0.188
    53.500      4.247      0.181
    54.000      4.251      0.176
    54.500      4.255      0.170
    55.000      4.261      0.165
    55.500      4.264      0.161
    56.000      4.267      0.157
    56.500      4.270      0.152
    57.000      4.271      0.147
    57.500      4.273      0.142
    58.000      4.276      0.139
    58.500      4.280      0.136
    59.000      4.284      0.135
    59.500      4.288      0.136
    60.000      4.289      0.135
    60.500      4.291      0.134
    61.000      4.293      0.134
    61.500      4.297      0.134
    62.000      4.300      0.132
    62.500      4.303      0.131
    63.000      4.306      0.127
    63.500      4.309      0.125
    64.000      4.311      0.124
    64.500      4.312      0.121
    65.000      4.313      0.119
    65.500      4.315      0.118
    66.000      4.317      0.116
    66.500      4.320      0.113
    67.000      4.324      0.111
    67.500      4.325      0.110
    68.000      4.326      0.108
    68.500      4.327      0.106
    69.000      4.328      0.104
    69.500      4.330      0.104
    70.000      4.332      0.102
    70.500      4.335      0.101
    71.000      4.338      0.099
    71.500      4.339      0.097
    72.000      4.340      0.096
    72.500      4.341      0.095
    73.000      4.342      0.093
    73.500      4.343      0.093
    74.000      4.346      0.092
    74.500      4.348      0.091
    75.000      4.350      0.089
    75.500      4.351      0.087
    76.000      4.352      0.086
    76.500      4.353      0.086
    77.000      4.354      0.085
    77.500      4.355      0.085
    78.000      4.357      0.084
    78.500      4.359      0.082
    79.000      4.361      0.081
    79.500      4.362      0.080
    80.000      4.363      0.079
    80.500      4.364      0.079
    81.000      4.365      0.079
    81.500      4.366      0.079
    82.000      4.367      0.078
    82.500      4.369      0.077
    83.000      4.371      0.076
    83.500      4.372      0.076
    84.000      4.373      0.076
    84.500      4.373      0.076
    85.000      4.375      0.076
    85.500      4.375      0.076
    86.000      4.376      0.075
    86.500      4.377      0.075
    87.000      4.379      0.075
    87.500      4.380      0.076
    88.000      4.381      0.076
    88.500      4.382      0.077
    89.000      4.382      0.077
    89.500      4.382      0.077
    90.000      4.383      0.077
    90.500      4.384      0.078
    91.000      4.386      0.079
    91.500      4.387      0.080
    92.000      4.388      0.081
    92.500      4.388      0.081
    93.000      4.388      0.082
    93.500      4.389      0.082
    94.000      4.389      0.083
    94.500      4.390      0.084
    95.000      4.392      0.086
    95.500      4.393      0.087
    96.000      4.394      0.087
    96.500      4.394      0.088
    97.000      4.394      0.089
    97.500      4.394      0.090
    98.000      4.394      0.091
    98.500      4.395      0.092
    99.000      4.396      0.093
    99.500      4.397      0.095
   100.000      4.398      0.095
   100.500      4.398      0.096
   101.000      4.398      0.097
   101.500      4.398      0.098
   102.000      4.398      0.099
   102.500      4.399      0.100
   103.000      4.400      0.101
   103.500      4.401      0.102
   104.000      4.401      0.103
   104.500      4.401      0.104
   105.000      4.401      0.104
   105.500      4.401      0.105
   106.000      4.401      0.106
   106.500      4.402      0.107
   107.000      4.403      0.108
   107.500      4.403      0.109
   108.000      4.403      0.110
   108.500      4.403      0.110
   109.000      4.403      0.111
   109.500      4.403      0.111
   110.000      4.403      0.113
   110.500      4.404      0.113
   111.000      4.404      0.114
   111.500      4.404      0.115
   112.000      4.404      0.116
   112.500      4.404      0.116
   113.000      4.404      0.116
   113.500      4.404      0.117
   114.000      4.405      0.118
   114.500      4.405      0.119
   115.000      4.405      0.119
   115.500      4.405      0.120
   116.000      4.405      0.120
   116.500      4.405      0.121
   117.000      4.405      0.121
   117.500      4.405      0.122
   118.000      4.405      0.122
   118.500      4.406      0.123
   119.000      4.405      0.124
   119.500      4.405      0.124
   120.000      4.405      0.125
   120.500      4.405      0.125
   121.000      4.405      0.125
   121.500      4.406      0.126
   122.000      4.406      0.126
   122.500      4.405      0.127
   123.000      4.405      0.127
   123.500      4.405      0.128
   124.000      4.405      0.128
   124.500      4.405      0.128
   125.000      4.406      0.128
   125.500      4.406      0.129
   126.000      4.406      0.130
   126.500      4.405      0.130
   127.000      4.405      0.131
   127.500      4.405      0.131
   128.000      4.405      0.131
   128.500      4.405      0.131
   129.000      4.405      0.132
   129.500      4.405      0.132
   130.000      4.405      0.133
   130.500      4.404      0.134
   131.000      4.404      0.134
   131.500      4.405      0.134
   132.000      4.405      0.134
   132.500      4.405      0.134
   133.000      4.405      0.135
   133.500      4.405      0.136
   134.000      4.404      0.137
   134.500      4.404      0.137
   135.000      4.404      0.137
   135.500      4.404      0.138
   136.000      4.405      0.137
   136.500      4.405      0.137
   137.000      4.405      0.138
   137.500      4.404      0.139
   138.000      4.404      0.140
   138.500      4.404      0.140
   139.000      4.404      0.141
   139.500      4.405      0.141
   140.000      4.405      0.141
   140.500      4.405      0.141
   141.000      4.404      0.142
   141.500      4.404      0.143
   142.000      4.404      0.143
   142.500      4.404      0.143
   143.000      4.405      0.145
   143.500      4.405      0.144
   144.000      4.405      0.145
   144.500      4.405      0.145
   145.000      4.404      0.146
   145.500      4.404      0.147
   146.000      4.404      0.147
   146.500      4.405      0.148
   147.000      4.405      0.148
   147.500      4.406      0.148
   148.000      4.405      0.149
   148.500      4.405      0.150
   149.000      4.405      0.150
   149.500      4.405      0.150
   150.000      4.405      0.150
   150.500      4.406      0.152
   151.000      4.406      0.153
   151.500      4.406      0.153
   152.000      4.406      0.154
   152.500      4.407      0.154
   153.000      4.407      0.154
   153.500      4.406      0.155
   154.000      4.407      0.155
   154.500      4.408      0.157
   155.000      4.408      0.158
   155.500      4.408      0.158
   156.000      4.408      0.159
   156.500      4.409      0.159
   157.000      4.408      0.159
   157.500      4.409      0.159
   158.000      4.410      0.161
   158.500      4.410      0.162
   159.000      4.410      0.163
   159.500      4.410      0.164
   160.000      4.411      0.164
   160.500      4.412      0.164
   161.000      4.411      0.165
   161.500      4.412      0.165
   162.000      4.413      0.167
   162.500      4.414      0.168
   163.000      4.414      0.169
   163.500      4.414      0.169
   164.000      4.415      0.169
   164.500      4.416      0.170
   165.000      4.415      0.172
   165.500      4.417      0.173
   166.000      4.417      0.174
   166.500      4.418      0.175
   167.000      4.419      0.175
   167.500      4.419      0.175
   168.000      4.420      0.176
   168.500      4.420      0.177
   169.000      4.420      0.180
   169.500      4.423      0.181
   170.000      4.423      0.182
   170.500      4.424      0.183
   171.000      4.425      0.182
   171.500      4.425      0.183
   172.000      4.425      0.185
   172.500      4.427      0.187
   173.000      4.428      0.190
   173.500      4.429      0.191
   174.000      4.430      0.193
   174.500      4.432      0.192
   175.000      4.432      0.192
   175.500      4.431      0.194
   176.000      4.432      0.195
   176.500      4.434      0.198
   177.000      4.437      0.203
   177.500      4.437      0.204
   178.000      4.439      0.204
   178.500      4.440      0.204
   179.000      4.440      0.205
   179.500      4.439      0.206
   180.000      4.441      0.208
   180.500      4.443      0.215
   181.000      4.447      0.218
   181.500      4.447      0.220
   182.000      4.450      0.219
   182.500      4.450      0.220
   183.000      4.449      0.221
   183.500      4.449      0.221
   184.000      4.452      0.224
   184.500      4.455      0.236
   185.000      4.458      0.238
   185.500      4.462      0.239
   186.000      4.461      0.240
   186.500      4.461      0.240
   187.000      4.461      0.240
   187.500      4.461      0.240
   188.000      4.464      0.245
   188.500      4.471      0.261
   189.000      4.473      0.263
   189.500      4.475      0.264
   190.000      4.475      0.265
   190.500      4.475      0.265
   191.000      4.475      0.265
   191.500      4.475      0.265
   192.000      4.478      0.270
   192.500      4.485      0.290
   193.000      4.490      0.293
   193.500      4.490      0.294
   194.000      4.490      0.294
   194.500      4.490      0.294
   195.000      4.490      0.294
   195.500      4.490      0.294
   196.000      4.494      0.300
   196.500      4.507      0.329
   197.000      4.507      0.329
   197.500      4.507      0.329
   198.000      4.507      0.329
   198.500      4.507      0.329
   199.000      4.507      0.329
