     0.000      1.369      0.544
     0.500      3.173      0.161
     1.000      3.200      0.141
     1.500      3.232      0.124
     2.000      3.268      0.098
     2.500      3.295      0.084
     3.000      3.326      0.064
     3.500      3.347      0.057
     4.000      3.370      0.045
     4.500      3.391      0.041
     5.000      3.407      0.036
     5.500      3.424      0.036
     6.000      3.439      0.036
     6.500      3.451      0.036
     7.000      3.461      0.039
     7.500      3.471      0.040
     8.000      3.479      0.040
     8.500      3.487      0.042
     9.000      3.493      0.043
     9.500      3.499      0.044
    10.000      3.504      0.045
    10.500      3.509      0.044
    11.000      3.513      0.045
    11.500      3.517      0.045
    12.000      3.521      0.045
    12.500      3.524      0.044
    13.000      3.528      0.044
    13.500      3.532      0.043
    14.000      3.536      0.042
    14.500      3.540      0.040
    15.000      3.544      0.039
    15.500      3.548      0.037
    16.000      3.553      0.035
    16.500      3.558      0.034
    17.000      3.563      0.032
    17.500      3.569      0.031
    18.000      3.575      0.030
    18.500      3.581      0.029
    19.000      3.589      0.029
    19.500      3.596      0.029
    20.000      3.605      0.030
    20.500      3.613      0.031
    21.000      3.623      0.032
    21.500      3.633      0.034
    22.000      3.645      0.035
    22.500      3.656      0.036
    23.000      3.669      0.038
    23.500      3.682      0.039
    24.000      3.697      0.040
    24.500      3.712      0.041
    25.000      3.728      0.042
    25.500      3.746      0.044
    26.000      3.764      0.045
    26.500      3.784      0.048
    27.000      3.804      0.050
    27.500      3.826      0.053
    28.000      3.844      0.053
    28.500      3.867      0.055
    29.000      3.890      0.060
    29.500      3.918      0.061
    30.000      3.949      0.059
    30.500      3.981      0.064
    31.000      4.015      0.067
    31.500      4.050      0.074
    32.000      4.080      0.079
    32.500      4.113      0.093
    33.000      4.139      0.096
    33.500      4.165      0.103
    34.000      4.190      0.109
    34.500      4.315      0.159
    35.000      4.346      0.173
    35.500      4.384      0.199
    36.000      4.411      0.214
    36.500      4.426      0.221
    37.000      4.439      0.220
    37.500      4.450      0.219
    38.000      4.453      0.212
    38.500      4.452      0.201
    39.000      4.447      0.185
    39.500      4.443      0.176
    40.000      4.436      0.163
    40.500      4.431      0.152
    41.000      4.427      0.140
    41.500      4.426      0.131
    42.000      4.424      0.122
    42.500      4.420      0.113
    43.000      4.418      0.109
    43.500      4.419      0.110
    44.000      4.424      0.117
    44.500      4.429      0.122
    45.000      4.434      0.128
    45.500      4.436      0.130
    46.000      4.435      0.130
    46.500      4.431      0.128
    47.000      4.425      0.123
    47.500      4.418      0.115
    48.000      4.413      0.108
    48.500      4.409      0.102
    49.000      4.404      0.099
    49.500      4.399      0.095
    50.000      4.394      0.093
    50.500      4.388      0.089
    51.000      4.383      0.085
    51.500      4.379      0.082
    52.000      4.376      0.082
    52.500      4.372      0.082
    53.000      4.368      0.081
    53.500      4.363      0.081
    54.000      4.359      0.081
    54.500      4.356      0.080
    55.000      4.353      0.081
    55.500      4.350      0.082
    56.000      4.347      0.083
    56.500      4.343      0.085
    57.000      4.340      0.086
    57.500      4.337      0.087
    58.000      4.335      0.087
    58.500      4.333      0.088
    59.000      4.330      0.090
    59.500      4.328      0.091
    60.000      4.326      0.092
    60.500      4.323      0.093
    61.000      4.321      0.094
    61.500      4.320      0.094
    62.000      4.318      0.095
    62.500      4.316      0.095
    63.000      4.315      0.096
    63.500      4.313      0.097
    64.000      4.312      0.097
    64.500      4.311      0.097
    65.000      4.311      0.097
    65.500      4.309      0.097
    66.000      4.307      0.097
    66.500      4.307      0.097
    67.000      4.306      0.097
    67.500      4.306      0.097
    68.000      4.306      0.096
    68.500      4.305      0.096
    69.000      4.304      0.095
    69.500      4.304      0.094
    70.000      4.304      0.093
    70.500      4.304      0.092
    71.000      4.304      0.092
    71.500      4.305      0.091
    72.000      4.304      0.090
    72.500      4.304      0.089
    73.000      4.304      0.087
    73.500      4.305      0.086
    74.000      4.305      0.086
    74.500      4.306      0.085
    75.000      4.307      0.084
    75.500      4.307      0.083
    76.000      4.307      0.081
    76.500      4.308      0.080
    77.000      4.309      0.079
    77.500      4.310      0.079
    78.000      4.311      0.078
    78.500      4.312      0.077
    79.000      4.313      0.076
    79.500      4.313      0.074
    80.000      4.314      0.074
    80.500      4.315      0.074
    81.000      4.316      0.074
    81.500      4.318      0.073
    82.000      4.320      0.072
    82.500      4.321      0.072
    83.000      4.321      0.072
    83.500      4.323      0.073
    84.000      4.324      0.073
    84.500      4.325      0.073
    85.000      4.328      0.073
    85.500      4.329      0.073
    86.000      4.330      0.074
    86.500      4.331      0.076
    87.000      4.332      0.077
    87.500      4.334      0.077
    88.000      4.336      0.077
    88.500      4.338      0.077
    89.000      4.340      0.078
    89.500      4.341      0.081
    90.000      4.342      0.083
    90.500      4.343      0.084
    91.000      4.345      0.084
    91.500      4.347      0.085
    92.000      4.349      0.085
    92.500      4.350      0.088
    93.000      4.351      0.090
    93.500      4.352      0.092
    94.000      4.353      0.092
    94.500      4.356      0.093
    95.000      4.358      0.094
    95.500      4.359      0.095
    96.000      4.360      0.098
    96.500      4.361      0.100
    97.000      4.362      0.101
    97.500      4.364      0.101
    98.000      4.366      0.102
    98.500      4.368      0.103
    99.000      4.369      0.105
    99.500      4.369      0.107
   100.000      4.370      0.109
   100.500      4.372      0.110
   101.000      4.373      0.110
   101.500      4.375      0.112
   102.000      4.376      0.113
   102.500      4.377      0.115
   103.000      4.378      0.116
   103.500      4.379      0.117
   104.000      4.380      0.118
   104.500      4.382      0.119
   105.000      4.383      0.120
   105.500      4.384      0.121
   106.000      4.385      0.123
   106.500      4.386      0.124
   107.000      4.388      0.125
   107.500      4.388      0.126
   108.000      4.390      0.127
   108.500      4.390      0.128
   109.000      4.391      0.129
   109.500      4.393      0.130
   110.000      4.394      0.131
   110.500      4.395      0.132
   111.000      4.395      0.133
   111.500      4.396      0.134
   112.000      4.397      0.134
   112.500      4.398      0.135
   113.000      4.399      0.136
   113.500      4.400      0.138
   114.000      4.401      0.138
   114.500      4.401      0.139
   115.000      4.402      0.139
   115.500      4.402      0.141
   116.000      4.404      0.141
   116.500      4.405      0.142
   117.000      4.406      0.143
   117.500      4.406      0.144
   118.000      4.406      0.144
   118.500      4.407      0.145
   119.000      4.408      0.146
   119.500      4.409      0.146
   120.000      4.410      0.147
   120.500      4.410      0.148
   121.000      4.410      0.148
   121.500      4.410      0.149
   122.000      4.411      0.150
   122.500      4.412      0.151
   123.000      4.413      0.151
   123.500      4.414      0.152
   124.000      4.413      0.152
   124.500      4.413      0.152
   125.000      4.413      0.153
   125.500      4.414      0.154
   126.000      4.416      0.155
   126.500      4.416      0.155
   127.000      4.416      0.155
   127.500      4.416      0.155
   128.000      4.415      0.156
   128.500      4.416      0.157
   129.000      4.417      0.158
   129.500      4.418      0.158
   130.000      4.418      0.158
   130.500      4.418      0.158
   131.000      4.418      0.158
   131.500      4.417      0.159
   132.000      4.418      0.160
   132.500      4.419      0.161
   133.000      4.420      0.161
   133.500      4.419      0.161
   134.000      4.419      0.161
   134.500      4.418      0.161
   135.000      4.419      0.162
   135.500      4.419      0.163
   136.000      4.419      0.163
   136.500      4.420      0.163
   137.000      4.420      0.163
   137.500      4.419      0.163
   138.000      4.419      0.164
   138.500      4.419      0.164
   139.000      4.419      0.165
   139.500      4.419      0.165
   140.000      4.419      0.164
   140.500      4.419      0.164
   141.000      4.418      0.165
   141.500      4.418      0.165
   142.000      4.418      0.165
   142.500      4.418      0.166
   143.000      4.418      0.166
   143.500      4.418      0.165
   144.000      4.417      0.166
   144.500      4.417      0.166
   145.000      4.417      0.166
   145.500      4.416      0.166
   146.000      4.416      0.167
   146.500      4.416      0.166
   147.000      4.416      0.166
   147.500      4.415      0.166
   148.000      4.415      0.165
   148.500      4.414      0.166
   149.000      4.413      0.166
   149.500      4.413      0.167
   150.000      4.413      0.166
   150.500      4.413      0.166
   151.000      4.411      0.166
   151.500      4.412      0.165
   152.000      4.411      0.165
   152.500      4.410      0.166
   153.000      4.410      0.166
   153.500      4.409      0.166
   154.000      4.407      0.165
   154.500      4.407      0.164
   155.000      4.407      0.164
   155.500      4.407      0.165
   156.000      4.405      0.166
   156.500      4.405      0.165
   157.000      4.404      0.164
   157.500      4.402      0.164
   158.000      4.403      0.163
   158.500      4.403      0.163
   159.000      4.402      0.164
   159.500      4.400      0.164
   160.000      4.399      0.163
   160.500      4.397      0.163
   161.000      4.396      0.163
   161.500      4.397      0.163
   162.000      4.397      0.162
   162.500      4.396      0.163
   163.000      4.394      0.163
   163.500      4.392      0.162
   164.000      4.389      0.163
   164.500      4.390      0.163
   165.000      4.390      0.162
   165.500      4.390      0.162
   166.000      4.388      0.162
   166.500      4.386      0.163
   167.000      4.383      0.162
   167.500      4.382      0.164
   168.000      4.383      0.164
   168.500      4.383      0.163
   169.000      4.383      0.162
   169.500      4.379      0.164
   170.000      4.376      0.164
   170.500      4.372      0.166
   171.000      4.374      0.168
   171.500      4.375      0.167
   172.000      4.376      0.165
   172.500      4.374      0.165
   173.000      4.369      0.169
   173.500      4.365      0.168
   174.000      4.364      0.174
   174.500      4.365      0.174
   175.000      4.366      0.173
   175.500      4.366      0.171
   176.000      4.364      0.173
   176.500      4.357      0.178
   177.000      4.352      0.180
   177.500      4.354      0.186
   178.000      4.356      0.185
   178.500      4.356      0.182
   179.000      4.356      0.182
   179.500      4.353      0.186
   180.000      4.344      0.191
   180.500      4.342      0.200
   181.000      4.344      0.202
   181.500      4.345      0.200
   182.000      4.345      0.200
   182.500      4.345      0.200
   183.000      4.339      0.207
   183.500      4.329      0.211
   184.000      4.331      0.223
   184.500      4.333      0.224
   185.000      4.333      0.223
   185.500      4.333      0.223
   186.000      4.333      0.223
   186.500      4.322      0.234
   187.000      4.316      0.248
   187.500      4.320      0.254
   188.000      4.319      0.252
   188.500      4.319      0.252
   189.000      4.319      0.252
   189.500      4.319      0.252
   190.000      4.302      0.267
   190.500      4.304      0.287
   191.000      4.305      0.288
   191.500      4.305      0.288
   192.000      4.305      0.288
   192.500      4.305      0.288
   193.000      4.305      0.288
   193.500      4.285      0.321
   194.000      4.290      0.331
   194.500      4.290      0.331
   195.000      4.290      0.331
   195.500      4.290      0.331
   196.000      4.290      0.331
   196.500      4.290      0.331
   197.000      4.274      0.379
   197.500      4.274      0.379
   198.000      4.274      0.379
   198.500      4.274      0.379
   199.000      4.274      0.379
   199.500      4.274      0.379
