     0.000      1.473      0.480
     0.500      3.091      0.147
     1.000      3.117      0.145
     1.500      3.141      0.127
     2.000      3.184      0.103
     2.500      3.190      0.102
     3.000      3.231      0.076
     3.500      3.246      0.070
     4.000      3.268      0.059
     4.500      3.293      0.049
     5.000      3.306      0.047
     5.500      3.327      0.039
     6.000      3.344      0.037
     6.500      3.359      0.035
     7.000      3.374      0.035
     7.500      3.387      0.035
     8.000      3.399      0.037
     8.500      3.410      0.038
     9.000      3.421      0.039
     9.500      3.431      0.041
    10.000      3.440      0.040
    10.500      3.450      0.042
    11.000      3.456      0.042
    11.500      3.464      0.042
    12.000      3.470      0.043
    12.500      3.477      0.042
    13.000      3.483      0.042
    13.500      3.488      0.041
    14.000      3.493      0.041
    14.500      3.498      0.040
    15.000      3.503      0.040
    15.500      3.507      0.039
    16.000      3.511      0.038
    16.500      3.515      0.037
    17.000      3.520      0.037
    17.500      3.524      0.035
    18.000      3.528      0.035
    18.500      3.532      0.034
    19.000      3.537      0.032
    19.500      3.541      0.031
    20.000      3.546      0.030
    20.500      3.550      0.029
    21.000      3.555      0.028
    21.500      3.560      0.026
    22.000      3.566      0.025
    22.500      3.571      0.024
    23.000      3.576      0.023
    23.500      3.582      0.023
    24.000      3.588      0.023
    24.500      3.594      0.023
    25.000      3.601      0.023
    25.500      3.608      0.024
    26.000      3.614      0.025
    26.500      3.621      0.027
    27.000      3.629      0.028
    27.500      3.636      0.029
    28.000      3.644      0.031
    28.500      3.653      0.033
    29.000      3.660      0.034
    29.500      3.670      0.036
    30.000      3.679      0.038
    30.500      3.688      0.039
    31.000      3.698      0.041
    31.500      3.708      0.042
    32.000      3.718      0.043
    32.500      3.729      0.045
    33.000      3.740      0.045
    33.500      3.752      0.046
    34.000      3.764      0.047
    34.500      3.776      0.047
    35.000      3.789      0.048
    35.500      3.802      0.048
    36.000      3.815      0.047
    36.500      3.829      0.048
    37.000      3.843      0.048
    37.500      3.858      0.049
    38.000      3.874      0.050
    38.500      3.889      0.050
    39.000      3.905      0.053
    39.500      3.923      0.055
    40.000      3.939      0.057
    40.500      3.958      0.062
    41.000      3.975      0.066
    41.500      3.994      0.072
    42.000      4.014      0.079
    42.500      4.033      0.085
    43.000      4.055      0.094
    43.500      4.076      0.098
    44.000      4.096      0.100
    44.500      4.115      0.099
    45.000      4.134      0.100
    45.500      4.158      0.106
    46.000      4.181      0.111
    46.500      4.207      0.120
    47.000      4.232      0.123
    47.500      4.252      0.132
    48.000      4.269      0.138
    48.500      4.277      0.135
    49.000      4.282      0.128
    49.500      4.615      0.165
    50.000      4.612      0.159
    50.500      4.613      0.155
    51.000      4.614      0.148
    51.500      4.613      0.142
    52.000      4.613      0.133
    52.500      4.611      0.128
    53.000      4.609      0.123
    53.500      4.606      0.120
    54.000      4.603      0.118
    54.500      4.602      0.116
    55.000      4.603      0.114
    55.500      4.605      0.115
    56.000      4.606      0.115
    56.500      4.607      0.116
    57.000      4.604      0.114
    57.500      4.601      0.113
    58.000      4.599      0.111
    58.500      4.598      0.110
    59.000      4.597      0.109
    59.500      4.596      0.109
    60.000      4.593      0.110
    60.500      4.591      0.110
    61.000      4.588      0.109
    61.500      4.586      0.108
    62.000      4.584      0.107
    62.500      4.582      0.106
    63.000      4.580      0.107
    63.500      4.578      0.107
    64.000      4.575      0.107
    64.500      4.574      0.106
    65.000      4.572      0.106
    65.500      4.571      0.106
    66.000      4.569      0.107
    66.500      4.567      0.107
    67.000      4.565      0.107
    67.500      4.564      0.107
    68.000      4.563      0.107
    68.500      4.562      0.107
    69.000      4.561      0.107
    69.500      4.560      0.107
    70.000      4.558      0.107
    70.500      4.557      0.107
    71.000      4.556      0.107
    71.500      4.556      0.107
    72.000      4.555      0.107
    72.500      4.554      0.106
    73.000      4.554      0.105
    73.500      4.553      0.105
    74.000      4.552      0.105
    74.500      4.552      0.105
    75.000      4.552      0.105
    75.500      4.551      0.104
    76.000      4.551      0.103
    76.500      4.550      0.102
    77.000      4.550      0.103
    77.500      4.550      0.103
    78.000      4.550      0.102
    78.500      4.549      0.101
    79.000      4.549      0.100
    79.500      4.549      0.099
    80.000      4.549      0.099
    80.500      4.549      0.099
    81.000      4.549      0.098
    81.500      4.549      0.097
    82.000      4.549      0.096
    82.500      4.549      0.096
    83.000      4.549      0.096
    83.500      4.549      0.096
    84.000      4.549      0.095
    84.500      4.549      0.095
    85.000      4.549      0.094
    85.500      4.550      0.094
    86.000      4.550      0.094
    86.500      4.550      0.094
    87.000      4.550      0.094
    87.500      4.550      0.094
    88.000      4.550      0.094
    88.500      4.551      0.094
    89.000      4.551      0.094
    89.500      4.551      0.094
    90.000      4.551      0.094
    90.500      4.550      0.094
    91.000      4.551      0.095
    91.500      4.552      0.095
    92.000      4.552      0.096
    92.500      4.552      0.096
    93.000      4.551      0.096
    93.500      4.551      0.097
    94.000      4.551      0.098
    94.500      4.552      0.099
    95.000      4.552      0.099
    95.500      4.552      0.100
    96.000      4.552      0.100
    96.500      4.551      0.101
    97.000      4.551      0.102
    97.500      4.551      0.103
    98.000      4.551      0.104
    98.500      4.551      0.104
    99.000      4.551      0.105
    99.500      4.550      0.106
   100.000      4.549      0.106
   100.500      4.549      0.108
   101.000      4.549      0.109
   101.500      4.549      0.109
   102.000      4.548      0.109
   102.500      4.547      0.110
   103.000      4.547      0.110
   103.500      4.546      0.111
   104.000      4.546      0.113
   104.500      4.545      0.113
   105.000      4.545      0.113
   105.500      4.544      0.114
   106.000      4.543      0.114
   106.500      4.542      0.115
   107.000      4.542      0.116
   107.500      4.541      0.116
   108.000      4.540      0.116
   108.500      4.539      0.117
   109.000      4.538      0.117
   109.500      4.537      0.117
   110.000      4.536      0.118
   110.500      4.535      0.119
   111.000      4.534      0.119
   111.500      4.533      0.119
   112.000      4.532      0.119
   112.500      4.530      0.119
   113.000      4.530      0.120
   113.500      4.529      0.121
   114.000      4.527      0.120
   114.500      4.526      0.121
   115.000      4.524      0.120
   115.500      4.523      0.121
   116.000      4.522      0.122
   116.500      4.521      0.122
   117.000      4.519      0.122
   117.500      4.518      0.122
   118.000      4.516      0.122
   118.500      4.515      0.123
   119.000      4.514      0.124
   119.500      4.513      0.124
   120.000      4.511      0.124
   120.500      4.509      0.125
   121.000      4.507      0.125
   121.500      4.506      0.126
   122.000      4.505      0.126
   122.500      4.503      0.126
   123.000      4.501      0.127
   123.500      4.499      0.128
   124.000      4.498      0.128
   124.500      4.496      0.129
   125.000      4.495      0.130
   125.500      4.494      0.130
   126.000      4.491      0.131
   126.500      4.489      0.132
   127.000      4.487      0.132
   127.500      4.486      0.133
   128.000      4.485      0.135
   128.500      4.483      0.135
   129.000      4.481      0.136
   129.500      4.478      0.137
   130.000      4.476      0.138
   130.500      4.475      0.139
   131.000      4.475      0.141
   131.500      4.473      0.142
   132.000      4.470      0.142
   132.500      4.467      0.144
   133.000      4.465      0.145
   133.500      4.464      0.147
   134.000      4.464      0.148
   134.500      4.462      0.150
   135.000      4.458      0.150
   135.500      4.456      0.152
   136.000      4.454      0.153
   136.500      4.453      0.156
   137.000      4.452      0.157
   137.500      4.450      0.159
   138.000      4.447      0.160
   138.500      4.444      0.161
   139.000      4.442      0.163
   139.500      4.441      0.166
   140.000      4.441      0.168
   140.500      4.439      0.169
   141.000      4.435      0.170
   141.500      4.432      0.172
   142.000      4.430      0.174
   142.500      4.430      0.177
   143.000      4.429      0.179
   143.500      4.427      0.181
   144.000      4.424      0.182
   144.500      4.421      0.183
   145.000      4.419      0.186
   145.500      4.418      0.188
   146.000      4.417      0.191
   146.500      4.416      0.192
   147.000      4.413      0.194
   147.500      4.409      0.195
   148.000      4.408      0.198
   148.500      4.407      0.201
   149.000      4.405      0.203
   149.500      4.404      0.205
   150.000      4.401      0.206
   150.500      4.398      0.207
   151.000      4.396      0.210
   151.500      4.395      0.213
   152.000      4.394      0.216
   152.500      4.392      0.217
   153.000      4.390      0.219
   153.500      4.387      0.220
   154.000      4.386      0.223
   154.500      4.384      0.226
   155.000      4.382      0.228
   155.500      4.381      0.229
   156.000      4.379      0.231
   156.500      4.377      0.232
   157.000      4.376      0.235
   157.500      4.374      0.238
   158.000      4.372      0.240
   158.500      4.370      0.241
   159.000      4.369      0.243
   159.500      4.367      0.244
   160.000      4.366      0.246
   160.500      4.363      0.249
   161.000      4.361      0.251
   161.500      4.360      0.253
   162.000      4.359      0.254
   162.500      4.358      0.256
   163.000      4.356      0.257
   163.500      4.354      0.260
   164.000      4.352      0.262
   164.500      4.351      0.263
   165.000      4.350      0.264
   165.500      4.350      0.266
   166.000      4.347      0.268
   166.500      4.345      0.270
   167.000      4.343      0.272
   167.500      4.342      0.273
   168.000      4.341      0.274
   168.500      4.342      0.276
   169.000      4.339      0.277
   169.500      4.337      0.279
   170.000      4.335      0.281
   170.500      4.334      0.282
   171.000      4.334      0.283
   171.500      4.334      0.285
   172.000      4.333      0.286
   172.500      4.331      0.288
   173.000      4.328      0.289
   173.500      4.327      0.290
   174.000      4.328      0.291
   174.500      4.328      0.292
   175.000      4.327      0.293
   175.500      4.325      0.295
   176.000      4.322      0.296
   176.500      4.322      0.297
   177.000      4.322      0.299
   177.500      4.322      0.299
   178.000      4.322      0.300
   178.500      4.320      0.302
   179.000      4.317      0.303
   179.500      4.317      0.303
   180.000      4.318      0.305
   180.500      4.318      0.306
   181.000      4.318      0.306
   181.500      4.316      0.307
   182.000      4.313      0.308
   182.500      4.314      0.309
   183.000      4.315      0.311
   183.500      4.315      0.311
   184.000      4.315      0.311
   184.500      4.314      0.313
   185.000      4.311      0.314
   185.500      4.313      0.315
   186.000      4.313      0.317
   186.500      4.313      0.317
   187.000      4.313      0.317
   187.500      4.313      0.318
   188.000      4.309      0.319
   188.500      4.313      0.322
   189.000      4.313      0.323
   189.500      4.313      0.323
   190.000      4.313      0.323
   190.500      4.313      0.323
   191.000      4.310      0.325
   191.500      4.315      0.329
   192.000      4.314      0.330
   192.500      4.314      0.330
   193.000      4.314      0.330
   193.500      4.314      0.330
   194.000      4.312      0.332
   194.500      4.317      0.340
   195.000      4.317      0.340
   195.500      4.317      0.340
   196.000      4.317      0.340
   196.500      4.317      0.340
   197.000      4.316      0.342
   197.500      4.322      0.351
   198.000      4.322      0.351
   198.500      4.322      0.351
   199.000      4.322      0.351
   199.500      4.322      0.351
