     0.000      1.456      0.400
     0.500      1.677      0.288
     1.000      1.911      0.277
     1.500      2.007      0.255
     2.000      2.109      0.228
     2.500      2.826      0.189
     3.000      2.868      0.180
     3.500      2.897      0.173
     4.000      2.937      0.153
     4.500      2.985      0.139
     5.000      3.024      0.122
     5.500      3.060      0.116
     6.000      3.089      0.111
     6.500      3.116      0.110
     7.000      3.149      0.104
     7.500      3.170      0.105
     8.000      3.199      0.104
     8.500      3.219      0.105
     9.000      3.242      0.105
     9.500      3.260      0.106
    10.000      3.278      0.106
    10.500      3.296      0.104
    11.000      3.311      0.104
    11.500      3.326      0.101
    12.000      3.339      0.101
    12.500      3.353      0.096
    13.000      3.364      0.095
    13.500      3.376      0.092
    14.000      3.387      0.090
    14.500      3.397      0.087
    15.000      3.409      0.084
    15.500      3.418      0.081
    16.000      3.429      0.078
    16.500      3.439      0.076
    17.000      3.449      0.074
    17.500      3.459      0.072
    18.000      3.468      0.070
    18.500      3.479      0.068
    19.000      3.488      0.066
    19.500      3.499      0.064
    20.000      3.508      0.062
    20.500      3.518      0.060
    21.000      3.529      0.059
    21.500      3.538      0.057
    22.000      3.549      0.055
    22.500      3.559      0.054
    23.000      3.570      0.052
    23.500      3.580      0.051
    24.000      3.591      0.049
    24.500      3.602      0.047
    25.000      3.613      0.046
    25.500      3.624      0.044
    26.000      3.636      0.043
    26.500      3.647      0.041
    27.000      3.659      0.040
    27.500      3.671      0.038
    28.000      3.683      0.037
    28.500      3.695      0.036
    29.000      3.708      0.036
    29.500      3.720      0.035
    30.000      3.733      0.035
    30.500      3.746      0.036
    31.000      3.760      0.037
    31.500      3.773      0.038
    32.000      3.787      0.041
    32.500      3.800      0.042
    33.000      3.813      0.043
    33.500      3.825      0.044
    34.000      3.837      0.044
    34.500      3.851      0.047
    35.000      3.864      0.049
    35.500      3.877      0.052
    36.000      3.889      0.053
    36.500      3.900      0.053
    37.000      3.911      0.054
    37.500      3.923      0.055
    38.000      3.936      0.057
    38.500      3.949      0.059
    39.000      3.962      0.061
    39.500      3.975      0.064
    40.000      3.989      0.065
    40.500      4.001      0.067
    41.000      4.015      0.069
    41.500      4.030      0.071
    42.000      4.046      0.073
    42.500      4.061      0.074
    43.000      4.077      0.077
    43.500      4.095      0.078
    44.000      4.110      0.078
    44.500      4.127      0.078
    45.000      4.140      0.077
    45.500      4.409      0.251
    46.000      4.412      0.237
    46.500      4.416      0.224
    47.000      4.421      0.214
    47.500      4.432      0.207
    48.000      4.443      0.199
    48.500      4.445      0.191
    49.000      4.445      0.184
    49.500      4.442      0.178
    50.000      4.439      0.172
    50.500      4.437      0.166
    51.000      4.436      0.159
    51.500      4.437      0.156
    52.000      4.436      0.150
    52.500      4.435      0.148
    53.000      4.437      0.146
    53.500      4.437      0.144
    54.000      4.436      0.141
    54.500      4.435      0.139
    55.000      4.433      0.135
    55.500      4.430      0.134
    56.000      4.427      0.132
    56.500      4.425      0.131
    57.000      4.424      0.130
    57.500      4.423      0.128
    58.000      4.420      0.127
    58.500      4.418      0.127
    59.000      4.415      0.127
    59.500      4.414      0.125
    60.000      4.412      0.123
    60.500      4.411      0.122
    61.000      4.409      0.121
    61.500      4.407      0.121
    62.000      4.405      0.121
    62.500      4.404      0.120
    63.000      4.402      0.118
    63.500      4.402      0.117
    64.000      4.401      0.117
    64.500      4.399      0.117
    65.000      4.398      0.117
    65.500      4.397      0.117
    66.000      4.397      0.115
    66.500      4.397      0.114
    67.000      4.397      0.113
    67.500      4.396      0.113
    68.000      4.395      0.113
    68.500      4.395      0.113
    69.000      4.395      0.112
    69.500      4.396      0.110
    70.000      4.396      0.109
    70.500      4.396      0.109
    71.000      4.396      0.109
    71.500      4.396      0.109
    72.000      4.396      0.108
    72.500      4.397      0.106
    73.000      4.398      0.104
    73.500      4.398      0.104
    74.000      4.399      0.104
    74.500      4.400      0.103
    75.000      4.400      0.102
    75.500      4.401      0.101
    76.000      4.403      0.099
    76.500      4.403      0.098
    77.000      4.405      0.098
    77.500      4.406      0.097
    78.000      4.406      0.096
    78.500      4.407      0.096
    79.000      4.409      0.095
    79.500      4.411      0.094
    80.000      4.412      0.093
    80.500      4.413      0.092
    81.000      4.415      0.091
    81.500      4.416      0.091
    82.000      4.418      0.092
    82.500      4.420      0.091
    83.000      4.421      0.090
    83.500      4.422      0.090
    84.000      4.424      0.089
    84.500      4.425      0.089
    85.000      4.427      0.090
    85.500      4.429      0.091
    86.000      4.431      0.091
    86.500      4.433      0.091
    87.000      4.435      0.091
    87.500      4.436      0.091
    88.000      4.437      0.093
    88.500      4.439      0.094
    89.000      4.442      0.096
    89.500      4.443      0.096
    90.000      4.445      0.096
    90.500      4.447      0.097
    91.000      4.449      0.099
    91.500      4.450      0.100
    92.000      4.452      0.102
    92.500      4.454      0.104
    93.000      4.456      0.105
    93.500      4.458      0.106
    94.000      4.460      0.107
    94.500      4.461      0.109
    95.000      4.463      0.111
    95.500      4.465      0.113
    96.000      4.467      0.115
    96.500      4.469      0.116
    97.000      4.470      0.117
    97.500      4.471      0.119
    98.000      4.473      0.120
    98.500      4.474      0.123
    99.000      4.477      0.125
    99.500      4.479      0.126
   100.000      4.480      0.128
   100.500      4.481      0.129
   101.000      4.482      0.130
   101.500      4.483      0.132
   102.000      4.485      0.135
   102.500      4.488      0.137
   103.000      4.489      0.138
   103.500      4.490      0.139
   104.000      4.491      0.140
   104.500      4.492      0.141
   105.000      4.494      0.144
   105.500      4.496      0.146
   106.000      4.498      0.148
   106.500      4.498      0.148
   107.000      4.499      0.149
   107.500      4.500      0.150
   108.000      4.501      0.152
   108.500      4.503      0.154
   109.000      4.505      0.157
   109.500      4.505      0.157
   110.000      4.506      0.158
   110.500      4.507      0.159
   111.000      4.508      0.160
   111.500      4.509      0.162
   112.000      4.511      0.164
   112.500      4.512      0.166
   113.000      4.513      0.166
   113.500      4.513      0.167
   114.000      4.514      0.168
   114.500      4.515      0.169
   115.000      4.516      0.171
   115.500      4.517      0.173
   116.000      4.518      0.174
   116.500      4.519      0.174
   117.000      4.520      0.175
   117.500      4.520      0.176
   118.000      4.521      0.178
   118.500      4.522      0.180
   119.000      4.523      0.181
   119.500      4.524      0.181
   120.000      4.525      0.182
   120.500      4.525      0.182
   121.000      4.525      0.184
   121.500      4.526      0.186
   122.000      4.527      0.187
   122.500      4.527      0.187
   123.000      4.528      0.188
   123.500      4.529      0.189
   124.000      4.528      0.190
   124.500      4.528      0.191
   125.000      4.530      0.193
   125.500      4.530      0.193
   126.000      4.531      0.194
   126.500      4.532      0.195
   127.000      4.531      0.196
   127.500      4.531      0.197
   128.000      4.532      0.198
   128.500      4.532      0.198
   129.000      4.533      0.199
   129.500      4.534      0.200
   130.000      4.533      0.201
   130.500      4.532      0.202
   131.000      4.533      0.203
   131.500      4.534      0.203
   132.000      4.534      0.204
   132.500      4.535      0.205
   133.000      4.535      0.206
   133.500      4.534      0.207
   134.000      4.534      0.208
   134.500      4.534      0.208
   135.000      4.535      0.209
   135.500      4.536      0.210
   136.000      4.535      0.211
   136.500      4.534      0.212
   137.000      4.534      0.213
   137.500      4.534      0.213
   138.000      4.534      0.213
   138.500      4.535      0.214
   139.000      4.535      0.215
   139.500      4.534      0.216
   140.000      4.533      0.217
   140.500      4.533      0.217
   141.000      4.533      0.218
   141.500      4.533      0.218
   142.000      4.533      0.219
   142.500      4.533      0.220
   143.000      4.532      0.221
   143.500      4.531      0.221
   144.000      4.532      0.222
   144.500      4.531      0.222
   145.000      4.531      0.223
   145.500      4.530      0.224
   146.000      4.530      0.224
   146.500      4.530      0.224
   147.000      4.529      0.225
   147.500      4.529      0.226
   148.000      4.528      0.226
   148.500      4.527      0.227
   149.000      4.527      0.227
   149.500      4.527      0.227
   150.000      4.526      0.228
   150.500      4.526      0.229
   151.000      4.524      0.228
   151.500      4.523      0.229
   152.000      4.523      0.229
   152.500      4.523      0.229
   153.000      4.523      0.230
   153.500      4.522      0.231
   154.000      4.521      0.231
   154.500      4.519      0.230
   155.000      4.519      0.230
   155.500      4.518      0.231
   156.000      4.517      0.232
   156.500      4.517      0.232
   157.000      4.516      0.232
   157.500      4.514      0.231
   158.000      4.513      0.231
   158.500      4.512      0.232
   159.000      4.512      0.233
   159.500      4.512      0.232
   160.000      4.511      0.232
   160.500      4.509      0.232
   161.000      4.507      0.231
   161.500      4.506      0.232
   162.000      4.505      0.233
   162.500      4.505      0.232
   163.000      4.505      0.231
   163.500      4.503      0.232
   164.000      4.501      0.231
   164.500      4.499      0.231
   165.000      4.498      0.232
   165.500      4.497      0.231
   166.000      4.497      0.230
   166.500      4.496      0.229
   167.000      4.495      0.230
   167.500      4.491      0.230
   168.000      4.490      0.231
   168.500      4.489      0.230
   169.000      4.489      0.229
   169.500      4.488      0.227
   170.000      4.487      0.227
   170.500      4.484      0.228
   171.000      4.481      0.228
   171.500      4.481      0.228
   172.000      4.480      0.226
   172.500      4.479      0.225
   173.000      4.479      0.223
   173.500      4.476      0.225
   174.000      4.471      0.225
   174.500      4.471      0.226
   175.000      4.470      0.224
   175.500      4.469      0.222
   176.000      4.469      0.220
   176.500      4.467      0.220
   177.000      4.464      0.222
   177.500      4.461      0.223
   178.000      4.460      0.222
   178.500      4.458      0.220
   179.000      4.458      0.217
   179.500      4.456      0.216
   180.000      4.455      0.218
   180.500      4.450      0.220
   181.000      4.450      0.220
   181.500      4.448      0.218
   182.000      4.447      0.215
   182.500      4.444      0.214
   183.000      4.444      0.214
   183.500      4.442      0.217
   184.000      4.438      0.219
   184.500      4.436      0.218
   185.000      4.435      0.215
   185.500      4.431      0.213
   186.000      4.431      0.214
   186.500      4.431      0.214
   187.000      4.425      0.219
   187.500      4.424      0.220
   188.000      4.422      0.217
   188.500      4.418      0.215
   189.000      4.418      0.216
   189.500      4.418      0.216
   190.000      4.417      0.217
   190.500      4.413      0.224
   191.000      4.409      0.224
   191.500      4.404      0.222
   192.000      4.404      0.222
   192.500      4.404      0.222
   193.000      4.404      0.222
   193.500      4.398      0.229
   194.000      4.395      0.235
   194.500      4.390      0.234
   195.000      4.390      0.234
   195.500      4.390      0.234
   196.000      4.390      0.234
   196.500      4.390      0.234
   197.000      4.380      0.252
   197.500      4.375      0.251
   198.000      4.375      0.251
   198.500      4.375      0.251
   199.000      4.375      0.251
   199.500      4.375      0.251
