     0.000      1.439      0.611
     0.500      3.402      0.294
     1.000      3.483      0.286
     1.500      3.496      0.257
     2.000      3.495      0.228
     2.500      3.491      0.191
     3.000      3.497      0.174
     3.500      3.495      0.149
     4.000      3.490      0.121
     4.500      3.491      0.110
     5.000      3.491      0.088
     5.500      3.485      0.074
     6.000      3.484      0.063
     6.500      3.480      0.056
     7.000      3.477      0.050
     7.500      3.471      0.048
     8.000      3.468      0.051
     8.500      3.464      0.053
     9.000      3.456      0.058
     9.500      3.452      0.062
    10.000      3.447      0.066
    10.500      3.439      0.071
    11.000      3.435      0.074
    11.500      3.429      0.076
    12.000      3.422      0.080
    12.500      3.416      0.082
    13.000      3.410      0.082
    13.500      3.405      0.084
    14.000      3.398      0.087
    14.500      3.392      0.085
    15.000      3.387      0.085
    15.500      3.380      0.087
    16.000      3.375      0.085
    16.500      3.371      0.084
    17.000      3.365      0.084
    17.500      3.361      0.082
    18.000      3.357      0.081
    18.500      3.352      0.080
    19.000      3.349      0.078
    19.500      3.346      0.075
    20.000      3.342      0.073
    20.500      3.340      0.071
    21.000      3.337      0.068
    21.500      3.335      0.065
    22.000      3.334      0.062
    22.500      3.332      0.059
    23.000      3.331      0.055
    23.500      3.331      0.051
    24.000      3.330      0.048
    24.500      3.330      0.044
    25.000      3.331      0.041
    25.500      3.331      0.037
    26.000      3.332      0.034
    26.500      3.333      0.032
    27.000      3.335      0.029
    27.500      3.336      0.029
    28.000      3.338      0.029
    28.500      3.341      0.029
    29.000      3.343      0.032
    29.500      3.345      0.035
    30.000      3.348      0.038
    30.500      3.351      0.043
    31.000      3.354      0.047
    31.500      3.358      0.051
    32.000      3.362      0.057
    32.500      3.365      0.061
    33.000      3.369      0.066
    33.500      3.374      0.071
    34.000      3.378      0.076
    34.500      3.382      0.081
    35.000      3.387      0.086
    35.500      3.391      0.090
    36.000      3.396      0.094
    36.500      3.401      0.099
    37.000      3.406      0.102
    37.500      3.411      0.106
    38.000      3.416      0.110
    38.500      3.421      0.114
    39.000      3.427      0.117
    39.500      3.432      0.120
    40.000      3.438      0.123
    40.500      3.444      0.125
    41.000      3.449      0.127
    41.500      3.455      0.130
    42.000      3.460      0.131
    42.500      3.466      0.132
    43.000      3.476      0.130
    43.500      3.487      0.124
    44.000      3.497      0.120
    44.500      3.507      0.117
    45.000      3.514      0.118
    45.500      3.520      0.120
    46.000      3.525      0.122
    46.500      3.530      0.125
    47.000      3.535      0.128
    47.500      3.541      0.130
    48.000      3.547      0.133
    48.500      3.554      0.135
    49.000      3.559      0.134
    49.500      3.565      0.132
    50.000      3.572      0.130
    50.500      3.581      0.127
    51.000      3.588      0.127
    51.500      3.593      0.128
    52.000      3.594      0.131
    52.500      3.592      0.133
    53.000      3.591      0.139
    53.500      3.593      0.144
    54.000      3.595      0.151
    54.500      3.599      0.157
    55.000      3.604      0.164
    55.500      3.612      0.171
    56.000      4.341      0.295
    56.500      4.345      0.295
    57.000      4.351      0.287
    57.500      4.358      0.273
    58.000      4.362      0.260
    58.500      4.368      0.246
    59.000      4.377      0.226
    59.500      4.379      0.212
    60.000      4.379      0.205
    60.500      4.381      0.202
    61.000      4.386      0.195
    61.500      4.392      0.188
    62.000      4.399      0.179
    62.500      4.408      0.169
    63.000      4.415      0.160
    63.500      4.421      0.157
    64.000      4.427      0.159
    64.500      4.437      0.160
    65.000      4.449      0.161
    65.500      4.462      0.165
    66.000      4.474      0.166
    66.500      4.483      0.165
    67.000      4.487      0.164
    67.500      4.488      0.162
    68.000      4.488      0.159
    68.500      4.488      0.153
    69.000      4.487      0.147
    69.500      4.486      0.140
    70.000      4.488      0.135
    70.500      4.488      0.131
    71.000      4.487      0.130
    71.500      4.487      0.129
    72.000      4.486      0.128
    72.500      4.485      0.126
    73.000      4.484      0.125
    73.500      4.486      0.124
    74.000      4.486      0.124
    74.500      4.486      0.124
    75.000      4.486      0.124
    75.500      4.485      0.125
    76.000      4.484      0.126
    76.500      4.483      0.127
    77.000      4.484      0.128
    77.500      4.484      0.129
    78.000      4.485      0.130
    78.500      4.485      0.130
    79.000      4.484      0.131
    79.500      4.483      0.133
    80.000      4.483      0.134
    80.500      4.482      0.135
    81.000      4.483      0.136
    81.500      4.483      0.136
    82.000      4.484      0.136
    82.500      4.483      0.137
    83.000      4.482      0.138
    83.500      4.482      0.139
    84.000      4.481      0.139
    84.500      4.481      0.139
    85.000      4.481      0.139
    85.500      4.482      0.140
    86.000      4.482      0.140
    86.500      4.482      0.140
    87.000      4.481      0.140
    87.500      4.481      0.139
    88.000      4.480      0.139
    88.500      4.480      0.139
    89.000      4.481      0.139
    89.500      4.482      0.139
    90.000      4.482      0.139
    90.500      4.481      0.138
    91.000      4.480      0.137
    91.500      4.479      0.136
    92.000      4.479      0.135
    92.500      4.480      0.135
    93.000      4.481      0.135
    93.500      4.481      0.135
    94.000      4.480      0.134
    94.500      4.479      0.133
    95.000      4.478      0.132
    95.500      4.478      0.131
    96.000      4.479      0.131
    96.500      4.480      0.131
    97.000      4.481      0.131
    97.500      4.480      0.131
    98.000      4.479      0.130
    98.500      4.478      0.129
    99.000      4.478      0.128
    99.500      4.478      0.129
   100.000      4.479      0.129
   100.500      4.480      0.129
   101.000      4.480      0.129
   101.500      4.478      0.129
   102.000      4.478      0.128
   102.500      4.477      0.128
   103.000      4.478      0.129
   103.500      4.479      0.130
   104.000      4.479      0.130
   104.500      4.479      0.130
   105.000      4.478      0.130
   105.500      4.477      0.131
   106.000      4.477      0.132
   106.500      4.478      0.132
   107.000      4.478      0.133
   107.500      4.478      0.134
   108.000      4.478      0.134
   108.500      4.477      0.134
   109.000      4.477      0.136
   109.500      4.477      0.137
   110.000      4.477      0.138
   110.500      4.477      0.139
   111.000      4.477      0.140
   111.500      4.476      0.140
   112.000      4.476      0.140
   112.500      4.476      0.142
   113.000      4.476      0.144
   113.500      4.475      0.145
   114.000      4.475      0.146
   114.500      4.475      0.147
   115.000      4.474      0.147
   115.500      4.474      0.148
   116.000      4.474      0.149
   116.500      4.474      0.151
   117.000      4.473      0.152
   117.500      4.472      0.154
   118.000      4.472      0.154
   118.500      4.471      0.154
   119.000      4.471      0.155
   119.500      4.471      0.157
   120.000      4.471      0.158
   120.500      4.470      0.159
   121.000      4.469      0.161
   121.500      4.468      0.162
   122.000      4.468      0.162
   122.500      4.467      0.163
   123.000      4.468      0.164
   123.500      4.467      0.165
   124.000      4.467      0.166
   124.500      4.466      0.168
   125.000      4.464      0.169
   125.500      4.463      0.169
   126.000      4.463      0.170
   126.500      4.463      0.172
   127.000      4.463      0.172
   127.500      4.462      0.173
   128.000      4.461      0.174
   128.500      4.459      0.175
   129.000      4.458      0.176
   129.500      4.457      0.178
   130.000      4.457      0.179
   130.500      4.457      0.179
   131.000      4.456      0.180
   131.500      4.455      0.181
   132.000      4.454      0.181
   132.500      4.452      0.182
   133.000      4.451      0.184
   133.500      4.450      0.185
   134.000      4.450      0.185
   134.500      4.450      0.186
   135.000      4.449      0.187
   135.500      4.447      0.188
   136.000      4.446      0.188
   136.500      4.444      0.190
   137.000      4.442      0.191
   137.500      4.442      0.191
   138.000      4.442      0.191
   138.500      4.441      0.193
   139.000      4.440      0.193
   139.500      4.438      0.193
   140.000      4.436      0.194
   140.500      4.434      0.196
   141.000      4.433      0.196
   141.500      4.433      0.196
   142.000      4.433      0.197
   142.500      4.431      0.198
   143.000      4.429      0.198
   143.500      4.427      0.198
   144.000      4.426      0.200
   144.500      4.424      0.200
   145.000      4.423      0.200
   145.500      4.423      0.201
   146.000      4.422      0.201
   146.500      4.419      0.201
   147.000      4.418      0.202
   147.500      4.416      0.203
   148.000      4.414      0.203
   148.500      4.413      0.203
   149.000      4.412      0.203
   149.500      4.411      0.203
   150.000      4.408      0.203
   150.500      4.406      0.204
   151.000      4.405      0.205
   151.500      4.404      0.205
   152.000      4.402      0.205
   152.500      4.400      0.205
   153.000      4.399      0.204
   153.500      4.396      0.204
   154.000      4.394      0.205
   154.500      4.393      0.206
   155.000      4.392      0.205
   155.500      4.390      0.205
   156.000      4.388      0.205
   156.500      4.386      0.204
   157.000      4.384      0.204
   157.500      4.381      0.205
   158.000      4.379      0.206
   158.500      4.379      0.205
   159.000      4.377      0.204
   159.500      4.374      0.204
   160.000      4.372      0.202
   160.500      4.371      0.203
   161.000      4.367      0.204
   161.500      4.365      0.204
   162.000      4.364      0.203
   162.500      4.363      0.202
   163.000      4.359      0.201
   163.500      4.357      0.200
   164.000      4.357      0.200
   164.500      4.354      0.202
   165.000      4.349      0.202
   165.500      4.349      0.201
   166.000      4.347      0.200
   166.500      4.343      0.197
   167.000      4.341      0.197
   167.500      4.341      0.197
   168.000      4.339      0.199
   168.500      4.335      0.201
   169.000      4.332      0.198
   169.500      4.330      0.198
   170.000      4.326      0.194
   170.500      4.324      0.195
   171.000      4.324      0.194
   171.500      4.322      0.197
   172.000      4.318      0.199
   172.500      4.316      0.198
   173.000      4.310      0.196
   173.500      4.307      0.193
   174.000      4.306      0.194
   174.500      4.306      0.194
   175.000      4.305      0.197
   175.500      4.300      0.200
   176.000      4.298      0.199
   176.500      4.292      0.197
   177.000      4.287      0.196
   177.500      4.287      0.196
   178.000      4.286      0.199
   178.500      4.286      0.201
   179.000      4.280      0.206
   179.500      4.278      0.205
   180.000      4.272      0.203
   180.500      4.268      0.204
   181.000      4.266      0.204
   181.500      4.266      0.209
   182.000      4.267      0.211
   182.500      4.260      0.220
   183.000      4.256      0.220
   183.500      4.250      0.218
   184.000      4.250      0.218
   184.500      4.244      0.221
   185.000      4.243      0.224
   185.500      4.245      0.232
   186.000      4.238      0.244
   186.500      4.232      0.244
   187.000      4.228      0.243
   187.500      4.228      0.243
   188.000      4.228      0.243
   188.500      4.220      0.249
   189.000      4.221      0.262
   189.500      4.215      0.279
   190.000      4.204      0.280
   190.500      4.204      0.280
   191.000      4.204      0.280
   191.500      4.204      0.280
   192.000      4.204      0.280
   192.500      4.195      0.296
   193.000      4.190      0.327
   193.500      4.179      0.329
   194.000      4.179      0.329
   194.500      4.179      0.329
   195.000      4.179      0.329
   195.500      4.179      0.329
   196.000      4.179      0.329
   196.500      4.165      0.386
   197.000      4.152      0.389
   197.500      4.152      0.389
   198.000      4.152      0.389
   198.500      4.152      0.389
   199.000      4.152      0.389
