     0.000      1.456      0.523
     0.500      1.913      0.379
     1.000      2.240      0.353
     1.500      3.090      0.178
     2.000      3.138      0.225
     2.500      3.175      0.227
     3.000      3.204      0.189
     3.500      3.225      0.172
     4.000      3.241      0.153
     4.500      3.265      0.134
     5.000      3.283      0.124
     5.500      3.304      0.110
     6.000      3.321      0.102
     6.500      3.340      0.099
     7.000      3.356      0.091
     7.500      3.374      0.091
     8.000      3.390      0.089
     8.500      3.404      0.086
     9.000      3.420      0.086
     9.500      3.433      0.084
    10.000      3.447      0.085
    10.500      3.460      0.081
    11.000      3.472      0.081
    11.500      3.484      0.078
    12.000      3.495      0.076
    12.500      3.506      0.074
    13.000      3.516      0.070
    13.500      3.526      0.068
    14.000      3.535      0.065
    14.500      3.543      0.062
    15.000      3.552      0.059
    15.500      3.559      0.057
    16.000      3.566      0.054
    16.500      3.573      0.052
    17.000      3.579      0.051
    17.500      3.584      0.049
    18.000      3.590      0.047
    18.500      3.595      0.046
    19.000      3.599      0.045
    19.500      3.604      0.044
    20.000      3.608      0.043
    20.500      3.611      0.042
    21.000      3.615      0.041
    21.500      3.618      0.039
    22.000      3.621      0.038
    22.500      3.623      0.037
    23.000      3.625      0.036
    23.500      3.627      0.034
    24.000      3.629      0.033
    24.500      3.631      0.032
    25.000      3.632      0.031
    25.500      3.633      0.031
    26.000      3.634      0.030
    26.500      3.635      0.030
    27.000      3.635      0.030
    27.500      3.636      0.031
    28.000      3.636      0.032
    28.500      3.636      0.033
    29.000      3.636      0.035
    29.500      3.636      0.037
    30.000      3.636      0.039
    30.500      3.635      0.041
    31.000      3.635      0.044
    31.500      3.634      0.046
    32.000      3.634      0.049
    32.500      3.633      0.052
    33.000      3.632      0.055
    33.500      3.631      0.057
    34.000      3.631      0.060
    34.500      3.630      0.062
    35.000      3.629      0.065
    35.500      3.628      0.067
    36.000      3.627      0.069
    36.500      3.626      0.072
    37.000      3.626      0.074
    37.500      3.625      0.076
    38.000      3.624      0.078
    38.500      3.624      0.080
    39.000      3.623      0.082
    39.500      3.623      0.084
    40.000      3.622      0.087
    40.500      3.622      0.089
    41.000      3.622      0.092
    41.500      3.622      0.095
    42.000      3.622      0.098
    42.500      3.625      0.099
    43.000      3.629      0.098
    43.500      3.635      0.095
    44.000      3.640      0.093
    44.500      3.645      0.093
    45.000      3.649      0.092
    45.500      3.655      0.092
    46.000      3.660      0.093
    46.500      3.664      0.095
    47.000      3.668      0.101
    47.500      3.669      0.106
    48.000      3.670      0.110
    48.500      3.669      0.118
    49.000      3.667      0.122
    49.500      3.666      0.131
    50.000      3.664      0.141
    50.500      3.663      0.151
    51.000      3.664      0.158
    51.500      3.664      0.164
    52.000      3.669      0.169
    52.500      3.675      0.175
    53.000      3.682      0.180
    53.500      3.691      0.183
    54.000      4.165      0.247
    54.500      4.170      0.245
    55.000      4.175      0.239
    55.500      4.181      0.235
    56.000      4.184      0.229
    56.500      4.192      0.231
    57.000      4.207      0.235
    57.500      4.219      0.241
    58.000      4.232      0.240
    58.500      4.234      0.241
    59.000      4.238      0.239
    59.500      4.241      0.237
    60.000      4.242      0.234
    60.500      4.245      0.229
    61.000      4.250      0.220
    61.500      4.258      0.214
    62.000      4.267      0.205
    62.500      4.277      0.200
    63.000      4.288      0.199
    63.500      4.296      0.196
    64.000      4.300      0.194
    64.500      4.306      0.191
    65.000      4.314      0.192
    65.500      4.323      0.191
    66.000      4.332      0.192
    66.500      4.341      0.193
    67.000      4.347      0.194
    67.500      4.351      0.194
    68.000      4.354      0.194
    68.500      4.359      0.194
    69.000      4.363      0.194
    69.500      4.368      0.194
    70.000      4.371      0.193
    70.500      4.374      0.192
    71.000      4.377      0.192
    71.500      4.379      0.192
    72.000      4.381      0.193
    72.500      4.384      0.195
    73.000      4.387      0.196
    73.500      4.389      0.195
    74.000      4.392      0.195
    74.500      4.393      0.195
    75.000      4.395      0.195
    75.500      4.396      0.196
    76.000      4.398      0.197
    76.500      4.400      0.198
    77.000      4.402      0.198
    77.500      4.404      0.198
    78.000      4.405      0.198
    78.500      4.406      0.197
    79.000      4.407      0.197
    79.500      4.408      0.198
    80.000      4.409      0.199
    80.500      4.410      0.198
    81.000      4.412      0.197
    81.500      4.413      0.196
    82.000      4.414      0.195
    82.500      4.414      0.194
    83.000      4.415      0.193
    83.500      4.415      0.193
    84.000      4.416      0.192
    84.500      4.418      0.191
    85.000      4.418      0.190
    85.500      4.419      0.189
    86.000      4.419      0.187
    86.500      4.419      0.185
    87.000      4.419      0.183
    87.500      4.419      0.182
    88.000      4.420      0.181
    88.500      4.421      0.179
    89.000      4.421      0.178
    89.500      4.421      0.176
    90.000      4.421      0.173
    90.500      4.421      0.171
    91.000      4.421      0.169
    91.500      4.421      0.167
    92.000      4.421      0.165
    92.500      4.422      0.164
    93.000      4.422      0.163
    93.500      4.421      0.160
    94.000      4.421      0.157
    94.500      4.421      0.155
    95.000      4.420      0.153
    95.500      4.420      0.151
    96.000      4.421      0.150
    96.500      4.421      0.149
    97.000      4.420      0.148
    97.500      4.420      0.145
    98.000      4.420      0.143
    98.500      4.419      0.141
    99.000      4.419      0.140
    99.500      4.419      0.139
   100.000      4.419      0.139
   100.500      4.419      0.138
   101.000      4.419      0.136
   101.500      4.418      0.135
   102.000      4.418      0.134
   102.500      4.418      0.133
   103.000      4.417      0.133
   103.500      4.417      0.133
   104.000      4.417      0.132
   104.500      4.417      0.131
   105.000      4.417      0.131
   105.500      4.417      0.132
   106.000      4.417      0.132
   106.500      4.416      0.131
   107.000      4.416      0.131
   107.500      4.415      0.131
   108.000      4.415      0.131
   108.500      4.416      0.132
   109.000      4.416      0.134
   109.500      4.416      0.135
   110.000      4.415      0.134
   110.500      4.415      0.134
   111.000      4.415      0.135
   111.500      4.415      0.135
   112.000      4.415      0.137
   112.500      4.415      0.139
   113.000      4.415      0.140
   113.500      4.415      0.141
   114.000      4.415      0.141
   114.500      4.415      0.142
   115.000      4.414      0.142
   115.500      4.415      0.144
   116.000      4.415      0.146
   116.500      4.415      0.148
   117.000      4.416      0.149
   117.500      4.415      0.150
   118.000      4.415      0.150
   118.500      4.415      0.152
   119.000      4.415      0.153
   119.500      4.415      0.155
   120.000      4.416      0.157
   120.500      4.416      0.159
   121.000      4.416      0.159
   121.500      4.416      0.160
   122.000      4.416      0.162
   122.500      4.415      0.164
   123.000      4.415      0.165
   123.500      4.416      0.167
   124.000      4.417      0.169
   124.500      4.417      0.170
   125.000      4.418      0.171
   125.500      4.417      0.173
   126.000      4.416      0.174
   126.500      4.416      0.176
   127.000      4.417      0.178
   127.500      4.417      0.179
   128.000      4.417      0.180
   128.500      4.418      0.181
   129.000      4.419      0.183
   129.500      4.418      0.185
   130.000      4.417      0.187
   130.500      4.418      0.189
   131.000      4.418      0.190
   131.500      4.418      0.191
   132.000      4.419      0.192
   132.500      4.420      0.194
   133.000      4.420      0.196
   133.500      4.419      0.198
   134.000      4.419      0.199
   134.500      4.419      0.200
   135.000      4.419      0.201
   135.500      4.420      0.203
   136.000      4.421      0.205
   136.500      4.421      0.207
   137.000      4.421      0.208
   137.500      4.420      0.209
   138.000      4.420      0.210
   138.500      4.420      0.212
   139.000      4.421      0.213
   139.500      4.422      0.215
   140.000      4.422      0.217
   140.500      4.422      0.218
   141.000      4.422      0.219
   141.500      4.422      0.220
   142.000      4.422      0.221
   142.500      4.422      0.223
   143.000      4.423      0.225
   143.500      4.423      0.226
   144.000      4.423      0.228
   144.500      4.423      0.228
   145.000      4.424      0.229
   145.500      4.423      0.230
   146.000      4.422      0.232
   146.500      4.423      0.233
   147.000      4.424      0.235
   147.500      4.423      0.237
   148.000      4.424      0.237
   148.500      4.424      0.237
   149.000      4.425      0.237
   149.500      4.423      0.240
   150.000      4.423      0.241
   150.500      4.424      0.243
   151.000      4.424      0.245
   151.500      4.424      0.245
   152.000      4.424      0.245
   152.500      4.425      0.245
   153.000      4.425      0.246
   153.500      4.424      0.248
   154.000      4.424      0.250
   154.500      4.424      0.252
   155.000      4.424      0.252
   155.500      4.424      0.252
   156.000      4.425      0.251
   156.500      4.425      0.251
   157.000      4.424      0.253
   157.500      4.424      0.256
   158.000      4.423      0.258
   158.500      4.424      0.258
   159.000      4.424      0.257
   159.500      4.424      0.257
   160.000      4.424      0.256
   160.500      4.424      0.257
   161.000      4.424      0.259
   161.500      4.422      0.262
   162.000      4.423      0.262
   162.500      4.423      0.262
   163.000      4.423      0.261
   163.500      4.423      0.260
   164.000      4.423      0.260
   164.500      4.423      0.261
   165.000      4.421      0.265
   165.500      4.421      0.265
   166.000      4.421      0.265
   166.500      4.422      0.264
   167.000      4.421      0.263
   167.500      4.420      0.262
   168.000      4.420      0.263
   168.500      4.420      0.265
   169.000      4.419      0.267
   169.500      4.419      0.267
   170.000      4.419      0.266
   170.500      4.419      0.265
   171.000      4.418      0.263
   171.500      4.417      0.264
   172.000      4.417      0.266
   172.500      4.417      0.267
   173.000      4.416      0.268
   173.500      4.417      0.267
   174.000      4.416      0.266
   174.500      4.414      0.265
   175.000      4.413      0.265
   175.500      4.413      0.267
   176.000      4.413      0.267
   176.500      4.412      0.267
   177.000      4.412      0.267
   177.500      4.413      0.267
   178.000      4.411      0.266
   178.500      4.409      0.266
   179.000      4.408      0.268
   179.500      4.408      0.268
   180.000      4.407      0.267
   180.500      4.407      0.268
   181.000      4.408      0.268
   181.500      4.407      0.268
   182.000      4.403      0.268
   182.500      4.402      0.270
   183.000      4.402      0.270
   183.500      4.401      0.269
   184.000      4.401      0.269
   184.500      4.401      0.269
   185.000      4.402      0.270
   185.500      4.398      0.272
   186.000      4.395      0.275
   186.500      4.395      0.275
   187.000      4.394      0.274
   187.500      4.394      0.274
   188.000      4.394      0.274
   188.500      4.395      0.274
   189.000      4.392      0.278
   189.500      4.387      0.285
   190.000      4.386      0.284
   190.500      4.385      0.284
   191.000      4.385      0.284
   191.500      4.385      0.284
   192.000      4.385      0.284
   192.500      4.388      0.286
   193.000      4.378      0.301
   193.500      4.376      0.300
   194.000      4.376      0.301
   194.500      4.376      0.301
   195.000      4.376      0.301
   195.500      4.376      0.301
   196.000      4.376      0.301
   196.500      4.368      0.324
   197.000      4.365      0.325
   197.500      4.365      0.325
   198.000      4.365      0.325
   198.500      4.365      0.325
   199.000      4.365      0.325
