     0.000      1.580      0.513
     0.500      1.734      0.391
     1.000      1.847      0.322
     1.500      1.934      0.265
     2.000      2.026      0.252
     2.500      2.096      0.253
     3.000      2.162      0.249
     3.500      2.683      0.242
     4.000      2.745      0.243
     4.500      2.805      0.225
     5.000      2.881      0.199
     5.500      2.943      0.190
     6.000      3.011      0.159
     6.500      3.052      0.148
     7.000      3.111      0.131
     7.500      3.148      0.123
     8.000      3.195      0.117
     8.500      3.231      0.113
     9.000      3.267      0.111
     9.500      3.300      0.109
    10.000      3.330      0.108
    10.500      3.358      0.106
    11.000      3.384      0.106
    11.500      3.407      0.104
    12.000      3.429      0.104
    12.500      3.447      0.102
    13.000      3.466      0.100
    13.500      3.481      0.098
    14.000      3.498      0.095
    14.500      3.511      0.093
    15.000      3.524      0.090
    15.500      3.536      0.088
    16.000      3.548      0.085
    16.500      3.558      0.083
    17.000      3.568      0.080
    17.500      3.578      0.078
    18.000      3.586      0.076
    18.500      3.595      0.074
    19.000      3.603      0.072
    19.500      3.611      0.070
    20.000      3.619      0.069
    20.500      3.626      0.067
    21.000      3.634      0.066
    21.500      3.640      0.064
    22.000      3.647      0.063
    22.500      3.654      0.062
    23.000      3.660      0.061
    23.500      3.667      0.059
    24.000      3.673      0.059
    24.500      3.679      0.058
    25.000      3.685      0.057
    25.500      3.691      0.057
    26.000      3.697      0.057
    26.500      3.703      0.057
    27.000      3.709      0.057
    27.500      3.717      0.056
    28.000      3.723      0.056
    28.500      3.730      0.057
    29.000      3.737      0.057
    29.500      3.744      0.057
    30.000      3.751      0.058
    30.500      3.759      0.058
    31.000      3.766      0.060
    31.500      3.774      0.060
    32.000      3.783      0.061
    32.500      3.792      0.061
    33.000      3.802      0.060
    33.500      3.813      0.060
    34.000      3.822      0.061
    34.500      3.833      0.062
    35.000      3.844      0.062
    35.500      3.856      0.063
    36.000      3.868      0.063
    36.500      3.880      0.064
    37.000      3.892      0.066
    37.500      3.906      0.069
    38.000      3.918      0.071
    38.500      3.931      0.074
    39.000      3.945      0.077
    39.500      3.961      0.081
    40.000      3.976      0.084
    40.500      3.991      0.086
    41.000      4.006      0.089
    41.500      4.021      0.091
    42.000      4.033      0.086
    42.500      4.047      0.086
    43.000      4.247      0.205
    43.500      4.274      0.213
    44.000      4.297      0.218
    44.500      4.319      0.221
    45.000      4.339      0.225
    45.500      4.353      0.223
    46.000      4.363      0.221
    46.500      4.369      0.215
    47.000      4.373      0.207
    47.500      4.377      0.200
    48.000      4.378      0.191
    48.500      4.379      0.186
    49.000      4.384      0.184
    49.500      4.391      0.183
    50.000      4.394      0.179
    50.500      4.397      0.175
    51.000      4.400      0.170
    51.500      4.397      0.163
    52.000      4.396      0.156
    52.500      4.394      0.148
    53.000      4.393      0.143
    53.500      4.391      0.137
    54.000      4.389      0.132
    54.500      4.386      0.128
    55.000      4.383      0.123
    55.500      4.380      0.116
    56.000      4.378      0.112
    56.500      4.377      0.110
    57.000      4.375      0.109
    57.500      4.373      0.109
    58.000      4.371      0.108
    58.500      4.369      0.106
    59.000      4.368      0.106
    59.500      4.367      0.106
    60.000      4.367      0.107
    60.500      4.365      0.109
    61.000      4.364      0.111
    61.500      4.362      0.112
    62.000      4.362      0.113
    62.500      4.362      0.114
    63.000      4.362      0.115
    63.500      4.362      0.118
    64.000      4.361      0.120
    64.500      4.360      0.122
    65.000      4.360      0.123
    65.500      4.360      0.124
    66.000      4.361      0.125
    66.500      4.361      0.126
    67.000      4.361      0.127
    67.500      4.361      0.129
    68.000      4.362      0.129
    68.500      4.362      0.130
    69.000      4.363      0.130
    69.500      4.364      0.130
    70.000      4.365      0.130
    70.500      4.366      0.131
    71.000      4.366      0.131
    71.500      4.367      0.131
    72.000      4.368      0.130
    72.500      4.370      0.130
    73.000      4.372      0.129
    73.500      4.373      0.129
    74.000      4.374      0.128
    74.500      4.375      0.128
    75.000      4.376      0.127
    75.500      4.378      0.126
    76.000      4.380      0.125
    76.500      4.382      0.123
    77.000      4.383      0.122
    77.500      4.384      0.121
    78.000      4.386      0.120
    78.500      4.388      0.118
    79.000      4.390      0.117
    79.500      4.392      0.115
    80.000      4.394      0.114
    80.500      4.395      0.113
    81.000      4.397      0.112
    81.500      4.399      0.110
    82.000      4.401      0.109
    82.500      4.404      0.107
    83.000      4.406      0.106
    83.500      4.407      0.105
    84.000      4.409      0.104
    84.500      4.412      0.104
    85.000      4.414      0.102
    85.500      4.417      0.101
    86.000      4.419      0.101
    86.500      4.420      0.100
    87.000      4.422      0.100
    87.500      4.424      0.100
    88.000      4.427      0.100
    88.500      4.430      0.099
    89.000      4.432      0.100
    89.500      4.433      0.100
    90.000      4.435      0.101
    90.500      4.437      0.101
    91.000      4.440      0.102
    91.500      4.443      0.103
    92.000      4.445      0.104
    92.500      4.446      0.105
    93.000      4.448      0.107
    93.500      4.450      0.108
    94.000      4.452      0.109
    94.500      4.455      0.111
    95.000      4.457      0.113
    95.500      4.458      0.115
    96.000      4.460      0.116
    96.500      4.462      0.118
    97.000      4.464      0.120
    97.500      4.466      0.122
    98.000      4.468      0.124
    98.500      4.469      0.126
    99.000      4.471      0.128
    99.500      4.472      0.129
   100.000      4.474      0.131
   100.500      4.476      0.133
   101.000      4.478      0.136
   101.500      4.479      0.138
   102.000      4.480      0.140
   102.500      4.481      0.141
   103.000      4.483      0.143
   103.500      4.485      0.145
   104.000      4.487      0.147
   104.500      4.488      0.149
   105.000      4.488      0.151
   105.500      4.489      0.152
   106.000      4.491      0.154
   106.500      4.492      0.155
   107.000      4.494      0.157
   107.500      4.495      0.159
   108.000      4.495      0.161
   108.500      4.496      0.162
   109.000      4.497      0.163
   109.500      4.498      0.165
   110.000      4.499      0.166
   110.500      4.500      0.168
   111.000      4.501      0.169
   111.500      4.501      0.170
   112.000      4.502      0.171
   112.500      4.503      0.172
   113.000      4.504      0.173
   113.500      4.505      0.174
   114.000      4.505      0.175
   114.500      4.505      0.176
   115.000      4.506      0.177
   115.500      4.507      0.178
   116.000      4.507      0.179
   116.500      4.508      0.180
   117.000      4.508      0.181
   117.500      4.508      0.182
   118.000      4.509      0.182
   118.500      4.509      0.183
   119.000      4.510      0.184
   119.500      4.510      0.184
   120.000      4.510      0.185
   120.500      4.510      0.185
   121.000      4.510      0.186
   121.500      4.511      0.186
   122.000      4.511      0.187
   122.500      4.512      0.187
   123.000      4.511      0.187
   123.500      4.511      0.188
   124.000      4.511      0.188
   124.500      4.511      0.189
   125.000      4.511      0.189
   125.500      4.511      0.189
   126.000      4.512      0.189
   126.500      4.511      0.189
   127.000      4.511      0.190
   127.500      4.510      0.190
   128.000      4.510      0.190
   128.500      4.510      0.190
   129.000      4.510      0.190
   129.500      4.510      0.190
   130.000      4.509      0.190
   130.500      4.509      0.190
   131.000      4.509      0.190
   131.500      4.508      0.190
   132.000      4.508      0.190
   132.500      4.508      0.189
   133.000      4.507      0.190
   133.500      4.507      0.190
   134.000      4.506      0.189
   134.500      4.506      0.189
   135.000      4.505      0.189
   135.500      4.505      0.188
   136.000      4.505      0.189
   136.500      4.504      0.189
   137.000      4.503      0.188
   137.500      4.503      0.188
   138.000      4.501      0.188
   138.500      4.501      0.187
   139.000      4.501      0.187
   139.500      4.500      0.187
   140.000      4.499      0.187
   140.500      4.499      0.187
   141.000      4.497      0.186
   141.500      4.496      0.186
   142.000      4.496      0.186
   142.500      4.495      0.185
   143.000      4.494      0.185
   143.500      4.494      0.185
   144.000      4.492      0.185
   144.500      4.491      0.184
   145.000      4.490      0.184
   145.500      4.490      0.184
   146.000      4.489      0.183
   146.500      4.488      0.183
   147.000      4.487      0.183
   147.500      4.485      0.182
   148.000      4.484      0.182
   148.500      4.483      0.182
   149.000      4.483      0.181
   149.500      4.483      0.181
   150.000      4.481      0.181
   150.500      4.479      0.180
   151.000      4.478      0.181
   151.500      4.477      0.181
   152.000      4.476      0.180
   152.500      4.476      0.179
   153.000      4.475      0.179
   153.500      4.472      0.179
   154.000      4.470      0.179
   154.500      4.469      0.179
   155.000      4.469      0.179
   155.500      4.468      0.178
   156.000      4.468      0.178
   156.500      4.465      0.178
   157.000      4.463      0.178
   157.500      4.461      0.178
   158.000      4.460      0.178
   158.500      4.460      0.178
   159.000      4.460      0.177
   159.500      4.458      0.176
   160.000      4.455      0.177
   160.500      4.453      0.177
   161.000      4.452      0.177
   161.500      4.452      0.177
   162.000      4.452      0.177
   162.500      4.451      0.176
   163.000      4.448      0.176
   163.500      4.445      0.177
   164.000      4.443      0.177
   164.500      4.443      0.177
   165.000      4.443      0.178
   165.500      4.442      0.177
   166.000      4.440      0.176
   166.500      4.437      0.177
   167.000      4.435      0.178
   167.500      4.433      0.179
   168.000      4.433      0.179
   168.500      4.434      0.178
   169.000      4.431      0.178
   169.500      4.429      0.178
   170.000      4.426      0.180
   170.500      4.424      0.181
   171.000      4.423      0.181
   171.500      4.424      0.181
   172.000      4.423      0.181
   172.500      4.420      0.182
   173.000      4.417      0.182
   173.500      4.415      0.185
   174.000      4.414      0.186
   174.500      4.414      0.186
   175.000      4.414      0.186
   175.500      4.411      0.187
   176.000      4.408      0.187
   176.500      4.407      0.189
   177.000      4.405      0.192
   177.500      4.403      0.192
   178.000      4.404      0.192
   178.500      4.401      0.194
   179.000      4.399      0.195
   179.500      4.398      0.196
   180.000      4.396      0.199
   180.500      4.393      0.201
   181.000      4.394      0.202
   181.500      4.392      0.204
   182.000      4.389      0.206
   182.500      4.389      0.207
   183.000      4.388      0.207
   183.500      4.385      0.211
   184.000      4.383      0.214
   184.500      4.382      0.217
   185.000      4.379      0.221
   185.500      4.379      0.221
   186.000      4.379      0.221
   186.500      4.377      0.223
   187.000      4.373      0.228
   187.500      4.374      0.231
   188.000      4.369      0.239
   188.500      4.369      0.239
   189.000      4.369      0.239
   189.500      4.369      0.239
   190.000      4.365      0.244
   190.500      4.363      0.250
   191.000      4.359      0.261
   191.500      4.359      0.262
   192.000      4.359      0.262
   192.500      4.359      0.262
   193.000      4.359      0.262
   193.500      4.352      0.271
   194.000      4.349      0.288
   194.500      4.349      0.289
   195.000      4.349      0.289
   195.500      4.349      0.289
   196.000      4.349      0.289
   196.500      4.349      0.289
   197.000      4.340      0.320
   197.500      4.340      0.321
   198.000      4.340      0.321
   198.500      4.340      0.321
   199.000      4.340      0.321
   199.500      4.340      0.321
