     0.000      1.453      0.521
     0.500      1.794      0.330
     1.000      2.097      0.325
     1.500      2.310      0.316
     2.000      3.008      0.139
     2.500      3.091      0.170
     3.000      3.158      0.167
     3.500      3.205      0.152
     4.000      3.259      0.144
     4.500      3.293      0.131
     5.000      3.335      0.116
     5.500      3.368      0.105
     6.000      3.399      0.099
     6.500      3.430      0.090
     7.000      3.453      0.088
     7.500      3.484      0.080
     8.000      3.503      0.079
     8.500      3.528      0.075
     9.000      3.547      0.073
     9.500      3.564      0.072
    10.000      3.583      0.070
    10.500      3.596      0.068
    11.000      3.612      0.065
    11.500      3.624      0.063
    12.000      3.635      0.061
    12.500      3.646      0.058
    13.000      3.655      0.057
    13.500      3.664      0.053
    14.000      3.671      0.051
    14.500      3.679      0.048
    15.000      3.686      0.046
    15.500      3.691      0.044
    16.000      3.697      0.041
    16.500      3.702      0.040
    17.000      3.707      0.038
    17.500      3.712      0.036
    18.000      3.716      0.035
    18.500      3.721      0.034
    19.000      3.725      0.033
    19.500      3.730      0.032
    20.000      3.734      0.032
    20.500      3.738      0.031
    21.000      3.742      0.031
    21.500      3.746      0.030
    22.000      3.751      0.030
    22.500      3.755      0.029
    23.000      3.759      0.028
    23.500      3.763      0.028
    24.000      3.767      0.027
    24.500      3.772      0.027
    25.000      3.776      0.027
    25.500      3.781      0.027
    26.000      3.786      0.026
    26.500      3.790      0.026
    27.000      3.796      0.026
    27.500      3.800      0.026
    28.000      3.806      0.027
    28.500      3.811      0.027
    29.000      3.817      0.028
    29.500      3.823      0.029
    30.000      3.829      0.029
    30.500      3.835      0.031
    31.000      3.841      0.032
    31.500      3.848      0.033
    32.000      3.855      0.035
    32.500      3.862      0.036
    33.000      3.869      0.038
    33.500      3.877      0.040
    34.000      3.885      0.042
    34.500      3.893      0.045
    35.000      3.902      0.047
    35.500      3.910      0.049
    36.000      3.920      0.052
    36.500      3.930      0.055
    37.000      3.940      0.058
    37.500      3.951      0.061
    38.000      3.962      0.065
    38.500      3.973      0.068
    39.000      3.984      0.071
    39.500      3.995      0.072
    40.000      4.007      0.074
    40.500      4.018      0.076
    41.000      4.031      0.078
    41.500      4.043      0.080
    42.000      4.057      0.084
    42.500      4.072      0.085
    43.000      4.089      0.088
    43.500      4.107      0.088
    44.000      4.127      0.086
    44.500      4.149      0.084
    45.000      4.169      0.081
    45.500      4.191      0.078
    46.000      4.213      0.073
    46.500      4.235      0.067
    47.000      4.255      0.066
    47.500      4.572      0.201
    48.000      4.580      0.195
    48.500      4.591      0.185
    49.000      4.606      0.179
    49.500      4.621      0.176
    50.000      4.634      0.172
    50.500      4.643      0.169
    51.000      4.647      0.167
    51.500      4.650      0.162
    52.000      4.650      0.156
    52.500      4.649      0.150
    53.000      4.646      0.143
    53.500      4.644      0.137
    54.000      4.641      0.134
    54.500      4.642      0.130
    55.000      4.641      0.126
    55.500      4.641      0.122
    56.000      4.640      0.119
    56.500      4.640      0.116
    57.000      4.640      0.114
    57.500      4.639      0.113
    58.000      4.638      0.112
    58.500      4.635      0.110
    59.000      4.633      0.108
    59.500      4.631      0.106
    60.000      4.630      0.103
    60.500      4.629      0.103
    61.000      4.628      0.103
    61.500      4.626      0.103
    62.000      4.625      0.102
    62.500      4.623      0.101
    63.000      4.623      0.100
    63.500      4.622      0.100
    64.000      4.622      0.101
    64.500      4.620      0.101
    65.000      4.619      0.101
    65.500      4.618      0.100
    66.000      4.618      0.100
    66.500      4.618      0.099
    67.000      4.618      0.100
    67.500      4.617      0.100
    68.000      4.616      0.100
    68.500      4.616      0.100
    69.000      4.616      0.100
    69.500      4.616      0.099
    70.000      4.617      0.099
    70.500      4.616      0.098
    71.000      4.616      0.098
    71.500      4.616      0.098
    72.000      4.616      0.098
    72.500      4.617      0.097
    73.000      4.617      0.096
    73.500      4.617      0.095
    74.000      4.617      0.095
    74.500      4.617      0.094
    75.000      4.618      0.094
    75.500      4.619      0.093
    76.000      4.619      0.092
    76.500      4.620      0.091
    77.000      4.620      0.090
    77.500      4.620      0.089
    78.000      4.621      0.088
    78.500      4.622      0.087
    79.000      4.623      0.086
    79.500      4.623      0.085
    80.000      4.624      0.084
    80.500      4.624      0.083
    81.000      4.625      0.082
    81.500      4.626      0.081
    82.000      4.627      0.080
    82.500      4.628      0.079
    83.000      4.628      0.078
    83.500      4.629      0.077
    84.000      4.630      0.076
    84.500      4.630      0.075
    85.000      4.632      0.075
    85.500      4.633      0.075
    86.000      4.633      0.074
    86.500      4.634      0.073
    87.000      4.634      0.072
    87.500      4.635      0.072
    88.000      4.637      0.072
    88.500      4.638      0.073
    89.000      4.638      0.073
    89.500      4.639      0.072
    90.000      4.639      0.072
    90.500      4.640      0.072
    91.000      4.641      0.073
    91.500      4.642      0.074
    92.000      4.643      0.075
    92.500      4.643      0.076
    93.000      4.643      0.076
    93.500      4.644      0.076
    94.000      4.645      0.077
    94.500      4.646      0.079
    95.000      4.647      0.081
    95.500      4.647      0.082
    96.000      4.647      0.083
    96.500      4.647      0.084
    97.000      4.648      0.085
    97.500      4.649      0.086
    98.000      4.649      0.089
    98.500      4.649      0.091
    99.000      4.649      0.093
    99.500      4.649      0.093
   100.000      4.650      0.094
   100.500      4.651      0.095
   101.000      4.651      0.098
   101.500      4.650      0.101
   102.000      4.650      0.102
   102.500      4.650      0.103
   103.000      4.651      0.104
   103.500      4.651      0.105
   104.000      4.650      0.108
   104.500      4.650      0.110
   105.000      4.649      0.112
   105.500      4.649      0.113
   106.000      4.649      0.113
   106.500      4.649      0.115
   107.000      4.649      0.117
   107.500      4.647      0.120
   108.000      4.647      0.121
   108.500      4.646      0.122
   109.000      4.647      0.122
   109.500      4.647      0.124
   110.000      4.646      0.126
   110.500      4.644      0.128
   111.000      4.643      0.130
   111.500      4.643      0.130
   112.000      4.643      0.131
   112.500      4.642      0.132
   113.000      4.641      0.134
   113.500      4.640      0.136
   114.000      4.638      0.138
   114.500      4.638      0.138
   115.000      4.637      0.139
   115.500      4.637      0.140
   116.000      4.636      0.142
   116.500      4.634      0.144
   117.000      4.633      0.145
   117.500      4.632      0.145
   118.000      4.631      0.146
   118.500      4.630      0.147
   119.000      4.629      0.149
   119.500      4.627      0.151
   120.000      4.626      0.152
   120.500      4.624      0.152
   121.000      4.624      0.153
   121.500      4.623      0.154
   122.000      4.622      0.156
   122.500      4.620      0.157
   123.000      4.618      0.158
   123.500      4.617      0.158
   124.000      4.616      0.159
   124.500      4.614      0.160
   125.000      4.613      0.161
   125.500      4.612      0.163
   126.000      4.610      0.164
   126.500      4.608      0.164
   127.000      4.607      0.165
   127.500      4.605      0.166
   128.000      4.604      0.167
   128.500      4.603      0.168
   129.000      4.601      0.169
   129.500      4.599      0.170
   130.000      4.597      0.170
   130.500      4.595      0.171
   131.000      4.594      0.172
   131.500      4.593      0.173
   132.000      4.591      0.174
   132.500      4.589      0.175
   133.000      4.587      0.176
   133.500      4.585      0.176
   134.000      4.584      0.177
   134.500      4.583      0.178
   135.000      4.581      0.179
   135.500      4.578      0.180
   136.000      4.577      0.180
   136.500      4.574      0.181
   137.000      4.573      0.181
   137.500      4.572      0.183
   138.000      4.570      0.184
   138.500      4.568      0.184
   139.000      4.566      0.185
   139.500      4.563      0.185
   140.000      4.562      0.185
   140.500      4.561      0.187
   141.000      4.559      0.188
   141.500      4.557      0.188
   142.000      4.555      0.188
   142.500      4.552      0.188
   143.000      4.551      0.189
   143.500      4.550      0.190
   144.000      4.548      0.191
   144.500      4.546      0.191
   145.000      4.544      0.192
   145.500      4.541      0.192
   146.000      4.540      0.192
   146.500      4.539      0.193
   147.000      4.537      0.194
   147.500      4.535      0.194
   148.000      4.532      0.194
   148.500      4.530      0.194
   149.000      4.528      0.195
   149.500      4.527      0.196
   150.000      4.526      0.197
   150.500      4.524      0.197
   151.000      4.521      0.197
   151.500      4.519      0.196
   152.000      4.517      0.197
   152.500      4.516      0.198
   153.000      4.515      0.199
   153.500      4.513      0.199
   154.000      4.511      0.198
   154.500      4.509      0.198
   155.000      4.506      0.199
   155.500      4.505      0.199
   156.000      4.504      0.200
   156.500      4.503      0.200
   157.000      4.500      0.199
   157.500      4.499      0.199
   158.000      4.496      0.199
   158.500      4.494      0.200
   159.000      4.494      0.200
   159.500      4.492      0.200
   160.000      4.491      0.200
   160.500      4.489      0.200
   161.000      4.486      0.199
   161.500      4.484      0.200
   162.000      4.483      0.200
   162.500      4.483      0.200
   163.000      4.481      0.199
   163.500      4.479      0.199
   164.000      4.477      0.200
   164.500      4.475      0.200
   165.000      4.474      0.199
   165.500      4.473      0.199
   166.000      4.472      0.199
   166.500      4.470      0.198
   167.000      4.468      0.199
   167.500      4.466      0.198
   168.000      4.465      0.198
   168.500      4.465      0.198
   169.000      4.464      0.198
   169.500      4.462      0.197
   170.000      4.459      0.198
   170.500      4.459      0.197
   171.000      4.458      0.197
   171.500      4.457      0.196
   172.000      4.456      0.196
   172.500      4.455      0.196
   173.000      4.452      0.196
   173.500      4.452      0.196
   174.000      4.451      0.195
   174.500      4.450      0.195
   175.000      4.449      0.194
   175.500      4.448      0.195
   176.000      4.445      0.196
   176.500      4.446      0.195
   177.000      4.447      0.194
   177.500      4.444      0.194
   178.000      4.444      0.194
   178.500      4.443      0.195
   179.000      4.440      0.196
   179.500      4.441      0.195
   180.000      4.442      0.194
   180.500      4.440      0.194
   181.000      4.439      0.194
   181.500      4.439      0.197
   182.000      4.435      0.198
   182.500      4.438      0.197
   183.000      4.438      0.196
   183.500      4.438      0.196
   184.000      4.436      0.197
   184.500      4.436      0.200
   185.000      4.432      0.203
   185.500      4.436      0.202
   186.000      4.436      0.202
   186.500      4.436      0.202
   187.000      4.434      0.203
   187.500      4.433      0.204
   188.000      4.431      0.212
   188.500      4.436      0.211
   189.000      4.435      0.211
   189.500      4.435      0.211
   190.000      4.435      0.211
   190.500      4.432      0.214
   191.000      4.431      0.225
   191.500      4.436      0.226
   192.000      4.436      0.226
   192.500      4.436      0.226
   193.000      4.436      0.226
   193.500      4.433      0.229
   194.000      4.432      0.244
   194.500      4.439      0.246
   195.000      4.439      0.246
   195.500      4.439      0.246
   196.000      4.439      0.246
   196.500      4.439      0.246
   197.000      4.435      0.269
   197.500      4.443      0.272
   198.000      4.443      0.272
   198.500      4.443      0.272
   199.000      4.443      0.272
