     0.000      1.563      0.413
     0.500      3.047      0.135
     1.000      3.101      0.143
     1.500      3.144      0.121
     2.000      3.176      0.104
     2.500      3.209      0.087
     3.000      3.236      0.079
     3.500      3.265      0.065
     4.000      3.291      0.059
     4.500      3.312      0.054
     5.000      3.338      0.047
     5.500      3.354      0.048
     6.000      3.377      0.043
     6.500      3.391      0.045
     7.000      3.409      0.043
     7.500      3.422      0.043
     8.000      3.437      0.043
     8.500      3.449      0.041
     9.000      3.460      0.042
     9.500      3.472      0.040
    10.000      3.480      0.040
    10.500      3.490      0.039
    11.000      3.497      0.039
    11.500      3.505      0.038
    12.000      3.513      0.038
    12.500      3.519      0.038
    13.000      3.526      0.037
    13.500      3.531      0.038
    14.000      3.538      0.038
    14.500      3.543      0.038
    15.000      3.549      0.038
    15.500      3.554      0.039
    16.000      3.560      0.039
    16.500      3.565      0.039
    17.000      3.571      0.039
    17.500      3.576      0.040
    18.000      3.582      0.040
    18.500      3.588      0.040
    19.000      3.594      0.041
    19.500      3.600      0.041
    20.000      3.607      0.042
    20.500      3.614      0.043
    21.000      3.621      0.043
    21.500      3.628      0.044
    22.000      3.636      0.045
    22.500      3.644      0.046
    23.000      3.652      0.047
    23.500      3.661      0.049
    24.000      3.671      0.050
    24.500      3.681      0.051
    25.000      3.690      0.053
    25.500      3.702      0.054
    26.000      3.712      0.052
    26.500      3.725      0.054
    27.000      3.736      0.055
    27.500      3.750      0.056
    28.000      3.764      0.058
    28.500      3.779      0.059
    29.000      3.795      0.060
    29.500      3.812      0.061
    30.000      3.833      0.057
    30.500      3.853      0.056
    31.000      3.872      0.054
    31.500      3.892      0.054
    32.000      3.911      0.055
    32.500      3.930      0.056
    33.000      3.950      0.058
    33.500      3.968      0.060
    34.000      3.991      0.064
    34.500      4.011      0.069
    35.000      4.036      0.075
    35.500      4.057      0.082
    36.000      4.080      0.086
    36.500      4.099      0.086
    37.000      4.122      0.090
    37.500      4.145      0.097
    38.000      4.165      0.104
    38.500      4.183      0.108
    39.000      4.195      0.109
    39.500      4.205      0.105
    40.000      4.209      0.096
    40.500      4.432      0.151
    41.000      4.435      0.145
    41.500      4.438      0.142
    42.000      4.437      0.137
    42.500      4.435      0.132
    43.000      4.431      0.127
    43.500      4.428      0.121
    44.000      4.432      0.124
    44.500      4.439      0.130
    45.000      4.451      0.140
    45.500      4.462      0.147
    46.000      4.469      0.154
    46.500      4.472      0.158
    47.000      4.472      0.156
    47.500      4.469      0.153
    48.000      4.468      0.148
    48.500      4.465      0.144
    49.000      4.464      0.141
    49.500      4.462      0.139
    50.000      4.458      0.138
    50.500      4.454      0.136
    51.000      4.449      0.133
    51.500      4.443      0.130
    52.000      4.439      0.128
    52.500      4.434      0.124
    53.000      4.428      0.123
    53.500      4.422      0.121
    54.000      4.417      0.119
    54.500      4.412      0.117
    55.000      4.407      0.115
    55.500      4.403      0.112
    56.000      4.398      0.111
    56.500      4.393      0.111
    57.000      4.389      0.110
    57.500      4.384      0.109
    58.000      4.379      0.107
    58.500      4.375      0.105
    59.000      4.372      0.104
    59.500      4.368      0.104
    60.000      4.364      0.104
    60.500      4.359      0.103
    61.000      4.356      0.102
    61.500      4.352      0.100
    62.000      4.349      0.099
    62.500      4.346      0.098
    63.000      4.342      0.098
    63.500      4.338      0.097
    64.000      4.335      0.096
    64.500      4.332      0.095
    65.000      4.329      0.093
    65.500      4.327      0.092
    66.000      4.324      0.091
    66.500      4.321      0.091
    67.000      4.318      0.090
    67.500      4.315      0.089
    68.000      4.312      0.087
    68.500      4.310      0.085
    69.000      4.308      0.084
    69.500      4.306      0.083
    70.000      4.303      0.083
    70.500      4.301      0.081
    71.000      4.298      0.080
    71.500      4.297      0.077
    72.000      4.295      0.076
    72.500      4.294      0.075
    73.000      4.292      0.074
    73.500      4.290      0.073
    74.000      4.288      0.072
    74.500      4.286      0.070
    75.000      4.285      0.068
    75.500      4.284      0.067
    76.000      4.282      0.066
    76.500      4.281      0.066
    77.000      4.279      0.065
    77.500      4.278      0.063
    78.000      4.277      0.062
    78.500      4.276      0.061
    79.000      4.275      0.060
    79.500      4.274      0.060
    80.000      4.273      0.060
    80.500      4.272      0.060
    81.000      4.271      0.059
    81.500      4.271      0.058
    82.000      4.270      0.058
    82.500      4.270      0.059
    83.000      4.269      0.060
    83.500      4.268      0.060
    84.000      4.268      0.061
    84.500      4.267      0.061
    85.000      4.267      0.061
    85.500      4.267      0.062
    86.000      4.267      0.064
    86.500      4.266      0.065
    87.000      4.266      0.066
    87.500      4.265      0.068
    88.000      4.265      0.069
    88.500      4.266      0.070
    89.000      4.266      0.072
    89.500      4.266      0.073
    90.000      4.266      0.075
    90.500      4.265      0.077
    91.000      4.265      0.079
    91.500      4.266      0.081
    92.000      4.267      0.082
    92.500      4.267      0.084
    93.000      4.267      0.085
    93.500      4.267      0.087
    94.000      4.267      0.090
    94.500      4.267      0.092
    95.000      4.268      0.094
    95.500      4.269      0.095
    96.000      4.269      0.096
    96.500      4.269      0.098
    97.000      4.269      0.100
    97.500      4.269      0.103
    98.000      4.270      0.104
    98.500      4.271      0.106
    99.000      4.272      0.107
    99.500      4.272      0.108
   100.000      4.273      0.110
   100.500      4.273      0.112
   101.000      4.273      0.114
   101.500      4.274      0.116
   102.000      4.275      0.117
   102.500      4.276      0.118
   103.000      4.276      0.119
   103.500      4.277      0.121
   104.000      4.277      0.123
   104.500      4.278      0.124
   105.000      4.279      0.125
   105.500      4.280      0.126
   106.000      4.281      0.127
   106.500      4.281      0.129
   107.000      4.282      0.131
   107.500      4.282      0.132
   108.000      4.283      0.133
   108.500      4.284      0.134
   109.000      4.285      0.135
   109.500      4.286      0.135
   110.000      4.287      0.137
   110.500      4.287      0.139
   111.000      4.288      0.139
   111.500      4.289      0.140
   112.000      4.290      0.141
   112.500      4.292      0.142
   113.000      4.292      0.143
   113.500      4.293      0.144
   114.000      4.294      0.145
   114.500      4.294      0.146
   115.000      4.295      0.146
   115.500      4.297      0.147
   116.000      4.298      0.148
   116.500      4.299      0.149
   117.000      4.299      0.150
   117.500      4.300      0.150
   118.000      4.300      0.150
   118.500      4.302      0.151
   119.000      4.304      0.152
   119.500      4.305      0.153
   120.000      4.305      0.154
   120.500      4.306      0.154
   121.000      4.307      0.154
   121.500      4.307      0.154
   122.000      4.309      0.155
   122.500      4.311      0.156
   123.000      4.312      0.157
   123.500      4.312      0.158
   124.000      4.313      0.158
   124.500      4.313      0.158
   125.000      4.315      0.157
   125.500      4.316      0.158
   126.000      4.318      0.159
   126.500      4.318      0.160
   127.000      4.319      0.160
   127.500      4.320      0.160
   128.000      4.321      0.160
   128.500      4.322      0.160
   129.000      4.323      0.161
   129.500      4.325      0.162
   130.000      4.325      0.163
   130.500      4.326      0.162
   131.000      4.327      0.162
   131.500      4.328      0.162
   132.000      4.329      0.163
   132.500      4.330      0.164
   133.000      4.331      0.164
   133.500      4.332      0.164
   134.000      4.333      0.163
   134.500      4.333      0.163
   135.000      4.335      0.164
   135.500      4.336      0.165
   136.000      4.337      0.165
   136.500      4.338      0.165
   137.000      4.339      0.165
   137.500      4.339      0.164
   138.000      4.340      0.165
   138.500      4.341      0.166
   139.000      4.342      0.166
   139.500      4.344      0.166
   140.000      4.344      0.165
   140.500      4.345      0.165
   141.000      4.345      0.166
   141.500      4.346      0.167
   142.000      4.347      0.167
   142.500      4.349      0.166
   143.000      4.349      0.166
   143.500      4.350      0.166
   144.000      4.350      0.166
   144.500      4.351      0.167
   145.000      4.352      0.168
   145.500      4.353      0.166
   146.000      4.354      0.166
   146.500      4.354      0.166
   147.000      4.354      0.166
   147.500      4.355      0.167
   148.000      4.356      0.168
   148.500      4.357      0.167
   149.000      4.358      0.166
   149.500      4.358      0.166
   150.000      4.358      0.166
   150.500      4.359      0.167
   151.000      4.360      0.168
   151.500      4.361      0.168
   152.000      4.362      0.166
   152.500      4.361      0.165
   153.000      4.361      0.166
   153.500      4.362      0.166
   154.000      4.363      0.168
   154.500      4.364      0.168
   155.000      4.365      0.167
   155.500      4.364      0.166
   156.000      4.363      0.165
   156.500      4.364      0.166
   157.000      4.365      0.168
   157.500      4.366      0.168
   158.000      4.367      0.167
   158.500      4.366      0.166
   159.000      4.365      0.166
   159.500      4.365      0.166
   160.000      4.366      0.168
   160.500      4.367      0.168
   161.000      4.368      0.168
   161.500      4.368      0.167
   162.000      4.366      0.167
   162.500      4.366      0.167
   163.000      4.366      0.168
   163.500      4.367      0.169
   164.000      4.369      0.169
   164.500      4.368      0.169
   165.000      4.366      0.168
   165.500      4.365      0.168
   166.000      4.366      0.170
   166.500      4.366      0.171
   167.000      4.368      0.171
   167.500      4.367      0.171
   168.000      4.366      0.170
   168.500      4.364      0.171
   169.000      4.365      0.173
   169.500      4.366      0.175
   170.000      4.366      0.175
   170.500      4.366      0.175
   171.000      4.364      0.174
   171.500      4.361      0.175
   172.000      4.361      0.177
   172.500      4.364      0.180
   173.000      4.363      0.181
   173.500      4.362      0.180
   174.000      4.361      0.180
   174.500      4.357      0.181
   175.000      4.356      0.183
   175.500      4.360      0.188
   176.000      4.361      0.189
   176.500      4.357      0.188
   177.000      4.357      0.188
   177.500      4.354      0.188
   178.000      4.350      0.192
   178.500      4.354      0.198
   179.000      4.356      0.200
   179.500      4.355      0.200
   180.000      4.350      0.200
   180.500      4.348      0.200
   181.000      4.342      0.205
   181.500      4.345      0.210
   182.000      4.348      0.214
   182.500      4.348      0.214
   183.000      4.346      0.215
   183.500      4.342      0.215
   184.000      4.336      0.219
   184.500      4.334      0.226
   185.000      4.339      0.233
   185.500      4.339      0.233
   186.000      4.339      0.233
   186.500      4.334      0.235
   187.000      4.329      0.236
   187.500      4.321      0.246
   188.000      4.328      0.256
   188.500      4.328      0.256
   189.000      4.328      0.256
   189.500      4.328      0.256
   190.000      4.320      0.260
   190.500      4.308      0.271
   191.000      4.315      0.284
   191.500      4.315      0.284
   192.000      4.315      0.284
   192.500      4.315      0.284
   193.000      4.315      0.284
   193.500      4.302      0.292
   194.000      4.300      0.317
   194.500      4.300      0.317
   195.000      4.300      0.317
   195.500      4.300      0.317
   196.000      4.300      0.317
   196.500      4.300      0.317
   197.000      4.283      0.355
   197.500      4.283      0.355
   198.000      4.283      0.355
   198.500      4.283      0.355
   199.000      4.283      0.355
