     0.000      1.706      0.499
     0.500      1.810      0.426
     1.000      1.918      0.344
     1.500      2.021      0.292
     2.000      2.110      0.268
     2.500      2.171      0.244
     3.000      2.223      0.239
     3.500      2.268      0.239
     4.000      2.324      0.233
     4.500      2.386      0.237
     5.000      2.931      0.214
     5.500      2.977      0.204
     6.000      3.023      0.183
     6.500      3.063      0.163
     7.000      3.105      0.152
     7.500      3.150      0.144
     8.000      3.184      0.137
     8.500      3.210      0.133
     9.000      3.235      0.131
     9.500      3.257      0.128
    10.000      3.284      0.124
    10.500      3.307      0.118
    11.000      3.330      0.113
    11.500      3.349      0.109
    12.000      3.369      0.105
    12.500      3.386      0.100
    13.000      3.402      0.097
    13.500      3.417      0.093
    14.000      3.430      0.090
    14.500      3.443      0.085
    15.000      3.455      0.083
    15.500      3.466      0.079
    16.000      3.476      0.077
    16.500      3.486      0.074
    17.000      3.495      0.072
    17.500      3.504      0.070
    18.000      3.512      0.068
    18.500      3.520      0.066
    19.000      3.528      0.064
    19.500      3.535      0.063
    20.000      3.543      0.061
    20.500      3.550      0.060
    21.000      3.558      0.059
    21.500      3.565      0.058
    22.000      3.573      0.058
    22.500      3.580      0.057
    23.000      3.588      0.057
    23.500      3.596      0.057
    24.000      3.604      0.056
    24.500      3.612      0.057
    25.000      3.620      0.057
    25.500      3.628      0.058
    26.000      3.637      0.058
    26.500      3.646      0.059
    27.000      3.655      0.060
    27.500      3.665      0.061
    28.000      3.675      0.061
    28.500      3.686      0.063
    29.000      3.696      0.063
    29.500      3.707      0.065
    30.000      3.718      0.065
    30.500      3.730      0.067
    31.000      3.742      0.067
    31.500      3.754      0.069
    32.000      3.767      0.069
    32.500      3.781      0.071
    33.000      3.794      0.072
    33.500      3.809      0.074
    34.000      3.824      0.076
    34.500      3.840      0.077
    35.000      3.856      0.078
    35.500      3.874      0.077
    36.000      3.894      0.077
    36.500      3.912      0.077
    37.000      3.931      0.078
    37.500      3.949      0.081
    38.000      3.968      0.086
    38.500      3.986      0.090
    39.000      4.004      0.094
    39.500      4.022      0.097
    40.000      4.042      0.103
    40.500      4.061      0.109
    41.000      4.082      0.117
    41.500      4.102      0.122
    42.000      4.121      0.129
    42.500      4.136      0.133
    43.000      4.412      0.202
    43.500      4.433      0.199
    44.000      4.450      0.195
    44.500      4.460      0.194
    45.000      4.468      0.191
    45.500      4.470      0.188
    46.000      4.470      0.184
    46.500      4.468      0.178
    47.000      4.464      0.171
    47.500      4.462      0.163
    48.000      4.461      0.159
    48.500      4.460      0.158
    49.000      4.461      0.157
    49.500      4.462      0.157
    50.000      4.464      0.156
    50.500      4.463      0.154
    51.000      4.461      0.150
    51.500      4.458      0.147
    52.000      4.455      0.144
    52.500      4.452      0.140
    53.000      4.448      0.136
    53.500      4.446      0.132
    54.000      4.443      0.129
    54.500      4.441      0.126
    55.000      4.438      0.124
    55.500      4.436      0.122
    56.000      4.433      0.119
    56.500      4.431      0.117
    57.000      4.429      0.115
    57.500      4.427      0.114
    58.000      4.425      0.112
    58.500      4.423      0.111
    59.000      4.421      0.109
    59.500      4.420      0.108
    60.000      4.419      0.108
    60.500      4.417      0.107
    61.000      4.416      0.106
    61.500      4.415      0.105
    62.000      4.414      0.104
    62.500      4.413      0.103
    63.000      4.412      0.103
    63.500      4.411      0.103
    64.000      4.411      0.102
    64.500      4.410      0.101
    65.000      4.410      0.100
    65.500      4.409      0.100
    66.000      4.409      0.100
    66.500      4.408      0.100
    67.000      4.408      0.100
    67.500      4.408      0.099
    68.000      4.408      0.098
    68.500      4.409      0.098
    69.000      4.409      0.097
    69.500      4.409      0.097
    70.000      4.409      0.097
    70.500      4.409      0.097
    71.000      4.410      0.096
    71.500      4.411      0.096
    72.000      4.411      0.095
    72.500      4.411      0.095
    73.000      4.412      0.095
    73.500      4.412      0.095
    74.000      4.413      0.095
    74.500      4.415      0.094
    75.000      4.416      0.094
    75.500      4.417      0.094
    76.000      4.417      0.094
    76.500      4.418      0.094
    77.000      4.419      0.094
    77.500      4.420      0.094
    78.000      4.423      0.094
    78.500      4.424      0.094
    79.000      4.424      0.095
    79.500      4.425      0.095
    80.000      4.426      0.096
    80.500      4.428      0.097
    81.000      4.430      0.097
    81.500      4.432      0.098
    82.000      4.433      0.098
    82.500      4.434      0.099
    83.000      4.435      0.100
    83.500      4.436      0.101
    84.000      4.439      0.102
    84.500      4.441      0.103
    85.000      4.443      0.104
    85.500      4.444      0.105
    86.000      4.444      0.106
    86.500      4.446      0.108
    87.000      4.448      0.109
    87.500      4.451      0.111
    88.000      4.453      0.112
    88.500      4.454      0.113
    89.000      4.455      0.114
    89.500      4.456      0.116
    90.000      4.458      0.118
    90.500      4.461      0.120
    91.000      4.463      0.121
    91.500      4.465      0.122
    92.000      4.466      0.124
    92.500      4.467      0.125
    93.000      4.468      0.127
    93.500      4.471      0.129
    94.000      4.473      0.131
    94.500      4.475      0.132
    95.000      4.476      0.133
    95.500      4.477      0.134
    96.000      4.479      0.136
    96.500      4.481      0.138
    97.000      4.483      0.140
    97.500      4.485      0.141
    98.000      4.486      0.141
    98.500      4.487      0.143
    99.000      4.488      0.144
    99.500      4.490      0.146
   100.000      4.492      0.147
   100.500      4.494      0.149
   101.000      4.496      0.149
   101.500      4.496      0.150
   102.000      4.498      0.151
   102.500      4.499      0.153
   103.000      4.501      0.154
   103.500      4.503      0.155
   104.000      4.504      0.156
   104.500      4.505      0.156
   105.000      4.506      0.157
   105.500      4.508      0.158
   106.000      4.509      0.159
   106.500      4.511      0.160
   107.000      4.513      0.161
   107.500      4.513      0.161
   108.000      4.514      0.161
   108.500      4.515      0.162
   109.000      4.517      0.163
   109.500      4.518      0.164
   110.000      4.520      0.165
   110.500      4.521      0.165
   111.000      4.522      0.165
   111.500      4.523      0.166
   112.000      4.524      0.167
   112.500      4.525      0.167
   113.000      4.527      0.168
   113.500      4.528      0.168
   114.000      4.529      0.168
   114.500      4.529      0.169
   115.000      4.530      0.169
   115.500      4.532      0.170
   116.000      4.533      0.170
   116.500      4.534      0.170
   117.000      4.535      0.171
   117.500      4.536      0.171
   118.000      4.536      0.171
   118.500      4.537      0.171
   119.000      4.539      0.172
   119.500      4.540      0.172
   120.000      4.540      0.172
   120.500      4.541      0.173
   121.000      4.542      0.173
   121.500      4.542      0.173
   122.000      4.544      0.173
   122.500      4.545      0.174
   123.000      4.545      0.174
   123.500      4.546      0.174
   124.000      4.546      0.174
   124.500      4.547      0.175
   125.000      4.548      0.175
   125.500      4.549      0.175
   126.000      4.549      0.175
   126.500      4.550      0.176
   127.000      4.550      0.176
   127.500      4.551      0.176
   128.000      4.551      0.177
   128.500      4.552      0.176
   129.000      4.552      0.177
   129.500      4.553      0.177
   130.000      4.553      0.177
   130.500      4.554      0.178
   131.000      4.554      0.179
   131.500      4.554      0.178
   132.000      4.555      0.178
   132.500      4.555      0.179
   133.000      4.556      0.179
   133.500      4.556      0.180
   134.000      4.556      0.181
   134.500      4.556      0.181
   135.000      4.556      0.181
   135.500      4.556      0.181
   136.000      4.557      0.181
   136.500      4.557      0.182
   137.000      4.557      0.183
   137.500      4.557      0.184
   138.000      4.557      0.183
   138.500      4.557      0.183
   139.000      4.557      0.184
   139.500      4.558      0.185
   140.000      4.558      0.186
   140.500      4.557      0.186
   141.000      4.557      0.186
   141.500      4.557      0.186
   142.000      4.557      0.187
   142.500      4.557      0.187
   143.000      4.557      0.189
   143.500      4.556      0.189
   144.000      4.555      0.189
   144.500      4.556      0.190
   145.000      4.556      0.190
   145.500      4.556      0.191
   146.000      4.556      0.192
   146.500      4.555      0.192
   147.000      4.553      0.192
   147.500      4.553      0.193
   148.000      4.553      0.193
   148.500      4.554      0.194
   149.000      4.553      0.195
   149.500      4.552      0.195
   150.000      4.551      0.195
   150.500      4.550      0.196
   151.000      4.550      0.197
   151.500      4.550      0.197
   152.000      4.550      0.198
   152.500      4.549      0.198
   153.000      4.547      0.199
   153.500      4.546      0.199
   154.000      4.546      0.200
   154.500      4.546      0.200
   155.000      4.545      0.201
   155.500      4.544      0.201
   156.000      4.542      0.201
   156.500      4.541      0.202
   157.000      4.540      0.202
   157.500      4.540      0.203
   158.000      4.540      0.204
   158.500      4.539      0.204
   159.000      4.537      0.204
   159.500      4.535      0.204
   160.000      4.534      0.205
   160.500      4.533      0.206
   161.000      4.533      0.206
   161.500      4.532      0.206
   162.000      4.531      0.206
   162.500      4.528      0.207
   163.000      4.527      0.207
   163.500      4.526      0.207
   164.000      4.525      0.208
   164.500      4.524      0.208
   165.000      4.523      0.208
   165.500      4.521      0.208
   166.000      4.518      0.209
   166.500      4.517      0.209
   167.000      4.515      0.209
   167.500      4.515      0.210
   168.000      4.514      0.209
   168.500      4.512      0.209
   169.000      4.509      0.210
   169.500      4.507      0.210
   170.000      4.505      0.209
   170.500      4.504      0.210
   171.000      4.504      0.210
   171.500      4.502      0.209
   172.000      4.499      0.210
   172.500      4.497      0.211
   173.000      4.493      0.209
   173.500      4.492      0.210
   174.000      4.492      0.211
   174.500      4.491      0.209
   175.000      4.488      0.210
   175.500      4.486      0.211
   176.000      4.481      0.210
   176.500      4.479      0.210
   177.000      4.478      0.211
   177.500      4.478      0.210
   178.000      4.476      0.210
   178.500      4.473      0.211
   179.000      4.467      0.210
   179.500      4.465      0.210
   180.000      4.465      0.211
   180.500      4.464      0.212
   181.000      4.462      0.211
   181.500      4.458      0.213
   182.000      4.452      0.212
   182.500      4.451      0.211
   183.000      4.449      0.212
   183.500      4.448      0.213
   184.000      4.447      0.213
   184.500      4.443      0.215
   185.000      4.435      0.215
   185.500      4.433      0.215
   186.000      4.433      0.215
   186.500      4.431      0.217
   187.000      4.431      0.218
   187.500      4.427      0.219
   188.000      4.416      0.222
   188.500      4.415      0.222
   189.000      4.415      0.222
   189.500      4.415      0.222
   190.000      4.413      0.224
   190.500      4.410      0.225
   191.000      4.397      0.233
   191.500      4.395      0.233
   192.000      4.395      0.233
   192.500      4.395      0.233
   193.000      4.395      0.233
   193.500      4.392      0.235
   194.000      4.375      0.249
   194.500      4.374      0.249
   195.000      4.374      0.249
   195.500      4.374      0.249
   196.000      4.374      0.249
   196.500      4.373      0.249
   197.000      4.353      0.271
   197.500      4.351      0.271
   198.000      4.351      0.271
   198.500      4.351      0.271
   199.000      4.351      0.271
   199.500      4.351      0.271
