     0.000      1.359      0.545
     0.500      3.030      0.177
     1.000      3.081      0.179
     1.500      3.127      0.141
     2.000      3.171      0.133
     2.500      3.202      0.111
     3.000      3.243      0.091
     3.500      3.274      0.084
     4.000      3.308      0.065
     4.500      3.337      0.060
     5.000      3.366      0.052
     5.500      3.393      0.045
     6.000      3.417      0.046
     6.500      3.438      0.044
     7.000      3.462      0.044
     7.500      3.479      0.043
     8.000      3.499      0.046
     8.500      3.515      0.044
     9.000      3.530      0.045
     9.500      3.546      0.046
    10.000      3.557      0.044
    10.500      3.570      0.045
    11.000      3.581      0.044
    11.500      3.592      0.042
    12.000      3.601      0.042
    12.500      3.609      0.040
    13.000      3.618      0.040
    13.500      3.624      0.039
    14.000      3.632      0.037
    14.500      3.638      0.037
    15.000      3.644      0.036
    15.500      3.650      0.035
    16.000      3.655      0.035
    16.500      3.660      0.034
    17.000      3.665      0.034
    17.500      3.670      0.033
    18.000      3.674      0.033
    18.500      3.678      0.033
    19.000      3.683      0.033
    19.500      3.687      0.032
    20.000      3.691      0.032
    20.500      3.695      0.032
    21.000      3.699      0.032
    21.500      3.703      0.031
    22.000      3.707      0.031
    22.500      3.711      0.031
    23.000      3.715      0.030
    23.500      3.718      0.030
    24.000      3.723      0.030
    24.500      3.726      0.030
    25.000      3.730      0.030
    25.500      3.734      0.030
    26.000      3.738      0.030
    26.500      3.742      0.030
    27.000      3.747      0.031
    27.500      3.751      0.031
    28.000      3.756      0.032
    28.500      3.760      0.033
    29.000      3.764      0.033
    29.500      3.770      0.034
    30.000      3.774      0.035
    30.500      3.779      0.036
    31.000      3.785      0.037
    31.500      3.790      0.038
    32.000      3.796      0.039
    32.500      3.802      0.041
    33.000      3.807      0.041
    33.500      3.814      0.043
    34.000      3.820      0.044
    34.500      3.827      0.045
    35.000      3.834      0.046
    35.500      3.841      0.047
    36.000      3.849      0.048
    36.500      3.857      0.050
    37.000      3.865      0.051
    37.500      3.874      0.052
    38.000      3.884      0.054
    38.500      3.893      0.055
    39.000      3.902      0.057
    39.500      3.913      0.059
    40.000      3.923      0.061
    40.500      3.933      0.063
    41.000      3.944      0.065
    41.500      3.954      0.068
    42.000      3.965      0.070
    42.500      3.977      0.073
    43.000      3.989      0.074
    43.500      4.000      0.076
    44.000      4.011      0.078
    44.500      4.025      0.081
    45.000      4.039      0.085
    45.500      4.054      0.090
    46.000      4.069      0.096
    46.500      4.087      0.102
    47.000      4.106      0.107
    47.500      4.125      0.112
    48.000      4.144      0.117
    48.500      4.428      0.187
    49.000      4.436      0.188
    49.500      4.446      0.190
    50.000      4.460      0.195
    50.500      4.468      0.197
    51.000      4.477      0.197
    51.500      4.488      0.198
    52.000      4.496      0.199
    52.500      4.499      0.197
    53.000      4.502      0.193
    53.500      4.506      0.190
    54.000      4.511      0.186
    54.500      4.514      0.184
    55.000      4.516      0.181
    55.500      4.518      0.178
    56.000      4.518      0.174
    56.500      4.518      0.169
    57.000      4.517      0.164
    57.500      4.515      0.158
    58.000      4.513      0.154
    58.500      4.511      0.151
    59.000      4.510      0.148
    59.500      4.509      0.146
    60.000      4.508      0.143
    60.500      4.508      0.141
    61.000      4.507      0.140
    61.500      4.506      0.139
    62.000      4.504      0.139
    62.500      4.503      0.138
    63.000      4.502      0.138
    63.500      4.501      0.138
    64.000      4.500      0.138
    64.500      4.499      0.138
    65.000      4.498      0.138
    65.500      4.497      0.138
    66.000      4.496      0.139
    66.500      4.495      0.139
    67.000      4.495      0.139
    67.500      4.495      0.139
    68.000      4.494      0.140
    68.500      4.493      0.140
    69.000      4.492      0.140
    69.500      4.492      0.140
    70.000      4.492      0.140
    70.500      4.492      0.140
    71.000      4.492      0.140
    71.500      4.491      0.140
    72.000      4.491      0.140
    72.500      4.490      0.140
    73.000      4.491      0.139
    73.500      4.491      0.139
    74.000      4.491      0.138
    74.500      4.491      0.137
    75.000      4.491      0.137
    75.500      4.491      0.136
    76.000      4.491      0.136
    76.500      4.491      0.135
    77.000      4.492      0.134
    77.500      4.492      0.133
    78.000      4.492      0.132
    78.500      4.492      0.131
    79.000      4.492      0.130
    79.500      4.493      0.129
    80.000      4.493      0.128
    80.500      4.494      0.127
    81.000      4.495      0.126
    81.500      4.495      0.125
    82.000      4.495      0.123
    82.500      4.495      0.122
    83.000      4.496      0.122
    83.500      4.497      0.121
    84.000      4.498      0.119
    84.500      4.498      0.118
    85.000      4.499      0.117
    85.500      4.499      0.117
    86.000      4.499      0.117
    86.500      4.501      0.116
    87.000      4.502      0.115
    87.500      4.502      0.114
    88.000      4.503      0.114
    88.500      4.503      0.114
    89.000      4.503      0.114
    89.500      4.505      0.114
    90.000      4.506      0.114
    90.500      4.507      0.114
    91.000      4.507      0.114
    91.500      4.507      0.114
    92.000      4.508      0.115
    92.500      4.509      0.116
    93.000      4.510      0.116
    93.500      4.511      0.117
    94.000      4.512      0.118
    94.500      4.512      0.119
    95.000      4.512      0.120
    95.500      4.513      0.121
    96.000      4.514      0.122
    96.500      4.515      0.124
    97.000      4.516      0.125
    97.500      4.516      0.126
    98.000      4.516      0.128
    98.500      4.517      0.129
    99.000      4.518      0.131
    99.500      4.519      0.132
   100.000      4.520      0.134
   100.500      4.520      0.136
   101.000      4.520      0.137
   101.500      4.521      0.139
   102.000      4.522      0.140
   102.500      4.523      0.142
   103.000      4.523      0.144
   103.500      4.524      0.145
   104.000      4.524      0.147
   104.500      4.524      0.148
   105.000      4.525      0.150
   105.500      4.526      0.152
   106.000      4.526      0.153
   106.500      4.527      0.155
   107.000      4.527      0.156
   107.500      4.527      0.157
   108.000      4.528      0.159
   108.500      4.528      0.160
   109.000      4.528      0.162
   109.500      4.529      0.163
   110.000      4.529      0.164
   110.500      4.530      0.166
   111.000      4.530      0.167
   111.500      4.530      0.168
   112.000      4.530      0.169
   112.500      4.531      0.170
   113.000      4.531      0.171
   113.500      4.531      0.172
   114.000      4.532      0.174
   114.500      4.532      0.174
   115.000      4.532      0.175
   115.500      4.532      0.176
   116.000      4.532      0.177
   116.500      4.532      0.178
   117.000      4.533      0.179
   117.500      4.532      0.180
   118.000      4.532      0.180
   118.500      4.532      0.181
   119.000      4.533      0.182
   119.500      4.533      0.183
   120.000      4.533      0.183
   120.500      4.533      0.184
   121.000      4.532      0.184
   121.500      4.532      0.185
   122.000      4.532      0.186
   122.500      4.532      0.186
   123.000      4.532      0.187
   123.500      4.532      0.187
   124.000      4.532      0.187
   124.500      4.532      0.188
   125.000      4.532      0.188
   125.500      4.531      0.189
   126.000      4.531      0.189
   126.500      4.531      0.190
   127.000      4.530      0.190
   127.500      4.530      0.190
   128.000      4.530      0.191
   128.500      4.530      0.191
   129.000      4.529      0.191
   129.500      4.529      0.191
   130.000      4.528      0.191
   130.500      4.528      0.192
   131.000      4.528      0.192
   131.500      4.527      0.193
   132.000      4.526      0.192
   132.500      4.526      0.192
   133.000      4.525      0.193
   133.500      4.525      0.193
   134.000      4.524      0.193
   134.500      4.524      0.194
   135.000      4.523      0.193
   135.500      4.522      0.193
   136.000      4.522      0.194
   136.500      4.521      0.194
   137.000      4.520      0.194
   137.500      4.520      0.194
   138.000      4.519      0.194
   138.500      4.517      0.194
   139.000      4.517      0.194
   139.500      4.516      0.195
   140.000      4.516      0.195
   140.500      4.514      0.195
   141.000      4.513      0.195
   141.500      4.512      0.194
   142.000      4.511      0.195
   142.500      4.511      0.195
   143.000      4.510      0.195
   143.500      4.508      0.195
   144.000      4.507      0.195
   144.500      4.506      0.195
   145.000      4.505      0.195
   145.500      4.504      0.195
   146.000      4.503      0.196
   146.500      4.502      0.195
   147.000      4.500      0.195
   147.500      4.499      0.195
   148.000      4.498      0.195
   148.500      4.497      0.196
   149.000      4.495      0.196
   149.500      4.494      0.195
   150.000      4.492      0.195
   150.500      4.491      0.195
   151.000      4.490      0.195
   151.500      4.488      0.196
   152.000      4.486      0.196
   152.500      4.485      0.195
   153.000      4.484      0.195
   153.500      4.482      0.195
   154.000      4.480      0.195
   154.500      4.479      0.196
   155.000      4.477      0.196
   155.500      4.475      0.195
   156.000      4.474      0.195
   156.500      4.472      0.195
   157.000      4.470      0.195
   157.500      4.468      0.196
   158.000      4.466      0.196
   158.500      4.464      0.195
   159.000      4.463      0.194
   159.500      4.462      0.194
   160.000      4.459      0.195
   160.500      4.457      0.196
   161.000      4.454      0.197
   161.500      4.452      0.195
   162.000      4.451      0.194
   162.500      4.450      0.194
   163.000      4.447      0.195
   163.500      4.444      0.196
   164.000      4.441      0.197
   164.500      4.438      0.196
   165.000      4.438      0.195
   165.500      4.437      0.194
   166.000      4.433      0.195
   166.500      4.431      0.196
   167.000      4.428      0.198
   167.500      4.424      0.196
   168.000      4.423      0.195
   168.500      4.422      0.194
   169.000      4.419      0.195
   169.500      4.416      0.197
   170.000      4.412      0.199
   170.500      4.409      0.198
   171.000      4.407      0.196
   171.500      4.407      0.196
   172.000      4.405      0.196
   172.500      4.401      0.198
   173.000      4.396      0.200
   173.500      4.392      0.200
   174.000      4.391      0.198
   174.500      4.390      0.198
   175.000      4.389      0.197
   175.500      4.384      0.201
   176.000      4.379      0.203
   176.500      4.374      0.203
   177.000      4.372      0.202
   177.500      4.372      0.202
   178.000      4.371      0.201
   178.500      4.366      0.205
   179.000      4.360      0.208
   179.500      4.354      0.209
   180.000      4.353      0.208
   180.500      4.353      0.208
   181.000      4.352      0.208
   181.500      4.348      0.211
   182.000      4.340      0.216
   182.500      4.333      0.217
   183.000      4.332      0.217
   183.500      4.333      0.217
   184.000      4.332      0.217
   184.500      4.329      0.219
   185.000      4.319      0.227
   185.500      4.310      0.229
   186.000      4.310      0.230
   186.500      4.311      0.230
   187.000      4.310      0.230
   187.500      4.309      0.230
   188.000      4.297      0.241
   188.500      4.286      0.247
   189.000      4.287      0.248
   189.500      4.287      0.248
   190.000      4.287      0.248
   190.500      4.287      0.248
   191.000      4.273      0.261
   191.500      4.262      0.270
   192.000      4.263      0.270
   192.500      4.263      0.270
   193.000      4.263      0.270
   193.500      4.263      0.270
   194.000      4.248      0.286
   194.500      4.237      0.298
   195.000      4.237      0.298
   195.500      4.237      0.298
   196.000      4.237      0.298
   196.500      4.237      0.298
   197.000      4.222      0.316
   197.500      4.210      0.331
   198.000      4.210      0.331
   198.500      4.210      0.331
   199.000      4.210      0.331
   199.500      4.210      0.331
