     0.000      1.345      0.529
     0.500      1.633      0.436
     1.000      1.851      0.350
     1.500      2.044      0.347
     2.000      2.826      0.215
     2.500      2.889      0.203
     3.000      2.944      0.195
     3.500      2.991      0.171
     4.000      3.036      0.156
     4.500      3.074      0.141
     5.000      3.111      0.129
     5.500      3.146      0.118
     6.000      3.178      0.111
     6.500      3.208      0.106
     7.000      3.238      0.102
     7.500      3.263      0.100
     8.000      3.289      0.099
     8.500      3.312      0.098
     9.000      3.333      0.098
     9.500      3.355      0.098
    10.000      3.373      0.098
    10.500      3.392      0.097
    11.000      3.407      0.096
    11.500      3.423      0.096
    12.000      3.438      0.095
    12.500      3.451      0.093
    13.000      3.463      0.092
    13.500      3.475      0.090
    14.000      3.485      0.089
    14.500      3.495      0.087
    15.000      3.505      0.086
    15.500      3.513      0.084
    16.000      3.522      0.083
    16.500      3.530      0.081
    17.000      3.537      0.080
    17.500      3.544      0.079
    18.000      3.551      0.077
    18.500      3.557      0.076
    19.000      3.564      0.075
    19.500      3.570      0.074
    20.000      3.576      0.073
    20.500      3.581      0.073
    21.000      3.587      0.072
    21.500      3.592      0.071
    22.000      3.598      0.070
    22.500      3.603      0.069
    23.000      3.608      0.069
    23.500      3.613      0.068
    24.000      3.618      0.067
    24.500      3.623      0.066
    25.000      3.628      0.066
    25.500      3.634      0.065
    26.000      3.639      0.064
    26.500      3.644      0.064
    27.000      3.649      0.063
    27.500      3.655      0.063
    28.000      3.660      0.062
    28.500      3.666      0.062
    29.000      3.672      0.061
    29.500      3.678      0.061
    30.000      3.684      0.060
    30.500      3.690      0.060
    31.000      3.696      0.060
    31.500      3.703      0.060
    32.000      3.710      0.060
    32.500      3.717      0.060
    33.000      3.725      0.060
    33.500      3.733      0.061
    34.000      3.741      0.061
    34.500      3.750      0.062
    35.000      3.758      0.063
    35.500      3.768      0.065
    36.000      3.777      0.066
    36.500      3.787      0.067
    37.000      3.797      0.068
    37.500      3.808      0.067
    38.000      3.819      0.067
    38.500      3.832      0.067
    39.000      3.843      0.068
    39.500      3.855      0.071
    40.000      3.867      0.073
    40.500      3.880      0.077
    41.000      3.893      0.080
    41.500      3.906      0.082
    42.000      3.920      0.085
    42.500      3.934      0.088
    43.000      3.949      0.092
    43.500      3.966      0.098
    44.000      3.981      0.101
    44.500      3.997      0.107
    45.000      4.012      0.113
    45.500      4.029      0.121
    46.000      4.047      0.129
    46.500      4.066      0.136
    47.000      4.301      0.184
    47.500      4.317      0.181
    48.000      4.332      0.178
    48.500      4.343      0.176
    49.000      4.358      0.176
    49.500      4.374      0.176
    50.000      4.388      0.174
    50.500      4.400      0.172
    51.000      4.409      0.172
    51.500      4.415      0.171
    52.000      4.420      0.171
    52.500      4.426      0.171
    53.000      4.432      0.171
    53.500      4.437      0.170
    54.000      4.443      0.169
    54.500      4.446      0.168
    55.000      4.447      0.166
    55.500      4.447      0.163
    56.000      4.447      0.160
    56.500      4.447      0.157
    57.000      4.448      0.152
    57.500      4.449      0.148
    58.000      4.449      0.145
    58.500      4.448      0.143
    59.000      4.449      0.141
    59.500      4.449      0.139
    60.000      4.450      0.136
    60.500      4.451      0.135
    61.000      4.451      0.135
    61.500      4.451      0.135
    62.000      4.451      0.135
    62.500      4.452      0.135
    63.000      4.452      0.134
    63.500      4.453      0.135
    64.000      4.453      0.135
    64.500      4.453      0.136
    65.000      4.453      0.137
    65.500      4.453      0.138
    66.000      4.454      0.138
    66.500      4.454      0.139
    67.000      4.455      0.140
    67.500      4.455      0.141
    68.000      4.455      0.142
    68.500      4.455      0.143
    69.000      4.455      0.143
    69.500      4.455      0.143
    70.000      4.456      0.144
    70.500      4.456      0.145
    71.000      4.456      0.146
    71.500      4.456      0.146
    72.000      4.456      0.146
    72.500      4.456      0.146
    73.000      4.456      0.146
    73.500      4.457      0.146
    74.000      4.457      0.147
    74.500      4.457      0.146
    75.000      4.456      0.146
    75.500      4.457      0.146
    76.000      4.457      0.145
    76.500      4.457      0.145
    77.000      4.457      0.145
    77.500      4.457      0.144
    78.000      4.457      0.143
    78.500      4.457      0.143
    79.000      4.457      0.142
    79.500      4.458      0.142
    80.000      4.458      0.141
    80.500      4.458      0.140
    81.000      4.457      0.139
    81.500      4.457      0.138
    82.000      4.457      0.138
    82.500      4.458      0.137
    83.000      4.458      0.136
    83.500      4.458      0.135
    84.000      4.458      0.134
    84.500      4.457      0.133
    85.000      4.458      0.133
    85.500      4.458      0.132
    86.000      4.458      0.132
    86.500      4.458      0.131
    87.000      4.458      0.130
    87.500      4.458      0.129
    88.000      4.458      0.129
    88.500      4.458      0.129
    89.000      4.459      0.128
    89.500      4.458      0.128
    90.000      4.458      0.128
    90.500      4.458      0.128
    91.000      4.458      0.127
    91.500      4.459      0.128
    92.000      4.459      0.128
    92.500      4.459      0.128
    93.000      4.459      0.128
    93.500      4.459      0.128
    94.000      4.459      0.129
    94.500      4.459      0.129
    95.000      4.459      0.130
    95.500      4.460      0.131
    96.000      4.460      0.131
    96.500      4.460      0.132
    97.000      4.460      0.133
    97.500      4.460      0.134
    98.000      4.460      0.135
    98.500      4.460      0.136
    99.000      4.461      0.137
    99.500      4.461      0.138
   100.000      4.461      0.139
   100.500      4.461      0.141
   101.000      4.461      0.142
   101.500      4.462      0.143
   102.000      4.462      0.145
   102.500      4.462      0.146
   103.000      4.462      0.148
   103.500      4.462      0.149
   104.000      4.463      0.150
   104.500      4.463      0.152
   105.000      4.463      0.153
   105.500      4.464      0.154
   106.000      4.464      0.156
   106.500      4.464      0.157
   107.000      4.464      0.159
   107.500      4.464      0.160
   108.000      4.465      0.162
   108.500      4.465      0.163
   109.000      4.465      0.165
   109.500      4.465      0.166
   110.000      4.466      0.168
   110.500      4.466      0.169
   111.000      4.466      0.170
   111.500      4.467      0.172
   112.000      4.467      0.173
   112.500      4.467      0.174
   113.000      4.467      0.176
   113.500      4.468      0.177
   114.000      4.468      0.178
   114.500      4.469      0.180
   115.000      4.469      0.181
   115.500      4.469      0.182
   116.000      4.469      0.184
   116.500      4.469      0.185
   117.000      4.470      0.186
   117.500      4.470      0.187
   118.000      4.470      0.188
   118.500      4.470      0.190
   119.000      4.471      0.191
   119.500      4.471      0.192
   120.000      4.472      0.193
   120.500      4.472      0.194
   121.000      4.472      0.195
   121.500      4.472      0.196
   122.000      4.472      0.198
   122.500      4.473      0.199
   123.000      4.473      0.199
   123.500      4.473      0.200
   124.000      4.474      0.201
   124.500      4.474      0.202
   125.000      4.474      0.204
   125.500      4.474      0.205
   126.000      4.475      0.205
   126.500      4.475      0.206
   127.000      4.475      0.207
   127.500      4.475      0.208
   128.000      4.476      0.209
   128.500      4.476      0.210
   129.000      4.476      0.211
   129.500      4.476      0.211
   130.000      4.476      0.212
   130.500      4.477      0.213
   131.000      4.477      0.214
   131.500      4.477      0.215
   132.000      4.477      0.215
   132.500      4.477      0.216
   133.000      4.477      0.217
   133.500      4.478      0.217
   134.000      4.478      0.218
   134.500      4.478      0.219
   135.000      4.478      0.220
   135.500      4.478      0.220
   136.000      4.478      0.221
   136.500      4.478      0.221
   137.000      4.479      0.222
   137.500      4.479      0.223
   138.000      4.479      0.223
   138.500      4.478      0.224
   139.000      4.478      0.224
   139.500      4.479      0.225
   140.000      4.479      0.226
   140.500      4.479      0.226
   141.000      4.479      0.226
   141.500      4.479      0.227
   142.000      4.479      0.227
   142.500      4.479      0.228
   143.000      4.479      0.228
   143.500      4.479      0.229
   144.000      4.479      0.229
   144.500      4.478      0.229
   145.000      4.478      0.230
   145.500      4.479      0.231
   146.000      4.478      0.231
   146.500      4.478      0.231
   147.000      4.478      0.231
   147.500      4.478      0.231
   148.000      4.478      0.232
   148.500      4.478      0.232
   149.000      4.477      0.233
   149.500      4.477      0.233
   150.000      4.477      0.233
   150.500      4.477      0.233
   151.000      4.477      0.233
   151.500      4.476      0.234
   152.000      4.476      0.234
   152.500      4.476      0.234
   153.000      4.475      0.234
   153.500      4.476      0.234
   154.000      4.475      0.234
   154.500      4.475      0.235
   155.000      4.474      0.235
   155.500      4.474      0.235
   156.000      4.473      0.235
   156.500      4.473      0.235
   157.000      4.473      0.235
   157.500      4.473      0.235
   158.000      4.471      0.235
   158.500      4.471      0.235
   159.000      4.470      0.235
   159.500      4.471      0.235
   160.000      4.470      0.235
   160.500      4.470      0.235
   161.000      4.468      0.234
   161.500      4.468      0.234
   162.000      4.467      0.234
   162.500      4.467      0.234
   163.000      4.467      0.234
   163.500      4.466      0.234
   164.000      4.465      0.234
   164.500      4.464      0.233
   165.000      4.463      0.234
   165.500      4.463      0.234
   166.000      4.463      0.234
   166.500      4.462      0.233
   167.000      4.460      0.233
   167.500      4.459      0.232
   168.000      4.458      0.233
   168.500      4.458      0.233
   169.000      4.458      0.233
   169.500      4.457      0.233
   170.000      4.455      0.232
   170.500      4.453      0.231
   171.000      4.453      0.232
   171.500      4.453      0.232
   172.000      4.452      0.232
   172.500      4.451      0.232
   173.000      4.449      0.231
   173.500      4.447      0.231
   174.000      4.446      0.231
   174.500      4.446      0.231
   175.000      4.445      0.232
   175.500      4.444      0.232
   176.000      4.442      0.231
   176.500      4.439      0.231
   177.000      4.439      0.231
   177.500      4.439      0.232
   178.000      4.438      0.233
   178.500      4.437      0.233
   179.000      4.434      0.232
   179.500      4.431      0.233
   180.000      4.431      0.233
   180.500      4.431      0.233
   181.000      4.430      0.235
   181.500      4.428      0.236
   182.000      4.425      0.236
   182.500      4.422      0.237
   183.000      4.421      0.237
   183.500      4.421      0.236
   184.000      4.422      0.238
   184.500      4.419      0.241
   185.000      4.416      0.242
   185.500      4.411      0.244
   186.000      4.411      0.244
   186.500      4.411      0.244
   187.000      4.411      0.244
   187.500      4.409      0.250
   188.000      4.405      0.253
   188.500      4.400      0.255
   189.000      4.400      0.255
   189.500      4.400      0.255
   190.000      4.400      0.255
   190.500      4.399      0.261
   191.000      4.393      0.268
   191.500      4.387      0.271
   192.000      4.387      0.271
   192.500      4.387      0.271
   193.000      4.387      0.271
   193.500      4.388      0.272
   194.000      4.380      0.288
   194.500      4.374      0.292
   195.000      4.374      0.292
   195.500      4.374      0.292
   196.000      4.374      0.292
   196.500      4.374      0.292
   197.000      4.366      0.314
   197.500      4.359      0.320
   198.000      4.359      0.320
   198.500      4.359      0.320
   199.000      4.359      0.320
   199.500      4.359      0.320
