     0.000      1.302      0.443
     0.500      1.815      0.339
     1.000      2.108      0.393
     1.500      3.041      0.190
     2.000      3.097      0.163
     2.500      3.129      0.146
     3.000      3.168      0.122
     3.500      3.195      0.112
     4.000      3.229      0.097
     4.500      3.256      0.092
     5.000      3.285      0.082
     5.500      3.310      0.080
     6.000      3.334      0.076
     6.500      3.355      0.074
     7.000      3.376      0.074
     7.500      3.395      0.072
     8.000      3.412      0.072
     8.500      3.429      0.070
     9.000      3.443      0.069
     9.500      3.458      0.067
    10.000      3.470      0.065
    10.500      3.482      0.063
    11.000      3.493      0.060
    11.500      3.503      0.058
    12.000      3.513      0.055
    12.500      3.522      0.052
    13.000      3.530      0.050
    13.500      3.538      0.046
    14.000      3.545      0.045
    14.500      3.553      0.042
    15.000      3.559      0.040
    15.500      3.566      0.039
    16.000      3.572      0.036
    16.500      3.577      0.036
    17.000      3.583      0.033
    17.500      3.589      0.033
    18.000      3.594      0.032
    18.500      3.600      0.031
    19.000      3.605      0.030
    19.500      3.610      0.029
    20.000      3.615      0.029
    20.500      3.620      0.028
    21.000      3.626      0.028
    21.500      3.631      0.028
    22.000      3.636      0.027
    22.500      3.642      0.027
    23.000      3.647      0.027
    23.500      3.653      0.027
    24.000      3.659      0.027
    24.500      3.664      0.027
    25.000      3.670      0.027
    25.500      3.677      0.028
    26.000      3.683      0.029
    26.500      3.690      0.029
    27.000      3.696      0.030
    27.500      3.704      0.032
    28.000      3.710      0.033
    28.500      3.718      0.034
    29.000      3.726      0.036
    29.500      3.734      0.037
    30.000      3.742      0.038
    30.500      3.751      0.040
    31.000      3.760      0.042
    31.500      3.770      0.043
    32.000      3.780      0.044
    32.500      3.791      0.045
    33.000      3.801      0.047
    33.500      3.812      0.049
    34.000      3.824      0.052
    34.500      3.836      0.054
    35.000      3.850      0.055
    35.500      3.862      0.057
    36.000      3.877      0.058
    36.500      3.891      0.059
    37.000      3.906      0.061
    37.500      3.921      0.062
    38.000      3.937      0.064
    38.500      3.953      0.066
    39.000      3.970      0.068
    39.500      3.988      0.071
    40.000      4.008      0.073
    40.500      4.028      0.076
    41.000      4.050      0.076
    41.500      4.075      0.076
    42.000      4.098      0.075
    42.500      4.123      0.076
    43.000      4.148      0.079
    43.500      4.171      0.080
    44.000      4.198      0.083
    44.500      4.222      0.087
    45.000      4.388      0.169
    45.500      4.407      0.168
    46.000      4.427      0.166
    46.500      4.446      0.165
    47.000      4.464      0.167
    47.500      4.479      0.162
    48.000      4.494      0.160
    48.500      4.507      0.159
    49.000      4.522      0.158
    49.500      4.533      0.157
    50.000      4.539      0.154
    50.500      4.546      0.150
    51.000      4.551      0.144
    51.500      4.555      0.139
    52.000      4.558      0.135
    52.500      4.562      0.132
    53.000      4.563      0.130
    53.500      4.564      0.128
    54.000      4.567      0.125
    54.500      4.568      0.122
    55.000      4.570      0.120
    55.500      4.571      0.118
    56.000      4.572      0.117
    56.500      4.572      0.116
    57.000      4.573      0.115
    57.500      4.574      0.114
    58.000      4.574      0.113
    58.500      4.574      0.113
    59.000      4.574      0.112
    59.500      4.574      0.112
    60.000      4.574      0.113
    60.500      4.575      0.114
    61.000      4.575      0.114
    61.500      4.575      0.114
    62.000      4.575      0.114
    62.500      4.575      0.115
    63.000      4.575      0.115
    63.500      4.576      0.116
    64.000      4.576      0.116
    64.500      4.575      0.116
    65.000      4.575      0.117
    65.500      4.575      0.117
    66.000      4.575      0.117
    66.500      4.575      0.117
    67.000      4.575      0.117
    67.500      4.575      0.117
    68.000      4.575      0.117
    68.500      4.574      0.117
    69.000      4.575      0.116
    69.500      4.574      0.115
    70.000      4.574      0.115
    70.500      4.573      0.114
    71.000      4.573      0.113
    71.500      4.573      0.112
    72.000      4.573      0.111
    72.500      4.573      0.110
    73.000      4.572      0.108
    73.500      4.571      0.107
    74.000      4.571      0.106
    74.500      4.571      0.104
    75.000      4.571      0.103
    75.500      4.570      0.100
    76.000      4.569      0.098
    76.500      4.569      0.096
    77.000      4.569      0.095
    77.500      4.568      0.093
    78.000      4.568      0.091
    78.500      4.567      0.088
    79.000      4.566      0.086
    79.500      4.566      0.084
    80.000      4.565      0.082
    80.500      4.565      0.080
    81.000      4.564      0.078
    81.500      4.563      0.075
    82.000      4.563      0.073
    82.500      4.562      0.070
    83.000      4.562      0.069
    83.500      4.561      0.067
    84.000      4.561      0.065
    84.500      4.560      0.063
    85.000      4.559      0.062
    85.500      4.558      0.060
    86.000      4.557      0.059
    86.500      4.557      0.058
    87.000      4.556      0.057
    87.500      4.555      0.056
    88.000      4.554      0.056
    88.500      4.554      0.056
    89.000      4.552      0.056
    89.500      4.552      0.056
    90.000      4.551      0.056
    90.500      4.551      0.057
    91.000      4.550      0.059
    91.500      4.549      0.060
    92.000      4.548      0.062
    92.500      4.547      0.063
    93.000      4.546      0.065
    93.500      4.546      0.067
    94.000      4.545      0.070
    94.500      4.544      0.072
    95.000      4.543      0.075
    95.500      4.541      0.077
    96.000      4.541      0.079
    96.500      4.541      0.081
    97.000      4.540      0.084
    97.500      4.539      0.087
    98.000      4.537      0.090
    98.500      4.536      0.093
    99.000      4.535      0.095
    99.500      4.535      0.097
   100.000      4.535      0.099
   100.500      4.534      0.103
   101.000      4.532      0.106
   101.500      4.530      0.109
   102.000      4.529      0.111
   102.500      4.529      0.112
   103.000      4.529      0.115
   103.500      4.528      0.118
   104.000      4.526      0.121
   104.500      4.524      0.124
   105.000      4.522      0.126
   105.500      4.522      0.127
   106.000      4.522      0.129
   106.500      4.521      0.132
   107.000      4.519      0.135
   107.500      4.517      0.137
   108.000      4.516      0.139
   108.500      4.515      0.140
   109.000      4.515      0.142
   109.500      4.514      0.144
   110.000      4.513      0.147
   110.500      4.511      0.149
   111.000      4.509      0.151
   111.500      4.508      0.152
   112.000      4.508      0.153
   112.500      4.507      0.155
   113.000      4.506      0.157
   113.500      4.504      0.159
   114.000      4.503      0.161
   114.500      4.501      0.162
   115.000      4.501      0.163
   115.500      4.500      0.165
   116.000      4.499      0.166
   116.500      4.497      0.168
   117.000      4.496      0.169
   117.500      4.494      0.171
   118.000      4.494      0.172
   118.500      4.493      0.173
   119.000      4.491      0.174
   119.500      4.490      0.175
   120.000      4.488      0.177
   120.500      4.487      0.178
   121.000      4.487      0.179
   121.500      4.486      0.180
   122.000      4.484      0.181
   122.500      4.483      0.182
   123.000      4.481      0.183
   123.500      4.480      0.184
   124.000      4.479      0.185
   124.500      4.478      0.185
   125.000      4.477      0.186
   125.500      4.476      0.187
   126.000      4.474      0.188
   126.500      4.473      0.189
   127.000      4.472      0.190
   127.500      4.471      0.190
   128.000      4.470      0.190
   128.500      4.468      0.191
   129.000      4.467      0.192
   129.500      4.466      0.193
   130.000      4.465      0.193
   130.500      4.464      0.193
   131.000      4.462      0.194
   131.500      4.461      0.194
   132.000      4.460      0.195
   132.500      4.458      0.196
   133.000      4.458      0.196
   133.500      4.457      0.196
   134.000      4.455      0.197
   134.500      4.454      0.197
   135.000      4.453      0.197
   135.500      4.451      0.198
   136.000      4.451      0.198
   136.500      4.450      0.198
   137.000      4.448      0.198
   137.500      4.447      0.199
   138.000      4.446      0.199
   138.500      4.444      0.200
   139.000      4.444      0.200
   139.500      4.443      0.199
   140.000      4.441      0.200
   140.500      4.440      0.200
   141.000      4.439      0.200
   141.500      4.438      0.201
   142.000      4.437      0.200
   142.500      4.436      0.199
   143.000      4.434      0.200
   143.500      4.434      0.200
   144.000      4.433      0.201
   144.500      4.432      0.201
   145.000      4.430      0.200
   145.500      4.429      0.199
   146.000      4.428      0.200
   146.500      4.427      0.200
   147.000      4.427      0.201
   147.500      4.426      0.201
   148.000      4.424      0.200
   148.500      4.423      0.199
   149.000      4.421      0.199
   149.500      4.421      0.200
   150.000      4.420      0.200
   150.500      4.420      0.200
   151.000      4.418      0.200
   151.500      4.417      0.198
   152.000      4.415      0.198
   152.500      4.415      0.199
   153.000      4.415      0.199
   153.500      4.415      0.199
   154.000      4.413      0.199
   154.500      4.411      0.197
   155.000      4.409      0.197
   155.500      4.409      0.197
   156.000      4.409      0.198
   156.500      4.409      0.198
   157.000      4.408      0.198
   157.500      4.406      0.196
   158.000      4.404      0.196
   158.500      4.404      0.196
   159.000      4.404      0.196
   159.500      4.405      0.196
   160.000      4.403      0.197
   160.500      4.401      0.195
   161.000      4.399      0.195
   161.500      4.399      0.195
   162.000      4.400      0.195
   162.500      4.400      0.195
   163.000      4.399      0.195
   163.500      4.397      0.194
   164.000      4.394      0.193
   164.500      4.394      0.194
   165.000      4.395      0.193
   165.500      4.396      0.193
   166.000      4.396      0.194
   166.500      4.393      0.193
   167.000      4.390      0.192
   167.500      4.390      0.193
   168.000      4.391      0.192
   168.500      4.392      0.192
   169.000      4.392      0.193
   169.500      4.390      0.193
   170.000      4.387      0.192
   170.500      4.387      0.192
   171.000      4.388      0.193
   171.500      4.389      0.192
   172.000      4.389      0.192
   172.500      4.388      0.193
   173.000      4.385      0.193
   173.500      4.384      0.193
   174.000      4.385      0.194
   174.500      4.386      0.193
   175.000      4.387      0.193
   175.500      4.386      0.194
   176.000      4.383      0.194
   176.500      4.383      0.194
   177.000      4.382      0.196
   177.500      4.383      0.196
   178.000      4.385      0.195
   178.500      4.384      0.197
   179.000      4.381      0.198
   179.500      4.382      0.198
   180.000      4.382      0.199
   180.500      4.382      0.201
   181.000      4.383      0.199
   181.500      4.384      0.203
   182.000      4.381      0.205
   182.500      4.382      0.205
   183.000      4.382      0.205
   183.500      4.380      0.207
   184.000      4.382      0.207
   184.500      4.383      0.211
   185.000      4.381      0.215
   185.500      4.382      0.214
   186.000      4.382      0.215
   186.500      4.381      0.215
   187.000      4.381      0.219
   187.500      4.383      0.219
   188.000      4.382      0.228
   188.500      4.382      0.228
   189.000      4.382      0.228
   189.500      4.382      0.228
   190.000      4.382      0.229
   190.500      4.384      0.233
   191.000      4.383      0.246
   191.500      4.384      0.246
   192.000      4.384      0.246
   192.500      4.384      0.246
   193.000      4.384      0.246
   193.500      4.384      0.252
   194.000      4.386      0.268
   194.500      4.387      0.268
   195.000      4.387      0.268
   195.500      4.387      0.268
   196.000      4.387      0.268
   196.500      4.387      0.268
   197.000      4.390      0.294
   197.500      4.390      0.295
   198.000      4.390      0.295
   198.500      4.390      0.295
   199.000      4.390      0.295
