     0.000      1.409      0.460
     0.500      1.883      0.332
     1.000      2.948      0.143
     1.500      3.034      0.160
     2.000      3.141      0.189
     2.500      3.210      0.182
     3.000      3.256      0.161
     3.500      3.294      0.143
     4.000      3.334      0.126
     4.500      3.367      0.112
     5.000      3.402      0.100
     5.500      3.431      0.090
     6.000      3.461      0.081
     6.500      3.487      0.073
     7.000      3.511      0.069
     7.500      3.534      0.063
     8.000      3.555      0.063
     8.500      3.573      0.056
     9.000      3.593      0.057
     9.500      3.608      0.055
    10.000      3.624      0.052
    10.500      3.637      0.052
    11.000      3.650      0.051
    11.500      3.663      0.048
    12.000      3.673      0.048
    12.500      3.683      0.045
    13.000      3.693      0.044
    13.500      3.701      0.044
    14.000      3.710      0.040
    14.500      3.717      0.039
    15.000      3.723      0.038
    15.500      3.730      0.036
    16.000      3.736      0.035
    16.500      3.742      0.034
    17.000      3.748      0.033
    17.500      3.752      0.032
    18.000      3.758      0.031
    18.500      3.762      0.030
    19.000      3.767      0.030
    19.500      3.771      0.030
    20.000      3.776      0.029
    20.500      3.779      0.029
    21.000      3.784      0.029
    21.500      3.788      0.029
    22.000      3.792      0.029
    22.500      3.796      0.029
    23.000      3.799      0.029
    23.500      3.803      0.030
    24.000      3.807      0.030
    24.500      3.810      0.029
    25.000      3.814      0.030
    25.500      3.818      0.030
    26.000      3.822      0.030
    26.500      3.826      0.030
    27.000      3.830      0.030
    27.500      3.834      0.030
    28.000      3.838      0.030
    28.500      3.842      0.030
    29.000      3.846      0.031
    29.500      3.850      0.031
    30.000      3.854      0.031
    30.500      3.858      0.032
    31.000      3.862      0.032
    31.500      3.866      0.033
    32.000      3.870      0.033
    32.500      3.874      0.034
    33.000      3.879      0.034
    33.500      3.883      0.035
    34.000      3.888      0.035
    34.500      3.893      0.036
    35.000      3.898      0.036
    35.500      3.903      0.036
    36.000      3.909      0.036
    36.500      3.915      0.036
    37.000      3.921      0.037
    37.500      3.928      0.038
    38.000      3.934      0.039
    38.500      3.941      0.040
    39.000      3.947      0.041
    39.500      3.954      0.043
    40.000      3.962      0.044
    40.500      3.969      0.046
    41.000      3.977      0.046
    41.500      3.985      0.047
    42.000      3.993      0.049
    42.500      4.002      0.051
    43.000      4.009      0.051
    43.500      4.018      0.051
    44.000      4.028      0.051
    44.500      4.038      0.052
    45.000      4.049      0.053
    45.500      4.060      0.056
    46.000      4.072      0.059
    46.500      4.084      0.062
    47.000      4.286      0.171
    47.500      4.285      0.168
    48.000      4.289      0.164
    48.500      4.296      0.162
    49.000      4.306      0.164
    49.500      4.320      0.167
    50.000      4.329      0.166
    50.500      4.340      0.165
    51.000      4.351      0.167
    51.500      4.357      0.163
    52.000      4.366      0.161
    52.500      4.378      0.160
    53.000      4.391      0.159
    53.500      4.400      0.154
    54.000      4.406      0.151
    54.500      4.414      0.149
    55.000      4.425      0.147
    55.500      4.439      0.148
    56.000      4.453      0.147
    56.500      4.464      0.147
    57.000      4.469      0.146
    57.500      4.472      0.145
    58.000      4.476      0.143
    58.500      4.480      0.141
    59.000      4.485      0.140
    59.500      4.489      0.139
    60.000      4.492      0.138
    60.500      4.495      0.138
    61.000      4.497      0.137
    61.500      4.500      0.137
    62.000      4.504      0.137
    62.500      4.508      0.136
    63.000      4.511      0.135
    63.500      4.513      0.135
    64.000      4.515      0.135
    64.500      4.517      0.135
    65.000      4.520      0.135
    65.500      4.523      0.134
    66.000      4.526      0.133
    66.500      4.528      0.133
    67.000      4.529      0.133
    67.500      4.530      0.132
    68.000      4.532      0.132
    68.500      4.534      0.131
    69.000      4.537      0.130
    69.500      4.539      0.129
    70.000      4.540      0.128
    70.500      4.541      0.127
    71.000      4.542      0.127
    71.500      4.544      0.126
    72.000      4.545      0.125
    72.500      4.548      0.123
    73.000      4.548      0.122
    73.500      4.548      0.120
    74.000      4.549      0.119
    74.500      4.550      0.118
    75.000      4.551      0.117
    75.500      4.552      0.115
    76.000      4.553      0.113
    76.500      4.553      0.111
    77.000      4.553      0.110
    77.500      4.554      0.109
    78.000      4.555      0.108
    78.500      4.555      0.106
    79.000      4.555      0.104
    79.500      4.556      0.102
    80.000      4.556      0.101
    80.500      4.556      0.100
    81.000      4.556      0.098
    81.500      4.556      0.097
    82.000      4.556      0.095
    82.500      4.556      0.093
    83.000      4.556      0.093
    83.500      4.556      0.092
    84.000      4.556      0.091
    84.500      4.555      0.091
    85.000      4.554      0.089
    85.500      4.554      0.088
    86.000      4.555      0.088
    86.500      4.554      0.088
    87.000      4.553      0.088
    87.500      4.553      0.088
    88.000      4.551      0.088
    88.500      4.551      0.088
    89.000      4.551      0.088
    89.500      4.551      0.089
    90.000      4.550      0.090
    90.500      4.549      0.091
    91.000      4.547      0.093
    91.500      4.547      0.093
    92.000      4.547      0.094
    92.500      4.546      0.095
    93.000      4.545      0.097
    93.500      4.543      0.099
    94.000      4.542      0.101
    94.500      4.542      0.102
    95.000      4.542      0.104
    95.500      4.541      0.105
    96.000      4.539      0.107
    96.500      4.537      0.110
    97.000      4.537      0.112
    97.500      4.536      0.114
    98.000      4.537      0.115
    98.500      4.535      0.117
    99.000      4.533      0.119
    99.500      4.531      0.122
   100.000      4.531      0.124
   100.500      4.531      0.126
   101.000      4.530      0.127
   101.500      4.529      0.129
   102.000      4.527      0.132
   102.500      4.525      0.134
   103.000      4.525      0.136
   103.500      4.524      0.137
   104.000      4.524      0.138
   104.500      4.523      0.140
   105.000      4.521      0.143
   105.500      4.520      0.145
   106.000      4.519      0.146
   106.500      4.519      0.147
   107.000      4.518      0.148
   107.500      4.517      0.150
   108.000      4.515      0.153
   108.500      4.514      0.154
   109.000      4.513      0.155
   109.500      4.513      0.156
   110.000      4.512      0.157
   110.500      4.511      0.158
   111.000      4.510      0.161
   111.500      4.509      0.162
   112.000      4.508      0.162
   112.500      4.508      0.163
   113.000      4.506      0.164
   113.500      4.505      0.165
   114.000      4.505      0.167
   114.500      4.504      0.168
   115.000      4.503      0.169
   115.500      4.502      0.169
   116.000      4.501      0.170
   116.500      4.500      0.171
   117.000      4.500      0.172
   117.500      4.499      0.173
   118.000      4.498      0.173
   118.500      4.497      0.174
   119.000      4.496      0.174
   119.500      4.495      0.175
   120.000      4.494      0.176
   120.500      4.494      0.177
   121.000      4.493      0.177
   121.500      4.492      0.177
   122.000      4.490      0.177
   122.500      4.490      0.178
   123.000      4.489      0.178
   123.500      4.489      0.180
   124.000      4.488      0.180
   124.500      4.487      0.180
   125.000      4.485      0.180
   125.500      4.484      0.180
   126.000      4.484      0.181
   126.500      4.484      0.181
   127.000      4.483      0.182
   127.500      4.482      0.182
   128.000      4.480      0.182
   128.500      4.479      0.182
   129.000      4.479      0.182
   129.500      4.478      0.183
   130.000      4.477      0.184
   130.500      4.477      0.184
   131.000      4.476      0.184
   131.500      4.474      0.184
   132.000      4.473      0.184
   132.500      4.472      0.184
   133.000      4.471      0.185
   133.500      4.471      0.185
   134.000      4.471      0.185
   134.500      4.469      0.185
   135.000      4.468      0.185
   135.500      4.467      0.185
   136.000      4.465      0.186
   136.500      4.465      0.186
   137.000      4.465      0.186
   137.500      4.464      0.187
   138.000      4.462      0.187
   138.500      4.461      0.187
   139.000      4.459      0.187
   139.500      4.459      0.187
   140.000      4.459      0.187
   140.500      4.458      0.188
   141.000      4.457      0.188
   141.500      4.455      0.188
   142.000      4.453      0.188
   142.500      4.452      0.188
   143.000      4.452      0.188
   143.500      4.451      0.189
   144.000      4.450      0.189
   144.500      4.449      0.190
   145.000      4.447      0.189
   145.500      4.446      0.189
   146.000      4.445      0.189
   146.500      4.444      0.190
   147.000      4.443      0.190
   147.500      4.442      0.190
   148.000      4.441      0.191
   148.500      4.439      0.190
   149.000      4.438      0.190
   149.500      4.437      0.191
   150.000      4.435      0.191
   150.500      4.434      0.191
   151.000      4.433      0.192
   151.500      4.433      0.192
   152.000      4.430      0.192
   152.500      4.428      0.192
   153.000      4.427      0.192
   153.500      4.426      0.192
   154.000      4.426      0.193
   154.500      4.425      0.194
   155.000      4.423      0.193
   155.500      4.420      0.193
   156.000      4.419      0.192
   156.500      4.417      0.194
   157.000      4.417      0.194
   157.500      4.416      0.194
   158.000      4.414      0.194
   158.500      4.412      0.194
   159.000      4.410      0.193
   159.500      4.408      0.194
   160.000      4.407      0.194
   160.500      4.407      0.195
   161.000      4.405      0.195
   161.500      4.403      0.195
   162.000      4.401      0.193
   162.500      4.399      0.195
   163.000      4.397      0.195
   163.500      4.396      0.196
   164.000      4.394      0.196
   164.500      4.392      0.195
   165.000      4.391      0.194
   165.500      4.389      0.194
   166.000      4.386      0.196
   166.500      4.385      0.197
   167.000      4.383      0.196
   167.500      4.381      0.196
   168.000      4.380      0.195
   168.500      4.379      0.194
   169.000      4.376      0.196
   169.500      4.373      0.197
   170.000      4.371      0.196
   170.500      4.369      0.196
   171.000      4.369      0.196
   171.500      4.367      0.196
   172.000      4.365      0.196
   172.500      4.361      0.198
   173.000      4.358      0.197
   173.500      4.356      0.196
   174.000      4.356      0.198
   174.500      4.354      0.198
   175.000      4.351      0.198
   175.500      4.349      0.198
   176.000      4.344      0.198
   176.500      4.342      0.198
   177.000      4.342      0.201
   177.500      4.341      0.201
   178.000      4.338      0.200
   178.500      4.334      0.201
   179.000      4.331      0.200
   179.500      4.327      0.202
   180.000      4.328      0.205
   180.500      4.327      0.206
   181.000      4.323      0.205
   181.500      4.319      0.205
   182.000      4.315      0.205
   182.500      4.312      0.207
   183.000      4.311      0.212
   183.500      4.311      0.212
   184.000      4.309      0.213
   184.500      4.303      0.213
   185.000      4.298      0.214
   185.500      4.295      0.218
   186.000      4.295      0.221
   186.500      4.294      0.223
   187.000      4.293      0.223
   187.500      4.287      0.225
   188.000      4.279      0.227
   188.500      4.276      0.236
   189.000      4.277      0.236
   189.500      4.277      0.236
   190.000      4.275      0.238
   190.500      4.270      0.242
   191.000      4.260      0.245
   191.500      4.257      0.257
   192.000      4.257      0.257
   192.500      4.257      0.257
   193.000      4.257      0.257
   193.500      4.254      0.260
   194.000      4.240      0.269
   194.500      4.236      0.284
   195.000      4.236      0.284
   195.500      4.236      0.284
   196.000      4.236      0.284
   196.500      4.236      0.284
   197.000      4.218      0.300
   197.500      4.213      0.318
   198.000      4.213      0.318
   198.500      4.213      0.318
   199.000      4.213      0.318
