     0.000      1.367      0.496
     0.500      1.755      0.359
     1.000      1.993      0.290
     1.500      2.860      0.181
     2.000      2.923      0.180
     2.500      2.969      0.157
     3.000      3.011      0.140
     3.500      3.047      0.129
     4.000      3.080      0.117
     4.500      3.113      0.108
     5.000      3.141      0.098
     5.500      3.170      0.092
     6.000      3.195      0.084
     6.500      3.220      0.081
     7.000      3.242      0.077
     7.500      3.264      0.074
     8.000      3.282      0.072
     8.500      3.300      0.070
     9.000      3.317      0.069
     9.500      3.332      0.068
    10.000      3.346      0.068
    10.500      3.359      0.067
    11.000      3.371      0.067
    11.500      3.382      0.066
    12.000      3.392      0.066
    12.500      3.402      0.065
    13.000      3.410      0.065
    13.500      3.418      0.065
    14.000      3.425      0.065
    14.500      3.433      0.064
    15.000      3.439      0.063
    15.500      3.445      0.063
    16.000      3.451      0.062
    16.500      3.456      0.061
    17.000      3.462      0.061
    17.500      3.468      0.060
    18.000      3.473      0.059
    18.500      3.478      0.058
    19.000      3.484      0.057
    19.500      3.489      0.055
    20.000      3.495      0.054
    20.500      3.500      0.053
    21.000      3.506      0.051
    21.500      3.511      0.050
    22.000      3.517      0.049
    22.500      3.522      0.047
    23.000      3.528      0.046
    23.500      3.534      0.045
    24.000      3.540      0.044
    24.500      3.547      0.043
    25.000      3.553      0.042
    25.500      3.560      0.041
    26.000      3.567      0.041
    26.500      3.574      0.040
    27.000      3.581      0.040
    27.500      3.588      0.040
    28.000      3.596      0.040
    28.500      3.604      0.040
    29.000      3.612      0.041
    29.500      3.621      0.041
    30.000      3.630      0.042
    30.500      3.639      0.043
    31.000      3.648      0.044
    31.500      3.659      0.045
    32.000      3.669      0.045
    32.500      3.680      0.047
    33.000      3.691      0.048
    33.500      3.702      0.049
    34.000      3.714      0.051
    34.500      3.725      0.051
    35.000      3.738      0.053
    35.500      3.751      0.054
    36.000      3.764      0.056
    36.500      3.778      0.058
    37.000      3.792      0.061
    37.500      3.807      0.064
    38.000      3.823      0.065
    38.500      3.839      0.069
    39.000      3.856      0.072
    39.500      3.873      0.075
    40.000      3.892      0.079
    40.500      3.909      0.083
    41.000      3.930      0.089
    41.500      3.949      0.092
    42.000      3.971      0.098
    42.500      3.993      0.104
    43.000      4.016      0.107
    43.500      4.043      0.106
    44.000      4.069      0.106
    44.500      4.095      0.110
    45.000      4.116      0.115
    45.500      4.135      0.117
    46.000      4.151      0.121
    46.500      4.548      0.187
    47.000      4.547      0.180
    47.500      4.551      0.176
    48.000      4.558      0.175
    48.500      4.559      0.172
    49.000      4.556      0.167
    49.500      4.555      0.164
    50.000      4.551      0.160
    50.500      4.547      0.154
    51.000      4.542      0.148
    51.500      4.540      0.145
    52.000      4.537      0.144
    52.500      4.534      0.142
    53.000      4.528      0.141
    53.500      4.523      0.139
    54.000      4.517      0.136
    54.500      4.513      0.133
    55.000      4.509      0.132
    55.500      4.506      0.129
    56.000      4.502      0.127
    56.500      4.498      0.126
    57.000      4.494      0.126
    57.500      4.491      0.125
    58.000      4.488      0.124
    58.500      4.485      0.123
    59.000      4.480      0.122
    59.500      4.476      0.121
    60.000      4.471      0.120
    60.500      4.467      0.120
    61.000      4.465      0.120
    61.500      4.461      0.120
    62.000      4.458      0.120
    62.500      4.454      0.120
    63.000      4.450      0.121
    63.500      4.447      0.121
    64.000      4.445      0.121
    64.500      4.443      0.122
    65.000      4.440      0.122
    65.500      4.437      0.123
    66.000      4.434      0.124
    66.500      4.432      0.124
    67.000      4.430      0.125
    67.500      4.428      0.125
    68.000      4.426      0.126
    68.500      4.424      0.126
    69.000      4.422      0.127
    69.500      4.420      0.127
    70.000      4.419      0.128
    70.500      4.417      0.128
    71.000      4.416      0.128
    71.500      4.415      0.128
    72.000      4.414      0.129
    72.500      4.412      0.129
    73.000      4.411      0.129
    73.500      4.410      0.130
    74.000      4.409      0.130
    74.500      4.409      0.129
    75.000      4.408      0.130
    75.500      4.407      0.130
    76.000      4.406      0.130
    76.500      4.406      0.130
    77.000      4.405      0.130
    77.500      4.405      0.129
    78.000      4.405      0.129
    78.500      4.405      0.130
    79.000      4.404      0.130
    79.500      4.404      0.130
    80.000      4.404      0.129
    80.500      4.404      0.129
    81.000      4.405      0.129
    81.500      4.405      0.129
    82.000      4.405      0.129
    82.500      4.405      0.129
    83.000      4.405      0.129
    83.500      4.405      0.129
    84.000      4.406      0.129
    84.500      4.407      0.130
    85.000      4.407      0.130
    85.500      4.407      0.130
    86.000      4.407      0.130
    86.500      4.408      0.130
    87.000      4.409      0.131
    87.500      4.410      0.131
    88.000      4.410      0.132
    88.500      4.410      0.132
    89.000      4.410      0.132
    89.500      4.411      0.133
    90.000      4.412      0.134
    90.500      4.413      0.135
    91.000      4.414      0.136
    91.500      4.414      0.136
    92.000      4.415      0.136
    92.500      4.415      0.137
    93.000      4.417      0.138
    93.500      4.418      0.140
    94.000      4.419      0.141
    94.500      4.419      0.141
    95.000      4.419      0.142
    95.500      4.420      0.143
    96.000      4.421      0.144
    96.500      4.422      0.146
    97.000      4.423      0.147
    97.500      4.423      0.148
    98.000      4.423      0.148
    98.500      4.424      0.149
    99.000      4.425      0.151
    99.500      4.426      0.152
   100.000      4.427      0.154
   100.500      4.427      0.154
   101.000      4.427      0.155
   101.500      4.428      0.156
   102.000      4.429      0.157
   102.500      4.430      0.159
   103.000      4.431      0.160
   103.500      4.431      0.161
   104.000      4.431      0.162
   104.500      4.431      0.162
   105.000      4.432      0.164
   105.500      4.433      0.165
   106.000      4.434      0.166
   106.500      4.434      0.167
   107.000      4.434      0.168
   107.500      4.434      0.168
   108.000      4.435      0.169
   108.500      4.435      0.170
   109.000      4.436      0.172
   109.500      4.436      0.172
   110.000      4.436      0.173
   110.500      4.437      0.173
   111.000      4.437      0.174
   111.500      4.437      0.175
   112.000      4.438      0.176
   112.500      4.438      0.177
   113.000      4.438      0.177
   113.500      4.438      0.178
   114.000      4.439      0.178
   114.500      4.439      0.179
   115.000      4.439      0.180
   115.500      4.440      0.181
   116.000      4.440      0.181
   116.500      4.440      0.181
   117.000      4.440      0.181
   117.500      4.440      0.182
   118.000      4.440      0.183
   118.500      4.440      0.183
   119.000      4.440      0.184
   119.500      4.440      0.184
   120.000      4.440      0.184
   120.500      4.440      0.185
   121.000      4.440      0.185
   121.500      4.440      0.186
   122.000      4.441      0.186
   122.500      4.440      0.186
   123.000      4.440      0.186
   123.500      4.440      0.186
   124.000      4.440      0.187
   124.500      4.440      0.187
   125.000      4.440      0.187
   125.500      4.440      0.187
   126.000      4.440      0.187
   126.500      4.439      0.188
   127.000      4.439      0.188
   127.500      4.439      0.188
   128.000      4.439      0.188
   128.500      4.439      0.188
   129.000      4.438      0.188
   129.500      4.438      0.188
   130.000      4.437      0.188
   130.500      4.437      0.188
   131.000      4.437      0.188
   131.500      4.437      0.188
   132.000      4.436      0.188
   132.500      4.436      0.188
   133.000      4.435      0.188
   133.500      4.435      0.188
   134.000      4.434      0.188
   134.500      4.434      0.188
   135.000      4.434      0.188
   135.500      4.433      0.188
   136.000      4.432      0.188
   136.500      4.432      0.187
   137.000      4.431      0.187
   137.500      4.431      0.187
   138.000      4.430      0.187
   138.500      4.429      0.187
   139.000      4.428      0.187
   139.500      4.428      0.186
   140.000      4.428      0.186
   140.500      4.427      0.186
   141.000      4.426      0.186
   141.500      4.425      0.186
   142.000      4.424      0.185
   142.500      4.423      0.184
   143.000      4.423      0.184
   143.500      4.423      0.184
   144.000      4.422      0.184
   144.500      4.420      0.184
   145.000      4.419      0.183
   145.500      4.418      0.182
   146.000      4.418      0.181
   146.500      4.418      0.181
   147.000      4.416      0.181
   147.500      4.415      0.181
   148.000      4.413      0.180
   148.500      4.412      0.179
   149.000      4.412      0.178
   149.500      4.412      0.178
   150.000      4.410      0.178
   150.500      4.409      0.178
   151.000      4.407      0.177
   151.500      4.406      0.175
   152.000      4.406      0.175
   152.500      4.405      0.175
   153.000      4.404      0.174
   153.500      4.402      0.174
   154.000      4.399      0.173
   154.500      4.398      0.171
   155.000      4.398      0.170
   155.500      4.398      0.170
   156.000      4.396      0.170
   156.500      4.394      0.169
   157.000      4.391      0.168
   157.500      4.390      0.166
   158.000      4.390      0.165
   158.500      4.390      0.165
   159.000      4.388      0.165
   159.500      4.385      0.164
   160.000      4.383      0.163
   160.500      4.381      0.161
   161.000      4.380      0.160
   161.500      4.380      0.160
   162.000      4.380      0.160
   162.500      4.376      0.158
   163.000      4.373      0.157
   163.500      4.371      0.155
   164.000      4.370      0.154
   164.500      4.370      0.155
   165.000      4.370      0.155
   165.500      4.367      0.153
   166.000      4.363      0.152
   166.500      4.360      0.150
   167.000      4.359      0.149
   167.500      4.359      0.149
   168.000      4.359      0.150
   168.500      4.357      0.149
   169.000      4.353      0.147
   169.500      4.349      0.146
   170.000      4.347      0.145
   170.500      4.347      0.145
   171.000      4.347      0.146
   171.500      4.346      0.146
   172.000      4.341      0.145
   172.500      4.337      0.144
   173.000      4.334      0.143
   173.500      4.334      0.143
   174.000      4.333      0.144
   174.500      4.334      0.145
   175.000      4.329      0.145
   175.500      4.324      0.145
   176.000      4.321      0.145
   176.500      4.319      0.145
   177.000      4.319      0.146
   177.500      4.320      0.148
   178.000      4.318      0.149
   178.500      4.311      0.151
   179.000      4.307      0.152
   179.500      4.305      0.152
   180.000      4.304      0.154
   180.500      4.305      0.155
   181.000      4.306      0.158
   181.500      4.297      0.162
   182.000      4.291      0.165
   182.500      4.289      0.166
   183.000      4.288      0.167
   183.500      4.289      0.168
   184.000      4.291      0.171
   184.500      4.283      0.180
   185.000      4.275      0.185
   185.500      4.272      0.188
   186.000      4.272      0.188
   186.500      4.272      0.188
   187.000      4.273      0.191
   187.500      4.269      0.204
   188.000      4.258      0.213
   188.500      4.255      0.216
   189.000      4.254      0.217
   189.500      4.254      0.217
   190.000      4.255      0.218
   190.500      4.257      0.226
   191.000      4.240      0.248
   191.500      4.236      0.252
   192.000      4.236      0.253
   192.500      4.236      0.253
   193.000      4.236      0.253
   193.500      4.238      0.256
   194.000      4.221      0.290
   194.500      4.217      0.295
   195.000      4.217      0.295
   195.500      4.217      0.295
   196.000      4.217      0.295
   196.500      4.217      0.295
   197.000      4.202      0.338
   197.500      4.197      0.344
   198.000      4.197      0.344
   198.500      4.197      0.344
   199.000      4.197      0.344
   199.500      4.197      0.344
