     0.000      1.233      0.492
     0.500      3.137      0.162
     1.000      3.163      0.160
     1.500      3.218      0.121
     2.000      3.237      0.111
     2.500      3.265      0.095
     3.000      3.298      0.074
     3.500      3.311      0.072
     4.000      3.345      0.049
     4.500      3.358      0.049
     5.000      3.381      0.039
     5.500      3.397      0.036
     6.000      3.413      0.034
     6.500      3.429      0.034
     7.000      3.441      0.033
     7.500      3.453      0.035
     8.000      3.464      0.035
     8.500      3.474      0.036
     9.000      3.482      0.037
     9.500      3.490      0.036
    10.000      3.497      0.037
    10.500      3.504      0.036
    11.000      3.510      0.036
    11.500      3.514      0.036
    12.000      3.519      0.035
    12.500      3.524      0.035
    13.000      3.528      0.034
    13.500      3.532      0.033
    14.000      3.535      0.033
    14.500      3.539      0.032
    15.000      3.542      0.032
    15.500      3.545      0.031
    16.000      3.549      0.031
    16.500      3.552      0.030
    17.000      3.555      0.030
    17.500      3.559      0.030
    18.000      3.562      0.029
    18.500      3.566      0.029
    19.000      3.569      0.029
    19.500      3.573      0.028
    20.000      3.577      0.028
    20.500      3.581      0.028
    21.000      3.585      0.028
    21.500      3.589      0.028
    22.000      3.593      0.028
    22.500      3.598      0.028
    23.000      3.602      0.028
    23.500      3.607      0.029
    24.000      3.612      0.029
    24.500      3.617      0.030
    25.000      3.622      0.031
    25.500      3.628      0.032
    26.000      3.634      0.033
    26.500      3.640      0.034
    27.000      3.646      0.036
    27.500      3.652      0.037
    28.000      3.659      0.038
    28.500      3.666      0.039
    29.000      3.674      0.041
    29.500      3.681      0.042
    30.000      3.689      0.043
    30.500      3.698      0.045
    31.000      3.706      0.046
    31.500      3.715      0.048
    32.000      3.724      0.050
    32.500      3.734      0.051
    33.000      3.745      0.052
    33.500      3.756      0.053
    34.000      3.768      0.053
    34.500      3.782      0.052
    35.000      3.798      0.049
    35.500      3.814      0.046
    36.000      3.829      0.045
    36.500      3.844      0.045
    37.000      3.858      0.046
    37.500      3.874      0.048
    38.000      3.889      0.051
    38.500      3.905      0.055
    39.000      3.921      0.059
    39.500      3.938      0.065
    40.000      3.955      0.070
    40.500      3.973      0.078
    41.000      3.990      0.086
    41.500      4.008      0.094
    42.000      4.027      0.104
    42.500      4.051      0.113
    43.000      4.076      0.122
    43.500      4.101      0.131
    44.000      4.263      0.197
    44.500      4.289      0.206
    45.000      4.316      0.209
    45.500      4.339      0.207
    46.000      4.353      0.203
    46.500      4.363      0.199
    47.000      4.367      0.190
    47.500      4.371      0.181
    48.000      4.374      0.172
    48.500      4.382      0.167
    49.000      4.386      0.162
    49.500      4.392      0.160
    50.000      4.397      0.158
    50.500      4.403      0.157
    51.000      4.411      0.158
    51.500      4.421      0.162
    52.000      4.429      0.163
    52.500      4.435      0.161
    53.000      4.438      0.159
    53.500      4.439      0.156
    54.000      4.439      0.152
    54.500      4.436      0.146
    55.000      4.434      0.140
    55.500      4.434      0.136
    56.000      4.433      0.134
    56.500      4.433      0.132
    57.000      4.432      0.130
    57.500      4.430      0.126
    58.000      4.428      0.122
    58.500      4.427      0.120
    59.000      4.427      0.119
    59.500      4.426      0.118
    60.000      4.425      0.117
    60.500      4.423      0.114
    61.000      4.421      0.112
    61.500      4.421      0.111
    62.000      4.420      0.111
    62.500      4.420      0.110
    63.000      4.419      0.110
    63.500      4.417      0.108
    64.000      4.416      0.107
    64.500      4.415      0.106
    65.000      4.414      0.106
    65.500      4.414      0.106
    66.000      4.413      0.105
    66.500      4.411      0.104
    67.000      4.410      0.103
    67.500      4.410      0.103
    68.000      4.409      0.103
    68.500      4.408      0.102
    69.000      4.407      0.102
    69.500      4.406      0.101
    70.000      4.405      0.100
    70.500      4.404      0.100
    71.000      4.404      0.099
    71.500      4.403      0.099
    72.000      4.402      0.098
    72.500      4.401      0.097
    73.000      4.400      0.096
    73.500      4.399      0.096
    74.000      4.399      0.096
    74.500      4.398      0.095
    75.000      4.397      0.094
    75.500      4.396      0.093
    76.000      4.395      0.093
    76.500      4.394      0.092
    77.000      4.394      0.092
    77.500      4.394      0.091
    78.000      4.392      0.090
    78.500      4.391      0.090
    79.000      4.390      0.089
    79.500      4.390      0.089
    80.000      4.390      0.089
    80.500      4.390      0.088
    81.000      4.388      0.088
    81.500      4.386      0.088
    82.000      4.386      0.087
    82.500      4.386      0.087
    83.000      4.386      0.087
    83.500      4.385      0.087
    84.000      4.384      0.087
    84.500      4.382      0.088
    85.000      4.382      0.088
    85.500      4.382      0.088
    86.000      4.382      0.089
    86.500      4.382      0.089
    87.000      4.380      0.090
    87.500      4.379      0.091
    88.000      4.378      0.092
    88.500      4.378      0.092
    89.000      4.379      0.093
    89.500      4.378      0.093
    90.000      4.377      0.095
    90.500      4.375      0.096
    91.000      4.374      0.098
    91.500      4.375      0.098
    92.000      4.375      0.099
    92.500      4.375      0.100
    93.000      4.373      0.102
    93.500      4.372      0.104
    94.000      4.371      0.105
    94.500      4.371      0.106
    95.000      4.372      0.107
    95.500      4.372      0.108
    96.000      4.370      0.110
    96.500      4.369      0.112
    97.000      4.368      0.113
    97.500      4.368      0.114
    98.000      4.369      0.115
    98.500      4.369      0.116
    99.000      4.368      0.118
    99.500      4.366      0.120
   100.000      4.365      0.121
   100.500      4.365      0.122
   101.000      4.366      0.123
   101.500      4.366      0.124
   102.000      4.365      0.125
   102.500      4.363      0.127
   103.000      4.362      0.128
   103.500      4.362      0.129
   104.000      4.363      0.130
   104.500      4.363      0.130
   105.000      4.362      0.131
   105.500      4.361      0.133
   106.000      4.360      0.134
   106.500      4.359      0.135
   107.000      4.360      0.135
   107.500      4.360      0.136
   108.000      4.360      0.137
   108.500      4.359      0.138
   109.000      4.358      0.139
   109.500      4.357      0.140
   110.000      4.357      0.141
   110.500      4.357      0.141
   111.000      4.358      0.142
   111.500      4.357      0.143
   112.000      4.356      0.144
   112.500      4.355      0.145
   113.000      4.354      0.145
   113.500      4.355      0.146
   114.000      4.355      0.146
   114.500      4.355      0.147
   115.000      4.354      0.148
   115.500      4.353      0.149
   116.000      4.352      0.150
   116.500      4.352      0.150
   117.000      4.352      0.151
   117.500      4.353      0.152
   118.000      4.353      0.153
   118.500      4.352      0.154
   119.000      4.350      0.154
   119.500      4.350      0.155
   120.000      4.351      0.155
   120.500      4.351      0.156
   121.000      4.351      0.157
   121.500      4.351      0.159
   122.000      4.349      0.159
   122.500      4.348      0.160
   123.000      4.349      0.160
   123.500      4.349      0.160
   124.000      4.350      0.161
   124.500      4.349      0.164
   125.000      4.348      0.165
   125.500      4.347      0.166
   126.000      4.347      0.166
   126.500      4.348      0.166
   127.000      4.348      0.167
   127.500      4.349      0.169
   128.000      4.347      0.171
   128.500      4.346      0.172
   129.000      4.346      0.172
   129.500      4.347      0.172
   130.000      4.347      0.173
   130.500      4.347      0.174
   131.000      4.347      0.177
   131.500      4.345      0.178
   132.000      4.345      0.179
   132.500      4.346      0.179
   133.000      4.347      0.180
   133.500      4.347      0.180
   134.000      4.346      0.183
   134.500      4.345      0.185
   135.000      4.345      0.186
   135.500      4.346      0.186
   136.000      4.346      0.187
   136.500      4.347      0.188
   137.000      4.345      0.189
   137.500      4.345      0.192
   138.000      4.345      0.193
   138.500      4.345      0.194
   139.000      4.346      0.194
   139.500      4.347      0.195
   140.000      4.346      0.196
   140.500      4.345      0.198
   141.000      4.345      0.200
   141.500      4.346      0.201
   142.000      4.346      0.201
   142.500      4.347      0.202
   143.000      4.346      0.203
   143.500      4.345      0.204
   144.000      4.346      0.207
   144.500      4.346      0.208
   145.000      4.346      0.208
   145.500      4.347      0.209
   146.000      4.347      0.210
   146.500      4.346      0.211
   147.000      4.346      0.212
   147.500      4.347      0.214
   148.000      4.347      0.215
   148.500      4.348      0.215
   149.000      4.348      0.216
   149.500      4.348      0.217
   150.000      4.348      0.217
   150.500      4.348      0.218
   151.000      4.349      0.220
   151.500      4.349      0.220
   152.000      4.349      0.221
   152.500      4.349      0.222
   153.000      4.349      0.222
   153.500      4.349      0.222
   154.000      4.350      0.224
   154.500      4.351      0.224
   155.000      4.351      0.225
   155.500      4.351      0.225
   156.000      4.351      0.225
   156.500      4.351      0.225
   157.000      4.351      0.225
   157.500      4.353      0.226
   158.000      4.353      0.227
   158.500      4.353      0.228
   159.000      4.354      0.228
   159.500      4.354      0.227
   160.000      4.353      0.226
   160.500      4.355      0.227
   161.000      4.356      0.227
   161.500      4.356      0.228
   162.000      4.356      0.228
   162.500      4.357      0.227
   163.000      4.356      0.226
   163.500      4.357      0.225
   164.000      4.359      0.226
   164.500      4.359      0.227
   165.000      4.359      0.227
   165.500      4.360      0.226
   166.000      4.359      0.225
   166.500      4.361      0.223
   167.000      4.362      0.223
   167.500      4.362      0.223
   168.000      4.363      0.224
   168.500      4.363      0.223
   169.000      4.363      0.222
   169.500      4.364      0.220
   170.000      4.366      0.218
   170.500      4.366      0.218
   171.000      4.366      0.219
   171.500      4.367      0.219
   172.000      4.368      0.218
   172.500      4.368      0.216
   173.000      4.370      0.213
   173.500      4.370      0.212
   174.000      4.370      0.212
   174.500      4.372      0.213
   175.000      4.373      0.212
   175.500      4.372      0.211
   176.000      4.375      0.207
   176.500      4.375      0.206
   177.000      4.375      0.206
   177.500      4.376      0.207
   178.000      4.377      0.207
   178.500      4.376      0.206
   179.000      4.380      0.202
   179.500      4.380      0.202
   180.000      4.380      0.202
   180.500      4.380      0.201
   181.000      4.382      0.202
   181.500      4.382      0.202
   182.000      4.386      0.200
   182.500      4.386      0.201
   183.000      4.386      0.201
   183.500      4.385      0.200
   184.000      4.388      0.200
   184.500      4.389      0.201
   185.000      4.392      0.202
   185.500      4.392      0.204
   186.000      4.392      0.204
   186.500      4.392      0.204
   187.000      4.393      0.203
   187.500      4.397      0.206
   188.000      4.399      0.211
   188.500      4.399      0.216
   189.000      4.399      0.216
   189.500      4.399      0.216
   190.000      4.399      0.216
   190.500      4.402      0.217
   191.000      4.407      0.229
   191.500      4.406      0.238
   192.000      4.406      0.238
   192.500      4.406      0.238
   193.000      4.406      0.238
   193.500      4.407      0.236
   194.000      4.415      0.258
   194.500      4.414      0.270
   195.000      4.414      0.270
   195.500      4.414      0.270
   196.000      4.414      0.270
   196.500      4.414      0.270
   197.000      4.423      0.297
   197.500      4.423      0.313
   198.000      4.423      0.313
   198.500      4.423      0.313
   199.000      4.423      0.313
   199.500      4.423      0.313
