     0.000      1.243      0.467
     0.500      3.070      0.154
     1.000      3.112      0.159
     1.500      3.139      0.146
     2.000      3.192      0.114
     2.500      3.206      0.112
     3.000      3.243      0.095
     3.500      3.274      0.080
     4.000      3.298      0.071
     4.500      3.327      0.063
     5.000      3.351      0.053
     5.500      3.372      0.049
     6.000      3.394      0.047
     6.500      3.416      0.040
     7.000      3.433      0.042
     7.500      3.451      0.041
     8.000      3.469      0.040
     8.500      3.483      0.042
     9.000      3.499      0.041
     9.500      3.511      0.042
    10.000      3.524      0.043
    10.500      3.536      0.043
    11.000      3.546      0.043
    11.500      3.557      0.043
    12.000      3.565      0.042
    12.500      3.575      0.042
    13.000      3.583      0.041
    13.500      3.590      0.041
    14.000      3.598      0.040
    14.500      3.603      0.039
    15.000      3.610      0.038
    15.500      3.616      0.038
    16.000      3.621      0.037
    16.500      3.627      0.036
    17.000      3.632      0.036
    17.500      3.637      0.035
    18.000      3.642      0.035
    18.500      3.647      0.035
    19.000      3.652      0.034
    19.500      3.657      0.034
    20.000      3.662      0.033
    20.500      3.666      0.032
    21.000      3.671      0.032
    21.500      3.676      0.031
    22.000      3.681      0.030
    22.500      3.686      0.030
    23.000      3.691      0.029
    23.500      3.696      0.028
    24.000      3.701      0.027
    24.500      3.706      0.026
    25.000      3.711      0.026
    25.500      3.717      0.025
    26.000      3.722      0.024
    26.500      3.727      0.024
    27.000      3.733      0.024
    27.500      3.738      0.024
    28.000      3.744      0.024
    28.500      3.750      0.024
    29.000      3.755      0.025
    29.500      3.761      0.026
    30.000      3.768      0.027
    30.500      3.774      0.028
    31.000      3.780      0.029
    31.500      3.786      0.030
    32.000      3.793      0.032
    32.500      3.800      0.034
    33.000      3.807      0.035
    33.500      3.813      0.037
    34.000      3.821      0.038
    34.500      3.828      0.040
    35.000      3.835      0.042
    35.500      3.843      0.043
    36.000      3.851      0.045
    36.500      3.859      0.047
    37.000      3.867      0.048
    37.500      3.876      0.050
    38.000      3.884      0.052
    38.500      3.893      0.053
    39.000      3.902      0.055
    39.500      3.911      0.056
    40.000      3.921      0.058
    40.500      3.930      0.060
    41.000      3.940      0.062
    41.500      3.950      0.063
    42.000      3.959      0.064
    42.500      3.970      0.065
    43.000      3.980      0.067
    43.500      3.991      0.068
    44.000      4.001      0.069
    44.500      4.013      0.071
    45.000      4.025      0.072
    45.500      4.036      0.073
    46.000      4.049      0.075
    46.500      4.061      0.078
    47.000      4.074      0.080
    47.500      4.087      0.081
    48.000      4.099      0.082
    48.500      4.112      0.082
    49.000      4.128      0.080
    49.500      4.142      0.076
    50.000      4.155      0.078
    50.500      4.168      0.080
    51.000      4.479      0.180
    51.500      4.478      0.178
    52.000      4.478      0.174
    52.500      4.482      0.173
    53.000      4.487      0.174
    53.500      4.489      0.173
    54.000      4.494      0.175
    54.500      4.497      0.174
    55.000      4.499      0.172
    55.500      4.500      0.168
    56.000      4.500      0.163
    56.500      4.499      0.157
    57.000      4.500      0.153
    57.500      4.501      0.150
    58.000      4.503      0.149
    58.500      4.505      0.146
    59.000      4.507      0.145
    59.500      4.508      0.144
    60.000      4.510      0.142
    60.500      4.508      0.139
    61.000      4.505      0.136
    61.500      4.502      0.132
    62.000      4.499      0.128
    62.500      4.496      0.125
    63.000      4.493      0.121
    63.500      4.491      0.120
    64.000      4.488      0.117
    64.500      4.486      0.115
    65.000      4.484      0.113
    65.500      4.480      0.112
    66.000      4.479      0.110
    66.500      4.477      0.109
    67.000      4.474      0.108
    67.500      4.472      0.107
    68.000      4.470      0.107
    68.500      4.468      0.106
    69.000      4.467      0.105
    69.500      4.465      0.104
    70.000      4.464      0.104
    70.500      4.462      0.104
    71.000      4.460      0.103
    71.500      4.459      0.103
    72.000      4.458      0.103
    72.500      4.457      0.103
    73.000      4.455      0.102
    73.500      4.454      0.102
    74.000      4.452      0.102
    74.500      4.451      0.101
    75.000      4.451      0.101
    75.500      4.450      0.101
    76.000      4.449      0.101
    76.500      4.448      0.100
    77.000      4.447      0.100
    77.500      4.446      0.100
    78.000      4.446      0.099
    78.500      4.446      0.099
    79.000      4.445      0.098
    79.500      4.444      0.098
    80.000      4.444      0.098
    80.500      4.443      0.097
    81.000      4.443      0.097
    81.500      4.443      0.096
    82.000      4.443      0.096
    82.500      4.442      0.096
    83.000      4.442      0.095
    83.500      4.442      0.094
    84.000      4.442      0.094
    84.500      4.442      0.094
    85.000      4.442      0.093
    85.500      4.442      0.093
    86.000      4.442      0.093
    86.500      4.442      0.092
    87.000      4.442      0.092
    87.500      4.442      0.092
    88.000      4.442      0.092
    88.500      4.442      0.092
    89.000      4.442      0.092
    89.500      4.443      0.092
    90.000      4.443      0.092
    90.500      4.443      0.093
    91.000      4.443      0.093
    91.500      4.444      0.093
    92.000      4.444      0.094
    92.500      4.444      0.094
    93.000      4.444      0.094
    93.500      4.445      0.095
    94.000      4.446      0.096
    94.500      4.446      0.097
    95.000      4.446      0.098
    95.500      4.446      0.098
    96.000      4.447      0.099
    96.500      4.447      0.101
    97.000      4.448      0.102
    97.500      4.449      0.103
    98.000      4.449      0.104
    98.500      4.449      0.105
    99.000      4.449      0.106
    99.500      4.450      0.108
   100.000      4.451      0.109
   100.500      4.451      0.110
   101.000      4.452      0.112
   101.500      4.452      0.113
   102.000      4.452      0.114
   102.500      4.453      0.116
   103.000      4.454      0.118
   103.500      4.454      0.119
   104.000      4.454      0.120
   104.500      4.454      0.122
   105.000      4.455      0.123
   105.500      4.456      0.125
   106.000      4.456      0.126
   106.500      4.456      0.128
   107.000      4.456      0.130
   107.500      4.456      0.131
   108.000      4.457      0.132
   108.500      4.458      0.134
   109.000      4.458      0.135
   109.500      4.459      0.137
   110.000      4.458      0.139
   110.500      4.458      0.140
   111.000      4.459      0.141
   111.500      4.460      0.142
   112.000      4.460      0.144
   112.500      4.460      0.146
   113.000      4.460      0.147
   113.500      4.460      0.148
   114.000      4.460      0.149
   114.500      4.461      0.151
   115.000      4.462      0.152
   115.500      4.462      0.154
   116.000      4.461      0.156
   116.500      4.461      0.157
   117.000      4.462      0.157
   117.500      4.463      0.159
   118.000      4.463      0.160
   118.500      4.463      0.162
   119.000      4.462      0.164
   119.500      4.462      0.164
   120.000      4.463      0.165
   120.500      4.464      0.166
   121.000      4.464      0.168
   121.500      4.464      0.170
   122.000      4.463      0.171
   122.500      4.463      0.172
   123.000      4.464      0.172
   123.500      4.464      0.174
   124.000      4.465      0.175
   124.500      4.464      0.177
   125.000      4.464      0.178
   125.500      4.464      0.179
   126.000      4.464      0.179
   126.500      4.465      0.181
   127.000      4.465      0.182
   127.500      4.464      0.184
   128.000      4.464      0.185
   128.500      4.464      0.185
   129.000      4.464      0.186
   129.500      4.465      0.187
   130.000      4.465      0.189
   130.500      4.464      0.190
   131.000      4.464      0.191
   131.500      4.464      0.192
   132.000      4.464      0.193
   132.500      4.464      0.194
   133.000      4.464      0.195
   133.500      4.464      0.196
   134.000      4.463      0.197
   134.500      4.463      0.198
   135.000      4.463      0.199
   135.500      4.463      0.200
   136.000      4.463      0.201
   136.500      4.463      0.202
   137.000      4.463      0.203
   137.500      4.462      0.204
   138.000      4.462      0.205
   138.500      4.462      0.206
   139.000      4.462      0.207
   139.500      4.462      0.208
   140.000      4.461      0.208
   140.500      4.461      0.209
   141.000      4.461      0.210
   141.500      4.461      0.211
   142.000      4.461      0.212
   142.500      4.460      0.213
   143.000      4.460      0.213
   143.500      4.459      0.214
   144.000      4.459      0.215
   144.500      4.459      0.216
   145.000      4.459      0.216
   145.500      4.458      0.217
   146.000      4.458      0.218
   146.500      4.457      0.219
   147.000      4.457      0.219
   147.500      4.457      0.220
   148.000      4.457      0.221
   148.500      4.456      0.221
   149.000      4.455      0.222
   149.500      4.455      0.223
   150.000      4.455      0.223
   150.500      4.454      0.224
   151.000      4.454      0.224
   151.500      4.453      0.225
   152.000      4.453      0.226
   152.500      4.452      0.226
   153.000      4.452      0.227
   153.500      4.452      0.227
   154.000      4.451      0.227
   154.500      4.450      0.228
   155.000      4.449      0.229
   155.500      4.449      0.229
   156.000      4.449      0.229
   156.500      4.448      0.230
   157.000      4.448      0.230
   157.500      4.447      0.230
   158.000      4.446      0.231
   158.500      4.445      0.232
   159.000      4.445      0.232
   159.500      4.445      0.232
   160.000      4.444      0.232
   160.500      4.443      0.232
   161.000      4.442      0.233
   161.500      4.441      0.234
   162.000      4.441      0.233
   162.500      4.441      0.234
   163.000      4.440      0.234
   163.500      4.439      0.234
   164.000      4.437      0.235
   164.500      4.436      0.235
   165.000      4.437      0.234
   165.500      4.437      0.235
   166.000      4.436      0.235
   166.500      4.434      0.235
   167.000      4.432      0.236
   167.500      4.431      0.236
   168.000      4.432      0.235
   168.500      4.432      0.236
   169.000      4.431      0.237
   169.500      4.430      0.237
   170.000      4.426      0.238
   170.500      4.425      0.238
   171.000      4.427      0.237
   171.500      4.427      0.237
   172.000      4.426      0.238
   172.500      4.424      0.238
   173.000      4.420      0.240
   173.500      4.419      0.240
   174.000      4.421      0.238
   174.500      4.421      0.239
   175.000      4.420      0.240
   175.500      4.418      0.241
   176.000      4.414      0.243
   176.500      4.413      0.242
   177.000      4.415      0.241
   177.500      4.415      0.242
   178.000      4.415      0.243
   178.500      4.412      0.245
   179.000      4.407      0.247
   179.500      4.406      0.247
   180.000      4.408      0.247
   180.500      4.408      0.247
   181.000      4.408      0.248
   181.500      4.406      0.251
   182.000      4.399      0.254
   182.500      4.399      0.254
   183.000      4.401      0.255
   183.500      4.401      0.255
   184.000      4.401      0.255
   184.500      4.399      0.258
   185.000      4.391      0.265
   185.500      4.392      0.266
   186.000      4.393      0.267
   186.500      4.393      0.267
   187.000      4.393      0.267
   187.500      4.392      0.270
   188.000      4.382      0.279
   188.500      4.385      0.282
   189.000      4.385      0.283
   189.500      4.385      0.283
   190.000      4.385      0.283
   190.500      4.385      0.283
   191.000      4.373      0.298
   191.500      4.376      0.303
   192.000      4.376      0.304
   192.500      4.376      0.304
   193.000      4.376      0.304
   193.500      4.376      0.304
   194.000      4.364      0.323
   194.500      4.367      0.331
   195.000      4.367      0.331
   195.500      4.367      0.331
   196.000      4.367      0.331
   196.500      4.367      0.331
   197.000      4.354      0.353
   197.500      4.357      0.364
   198.000      4.357      0.364
   198.500      4.357      0.364
   199.000      4.357      0.364
