     0.000      1.521      0.619
     0.500      2.044      0.370
     1.000      2.318      0.320
     1.500      3.028      0.148
     2.000      3.088      0.141
     2.500      3.150      0.133
     3.000      3.190      0.118
     3.500      3.224      0.105
     4.000      3.251      0.096
     4.500      3.275      0.085
     5.000      3.299      0.081
     5.500      3.320      0.073
     6.000      3.340      0.071
     6.500      3.359      0.067
     7.000      3.375      0.066
     7.500      3.392      0.065
     8.000      3.406      0.063
     8.500      3.420      0.064
     9.000      3.433      0.062
     9.500      3.444      0.063
    10.000      3.455      0.061
    10.500      3.464      0.061
    11.000      3.474      0.061
    11.500      3.482      0.059
    12.000      3.490      0.059
    12.500      3.497      0.058
    13.000      3.505      0.057
    13.500      3.510      0.056
    14.000      3.517      0.055
    14.500      3.523      0.054
    15.000      3.528      0.054
    15.500      3.534      0.053
    16.000      3.539      0.052
    16.500      3.544      0.051
    17.000      3.549      0.050
    17.500      3.554      0.049
    18.000      3.558      0.048
    18.500      3.564      0.047
    19.000      3.568      0.045
    19.500      3.573      0.044
    20.000      3.578      0.043
    20.500      3.583      0.041
    21.000      3.587      0.040
    21.500      3.593      0.039
    22.000      3.597      0.038
    22.500      3.603      0.037
    23.000      3.608      0.036
    23.500      3.614      0.035
    24.000      3.619      0.034
    24.500      3.625      0.034
    25.000      3.631      0.034
    25.500      3.637      0.034
    26.000      3.643      0.034
    26.500      3.650      0.034
    27.000      3.657      0.035
    27.500      3.664      0.035
    28.000      3.671      0.037
    28.500      3.679      0.037
    29.000      3.687      0.038
    29.500      3.696      0.039
    30.000      3.704      0.041
    30.500      3.713      0.042
    31.000      3.723      0.043
    31.500      3.733      0.044
    32.000      3.743      0.045
    32.500      3.754      0.047
    33.000      3.764      0.048
    33.500      3.776      0.049
    34.000      3.787      0.050
    34.500      3.798      0.051
    35.000      3.811      0.052
    35.500      3.825      0.051
    36.000      3.841      0.050
    36.500      3.857      0.050
    37.000      3.873      0.050
    37.500      3.889      0.052
    38.000      3.905      0.052
    38.500      3.923      0.056
    39.000      3.940      0.058
    39.500      3.957      0.064
    40.000      3.975      0.069
    40.500      3.994      0.075
    41.000      4.015      0.080
    41.500      4.035      0.082
    42.000      4.054      0.089
    42.500      4.074      0.095
    43.000      4.094      0.099
    43.500      4.111      0.103
    44.000      4.290      0.159
    44.500      4.313      0.164
    45.000      4.335      0.171
    45.500      4.352      0.178
    46.000      4.361      0.177
    46.500      4.368      0.174
    47.000      4.374      0.175
    47.500      4.378      0.171
    48.000      4.379      0.163
    48.500      4.380      0.155
    49.000      4.382      0.149
    49.500      4.384      0.144
    50.000      4.388      0.142
    50.500      4.394      0.141
    51.000      4.403      0.140
    51.500      4.411      0.139
    52.000      4.419      0.137
    52.500      4.428      0.135
    53.000      4.435      0.132
    53.500      4.441      0.126
    54.000      4.446      0.122
    54.500      4.451      0.119
    55.000      4.457      0.116
    55.500      4.463      0.114
    56.000      4.468      0.112
    56.500      4.472      0.109
    57.000      4.475      0.108
    57.500      4.478      0.106
    58.000      4.480      0.104
    58.500      4.484      0.102
    59.000      4.487      0.101
    59.500      4.490      0.101
    60.000      4.492      0.101
    60.500      4.495      0.102
    61.000      4.497      0.102
    61.500      4.501      0.102
    62.000      4.503      0.102
    62.500      4.506      0.103
    63.000      4.508      0.104
    63.500      4.510      0.105
    64.000      4.512      0.106
    64.500      4.514      0.107
    65.000      4.517      0.106
    65.500      4.519      0.107
    66.000      4.521      0.108
    66.500      4.522      0.109
    67.000      4.524      0.109
    67.500      4.525      0.110
    68.000      4.528      0.110
    68.500      4.530      0.110
    69.000      4.532      0.110
    69.500      4.533      0.110
    70.000      4.534      0.110
    70.500      4.535      0.110
    71.000      4.536      0.110
    71.500      4.538      0.110
    72.000      4.540      0.109
    72.500      4.541      0.108
    73.000      4.542      0.108
    73.500      4.542      0.107
    74.000      4.543      0.106
    74.500      4.544      0.106
    75.000      4.546      0.105
    75.500      4.547      0.103
    76.000      4.547      0.102
    76.500      4.548      0.101
    77.000      4.548      0.100
    77.500      4.549      0.099
    78.000      4.550      0.098
    78.500      4.551      0.097
    79.000      4.551      0.095
    79.500      4.552      0.094
    80.000      4.552      0.092
    80.500      4.552      0.091
    81.000      4.552      0.090
    81.500      4.553      0.089
    82.000      4.553      0.088
    82.500      4.554      0.087
    83.000      4.553      0.085
    83.500      4.553      0.084
    84.000      4.553      0.083
    84.500      4.553      0.082
    85.000      4.553      0.082
    85.500      4.554      0.081
    86.000      4.554      0.080
    86.500      4.553      0.079
    87.000      4.552      0.078
    87.500      4.552      0.079
    88.000      4.552      0.079
    88.500      4.552      0.080
    89.000      4.552      0.079
    89.500      4.551      0.079
    90.000      4.550      0.079
    90.500      4.550      0.079
    91.000      4.549      0.080
    91.500      4.550      0.082
    92.000      4.549      0.082
    92.500      4.548      0.083
    93.000      4.547      0.083
    93.500      4.546      0.084
    94.000      4.546      0.085
    94.500      4.545      0.087
    95.000      4.545      0.089
    95.500      4.544      0.090
    96.000      4.543      0.090
    96.500      4.542      0.092
    97.000      4.541      0.093
    97.500      4.540      0.095
    98.000      4.540      0.096
    98.500      4.539      0.098
    99.000      4.538      0.099
    99.500      4.537      0.100
   100.000      4.536      0.102
   100.500      4.535      0.103
   101.000      4.534      0.104
   101.500      4.533      0.106
   102.000      4.532      0.107
   102.500      4.531      0.109
   103.000      4.530      0.110
   103.500      4.528      0.111
   104.000      4.527      0.112
   104.500      4.526      0.113
   105.000      4.525      0.115
   105.500      4.524      0.116
   106.000      4.523      0.117
   106.500      4.522      0.117
   107.000      4.520      0.118
   107.500      4.519      0.119
   108.000      4.518      0.120
   108.500      4.517      0.121
   109.000      4.516      0.122
   109.500      4.514      0.123
   110.000      4.513      0.123
   110.500      4.511      0.124
   111.000      4.510      0.125
   111.500      4.509      0.125
   112.000      4.508      0.126
   112.500      4.507      0.127
   113.000      4.505      0.127
   113.500      4.503      0.127
   114.000      4.502      0.128
   114.500      4.501      0.128
   115.000      4.500      0.129
   115.500      4.499      0.129
   116.000      4.497      0.130
   116.500      4.495      0.130
   117.000      4.494      0.130
   117.500      4.492      0.130
   118.000      4.491      0.130
   118.500      4.490      0.130
   119.000      4.488      0.131
   119.500      4.487      0.131
   120.000      4.485      0.131
   120.500      4.484      0.131
   121.000      4.482      0.131
   121.500      4.481      0.131
   122.000      4.480      0.131
   122.500      4.478      0.131
   123.000      4.476      0.131
   123.500      4.475      0.131
   124.000      4.474      0.131
   124.500      4.472      0.131
   125.000      4.471      0.131
   125.500      4.469      0.131
   126.000      4.467      0.131
   126.500      4.466      0.131
   127.000      4.465      0.131
   127.500      4.463      0.130
   128.000      4.462      0.130
   128.500      4.460      0.130
   129.000      4.458      0.130
   129.500      4.457      0.130
   130.000      4.456      0.131
   130.500      4.455      0.131
   131.000      4.453      0.129
   131.500      4.452      0.129
   132.000      4.450      0.129
   132.500      4.448      0.130
   133.000      4.446      0.130
   133.500      4.446      0.131
   134.000      4.445      0.129
   134.500      4.443      0.128
   135.000      4.441      0.128
   135.500      4.439      0.129
   136.000      4.438      0.130
   136.500      4.437      0.131
   137.000      4.436      0.130
   137.500      4.435      0.129
   138.000      4.432      0.128
   138.500      4.431      0.129
   139.000      4.429      0.130
   139.500      4.428      0.131
   140.000      4.428      0.131
   140.500      4.427      0.130
   141.000      4.424      0.129
   141.500      4.422      0.129
   142.000      4.421      0.131
   142.500      4.420      0.132
   143.000      4.420      0.132
   143.500      4.419      0.132
   144.000      4.417      0.131
   144.500      4.415      0.130
   145.000      4.413      0.132
   145.500      4.412      0.134
   146.000      4.412      0.134
   146.500      4.411      0.134
   147.000      4.410      0.134
   147.500      4.407      0.133
   148.000      4.406      0.134
   148.500      4.405      0.136
   149.000      4.404      0.137
   149.500      4.404      0.137
   150.000      4.404      0.138
   150.500      4.401      0.138
   151.000      4.399      0.138
   151.500      4.398      0.139
   152.000      4.397      0.141
   152.500      4.397      0.142
   153.000      4.397      0.142
   153.500      4.396      0.143
   154.000      4.393      0.143
   154.500      4.392      0.144
   155.000      4.391      0.145
   155.500      4.391      0.146
   156.000      4.391      0.147
   156.500      4.391      0.148
   157.000      4.389      0.149
   157.500      4.386      0.149
   158.000      4.386      0.150
   158.500      4.385      0.152
   159.000      4.386      0.153
   159.500      4.386      0.154
   160.000      4.385      0.155
   160.500      4.382      0.156
   161.000      4.381      0.156
   161.500      4.381      0.158
   162.000      4.381      0.160
   162.500      4.382      0.161
   163.000      4.381      0.163
   163.500      4.379      0.163
   164.000      4.377      0.164
   164.500      4.378      0.165
   165.000      4.378      0.167
   165.500      4.379      0.168
   166.000      4.378      0.170
   166.500      4.377      0.171
   167.000      4.375      0.171
   167.500      4.375      0.172
   168.000      4.375      0.175
   168.500      4.376      0.177
   169.000      4.376      0.179
   169.500      4.375      0.179
   170.000      4.374      0.180
   170.500      4.373      0.181
   171.000      4.374      0.183
   171.500      4.375      0.186
   172.000      4.376      0.188
   172.500      4.374      0.189
   173.000      4.373      0.189
   173.500      4.374      0.190
   174.000      4.373      0.192
   174.500      4.374      0.195
   175.000      4.376      0.198
   175.500      4.375      0.200
   176.000      4.374      0.200
   176.500      4.376      0.201
   177.000      4.375      0.203
   177.500      4.375      0.205
   178.000      4.377      0.209
   178.500      4.378      0.211
   179.000      4.375      0.213
   179.500      4.378      0.214
   180.000      4.378      0.214
   180.500      4.376      0.218
   181.000      4.379      0.221
   181.500      4.381      0.225
   182.000      4.379      0.227
   182.500      4.381      0.228
   183.000      4.382      0.228
   183.500      4.381      0.231
   184.000      4.381      0.234
   184.500      4.386      0.240
   185.000      4.383      0.244
   185.500      4.387      0.246
   186.000      4.387      0.246
   186.500      4.387      0.246
   187.000      4.385      0.250
   187.500      4.392      0.257
   188.000      4.389      0.263
   188.500      4.394      0.265
   189.000      4.394      0.265
   189.500      4.394      0.265
   190.000      4.393      0.266
   190.500      4.397      0.274
   191.000      4.397      0.286
   191.500      4.402      0.288
   192.000      4.402      0.288
   192.500      4.402      0.288
   193.000      4.402      0.288
   193.500      4.401      0.294
   194.000      4.407      0.312
   194.500      4.412      0.315
   195.000      4.412      0.315
   195.500      4.412      0.315
   196.000      4.412      0.315
   196.500      4.412      0.315
   197.000      4.419      0.342
   197.500      4.424      0.346
   198.000      4.424      0.346
   198.500      4.424      0.346
   199.000      4.424      0.346
   199.500      4.424      0.346
