     0.000      1.427      0.646
     0.500      3.157      0.138
     1.000      3.192      0.141
     1.500      3.220      0.111
     2.000      3.248      0.105
     2.500      3.263      0.090
     3.000      3.288      0.073
     3.500      3.308      0.068
     4.000      3.322      0.058
     4.500      3.345      0.050
     5.000      3.356      0.049
     5.500      3.374      0.041
     6.000      3.388      0.041
     6.500      3.400      0.040
     7.000      3.413      0.039
     7.500      3.424      0.039
     8.000      3.435      0.039
     8.500      3.444      0.040
     9.000      3.454      0.039
     9.500      3.462      0.040
    10.000      3.470      0.038
    10.500      3.478      0.038
    11.000      3.483      0.037
    11.500      3.490      0.036
    12.000      3.496      0.036
    12.500      3.501      0.034
    13.000      3.507      0.033
    13.500      3.511      0.032
    14.000      3.516      0.031
    14.500      3.520      0.031
    15.000      3.524      0.030
    15.500      3.528      0.030
    16.000      3.533      0.029
    16.500      3.536      0.029
    17.000      3.540      0.028
    17.500      3.544      0.028
    18.000      3.547      0.028
    18.500      3.551      0.028
    19.000      3.554      0.027
    19.500      3.558      0.028
    20.000      3.562      0.027
    20.500      3.566      0.027
    21.000      3.569      0.027
    21.500      3.573      0.026
    22.000      3.577      0.026
    22.500      3.581      0.026
    23.000      3.585      0.025
    23.500      3.589      0.025
    24.000      3.593      0.025
    24.500      3.598      0.024
    25.000      3.602      0.024
    25.500      3.606      0.024
    26.000      3.611      0.024
    26.500      3.616      0.024
    27.000      3.621      0.024
    27.500      3.626      0.025
    28.000      3.631      0.025
    28.500      3.636      0.025
    29.000      3.642      0.026
    29.500      3.648      0.027
    30.000      3.654      0.027
    30.500      3.660      0.028
    31.000      3.666      0.029
    31.500      3.673      0.030
    32.000      3.680      0.031
    32.500      3.687      0.032
    33.000      3.694      0.032
    33.500      3.702      0.034
    34.000      3.710      0.034
    34.500      3.718      0.036
    35.000      3.726      0.037
    35.500      3.735      0.038
    36.000      3.744      0.040
    36.500      3.753      0.042
    37.000      3.763      0.043
    37.500      3.773      0.046
    38.000      3.783      0.047
    38.500      3.794      0.048
    39.000      3.805      0.049
    39.500      3.816      0.050
    40.000      3.828      0.052
    40.500      3.839      0.052
    41.000      3.851      0.052
    41.500      3.864      0.053
    42.000      3.877      0.055
    42.500      3.890      0.058
    43.000      3.905      0.063
    43.500      3.920      0.067
    44.000      3.936      0.071
    44.500      3.952      0.076
    45.000      3.968      0.081
    45.500      3.984      0.088
    46.000      4.001      0.095
    46.500      4.018      0.101
    47.000      4.033      0.107
    47.500      4.050      0.113
    48.000      4.064      0.115
    48.500      4.078      0.115
    49.000      4.091      0.113
    49.500      4.098      0.109
    50.000      4.402      0.216
    50.500      4.425      0.220
    51.000      4.443      0.226
    51.500      4.457      0.229
    52.000      4.476      0.234
    52.500      4.488      0.233
    53.000      4.497      0.231
    53.500      4.500      0.226
    54.000      4.503      0.221
    54.500      4.506      0.216
    55.000      4.507      0.208
    55.500      4.507      0.202
    56.000      4.504      0.194
    56.500      4.501      0.189
    57.000      4.501      0.185
    57.500      4.500      0.182
    58.000      4.493      0.175
    58.500      4.485      0.171
    59.000      4.478      0.166
    59.500      4.471      0.161
    60.000      4.461      0.154
    60.500      4.454      0.148
    61.000      4.447      0.144
    61.500      4.441      0.141
    62.000      4.434      0.138
    62.500      4.427      0.133
    63.000      4.419      0.128
    63.500      4.413      0.124
    64.000      4.407      0.121
    64.500      4.401      0.119
    65.000      4.395      0.117
    65.500      4.389      0.114
    66.000      4.382      0.110
    66.500      4.377      0.108
    67.000      4.372      0.106
    67.500      4.367      0.105
    68.000      4.362      0.104
    68.500      4.355      0.101
    69.000      4.350      0.099
    69.500      4.345      0.097
    70.000      4.341      0.096
    70.500      4.337      0.096
    71.000      4.332      0.094
    71.500      4.327      0.093
    72.000      4.322      0.092
    72.500      4.318      0.090
    73.000      4.315      0.090
    73.500      4.311      0.089
    74.000      4.307      0.088
    74.500      4.302      0.087
    75.000      4.299      0.087
    75.500      4.295      0.086
    76.000      4.293      0.085
    76.500      4.290      0.084
    77.000      4.286      0.084
    77.500      4.282      0.083
    78.000      4.279      0.083
    78.500      4.276      0.082
    79.000      4.274      0.081
    79.500      4.271      0.081
    80.000      4.268      0.080
    80.500      4.265      0.080
    81.000      4.263      0.080
    81.500      4.261      0.079
    82.000      4.259      0.078
    82.500      4.257      0.078
    83.000      4.254      0.078
    83.500      4.252      0.078
    84.000      4.250      0.078
    84.500      4.249      0.077
    85.000      4.247      0.077
    85.500      4.245      0.077
    86.000      4.244      0.077
    86.500      4.242      0.077
    87.000      4.241      0.077
    87.500      4.239      0.077
    88.000      4.238      0.077
    88.500      4.237      0.077
    89.000      4.236      0.078
    89.500      4.235      0.078
    90.000      4.234      0.079
    90.500      4.233      0.078
    91.000      4.232      0.078
    91.500      4.231      0.079
    92.000      4.230      0.080
    92.500      4.230      0.081
    93.000      4.229      0.082
    93.500      4.229      0.082
    94.000      4.228      0.082
    94.500      4.227      0.083
    95.000      4.227      0.084
    95.500      4.227      0.086
    96.000      4.227      0.086
    96.500      4.226      0.087
    97.000      4.226      0.087
    97.500      4.226      0.088
    98.000      4.226      0.089
    98.500      4.226      0.091
    99.000      4.226      0.092
    99.500      4.226      0.093
   100.000      4.226      0.093
   100.500      4.226      0.094
   101.000      4.226      0.095
   101.500      4.226      0.096
   102.000      4.227      0.097
   102.500      4.227      0.098
   103.000      4.227      0.099
   103.500      4.228      0.099
   104.000      4.228      0.100
   104.500      4.228      0.101
   105.000      4.229      0.102
   105.500      4.229      0.103
   106.000      4.230      0.104
   106.500      4.230      0.104
   107.000      4.231      0.105
   107.500      4.231      0.105
   108.000      4.232      0.107
   108.500      4.232      0.108
   109.000      4.233      0.108
   109.500      4.234      0.109
   110.000      4.234      0.109
   110.500      4.235      0.109
   111.000      4.235      0.111
   111.500      4.237      0.112
   112.000      4.238      0.112
   112.500      4.239      0.112
   113.000      4.239      0.113
   113.500      4.239      0.113
   114.000      4.240      0.114
   114.500      4.242      0.115
   115.000      4.243      0.116
   115.500      4.244      0.116
   116.000      4.244      0.116
   116.500      4.245      0.116
   117.000      4.246      0.117
   117.500      4.247      0.118
   118.000      4.248      0.119
   118.500      4.249      0.119
   119.000      4.250      0.119
   119.500      4.251      0.119
   120.000      4.252      0.120
   120.500      4.253      0.121
   121.000      4.255      0.122
   121.500      4.255      0.123
   122.000      4.257      0.123
   122.500      4.257      0.123
   123.000      4.258      0.123
   123.500      4.259      0.124
   124.000      4.261      0.126
   124.500      4.262      0.126
   125.000      4.263      0.126
   125.500      4.264      0.127
   126.000      4.265      0.127
   126.500      4.266      0.128
   127.000      4.267      0.129
   127.500      4.268      0.130
   128.000      4.269      0.131
   128.500      4.271      0.131
   129.000      4.272      0.132
   129.500      4.272      0.133
   130.000      4.274      0.134
   130.500      4.275      0.135
   131.000      4.276      0.136
   131.500      4.278      0.137
   132.000      4.278      0.137
   132.500      4.279      0.138
   133.000      4.280      0.139
   133.500      4.281      0.140
   134.000      4.282      0.141
   134.500      4.284      0.142
   135.000      4.284      0.143
   135.500      4.285      0.144
   136.000      4.286      0.145
   136.500      4.287      0.146
   137.000      4.289      0.148
   137.500      4.290      0.149
   138.000      4.290      0.149
   138.500      4.291      0.150
   139.000      4.292      0.152
   139.500      4.293      0.153
   140.000      4.295      0.154
   140.500      4.295      0.155
   141.000      4.296      0.156
   141.500      4.297      0.157
   142.000      4.297      0.159
   142.500      4.298      0.160
   143.000      4.300      0.161
   143.500      4.300      0.162
   144.000      4.300      0.163
   144.500      4.301      0.165
   145.000      4.302      0.166
   145.500      4.303      0.167
   146.000      4.304      0.168
   146.500      4.304      0.169
   147.000      4.304      0.170
   147.500      4.305      0.172
   148.000      4.306      0.173
   148.500      4.307      0.175
   149.000      4.307      0.175
   149.500      4.307      0.176
   150.000      4.307      0.177
   150.500      4.308      0.179
   151.000      4.308      0.180
   151.500      4.310      0.182
   152.000      4.310      0.182
   152.500      4.309      0.183
   153.000      4.309      0.184
   153.500      4.309      0.186
   154.000      4.310      0.187
   154.500      4.311      0.188
   155.000      4.311      0.189
   155.500      4.310      0.190
   156.000      4.309      0.191
   156.500      4.309      0.192
   157.000      4.310      0.194
   157.500      4.311      0.194
   158.000      4.311      0.194
   158.500      4.310      0.196
   159.000      4.309      0.197
   159.500      4.308      0.198
   160.000      4.309      0.200
   160.500      4.309      0.200
   161.000      4.309      0.200
   161.500      4.309      0.201
   162.000      4.307      0.202
   162.500      4.306      0.204
   163.000      4.306      0.205
   163.500      4.306      0.204
   164.000      4.306      0.204
   164.500      4.305      0.206
   165.000      4.303      0.208
   165.500      4.302      0.208
   166.000      4.301      0.209
   166.500      4.301      0.209
   167.000      4.301      0.209
   167.500      4.300      0.210
   168.000      4.298      0.212
   168.500      4.296      0.213
   169.000      4.295      0.213
   169.500      4.295      0.213
   170.000      4.294      0.213
   170.500      4.293      0.214
   171.000      4.290      0.216
   171.500      4.288      0.217
   172.000      4.286      0.217
   172.500      4.286      0.216
   173.000      4.285      0.217
   173.500      4.283      0.218
   174.000      4.280      0.220
   174.500      4.278      0.221
   175.000      4.276      0.221
   175.500      4.275      0.220
   176.000      4.274      0.221
   176.500      4.271      0.223
   177.000      4.268      0.224
   177.500      4.267      0.225
   178.000      4.264      0.225
   178.500      4.262      0.225
   179.000      4.260      0.226
   179.500      4.256      0.229
   180.000      4.253      0.229
   180.500      4.252      0.229
   181.000      4.249      0.231
   181.500      4.247      0.231
   182.000      4.244      0.233
   182.500      4.239      0.236
   183.000      4.235      0.237
   183.500      4.235      0.237
   184.000      4.234      0.238
   184.500      4.229      0.239
   185.000      4.226      0.243
   185.500      4.218      0.247
   186.000      4.215      0.247
   186.500      4.215      0.247
   187.000      4.215      0.247
   187.500      4.210      0.251
   188.000      4.205      0.256
   188.500      4.194      0.262
   189.000      4.192      0.262
   189.500      4.192      0.262
   190.000      4.192      0.262
   190.500      4.188      0.265
   191.000      4.181      0.273
   191.500      4.166      0.281
   192.000      4.166      0.281
   192.500      4.166      0.281
   193.000      4.166      0.281
   193.500      4.166      0.281
   194.000      4.154      0.295
   194.500      4.137      0.307
   195.000      4.137      0.307
   195.500      4.137      0.307
   196.000      4.137      0.307
   196.500      4.137      0.307
   197.000      4.124      0.324
   197.500      4.105      0.338
   198.000      4.105      0.338
   198.500      4.105      0.338
   199.000      4.105      0.338
