     0.000      1.321      0.575
     0.500      3.028      0.204
     1.000      3.073      0.197
     1.500      3.134      0.156
     2.000      3.174      0.139
     2.500      3.218      0.111
     3.000      3.256      0.094
     3.500      3.290      0.077
     4.000      3.323      0.065
     4.500      3.350      0.060
     5.000      3.378      0.050
     5.500      3.399      0.052
     6.000      3.423      0.049
     6.500      3.441      0.052
     7.000      3.459      0.051
     7.500      3.473      0.055
     8.000      3.488      0.055
     8.500      3.500      0.056
     9.000      3.512      0.057
     9.500      3.521      0.057
    10.000      3.531      0.058
    10.500      3.539      0.058
    11.000      3.546      0.058
    11.500      3.553      0.058
    12.000      3.560      0.058
    12.500      3.567      0.057
    13.000      3.573      0.057
    13.500      3.579      0.056
    14.000      3.585      0.056
    14.500      3.591      0.055
    15.000      3.597      0.055
    15.500      3.603      0.054
    16.000      3.609      0.053
    16.500      3.615      0.052
    17.000      3.621      0.051
    17.500      3.627      0.050
    18.000      3.634      0.049
    18.500      3.641      0.048
    19.000      3.648      0.047
    19.500      3.655      0.046
    20.000      3.662      0.044
    20.500      3.669      0.044
    21.000      3.677      0.042
    21.500      3.685      0.042
    22.000      3.693      0.041
    22.500      3.703      0.040
    23.000      3.712      0.038
    23.500      3.723      0.036
    24.000      3.734      0.035
    24.500      3.744      0.034
    25.000      3.755      0.034
    25.500      3.766      0.034
    26.000      3.778      0.036
    26.500      3.789      0.036
    27.000      3.801      0.039
    27.500      3.814      0.040
    28.000      3.827      0.042
    28.500      3.840      0.044
    29.000      3.854      0.046
    29.500      3.869      0.049
    30.000      3.884      0.051
    30.500      3.900      0.053
    31.000      3.915      0.054
    31.500      3.931      0.056
    32.000      3.946      0.058
    32.500      3.963      0.059
    33.000      3.979      0.060
    33.500      3.999      0.062
    34.000      4.020      0.062
    34.500      4.039      0.066
    35.000      4.059      0.070
    35.500      4.079      0.075
    36.000      4.099      0.080
    36.500      4.119      0.084
    37.000      4.133      0.084
    37.500      4.311      0.139
    38.000      4.342      0.150
    38.500      4.365      0.155
    39.000      4.374      0.156
    39.500      4.380      0.156
    40.000      4.384      0.154
    40.500      4.388      0.150
    41.000      4.388      0.142
    41.500      4.388      0.133
    42.000      4.390      0.130
    42.500      4.389      0.127
    43.000      4.391      0.127
    43.500      4.397      0.131
    44.000      4.401      0.132
    44.500      4.406      0.136
    45.000      4.417      0.143
    45.500      4.421      0.145
    46.000      4.421      0.145
    46.500      4.420      0.143
    47.000      4.418      0.139
    47.500      4.415      0.134
    48.000      4.412      0.126
    48.500      4.412      0.119
    49.000      4.412      0.116
    49.500      4.413      0.113
    50.000      4.414      0.109
    50.500      4.414      0.105
    51.000      4.412      0.100
    51.500      4.410      0.093
    52.000      4.410      0.090
    52.500      4.411      0.088
    53.000      4.412      0.086
    53.500      4.412      0.085
    54.000      4.411      0.083
    54.500      4.408      0.079
    55.000      4.408      0.077
    55.500      4.409      0.076
    56.000      4.410      0.076
    56.500      4.411      0.076
    57.000      4.410      0.075
    57.500      4.408      0.075
    58.000      4.407      0.074
    58.500      4.408      0.074
    59.000      4.409      0.074
    59.500      4.409      0.074
    60.000      4.409      0.075
    60.500      4.408      0.076
    61.000      4.407      0.076
    61.500      4.407      0.076
    62.000      4.407      0.076
    62.500      4.408      0.077
    63.000      4.408      0.077
    63.500      4.407      0.078
    64.000      4.406      0.079
    64.500      4.406      0.079
    65.000      4.406      0.079
    65.500      4.407      0.079
    66.000      4.407      0.079
    66.500      4.407      0.079
    67.000      4.407      0.080
    67.500      4.406      0.081
    68.000      4.406      0.080
    68.500      4.406      0.080
    69.000      4.406      0.080
    69.500      4.407      0.080
    70.000      4.406      0.080
    70.500      4.406      0.081
    71.000      4.406      0.080
    71.500      4.405      0.080
    72.000      4.406      0.080
    72.500      4.406      0.079
    73.000      4.406      0.079
    73.500      4.407      0.079
    74.000      4.406      0.079
    74.500      4.406      0.078
    75.000      4.406      0.078
    75.500      4.406      0.078
    76.000      4.406      0.077
    76.500      4.407      0.077
    77.000      4.407      0.077
    77.500      4.406      0.076
    78.000      4.406      0.076
    78.500      4.406      0.076
    79.000      4.406      0.075
    79.500      4.407      0.075
    80.000      4.407      0.075
    80.500      4.407      0.074
    81.000      4.407      0.074
    81.500      4.406      0.074
    82.000      4.407      0.074
    82.500      4.407      0.074
    83.000      4.408      0.074
    83.500      4.408      0.074
    84.000      4.407      0.074
    84.500      4.407      0.074
    85.000      4.408      0.075
    85.500      4.408      0.075
    86.000      4.408      0.076
    86.500      4.408      0.076
    87.000      4.408      0.076
    87.500      4.408      0.076
    88.000      4.409      0.077
    88.500      4.409      0.077
    89.000      4.409      0.078
    89.500      4.409      0.080
    90.000      4.409      0.080
    90.500      4.409      0.081
    91.000      4.410      0.081
    91.500      4.410      0.082
    92.000      4.410      0.083
    92.500      4.410      0.084
    93.000      4.410      0.086
    93.500      4.410      0.086
    94.000      4.411      0.087
    94.500      4.411      0.088
    95.000      4.411      0.089
    95.500      4.411      0.090
    96.000      4.411      0.092
    96.500      4.412      0.093
    97.000      4.412      0.094
    97.500      4.412      0.094
    98.000      4.413      0.095
    98.500      4.412      0.097
    99.000      4.412      0.098
    99.500      4.412      0.100
   100.000      4.413      0.101
   100.500      4.414      0.101
   101.000      4.414      0.102
   101.500      4.414      0.103
   102.000      4.413      0.105
   102.500      4.414      0.106
   103.000      4.415      0.108
   103.500      4.416      0.108
   104.000      4.416      0.109
   104.500      4.416      0.110
   105.000      4.415      0.111
   105.500      4.415      0.113
   106.000      4.416      0.114
   106.500      4.417      0.115
   107.000      4.418      0.116
   107.500      4.418      0.116
   108.000      4.417      0.117
   108.500      4.417      0.119
   109.000      4.417      0.120
   109.500      4.419      0.121
   110.000      4.420      0.122
   110.500      4.420      0.123
   111.000      4.419      0.124
   111.500      4.419      0.124
   112.000      4.419      0.126
   112.500      4.420      0.127
   113.000      4.421      0.128
   113.500      4.422      0.129
   114.000      4.422      0.130
   114.500      4.421      0.130
   115.000      4.421      0.131
   115.500      4.421      0.132
   116.000      4.423      0.133
   116.500      4.425      0.135
   117.000      4.425      0.135
   117.500      4.424      0.136
   118.000      4.424      0.136
   118.500      4.423      0.137
   119.000      4.424      0.138
   119.500      4.426      0.140
   120.000      4.427      0.141
   120.500      4.427      0.142
   121.000      4.426      0.142
   121.500      4.426      0.142
   122.000      4.426      0.143
   122.500      4.428      0.145
   123.000      4.429      0.146
   123.500      4.430      0.147
   124.000      4.429      0.147
   124.500      4.429      0.147
   125.000      4.428      0.148
   125.500      4.429      0.149
   126.000      4.431      0.151
   126.500      4.432      0.152
   127.000      4.432      0.152
   127.500      4.432      0.152
   128.000      4.431      0.153
   128.500      4.432      0.154
   129.000      4.433      0.155
   129.500      4.434      0.156
   130.000      4.435      0.157
   130.500      4.435      0.157
   131.000      4.434      0.157
   131.500      4.434      0.158
   132.000      4.435      0.160
   132.500      4.437      0.160
   133.000      4.437      0.161
   133.500      4.437      0.161
   134.000      4.437      0.162
   134.500      4.437      0.162
   135.000      4.438      0.164
   135.500      4.439      0.164
   136.000      4.440      0.164
   136.500      4.440      0.165
   137.000      4.440      0.165
   137.500      4.440      0.166
   138.000      4.440      0.167
   138.500      4.442      0.168
   139.000      4.443      0.168
   139.500      4.443      0.168
   140.000      4.442      0.168
   140.500      4.443      0.169
   141.000      4.443      0.169
   141.500      4.444      0.170
   142.000      4.446      0.171
   142.500      4.446      0.171
   143.000      4.445      0.171
   143.500      4.445      0.172
   144.000      4.445      0.172
   144.500      4.446      0.172
   145.000      4.448      0.173
   145.500      4.449      0.173
   146.000      4.448      0.174
   146.500      4.448      0.174
   147.000      4.448      0.174
   147.500      4.449      0.174
   148.000      4.451      0.174
   148.500      4.452      0.175
   149.000      4.451      0.175
   149.500      4.450      0.176
   150.000      4.450      0.176
   150.500      4.451      0.175
   151.000      4.453      0.174
   151.500      4.454      0.175
   152.000      4.455      0.176
   152.500      4.454      0.176
   153.000      4.453      0.177
   153.500      4.453      0.176
   154.000      4.455      0.175
   154.500      4.457      0.175
   155.000      4.457      0.176
   155.500      4.457      0.176
   156.000      4.456      0.177
   156.500      4.455      0.176
   157.000      4.457      0.176
   157.500      4.459      0.174
   158.000      4.459      0.174
   158.500      4.460      0.175
   159.000      4.459      0.175
   159.500      4.458      0.176
   160.000      4.459      0.176
   160.500      4.461      0.174
   161.000      4.462      0.174
   161.500      4.462      0.173
   162.000      4.462      0.174
   162.500      4.462      0.174
   163.000      4.461      0.175
   163.500      4.462      0.174
   164.000      4.463      0.173
   164.500      4.465      0.172
   165.000      4.464      0.172
   165.500      4.464      0.172
   166.000      4.465      0.173
   166.500      4.464      0.174
   167.000      4.465      0.173
   167.500      4.467      0.172
   168.000      4.467      0.171
   168.500      4.466      0.171
   169.000      4.467      0.170
   169.500      4.469      0.173
   170.000      4.466      0.174
   170.500      4.467      0.173
   171.000      4.469      0.171
   171.500      4.469      0.171
   172.000      4.468      0.171
   172.500      4.472      0.171
   173.000      4.470      0.174
   173.500      4.467      0.176
   174.000      4.471      0.174
   174.500      4.470      0.173
   175.000      4.471      0.173
   175.500      4.473      0.174
   176.000      4.474      0.174
   176.500      4.469      0.180
   177.000      4.470      0.180
   177.500      4.472      0.179
   178.000      4.472      0.179
   178.500      4.475      0.180
   179.000      4.475      0.181
   179.500      4.475      0.181
   180.000      4.469      0.189
   180.500      4.474      0.189
   181.000      4.473      0.189
   181.500      4.475      0.190
   182.000      4.478      0.192
   182.500      4.477      0.192
   183.000      4.475      0.194
   183.500      4.470      0.202
   184.000      4.474      0.206
   184.500      4.475      0.206
   185.000      4.479      0.209
   185.500      4.479      0.209
   186.000      4.477      0.210
   186.500      4.474      0.216
   187.000      4.477      0.225
   187.500      4.475      0.229
   188.000      4.480      0.232
   188.500      4.480      0.232
   189.000      4.480      0.232
   189.500      4.478      0.234
   190.000      4.470      0.246
   190.500      4.475      0.259
   191.000      4.481      0.263
   191.500      4.481      0.263
   192.000      4.481      0.263
   192.500      4.481      0.263
   193.000      4.478      0.265
   193.500      4.478      0.287
   194.000      4.481      0.300
   194.500      4.481      0.300
   195.000      4.481      0.300
   195.500      4.481      0.300
   196.000      4.481      0.300
   196.500      4.478      0.303
   197.000      4.480      0.344
   197.500      4.480      0.344
   198.000      4.480      0.344
   198.500      4.480      0.344
   199.000      4.480      0.344
   199.500      4.480      0.344
