     0.000      1.440      0.563
     0.500      3.196      0.129
     1.000      3.216      0.132
     1.500      3.263      0.098
     2.000      3.275      0.097
     2.500      3.301      0.076
     3.000      3.324      0.068
     3.500      3.344      0.054
     4.000      3.361      0.048
     4.500      3.381      0.039
     5.000      3.393      0.033
     5.500      3.411      0.028
     6.000      3.422      0.024
     6.500      3.434      0.024
     7.000      3.447      0.023
     7.500      3.455      0.024
     8.000      3.466      0.025
     8.500      3.473      0.026
     9.000      3.480      0.027
     9.500      3.487      0.029
    10.000      3.492      0.029
    10.500      3.498      0.030
    11.000      3.503      0.030
    11.500      3.507      0.031
    12.000      3.511      0.031
    12.500      3.514      0.031
    13.000      3.517      0.031
    13.500      3.520      0.031
    14.000      3.523      0.031
    14.500      3.526      0.031
    15.000      3.528      0.031
    15.500      3.530      0.030
    16.000      3.533      0.030
    16.500      3.535      0.030
    17.000      3.538      0.029
    17.500      3.540      0.029
    18.000      3.543      0.028
    18.500      3.546      0.028
    19.000      3.548      0.027
    19.500      3.551      0.027
    20.000      3.554      0.026
    20.500      3.557      0.026
    21.000      3.561      0.025
    21.500      3.564      0.025
    22.000      3.568      0.024
    22.500      3.571      0.023
    23.000      3.575      0.023
    23.500      3.579      0.023
    24.000      3.583      0.023
    24.500      3.588      0.023
    25.000      3.592      0.023
    25.500      3.597      0.024
    26.000      3.603      0.024
    26.500      3.607      0.025
    27.000      3.613      0.026
    27.500      3.619      0.027
    28.000      3.625      0.028
    28.500      3.631      0.029
    29.000      3.637      0.030
    29.500      3.644      0.032
    30.000      3.651      0.033
    30.500      3.659      0.034
    31.000      3.667      0.036
    31.500      3.674      0.037
    32.000      3.683      0.039
    32.500      3.692      0.041
    33.000      3.701      0.042
    33.500      3.710      0.044
    34.000      3.720      0.046
    34.500      3.730      0.048
    35.000      3.741      0.050
    35.500      3.751      0.052
    36.000      3.763      0.055
    36.500      3.775      0.056
    37.000      3.788      0.059
    37.500      3.802      0.060
    38.000      3.816      0.062
    38.500      3.832      0.063
    39.000      3.847      0.063
    39.500      3.863      0.065
    40.000      3.880      0.066
    40.500      3.897      0.068
    41.000      3.915      0.068
    41.500      3.936      0.067
    42.000      3.957      0.065
    42.500      3.978      0.065
    43.000      3.996      0.066
    43.500      4.014      0.069
    44.000      4.034      0.073
    44.500      4.050      0.074
    45.000      4.071      0.073
    45.500      4.091      0.075
    46.000      4.292      0.137
    46.500      4.298      0.131
    47.000      4.303      0.127
    47.500      4.311      0.122
    48.000      4.318      0.115
    48.500      4.331      0.116
    49.000      4.346      0.122
    49.500      4.365      0.132
    50.000      4.385      0.145
    50.500      4.405      0.155
    51.000      4.425      0.161
    51.500      4.445      0.166
    52.000      4.453      0.167
    52.500      4.460      0.165
    53.000      4.465      0.161
    53.500      4.468      0.156
    54.000      4.469      0.150
    54.500      4.470      0.144
    55.000      4.471      0.141
    55.500      4.472      0.138
    56.000      4.473      0.135
    56.500      4.473      0.132
    57.000      4.473      0.129
    57.500      4.472      0.125
    58.000      4.471      0.123
    58.500      4.471      0.121
    59.000      4.471      0.119
    59.500      4.471      0.117
    60.000      4.470      0.116
    60.500      4.469      0.113
    61.000      4.468      0.112
    61.500      4.467      0.111
    62.000      4.467      0.110
    62.500      4.466      0.109
    63.000      4.465      0.109
    63.500      4.463      0.107
    64.000      4.462      0.107
    64.500      4.461      0.106
    65.000      4.460      0.106
    65.500      4.459      0.105
    66.000      4.458      0.105
    66.500      4.456      0.104
    67.000      4.455      0.104
    67.500      4.454      0.103
    68.000      4.452      0.102
    68.500      4.451      0.102
    69.000      4.449      0.102
    69.500      4.447      0.101
    70.000      4.446      0.101
    70.500      4.445      0.100
    71.000      4.443      0.099
    71.500      4.441      0.098
    72.000      4.439      0.098
    72.500      4.436      0.097
    73.000      4.435      0.097
    73.500      4.434      0.096
    74.000      4.432      0.095
    74.500      4.430      0.094
    75.000      4.427      0.093
    75.500      4.425      0.093
    76.000      4.423      0.093
    76.500      4.422      0.092
    77.000      4.421      0.091
    77.500      4.418      0.090
    78.000      4.415      0.089
    78.500      4.413      0.089
    79.000      4.411      0.089
    79.500      4.410      0.088
    80.000      4.408      0.087
    80.500      4.405      0.086
    81.000      4.403      0.086
    81.500      4.400      0.087
    82.000      4.398      0.087
    82.500      4.396      0.086
    83.000      4.395      0.086
    83.500      4.393      0.086
    84.000      4.390      0.086
    84.500      4.387      0.086
    85.000      4.385      0.087
    85.500      4.383      0.087
    86.000      4.382      0.087
    86.500      4.380      0.088
    87.000      4.376      0.089
    87.500      4.374      0.090
    88.000      4.372      0.090
    88.500      4.370      0.091
    89.000      4.368      0.092
    89.500      4.366      0.093
    90.000      4.363      0.095
    90.500      4.361      0.096
    91.000      4.359      0.097
    91.500      4.357      0.098
    92.000      4.355      0.099
    92.500      4.354      0.101
    93.000      4.351      0.103
    93.500      4.348      0.104
    94.000      4.346      0.105
    94.500      4.344      0.106
    95.000      4.343      0.107
    95.500      4.341      0.109
    96.000      4.339      0.111
    96.500      4.337      0.113
    97.000      4.335      0.114
    97.500      4.333      0.115
    98.000      4.331      0.117
    98.500      4.330      0.118
    99.000      4.328      0.120
    99.500      4.326      0.121
   100.000      4.324      0.123
   100.500      4.322      0.124
   101.000      4.321      0.125
   101.500      4.319      0.127
   102.000      4.318      0.128
   102.500      4.316      0.129
   103.000      4.314      0.131
   103.500      4.313      0.132
   104.000      4.311      0.133
   104.500      4.310      0.134
   105.000      4.309      0.135
   105.500      4.307      0.136
   106.000      4.306      0.138
   106.500      4.304      0.139
   107.000      4.303      0.140
   107.500      4.302      0.141
   108.000      4.301      0.142
   108.500      4.300      0.142
   109.000      4.298      0.144
   109.500      4.297      0.145
   110.000      4.296      0.146
   110.500      4.295      0.146
   111.000      4.294      0.147
   111.500      4.293      0.148
   112.000      4.291      0.149
   112.500      4.290      0.150
   113.000      4.289      0.151
   113.500      4.288      0.151
   114.000      4.288      0.152
   114.500      4.287      0.153
   115.000      4.285      0.154
   115.500      4.284      0.155
   116.000      4.284      0.155
   116.500      4.283      0.156
   117.000      4.282      0.157
   117.500      4.281      0.157
   118.000      4.280      0.158
   118.500      4.279      0.159
   119.000      4.279      0.159
   119.500      4.278      0.160
   120.000      4.278      0.161
   120.500      4.277      0.161
   121.000      4.275      0.162
   121.500      4.275      0.163
   122.000      4.274      0.163
   122.500      4.274      0.164
   123.000      4.274      0.165
   123.500      4.273      0.165
   124.000      4.272      0.166
   124.500      4.271      0.167
   125.000      4.271      0.168
   125.500      4.270      0.168
   126.000      4.270      0.169
   126.500      4.270      0.169
   127.000      4.269      0.170
   127.500      4.268      0.171
   128.000      4.268      0.172
   128.500      4.268      0.172
   129.000      4.267      0.173
   129.500      4.267      0.174
   130.000      4.266      0.175
   130.500      4.265      0.175
   131.000      4.265      0.176
   131.500      4.265      0.177
   132.000      4.265      0.177
   132.500      4.264      0.178
   133.000      4.264      0.179
   133.500      4.262      0.180
   134.000      4.262      0.180
   134.500      4.263      0.181
   135.000      4.263      0.182
   135.500      4.262      0.182
   136.000      4.262      0.184
   136.500      4.261      0.184
   137.000      4.260      0.185
   137.500      4.261      0.186
   138.000      4.261      0.187
   138.500      4.261      0.187
   139.000      4.260      0.188
   139.500      4.259      0.189
   140.000      4.259      0.190
   140.500      4.259      0.190
   141.000      4.260      0.192
   141.500      4.259      0.192
   142.000      4.259      0.193
   142.500      4.258      0.194
   143.000      4.257      0.195
   143.500      4.258      0.195
   144.000      4.258      0.196
   144.500      4.258      0.197
   145.000      4.257      0.197
   145.500      4.257      0.198
   146.000      4.257      0.199
   146.500      4.256      0.200
   147.000      4.256      0.201
   147.500      4.257      0.201
   148.000      4.256      0.201
   148.500      4.256      0.202
   149.000      4.256      0.203
   149.500      4.255      0.204
   150.000      4.255      0.205
   150.500      4.255      0.205
   151.000      4.255      0.206
   151.500      4.255      0.206
   152.000      4.255      0.207
   152.500      4.254      0.208
   153.000      4.253      0.209
   153.500      4.253      0.209
   154.000      4.254      0.209
   154.500      4.254      0.210
   155.000      4.254      0.210
   155.500      4.253      0.211
   156.000      4.252      0.212
   156.500      4.252      0.212
   157.000      4.252      0.213
   157.500      4.253      0.213
   158.000      4.253      0.213
   158.500      4.252      0.213
   159.000      4.250      0.214
   159.500      4.250      0.215
   160.000      4.251      0.215
   160.500      4.252      0.215
   161.000      4.252      0.215
   161.500      4.250      0.215
   162.000      4.248      0.215
   162.500      4.248      0.216
   163.000      4.249      0.218
   163.500      4.250      0.218
   164.000      4.251      0.217
   164.500      4.248      0.216
   165.000      4.246      0.216
   165.500      4.245      0.217
   166.000      4.247      0.220
   166.500      4.248      0.219
   167.000      4.249      0.218
   167.500      4.246      0.217
   168.000      4.244      0.216
   168.500      4.243      0.218
   169.000      4.244      0.221
   169.500      4.246      0.221
   170.000      4.247      0.220
   170.500      4.243      0.217
   171.000      4.241      0.217
   171.500      4.240      0.218
   172.000      4.241      0.222
   172.500      4.243      0.223
   173.000      4.244      0.221
   173.500      4.239      0.219
   174.000      4.237      0.218
   174.500      4.237      0.219
   175.000      4.238      0.223
   175.500      4.240      0.225
   176.000      4.241      0.224
   176.500      4.235      0.222
   177.000      4.233      0.222
   177.500      4.233      0.222
   178.000      4.234      0.225
   178.500      4.236      0.229
   179.000      4.237      0.227
   179.500      4.230      0.228
   180.000      4.229      0.227
   180.500      4.229      0.228
   181.000      4.229      0.229
   181.500      4.232      0.234
   182.000      4.233      0.234
   182.500      4.224      0.237
   183.000      4.223      0.237
   183.500      4.223      0.237
   184.000      4.224      0.237
   184.500      4.227      0.243
   185.000      4.229      0.244
   185.500      4.218      0.250
   186.000      4.217      0.250
   186.500      4.217      0.250
   187.000      4.217      0.250
   187.500      4.221      0.255
   188.000      4.224      0.259
   188.500      4.211      0.269
   189.000      4.211      0.269
   189.500      4.211      0.269
   190.000      4.211      0.269
   190.500      4.213      0.271
   191.000      4.218      0.281
   191.500      4.203      0.295
   192.000      4.203      0.295
   192.500      4.203      0.295
   193.000      4.203      0.295
   193.500      4.204      0.295
   194.000      4.211      0.308
   194.500      4.195      0.328
   195.000      4.195      0.328
   195.500      4.195      0.328
   196.000      4.195      0.328
   196.500      4.195      0.328
   197.000      4.203      0.343
   197.500      4.186      0.367
   198.000      4.186      0.367
   198.500      4.186      0.367
   199.000      4.186      0.367
   199.500      4.186      0.367
