     0.000      1.423      0.465
     0.500      1.920      0.369
     1.000      2.836      0.199
     1.500      2.919      0.212
     2.000      2.954      0.184
     2.500      3.004      0.160
     3.000      3.046      0.147
     3.500      3.080      0.124
     4.000      3.122      0.110
     4.500      3.158      0.098
     5.000      3.189      0.083
     5.500      3.222      0.076
     6.000      3.253      0.068
     6.500      3.282      0.061
     7.000      3.307      0.058
     7.500      3.335      0.056
     8.000      3.357      0.055
     8.500      3.379      0.055
     9.000      3.404      0.057
     9.500      3.420      0.056
    10.000      3.438      0.057
    10.500      3.459      0.060
    11.000      3.472      0.059
    11.500      3.488      0.060
    12.000      3.504      0.060
    12.500      3.515      0.059
    13.000      3.527      0.061
    13.500      3.539      0.058
    14.000      3.549      0.058
    14.500      3.559      0.058
    15.000      3.568      0.056
    15.500      3.576      0.055
    16.000      3.584      0.054
    16.500      3.591      0.053
    17.000      3.598      0.052
    17.500      3.604      0.051
    18.000      3.610      0.050
    18.500      3.616      0.049
    19.000      3.622      0.048
    19.500      3.627      0.048
    20.000      3.632      0.047
    20.500      3.637      0.047
    21.000      3.642      0.047
    21.500      3.646      0.046
    22.000      3.651      0.046
    22.500      3.655      0.046
    23.000      3.660      0.045
    23.500      3.664      0.044
    24.000      3.668      0.044
    24.500      3.672      0.044
    25.000      3.676      0.043
    25.500      3.680      0.043
    26.000      3.684      0.043
    26.500      3.688      0.042
    27.000      3.692      0.041
    27.500      3.696      0.041
    28.000      3.700      0.040
    28.500      3.703      0.040
    29.000      3.707      0.040
    29.500      3.711      0.039
    30.000      3.715      0.039
    30.500      3.719      0.039
    31.000      3.723      0.039
    31.500      3.727      0.039
    32.000      3.731      0.039
    32.500      3.736      0.039
    33.000      3.740      0.039
    33.500      3.744      0.039
    34.000      3.749      0.040
    34.500      3.753      0.040
    35.000      3.758      0.041
    35.500      3.763      0.041
    36.000      3.768      0.042
    36.500      3.773      0.042
    37.000      3.779      0.043
    37.500      3.784      0.044
    38.000      3.790      0.045
    38.500      3.796      0.045
    39.000      3.802      0.046
    39.500      3.808      0.047
    40.000      3.815      0.048
    40.500      3.821      0.049
    41.000      3.828      0.050
    41.500      3.835      0.051
    42.000      3.843      0.053
    42.500      3.851      0.054
    43.000      3.858      0.056
    43.500      3.867      0.057
    44.000      3.875      0.058
    44.500      3.884      0.060
    45.000      3.893      0.062
    45.500      3.902      0.064
    46.000      3.911      0.066
    46.500      3.921      0.068
    47.000      3.931      0.071
    47.500      3.941      0.073
    48.000      3.952      0.076
    48.500      3.964      0.079
    49.000      3.975      0.082
    49.500      3.987      0.086
    50.000      3.999      0.090
    50.500      4.011      0.093
    51.000      4.023      0.098
    51.500      4.036      0.101
    52.000      4.050      0.106
    52.500      4.063      0.111
    53.000      4.076      0.114
    53.500      4.091      0.118
    54.000      4.104      0.121
    54.500      4.117      0.123
    55.000      4.131      0.127
    55.500      4.144      0.130
    56.000      4.155      0.133
    56.500      4.457      0.186
    57.000      4.467      0.184
    57.500      4.477      0.183
    58.000      4.488      0.183
    58.500      4.497      0.181
    59.000      4.505      0.180
    59.500      4.513      0.178
    60.000      4.518      0.176
    60.500      4.525      0.173
    61.000      4.532      0.171
    61.500      4.537      0.170
    62.000      4.542      0.169
    62.500      4.546      0.168
    63.000      4.549      0.168
    63.500      4.549      0.167
    64.000      4.550      0.165
    64.500      4.551      0.163
    65.000      4.552      0.162
    65.500      4.552      0.161
    66.000      4.551      0.160
    66.500      4.550      0.159
    67.000      4.547      0.159
    67.500      4.544      0.158
    68.000      4.542      0.158
    68.500      4.541      0.158
    69.000      4.540      0.158
    69.500      4.539      0.159
    70.000      4.538      0.160
    70.500      4.536      0.160
    71.000      4.534      0.162
    71.500      4.533      0.162
    72.000      4.532      0.163
    72.500      4.531      0.164
    73.000      4.530      0.165
    73.500      4.529      0.166
    74.000      4.528      0.166
    74.500      4.527      0.167
    75.000      4.526      0.168
    75.500      4.525      0.168
    76.000      4.525      0.169
    76.500      4.524      0.169
    77.000      4.524      0.169
    77.500      4.523      0.169
    78.000      4.523      0.169
    78.500      4.522      0.169
    79.000      4.522      0.169
    79.500      4.521      0.168
    80.000      4.521      0.167
    80.500      4.521      0.166
    81.000      4.521      0.166
    81.500      4.521      0.165
    82.000      4.521      0.164
    82.500      4.521      0.163
    83.000      4.520      0.162
    83.500      4.520      0.160
    84.000      4.520      0.159
    84.500      4.520      0.157
    85.000      4.521      0.156
    85.500      4.521      0.155
    86.000      4.521      0.153
    86.500      4.521      0.151
    87.000      4.521      0.149
    87.500      4.521      0.147
    88.000      4.521      0.146
    88.500      4.522      0.144
    89.000      4.523      0.143
    89.500      4.523      0.141
    90.000      4.524      0.139
    90.500      4.523      0.137
    91.000      4.523      0.135
    91.500      4.524      0.134
    92.000      4.524      0.132
    92.500      4.525      0.131
    93.000      4.526      0.130
    93.500      4.527      0.128
    94.000      4.527      0.127
    94.500      4.527      0.126
    95.000      4.527      0.125
    95.500      4.528      0.124
    96.000      4.529      0.124
    96.500      4.530      0.123
    97.000      4.531      0.122
    97.500      4.531      0.121
    98.000      4.531      0.122
    98.500      4.531      0.122
    99.000      4.531      0.122
    99.500      4.533      0.122
   100.000      4.533      0.123
   100.500      4.534      0.123
   101.000      4.535      0.123
   101.500      4.535      0.124
   102.000      4.535      0.126
   102.500      4.535      0.127
   103.000      4.536      0.127
   103.500      4.537      0.128
   104.000      4.538      0.129
   104.500      4.539      0.130
   105.000      4.539      0.132
   105.500      4.539      0.134
   106.000      4.539      0.136
   106.500      4.539      0.137
   107.000      4.540      0.138
   107.500      4.541      0.139
   108.000      4.542      0.140
   108.500      4.542      0.142
   109.000      4.542      0.145
   109.500      4.541      0.146
   110.000      4.541      0.147
   110.500      4.542      0.149
   111.000      4.543      0.150
   111.500      4.543      0.151
   112.000      4.544      0.153
   112.500      4.543      0.155
   113.000      4.542      0.157
   113.500      4.542      0.158
   114.000      4.543      0.159
   114.500      4.543      0.161
   115.000      4.544      0.162
   115.500      4.544      0.163
   116.000      4.543      0.165
   116.500      4.543      0.166
   117.000      4.542      0.168
   117.500      4.542      0.169
   118.000      4.543      0.170
   118.500      4.543      0.171
   119.000      4.543      0.172
   119.500      4.542      0.173
   120.000      4.542      0.174
   120.500      4.541      0.176
   121.000      4.541      0.176
   121.500      4.541      0.177
   122.000      4.541      0.178
   122.500      4.540      0.179
   123.000      4.540      0.180
   123.500      4.539      0.181
   124.000      4.538      0.182
   124.500      4.538      0.183
   125.000      4.538      0.184
   125.500      4.537      0.185
   126.000      4.536      0.185
   126.500      4.536      0.186
   127.000      4.536      0.186
   127.500      4.535      0.187
   128.000      4.534      0.189
   128.500      4.533      0.189
   129.000      4.532      0.190
   129.500      4.531      0.190
   130.000      4.531      0.190
   130.500      4.531      0.191
   131.000      4.529      0.192
   131.500      4.529      0.193
   132.000      4.528      0.194
   132.500      4.526      0.194
   133.000      4.525      0.194
   133.500      4.525      0.194
   134.000      4.524      0.195
   134.500      4.523      0.196
   135.000      4.522      0.197
   135.500      4.521      0.198
   136.000      4.519      0.198
   136.500      4.518      0.198
   137.000      4.517      0.198
   137.500      4.517      0.198
   138.000      4.516      0.199
   138.500      4.514      0.200
   139.000      4.513      0.201
   139.500      4.511      0.202
   140.000      4.510      0.202
   140.500      4.508      0.202
   141.000      4.508      0.202
   141.500      4.507      0.202
   142.000      4.505      0.204
   142.500      4.504      0.205
   143.000      4.502      0.205
   143.500      4.500      0.205
   144.000      4.499      0.206
   144.500      4.498      0.206
   145.000      4.497      0.206
   145.500      4.495      0.207
   146.000      4.493      0.208
   146.500      4.492      0.209
   147.000      4.490      0.209
   147.500      4.488      0.210
   148.000      4.487      0.210
   148.500      4.485      0.209
   149.000      4.484      0.210
   149.500      4.482      0.211
   150.000      4.480      0.212
   150.500      4.478      0.213
   151.000      4.476      0.213
   151.500      4.474      0.214
   152.000      4.473      0.213
   152.500      4.471      0.213
   153.000      4.469      0.215
   153.500      4.467      0.216
   154.000      4.465      0.216
   154.500      4.463      0.217
   155.000      4.461      0.218
   155.500      4.460      0.217
   156.000      4.457      0.217
   156.500      4.455      0.218
   157.000      4.453      0.219
   157.500      4.451      0.220
   158.000      4.449      0.221
   158.500      4.447      0.221
   159.000      4.445      0.221
   159.500      4.443      0.220
   160.000      4.441      0.221
   160.500      4.438      0.223
   161.000      4.435      0.224
   161.500      4.433      0.225
   162.000      4.431      0.225
   162.500      4.429      0.224
   163.000      4.427      0.224
   163.500      4.425      0.224
   164.000      4.422      0.226
   164.500      4.419      0.227
   165.000      4.416      0.228
   165.500      4.414      0.228
   166.000      4.412      0.227
   166.500      4.410      0.228
   167.000      4.408      0.228
   167.500      4.405      0.230
   168.000      4.401      0.231
   168.500      4.398      0.231
   169.000      4.396      0.231
   169.500      4.394      0.230
   170.000      4.393      0.231
   170.500      4.391      0.231
   171.000      4.387      0.233
   171.500      4.383      0.234
   172.000      4.379      0.235
   172.500      4.377      0.234
   173.000      4.375      0.233
   173.500      4.374      0.234
   174.000      4.373      0.235
   174.500      4.369      0.237
   175.000      4.364      0.239
   175.500      4.359      0.239
   176.000      4.356      0.238
   176.500      4.354      0.237
   177.000      4.354      0.237
   177.500      4.354      0.238
   178.000      4.349      0.241
   178.500      4.343      0.244
   179.000      4.338      0.245
   179.500      4.334      0.243
   180.000      4.333      0.242
   180.500      4.333      0.242
   181.000      4.332      0.243
   181.500      4.330      0.246
   182.000      4.322      0.251
   182.500      4.315      0.253
   183.000      4.311      0.250
   183.500      4.310      0.250
   184.000      4.310      0.250
   184.500      4.310      0.250
   185.000      4.310      0.253
   185.500      4.301      0.261
   186.000      4.292      0.264
   186.500      4.287      0.262
   187.000      4.287      0.262
   187.500      4.287      0.262
   188.000      4.287      0.262
   188.500      4.287      0.262
   189.000      4.281      0.272
   189.500      4.267      0.281
   190.000      4.262      0.280
   190.500      4.262      0.280
   191.000      4.262      0.280
   191.500      4.262      0.280
   192.000      4.262      0.280
   192.500      4.262      0.285
   193.000      4.241      0.304
   193.500      4.236      0.305
   194.000      4.236      0.305
   194.500      4.236      0.305
   195.000      4.236      0.305
   195.500      4.236      0.305
   196.000      4.236      0.305
   196.500      4.215      0.335
   197.000      4.210      0.338
   197.500      4.210      0.338
   198.000      4.210      0.338
   198.500      4.210      0.338
   199.000      4.210      0.338
