     0.000      1.447      0.476
     0.500      3.259      0.142
     1.000      3.281      0.115
     1.500      3.304      0.106
     2.000      3.330      0.079
     2.500      3.346      0.077
     3.000      3.367      0.057
     3.500      3.384      0.051
     4.000      3.399      0.041
     4.500      3.416      0.035
     5.000      3.428      0.032
     5.500      3.442      0.030
     6.000      3.452      0.028
     6.500      3.463      0.029
     7.000      3.472      0.030
     7.500      3.481      0.031
     8.000      3.488      0.032
     8.500      3.495      0.032
     9.000      3.501      0.033
     9.500      3.507      0.034
    10.000      3.512      0.035
    10.500      3.517      0.035
    11.000      3.521      0.036
    11.500      3.524      0.036
    12.000      3.528      0.037
    12.500      3.531      0.037
    13.000      3.535      0.037
    13.500      3.538      0.037
    14.000      3.541      0.037
    14.500      3.544      0.037
    15.000      3.548      0.036
    15.500      3.552      0.036
    16.000      3.556      0.035
    16.500      3.560      0.035
    17.000      3.565      0.034
    17.500      3.570      0.034
    18.000      3.576      0.034
    18.500      3.581      0.035
    19.000      3.588      0.034
    19.500      3.595      0.035
    20.000      3.603      0.036
    20.500      3.611      0.037
    21.000      3.620      0.038
    21.500      3.629      0.039
    22.000      3.640      0.041
    22.500      3.651      0.042
    23.000      3.663      0.043
    23.500      3.676      0.044
    24.000      3.690      0.046
    24.500      3.704      0.046
    25.000      3.719      0.047
    25.500      3.737      0.048
    26.000      3.754      0.049
    26.500      3.774      0.050
    27.000      3.794      0.052
    27.500      3.814      0.053
    28.000      3.838      0.056
    28.500      3.861      0.060
    29.000      3.886      0.065
    29.500      3.912      0.070
    30.000      3.938      0.075
    30.500      3.966      0.080
    31.000      3.992      0.085
    31.500      4.018      0.090
    32.000      4.044      0.097
    32.500      4.069      0.102
    33.000      4.095      0.112
    33.500      4.127      0.117
    34.000      4.151      0.119
    34.500      4.174      0.127
    35.000      4.196      0.126
    35.500      4.219      0.118
    36.000      4.467      0.199
    36.500      4.469      0.191
    37.000      4.466      0.182
    37.500      4.464      0.175
    38.000      4.461      0.168
    38.500      4.457      0.157
    39.000      4.457      0.148
    39.500      4.457      0.141
    40.000      4.456      0.138
    40.500      4.454      0.135
    41.000      4.456      0.138
    41.500      4.462      0.146
    42.000      4.464      0.147
    42.500      4.467      0.148
    43.000      4.468      0.148
    43.500      4.466      0.146
    44.000      4.464      0.143
    44.500      4.462      0.139
    45.000      4.461      0.135
    45.500      4.459      0.131
    46.000      4.457      0.128
    46.500      4.453      0.125
    47.000      4.448      0.123
    47.500      4.442      0.118
    48.000      4.433      0.109
    48.500      4.426      0.103
    49.000      4.419      0.096
    49.500      4.414      0.092
    50.000      4.410      0.091
    50.500      4.404      0.089
    51.000      4.397      0.084
    51.500      4.390      0.081
    52.000      4.384      0.077
    52.500      4.379      0.073
    53.000      4.375      0.073
    53.500      4.371      0.073
    54.000      4.365      0.073
    54.500      4.360      0.072
    55.000      4.354      0.071
    55.500      4.349      0.068
    56.000      4.345      0.068
    56.500      4.342      0.069
    57.000      4.337      0.071
    57.500      4.332      0.073
    58.000      4.328      0.072
    58.500      4.323      0.072
    59.000      4.320      0.071
    59.500      4.317      0.072
    60.000      4.313      0.074
    60.500      4.309      0.076
    61.000      4.306      0.077
    61.500      4.302      0.077
    62.000      4.298      0.077
    62.500      4.296      0.077
    63.000      4.293      0.077
    63.500      4.290      0.079
    64.000      4.287      0.080
    64.500      4.284      0.081
    65.000      4.281      0.081
    65.500      4.278      0.080
    66.000      4.276      0.080
    66.500      4.274      0.081
    67.000      4.271      0.082
    67.500      4.269      0.082
    68.000      4.267      0.082
    68.500      4.264      0.082
    69.000      4.263      0.082
    69.500      4.261      0.082
    70.000      4.258      0.082
    70.500      4.257      0.082
    71.000      4.255      0.082
    71.500      4.254      0.081
    72.000      4.252      0.081
    72.500      4.251      0.081
    73.000      4.249      0.080
    73.500      4.247      0.080
    74.000      4.247      0.080
    74.500      4.245      0.079
    75.000      4.244      0.079
    75.500      4.243      0.079
    76.000      4.242      0.079
    76.500      4.241      0.078
    77.000      4.240      0.078
    77.500      4.240      0.077
    78.000      4.239      0.077
    78.500      4.238      0.077
    79.000      4.237      0.077
    79.500      4.236      0.076
    80.000      4.236      0.075
    80.500      4.236      0.075
    81.000      4.235      0.076
    81.500      4.235      0.076
    82.000      4.235      0.076
    82.500      4.234      0.076
    83.000      4.234      0.075
    83.500      4.234      0.075
    84.000      4.234      0.075
    84.500      4.234      0.076
    85.000      4.234      0.076
    85.500      4.233      0.077
    86.000      4.233      0.076
    86.500      4.234      0.076
    87.000      4.234      0.076
    87.500      4.234      0.077
    88.000      4.234      0.078
    88.500      4.234      0.079
    89.000      4.234      0.079
    89.500      4.234      0.079
    90.000      4.235      0.079
    90.500      4.235      0.080
    91.000      4.236      0.081
    91.500      4.236      0.082
    92.000      4.236      0.082
    92.500      4.237      0.082
    93.000      4.237      0.083
    93.500      4.238      0.083
    94.000      4.238      0.084
    94.500      4.239      0.085
    95.000      4.239      0.086
    95.500      4.240      0.086
    96.000      4.240      0.087
    96.500      4.241      0.088
    97.000      4.241      0.088
    97.500      4.242      0.089
    98.000      4.242      0.090
    98.500      4.243      0.091
    99.000      4.244      0.091
    99.500      4.244      0.092
   100.000      4.245      0.092
   100.500      4.246      0.093
   101.000      4.246      0.094
   101.500      4.247      0.095
   102.000      4.248      0.095
   102.500      4.248      0.096
   103.000      4.249      0.097
   103.500      4.250      0.097
   104.000      4.251      0.098
   104.500      4.251      0.099
   105.000      4.252      0.100
   105.500      4.253      0.101
   106.000      4.253      0.101
   106.500      4.254      0.102
   107.000      4.256      0.102
   107.500      4.256      0.103
   108.000      4.257      0.104
   108.500      4.258      0.105
   109.000      4.259      0.106
   109.500      4.259      0.106
   110.000      4.261      0.107
   110.500      4.262      0.107
   111.000      4.262      0.108
   111.500      4.263      0.110
   112.000      4.264      0.111
   112.500      4.264      0.111
   113.000      4.265      0.112
   113.500      4.267      0.112
   114.000      4.268      0.113
   114.500      4.269      0.115
   115.000      4.270      0.116
   115.500      4.270      0.116
   116.000      4.271      0.116
   116.500      4.272      0.117
   117.000      4.274      0.118
   117.500      4.275      0.120
   118.000      4.276      0.121
   118.500      4.277      0.122
   119.000      4.277      0.122
   119.500      4.278      0.122
   120.000      4.280      0.124
   120.500      4.281      0.125
   121.000      4.282      0.127
   121.500      4.283      0.128
   122.000      4.283      0.128
   122.500      4.284      0.128
   123.000      4.286      0.128
   123.500      4.287      0.130
   124.000      4.288      0.133
   124.500      4.289      0.134
   125.000      4.290      0.134
   125.500      4.291      0.134
   126.000      4.292      0.134
   126.500      4.293      0.136
   127.000      4.295      0.138
   127.500      4.295      0.140
   128.000      4.296      0.141
   128.500      4.297      0.141
   129.000      4.298      0.141
   129.500      4.299      0.141
   130.000      4.301      0.143
   130.500      4.302      0.146
   131.000      4.303      0.147
   131.500      4.304      0.148
   132.000      4.305      0.147
   132.500      4.306      0.148
   133.000      4.307      0.148
   133.500      4.309      0.152
   134.000      4.309      0.153
   134.500      4.310      0.154
   135.000      4.311      0.154
   135.500      4.312      0.154
   136.000      4.313      0.154
   136.500      4.315      0.156
   137.000      4.316      0.159
   137.500      4.316      0.161
   138.000      4.317      0.161
   138.500      4.319      0.161
   139.000      4.320      0.161
   139.500      4.321      0.161
   140.000      4.323      0.164
   140.500      4.323      0.166
   141.000      4.324      0.167
   141.500      4.325      0.168
   142.000      4.326      0.168
   142.500      4.327      0.167
   143.000      4.328      0.167
   143.500      4.330      0.170
   144.000      4.330      0.172
   144.500      4.331      0.174
   145.000      4.332      0.174
   145.500      4.333      0.174
   146.000      4.334      0.173
   146.500      4.335      0.173
   147.000      4.336      0.176
   147.500      4.337      0.178
   148.000      4.338      0.179
   148.500      4.338      0.180
   149.000      4.340      0.179
   149.500      4.340      0.178
   150.000      4.342      0.179
   150.500      4.343      0.181
   151.000      4.344      0.184
   151.500      4.344      0.184
   152.000      4.345      0.184
   152.500      4.346      0.182
   153.000      4.346      0.181
   153.500      4.348      0.184
   154.000      4.349      0.186
   154.500      4.350      0.188
   155.000      4.350      0.188
   155.500      4.351      0.187
   156.000      4.352      0.185
   156.500      4.352      0.185
   157.000      4.354      0.188
   157.500      4.356      0.190
   158.000      4.356      0.191
   158.500      4.356      0.191
   159.000      4.356      0.189
   159.500      4.357      0.188
   160.000      4.359      0.188
   160.500      4.360      0.191
   161.000      4.361      0.193
   161.500      4.361      0.193
   162.000      4.360      0.192
   162.500      4.360      0.190
   163.000      4.361      0.190
   163.500      4.364      0.191
   164.000      4.366      0.194
   164.500      4.366      0.195
   165.000      4.365      0.194
   165.500      4.363      0.193
   166.000      4.364      0.192
   166.500      4.366      0.192
   167.000      4.369      0.194
   167.500      4.370      0.196
   168.000      4.370      0.196
   168.500      4.367      0.194
   169.000      4.365      0.195
   169.500      4.369      0.195
   170.000      4.371      0.195
   170.500      4.374      0.198
   171.000      4.374      0.198
   171.500      4.371      0.197
   172.000      4.369      0.197
   172.500      4.368      0.198
   173.000      4.372      0.198
   173.500      4.375      0.199
   174.000      4.377      0.201
   174.500      4.376      0.201
   175.000      4.372      0.201
   175.500      4.370      0.202
   176.000      4.371      0.202
   176.500      4.375      0.204
   177.000      4.380      0.206
   177.500      4.379      0.206
   178.000      4.374      0.207
   178.500      4.372      0.209
   179.000      4.372      0.209
   179.500      4.373      0.209
   180.000      4.378      0.211
   180.500      4.381      0.214
   181.000      4.377      0.215
   181.500      4.372      0.219
   182.000      4.372      0.219
   182.500      4.372      0.219
   183.000      4.376      0.221
   183.500      4.382      0.226
   184.000      4.381      0.227
   184.500      4.373      0.234
   185.000      4.372      0.234
   185.500      4.372      0.234
   186.000      4.372      0.234
   186.500      4.377      0.238
   187.000      4.383      0.245
   187.500      4.374      0.252
   188.000      4.371      0.254
   188.500      4.371      0.254
   189.000      4.371      0.254
   189.500      4.371      0.254
   190.000      4.378      0.264
   190.500      4.376      0.274
   191.000      4.369      0.281
   191.500      4.369      0.281
   192.000      4.369      0.281
   192.500      4.369      0.281
   193.000      4.369      0.281
   193.500      4.381      0.299
   194.000      4.366      0.315
   194.500      4.366      0.315
   195.000      4.366      0.315
   195.500      4.366      0.315
   196.000      4.366      0.315
   196.500      4.366      0.315
   197.000      4.362      0.356
   197.500      4.362      0.356
   198.000      4.362      0.356
   198.500      4.362      0.356
   199.000      4.362      0.356
   199.500      4.362      0.356
