     0.000      1.219      0.606
     0.500      3.316      0.114
     1.000      3.323      0.116
     1.500      3.361      0.089
     2.000      3.364      0.089
     2.500      3.392      0.066
     3.000      3.400      0.066
     3.500      3.421      0.048
     4.000      3.430      0.048
     4.500      3.447      0.035
     5.000      3.453      0.035
     5.500      3.469      0.026
     6.000      3.474      0.026
     6.500      3.485      0.023
     7.000      3.492      0.022
     7.500      3.499      0.023
     8.000      3.506      0.022
     8.500      3.511      0.024
     9.000      3.517      0.024
     9.500      3.521      0.025
    10.000      3.526      0.026
    10.500      3.529      0.027
    11.000      3.533      0.028
    11.500      3.536      0.028
    12.000      3.539      0.029
    12.500      3.541      0.030
    13.000      3.543      0.030
    13.500      3.545      0.031
    14.000      3.547      0.031
    14.500      3.549      0.031
    15.000      3.550      0.031
    15.500      3.552      0.031
    16.000      3.554      0.031
    16.500      3.555      0.030
    17.000      3.557      0.030
    17.500      3.559      0.029
    18.000      3.561      0.029
    18.500      3.563      0.028
    19.000      3.566      0.027
    19.500      3.568      0.026
    20.000      3.571      0.025
    20.500      3.574      0.024
    21.000      3.577      0.023
    21.500      3.580      0.023
    22.000      3.583      0.022
    22.500      3.587      0.022
    23.000      3.591      0.022
    23.500      3.595      0.022
    24.000      3.599      0.022
    24.500      3.604      0.023
    25.000      3.609      0.024
    25.500      3.615      0.025
    26.000      3.620      0.026
    26.500      3.626      0.028
    27.000      3.633      0.029
    27.500      3.640      0.032
    28.000      3.647      0.033
    28.500      3.655      0.035
    29.000      3.663      0.037
    29.500      3.671      0.039
    30.000      3.681      0.041
    30.500      3.690      0.043
    31.000      3.700      0.046
    31.500      3.710      0.048
    32.000      3.721      0.051
    32.500      3.733      0.053
    33.000      3.745      0.056
    33.500      3.758      0.059
    34.000      3.771      0.062
    34.500      3.785      0.066
    35.000      3.800      0.069
    35.500      3.815      0.073
    36.000      3.830      0.076
    36.500      3.847      0.081
    37.000      3.865      0.085
    37.500      3.887      0.085
    38.000      3.912      0.083
    38.500      3.936      0.082
    39.000      3.958      0.087
    39.500      3.978      0.091
    40.000      4.000      0.097
    40.500      4.020      0.102
    41.000      4.043      0.106
    41.500      4.069      0.107
    42.000      4.090      0.104
    42.500      4.104      0.107
    43.000      4.115      0.111
    43.500      4.532      0.164
    44.000      4.531      0.159
    44.500      4.528      0.153
    45.000      4.531      0.150
    45.500      4.537      0.151
    46.000      4.537      0.148
    46.500      4.535      0.146
    47.000      4.533      0.147
    47.500      4.529      0.147
    48.000      4.530      0.146
    48.500      4.528      0.144
    49.000      4.527      0.141
    49.500      4.524      0.139
    50.000      4.523      0.138
    50.500      4.521      0.140
    51.000      4.521      0.144
    51.500      4.522      0.147
    52.000      4.523      0.149
    52.500      4.523      0.151
    53.000      4.519      0.150
    53.500      4.515      0.150
    54.000      4.509      0.149
    54.500      4.504      0.146
    55.000      4.500      0.145
    55.500      4.497      0.142
    56.000      4.492      0.141
    56.500      4.489      0.140
    57.000      4.485      0.139
    57.500      4.480      0.137
    58.000      4.475      0.136
    58.500      4.472      0.134
    59.000      4.468      0.133
    59.500      4.465      0.132
    60.000      4.462      0.130
    60.500      4.457      0.128
    61.000      4.452      0.126
    61.500      4.449      0.125
    62.000      4.446      0.124
    62.500      4.442      0.122
    63.000      4.440      0.120
    63.500      4.436      0.118
    64.000      4.432      0.115
    64.500      4.429      0.114
    65.000      4.426      0.113
    65.500      4.423      0.112
    66.000      4.420      0.110
    66.500      4.417      0.107
    67.000      4.413      0.104
    67.500      4.410      0.102
    68.000      4.407      0.101
    68.500      4.405      0.100
    69.000      4.402      0.098
    69.500      4.400      0.096
    70.000      4.397      0.092
    70.500      4.394      0.089
    71.000      4.392      0.088
    71.500      4.389      0.087
    72.000      4.386      0.085
    72.500      4.384      0.083
    73.000      4.382      0.080
    73.500      4.379      0.077
    74.000      4.377      0.075
    74.500      4.374      0.073
    75.000      4.372      0.072
    75.500      4.370      0.070
    76.000      4.368      0.068
    76.500      4.366      0.066
    77.000      4.364      0.063
    77.500      4.362      0.062
    78.000      4.359      0.061
    78.500      4.358      0.060
    79.000      4.356      0.059
    79.500      4.354      0.058
    80.000      4.353      0.057
    80.500      4.351      0.055
    81.000      4.349      0.055
    81.500      4.347      0.054
    82.000      4.346      0.055
    82.500      4.344      0.056
    83.000      4.342      0.057
    83.500      4.341      0.056
    84.000      4.339      0.057
    84.500      4.337      0.057
    85.000      4.336      0.058
    85.500      4.335      0.060
    86.000      4.333      0.062
    86.500      4.332      0.064
    87.000      4.331      0.066
    87.500      4.329      0.067
    88.000      4.329      0.068
    88.500      4.327      0.070
    89.000      4.326      0.072
    89.500      4.325      0.076
    90.000      4.323      0.079
    90.500      4.322      0.080
    91.000      4.322      0.081
    91.500      4.321      0.083
    92.000      4.320      0.085
    92.500      4.318      0.088
    93.000      4.317      0.092
    93.500      4.317      0.095
    94.000      4.316      0.096
    94.500      4.316      0.098
    95.000      4.315      0.099
    95.500      4.313      0.101
    96.000      4.312      0.105
    96.500      4.312      0.108
    97.000      4.311      0.110
    97.500      4.311      0.111
    98.000      4.310      0.112
    98.500      4.309      0.114
    99.000      4.307      0.116
    99.500      4.308      0.121
   100.000      4.308      0.123
   100.500      4.308      0.124
   101.000      4.307      0.125
   101.500      4.306      0.126
   102.000      4.305      0.128
   102.500      4.304      0.131
   103.000      4.305      0.134
   103.500      4.305      0.135
   104.000      4.305      0.136
   104.500      4.304      0.137
   105.000      4.302      0.138
   105.500      4.302      0.139
   106.000      4.303      0.143
   106.500      4.303      0.145
   107.000      4.303      0.146
   107.500      4.302      0.147
   108.000      4.302      0.147
   108.500      4.301      0.148
   109.000      4.301      0.151
   109.500      4.303      0.154
   110.000      4.302      0.155
   110.500      4.302      0.155
   111.000      4.301      0.156
   111.500      4.301      0.156
   112.000      4.301      0.157
   112.500      4.302      0.161
   113.000      4.303      0.163
   113.500      4.302      0.163
   114.000      4.302      0.163
   114.500      4.301      0.164
   115.000      4.302      0.164
   115.500      4.303      0.166
   116.000      4.304      0.169
   116.500      4.303      0.170
   117.000      4.303      0.170
   117.500      4.303      0.170
   118.000      4.303      0.171
   118.500      4.304      0.171
   119.000      4.305      0.175
   119.500      4.305      0.176
   120.000      4.305      0.176
   120.500      4.305      0.176
   121.000      4.305      0.177
   121.500      4.306      0.177
   122.000      4.307      0.179
   122.500      4.308      0.181
   123.000      4.308      0.181
   123.500      4.308      0.182
   124.000      4.308      0.182
   124.500      4.309      0.182
   125.000      4.310      0.182
   125.500      4.311      0.185
   126.000      4.311      0.186
   126.500      4.311      0.186
   127.000      4.311      0.187
   127.500      4.313      0.187
   128.000      4.314      0.187
   128.500      4.315      0.188
   129.000      4.315      0.190
   129.500      4.315      0.190
   130.000      4.315      0.191
   130.500      4.317      0.191
   131.000      4.318      0.191
   131.500      4.319      0.191
   132.000      4.320      0.192
   132.500      4.320      0.193
   133.000      4.320      0.194
   133.500      4.321      0.194
   134.000      4.323      0.194
   134.500      4.324      0.194
   135.000      4.325      0.194
   135.500      4.325      0.196
   136.000      4.325      0.196
   136.500      4.326      0.197
   137.000      4.328      0.197
   137.500      4.330      0.197
   138.000      4.331      0.196
   138.500      4.331      0.198
   139.000      4.331      0.198
   139.500      4.331      0.198
   140.000      4.334      0.198
   140.500      4.336      0.198
   141.000      4.337      0.198
   141.500      4.338      0.198
   142.000      4.338      0.199
   142.500      4.338      0.199
   143.000      4.339      0.199
   143.500      4.343      0.199
   144.000      4.344      0.199
   144.500      4.344      0.199
   145.000      4.344      0.199
   145.500      4.345      0.199
   146.000      4.345      0.199
   146.500      4.349      0.199
   147.000      4.351      0.199
   147.500      4.352      0.198
   148.000      4.352      0.198
   148.500      4.352      0.198
   149.000      4.352      0.198
   149.500      4.356      0.197
   150.000      4.359      0.197
   150.500      4.359      0.197
   151.000      4.360      0.197
   151.500      4.360      0.196
   152.000      4.360      0.195
   152.500      4.362      0.195
   153.000      4.366      0.195
   153.500      4.367      0.194
   154.000      4.368      0.194
   154.500      4.368      0.193
   155.000      4.368      0.191
   155.500      4.369      0.190
   156.000      4.373      0.190
   156.500      4.375      0.190
   157.000      4.376      0.190
   157.500      4.377      0.189
   158.000      4.377      0.186
   158.500      4.377      0.185
   159.000      4.381      0.185
   159.500      4.383      0.185
   160.000      4.384      0.184
   160.500      4.386      0.183
   161.000      4.386      0.181
   161.500      4.386      0.178
   162.000      4.388      0.178
   162.500      4.391      0.177
   163.000      4.393      0.176
   163.500      4.395      0.175
   164.000      4.396      0.174
   164.500      4.395      0.170
   165.000      4.395      0.169
   165.500      4.399      0.169
   166.000      4.402      0.168
   166.500      4.403      0.166
   167.000      4.405      0.165
   167.500      4.405      0.163
   168.000      4.404      0.160
   168.500      4.407      0.159
   169.000      4.410      0.159
   169.500      4.412      0.156
   170.000      4.414      0.155
   170.500      4.416      0.155
   171.000      4.413      0.150
   171.500      4.415      0.150
   172.000      4.418      0.149
   172.500      4.421      0.147
   173.000      4.423      0.145
   173.500      4.425      0.145
   174.000      4.424      0.143
   174.500      4.422      0.140
   175.000      4.426      0.141
   175.500      4.430      0.138
   176.000      4.433      0.137
   176.500      4.434      0.137
   177.000      4.434      0.137
   177.500      4.431      0.131
   178.000      4.434      0.134
   178.500      4.438      0.133
   179.000      4.442      0.132
   179.500      4.444      0.132
   180.000      4.444      0.132
   180.500      4.443      0.130
   181.000      4.442      0.132
   181.500      4.447      0.134
   182.000      4.452      0.133
   182.500      4.453      0.134
   183.000      4.453      0.134
   183.500      4.453      0.134
   184.000      4.448      0.134
   184.500      4.453      0.144
   185.000      4.461      0.145
   185.500      4.462      0.145
   186.000      4.462      0.145
   186.500      4.462      0.145
   187.000      4.461      0.144
   187.500      4.460      0.163
   188.000      4.470      0.166
   188.500      4.471      0.167
   189.000      4.471      0.167
   189.500      4.471      0.167
   190.000      4.471      0.167
   190.500      4.468      0.182
   191.000      4.479      0.199
   191.500      4.480      0.199
   192.000      4.480      0.199
   192.500      4.480      0.199
   193.000      4.480      0.199
   193.500      4.478      0.200
   194.000      4.487      0.240
   194.500      4.489      0.240
   195.000      4.489      0.240
   195.500      4.489      0.240
   196.000      4.489      0.240
   196.500      4.489      0.240
   197.000      4.496      0.289
   197.500      4.497      0.290
   198.000      4.497      0.290
   198.500      4.497      0.290
   199.000      4.497      0.290
   199.500      4.497      0.290
