     0.000      1.528      0.514
     0.500      2.898      0.172
     1.000      2.911      0.180
     1.500      2.936      0.173
     2.000      3.004      0.139
     2.500      3.029      0.124
     3.000      3.073      0.110
     3.500      3.117      0.088
     4.000      3.145      0.084
     4.500      3.181      0.073
     5.000      3.217      0.061
     5.500      3.246      0.063
     6.000      3.273      0.057
     6.500      3.306      0.058
     7.000      3.329      0.057
     7.500      3.354      0.057
     8.000      3.379      0.060
     8.500      3.401      0.059
     9.000      3.422      0.062
     9.500      3.443      0.061
    10.000      3.461      0.062
    10.500      3.479      0.062
    11.000      3.496      0.061
    11.500      3.510      0.062
    12.000      3.527      0.060
    12.500      3.541      0.059
    13.000      3.553      0.057
    13.500      3.567      0.057
    14.000      3.579      0.055
    14.500      3.590      0.053
    15.000      3.602      0.053
    15.500      3.611      0.051
    16.000      3.621      0.050
    16.500      3.631      0.050
    17.000      3.640      0.048
    17.500      3.648      0.048
    18.000      3.657      0.048
    18.500      3.665      0.047
    19.000      3.673      0.047
    19.500      3.681      0.047
    20.000      3.688      0.047
    20.500      3.695      0.047
    21.000      3.703      0.047
    21.500      3.709      0.046
    22.000      3.716      0.046
    22.500      3.723      0.046
    23.000      3.729      0.046
    23.500      3.736      0.046
    24.000      3.742      0.045
    24.500      3.748      0.045
    25.000      3.754      0.045
    25.500      3.760      0.044
    26.000      3.766      0.044
    26.500      3.772      0.044
    27.000      3.777      0.044
    27.500      3.783      0.044
    28.000      3.788      0.043
    28.500      3.794      0.043
    29.000      3.799      0.044
    29.500      3.805      0.043
    30.000      3.811      0.044
    30.500      3.816      0.044
    31.000      3.821      0.044
    31.500      3.827      0.045
    32.000      3.832      0.046
    32.500      3.838      0.046
    33.000      3.844      0.047
    33.500      3.849      0.048
    34.000      3.856      0.049
    34.500      3.861      0.050
    35.000      3.867      0.050
    35.500      3.874      0.051
    36.000      3.880      0.052
    36.500      3.886      0.053
    37.000      3.892      0.055
    37.500      3.899      0.056
    38.000      3.905      0.057
    38.500      3.912      0.059
    39.000      3.919      0.060
    39.500      3.926      0.061
    40.000      3.933      0.062
    40.500      3.942      0.063
    41.000      3.949      0.064
    41.500      3.957      0.065
    42.000      3.966      0.067
    42.500      3.974      0.068
    43.000      3.983      0.070
    43.500      3.991      0.072
    44.000      3.999      0.074
    44.500      4.008      0.076
    45.000      4.017      0.079
    45.500      4.028      0.081
    46.000      4.038      0.082
    46.500      4.049      0.085
    47.000      4.060      0.087
    47.500      4.071      0.090
    48.000      4.082      0.094
    48.500      4.093      0.096
    49.000      4.105      0.098
    49.500      4.114      0.101
    50.000      4.123      0.103
    50.500      4.132      0.104
    51.000      4.140      0.105
    51.500      4.419      0.182
    52.000      4.429      0.178
    52.500      4.438      0.176
    53.000      4.447      0.175
    53.500      4.456      0.173
    54.000      4.460      0.170
    54.500      4.465      0.168
    55.000      4.470      0.167
    55.500      4.473      0.165
    56.000      4.477      0.162
    56.500      4.480      0.158
    57.000      4.484      0.156
    57.500      4.489      0.154
    58.000      4.493      0.151
    58.500      4.496      0.148
    59.000      4.499      0.145
    59.500      4.502      0.142
    60.000      4.505      0.140
    60.500      4.509      0.137
    61.000      4.512      0.135
    61.500      4.516      0.133
    62.000      4.519      0.131
    62.500      4.521      0.129
    63.000      4.524      0.128
    63.500      4.526      0.126
    64.000      4.527      0.124
    64.500      4.528      0.123
    65.000      4.530      0.122
    65.500      4.531      0.121
    66.000      4.533      0.121
    66.500      4.534      0.120
    67.000      4.535      0.120
    67.500      4.536      0.120
    68.000      4.537      0.120
    68.500      4.538      0.120
    69.000      4.538      0.120
    69.500      4.539      0.120
    70.000      4.540      0.121
    70.500      4.540      0.121
    71.000      4.541      0.121
    71.500      4.541      0.122
    72.000      4.541      0.122
    72.500      4.542      0.122
    73.000      4.542      0.123
    73.500      4.542      0.123
    74.000      4.542      0.123
    74.500      4.542      0.124
    75.000      4.542      0.124
    75.500      4.542      0.124
    76.000      4.542      0.124
    76.500      4.542      0.125
    77.000      4.541      0.125
    77.500      4.541      0.125
    78.000      4.541      0.125
    78.500      4.540      0.125
    79.000      4.540      0.125
    79.500      4.539      0.125
    80.000      4.539      0.125
    80.500      4.538      0.124
    81.000      4.537      0.124
    81.500      4.537      0.124
    82.000      4.536      0.124
    82.500      4.535      0.123
    83.000      4.534      0.123
    83.500      4.533      0.123
    84.000      4.532      0.122
    84.500      4.531      0.122
    85.000      4.531      0.121
    85.500      4.530      0.121
    86.000      4.529      0.120
    86.500      4.527      0.120
    87.000      4.526      0.119
    87.500      4.525      0.119
    88.000      4.524      0.118
    88.500      4.523      0.118
    89.000      4.522      0.117
    89.500      4.521      0.116
    90.000      4.519      0.116
    90.500      4.518      0.115
    91.000      4.517      0.115
    91.500      4.516      0.114
    92.000      4.515      0.114
    92.500      4.513      0.113
    93.000      4.512      0.113
    93.500      4.511      0.112
    94.000      4.510      0.112
    94.500      4.508      0.111
    95.000      4.507      0.111
    95.500      4.506      0.111
    96.000      4.504      0.111
    96.500      4.503      0.111
    97.000      4.502      0.110
    97.500      4.501      0.110
    98.000      4.499      0.110
    98.500      4.498      0.110
    99.000      4.497      0.110
    99.500      4.496      0.110
   100.000      4.495      0.110
   100.500      4.494      0.110
   101.000      4.492      0.110
   101.500      4.491      0.110
   102.000      4.490      0.111
   102.500      4.489      0.112
   103.000      4.488      0.112
   103.500      4.487      0.112
   104.000      4.485      0.113
   104.500      4.484      0.113
   105.000      4.483      0.114
   105.500      4.483      0.115
   106.000      4.482      0.116
   106.500      4.480      0.116
   107.000      4.479      0.117
   107.500      4.478      0.118
   108.000      4.478      0.119
   108.500      4.477      0.120
   109.000      4.476      0.121
   109.500      4.475      0.122
   110.000      4.473      0.123
   110.500      4.473      0.124
   111.000      4.473      0.125
   111.500      4.472      0.127
   112.000      4.471      0.128
   112.500      4.470      0.129
   113.000      4.469      0.130
   113.500      4.468      0.131
   114.000      4.468      0.133
   114.500      4.467      0.135
   115.000      4.466      0.136
   115.500      4.465      0.138
   116.000      4.464      0.139
   116.500      4.464      0.140
   117.000      4.464      0.142
   117.500      4.463      0.144
   118.000      4.462      0.145
   118.500      4.461      0.147
   119.000      4.460      0.148
   119.500      4.460      0.150
   120.000      4.459      0.151
   120.500      4.459      0.153
   121.000      4.458      0.155
   121.500      4.457      0.157
   122.000      4.456      0.158
   122.500      4.456      0.160
   123.000      4.456      0.162
   123.500      4.455      0.164
   124.000      4.454      0.166
   124.500      4.453      0.167
   125.000      4.453      0.168
   125.500      4.453      0.170
   126.000      4.452      0.172
   126.500      4.452      0.174
   127.000      4.451      0.176
   127.500      4.450      0.178
   128.000      4.449      0.179
   128.500      4.449      0.181
   129.000      4.449      0.183
   129.500      4.449      0.185
   130.000      4.448      0.187
   130.500      4.447      0.188
   131.000      4.446      0.189
   131.500      4.446      0.191
   132.000      4.446      0.193
   132.500      4.445      0.195
   133.000      4.445      0.197
   133.500      4.444      0.198
   134.000      4.443      0.199
   134.500      4.443      0.201
   135.000      4.442      0.203
   135.500      4.442      0.205
   136.000      4.441      0.206
   136.500      4.440      0.208
   137.000      4.440      0.209
   137.500      4.439      0.211
   138.000      4.439      0.212
   138.500      4.439      0.214
   139.000      4.438      0.215
   139.500      4.437      0.217
   140.000      4.436      0.218
   140.500      4.436      0.219
   141.000      4.436      0.221
   141.500      4.435      0.222
   142.000      4.435      0.223
   142.500      4.434      0.225
   143.000      4.433      0.226
   143.500      4.432      0.227
   144.000      4.432      0.228
   144.500      4.432      0.229
   145.000      4.431      0.230
   145.500      4.430      0.232
   146.000      4.429      0.233
   146.500      4.428      0.233
   147.000      4.428      0.234
   147.500      4.428      0.235
   148.000      4.427      0.236
   148.500      4.426      0.237
   149.000      4.425      0.238
   149.500      4.424      0.238
   150.000      4.424      0.239
   150.500      4.423      0.239
   151.000      4.423      0.240
   151.500      4.422      0.241
   152.000      4.421      0.242
   152.500      4.420      0.242
   153.000      4.419      0.241
   153.500      4.419      0.242
   154.000      4.418      0.242
   154.500      4.417      0.243
   155.000      4.416      0.244
   155.500      4.415      0.243
   156.000      4.414      0.243
   156.500      4.414      0.243
   157.000      4.413      0.243
   157.500      4.412      0.244
   158.000      4.411      0.244
   158.500      4.410      0.243
   159.000      4.409      0.242
   159.500      4.408      0.242
   160.000      4.407      0.242
   160.500      4.406      0.242
   161.000      4.405      0.243
   161.500      4.403      0.241
   162.000      4.402      0.239
   162.500      4.402      0.239
   163.000      4.401      0.239
   163.500      4.400      0.239
   164.000      4.399      0.239
   164.500      4.397      0.237
   165.000      4.395      0.235
   165.500      4.394      0.234
   166.000      4.394      0.234
   166.500      4.393      0.234
   167.000      4.392      0.234
   167.500      4.389      0.231
   168.000      4.387      0.228
   168.500      4.387      0.228
   169.000      4.386      0.228
   169.500      4.386      0.228
   170.000      4.384      0.227
   170.500      4.380      0.223
   171.000      4.378      0.221
   171.500      4.378      0.220
   172.000      4.378      0.220
   172.500      4.377      0.220
   173.000      4.375      0.220
   173.500      4.371      0.215
   174.000      4.369      0.212
   174.500      4.368      0.212
   175.000      4.368      0.212
   175.500      4.368      0.211
   176.000      4.366      0.211
   176.500      4.360      0.206
   177.000      4.358      0.204
   177.500      4.358      0.204
   178.000      4.358      0.204
   178.500      4.358      0.204
   179.000      4.355      0.204
   179.500      4.348      0.199
   180.000      4.347      0.198
   180.500      4.346      0.198
   181.000      4.347      0.199
   181.500      4.347      0.199
   182.000      4.344      0.199
   182.500      4.335      0.195
   183.000      4.334      0.196
   183.500      4.334      0.197
   184.000      4.334      0.196
   184.500      4.334      0.198
   185.000      4.331      0.199
   185.500      4.321      0.197
   186.000      4.320      0.201
   186.500      4.320      0.202
   187.000      4.320      0.201
   187.500      4.321      0.202
   188.000      4.317      0.206
   188.500      4.305      0.210
   189.000      4.305      0.215
   189.500      4.305      0.215
   190.000      4.306      0.215
   190.500      4.306      0.216
   191.000      4.302      0.223
   191.500      4.289      0.236
   192.000      4.289      0.238
   192.500      4.289      0.238
   193.000      4.289      0.238
   193.500      4.289      0.238
   194.000      4.286      0.250
   194.500      4.272      0.272
   195.000      4.272      0.272
   195.500      4.272      0.272
   196.000      4.272      0.272
   196.500      4.272      0.272
   197.000      4.268      0.288
   197.500      4.253      0.315
   198.000      4.253      0.315
   198.500      4.253      0.315
   199.000      4.253      0.315
   199.500      4.253      0.315
