     0.000      1.226      0.544
     0.500      3.035      0.208
     1.000      3.065      0.211
     1.500      3.101      0.191
     2.000      3.162      0.157
     2.500      3.184      0.152
     3.000      3.231      0.124
     3.500      3.269      0.112
     4.000      3.300      0.097
     4.500      3.335      0.081
     5.000      3.366      0.076
     5.500      3.393      0.067
     6.000      3.422      0.059
     6.500      3.449      0.059
     7.000      3.471      0.053
     7.500      3.495      0.053
     8.000      3.517      0.054
     8.500      3.535      0.053
     9.000      3.556      0.055
     9.500      3.573      0.055
    10.000      3.588      0.055
    10.500      3.605      0.057
    11.000      3.618      0.057
    11.500      3.632      0.058
    12.000      3.644      0.058
    12.500      3.656      0.058
    13.000      3.666      0.059
    13.500      3.676      0.058
    14.000      3.685      0.059
    14.500      3.694      0.058
    15.000      3.702      0.059
    15.500      3.710      0.059
    16.000      3.716      0.059
    16.500      3.724      0.059
    17.000      3.730      0.059
    17.500      3.736      0.059
    18.000      3.743      0.060
    18.500      3.749      0.060
    19.000      3.755      0.060
    19.500      3.761      0.060
    20.000      3.766      0.059
    20.500      3.772      0.059
    21.000      3.778      0.059
    21.500      3.783      0.058
    22.000      3.789      0.058
    22.500      3.794      0.057
    23.000      3.800      0.057
    23.500      3.805      0.056
    24.000      3.811      0.055
    24.500      3.816      0.054
    25.000      3.822      0.054
    25.500      3.828      0.052
    26.000      3.833      0.051
    26.500      3.839      0.050
    27.000      3.845      0.049
    27.500      3.851      0.049
    28.000      3.857      0.048
    28.500      3.864      0.047
    29.000      3.870      0.046
    29.500      3.877      0.045
    30.000      3.884      0.045
    30.500      3.890      0.045
    31.000      3.897      0.044
    31.500      3.905      0.044
    32.000      3.912      0.044
    32.500      3.919      0.045
    33.000      3.927      0.045
    33.500      3.935      0.046
    34.000      3.944      0.047
    34.500      3.952      0.048
    35.000      3.960      0.050
    35.500      3.969      0.052
    36.000      3.978      0.054
    36.500      3.987      0.056
    37.000      3.997      0.058
    37.500      4.006      0.060
    38.000      4.016      0.061
    38.500      4.026      0.063
    39.000      4.036      0.066
    39.500      4.045      0.067
    40.000      4.055      0.070
    40.500      4.065      0.072
    41.000      4.075      0.074
    41.500      4.086      0.077
    42.000      4.096      0.079
    42.500      4.106      0.081
    43.000      4.117      0.084
    43.500      4.128      0.086
    44.000      4.140      0.090
    44.500      4.152      0.094
    45.000      4.164      0.098
    45.500      4.177      0.103
    46.000      4.189      0.107
    46.500      4.202      0.112
    47.000      4.216      0.116
    47.500      4.229      0.117
    48.000      4.243      0.120
    48.500      4.406      0.190
    49.000      4.415      0.191
    49.500      4.424      0.191
    50.000      4.431      0.189
    50.500      4.437      0.186
    51.000      4.442      0.181
    51.500      4.444      0.175
    52.000      4.447      0.171
    52.500      4.448      0.166
    53.000      4.451      0.161
    53.500      4.457      0.158
    54.000      4.463      0.157
    54.500      4.468      0.157
    55.000      4.474      0.157
    55.500      4.478      0.157
    56.000      4.483      0.156
    56.500      4.488      0.154
    57.000      4.491      0.151
    57.500      4.495      0.150
    58.000      4.498      0.149
    58.500      4.501      0.148
    59.000      4.503      0.147
    59.500      4.503      0.145
    60.000      4.502      0.142
    60.500      4.500      0.139
    61.000      4.497      0.136
    61.500      4.495      0.134
    62.000      4.492      0.131
    62.500      4.490      0.130
    63.000      4.488      0.130
    63.500      4.486      0.129
    64.000      4.484      0.129
    64.500      4.482      0.129
    65.000      4.480      0.129
    65.500      4.478      0.130
    66.000      4.477      0.131
    66.500      4.475      0.132
    67.000      4.473      0.133
    67.500      4.471      0.134
    68.000      4.469      0.135
    68.500      4.468      0.136
    69.000      4.466      0.138
    69.500      4.465      0.139
    70.000      4.463      0.140
    70.500      4.461      0.141
    71.000      4.460      0.142
    71.500      4.459      0.143
    72.000      4.457      0.144
    72.500      4.456      0.145
    73.000      4.454      0.146
    73.500      4.453      0.146
    74.000      4.452      0.147
    74.500      4.451      0.147
    75.000      4.450      0.148
    75.500      4.448      0.148
    76.000      4.447      0.148
    76.500      4.446      0.148
    77.000      4.445      0.148
    77.500      4.444      0.148
    78.000      4.443      0.148
    78.500      4.442      0.147
    79.000      4.441      0.147
    79.500      4.440      0.147
    80.000      4.439      0.147
    80.500      4.438      0.146
    81.000      4.437      0.145
    81.500      4.436      0.144
    82.000      4.436      0.143
    82.500      4.435      0.143
    83.000      4.434      0.142
    83.500      4.434      0.141
    84.000      4.433      0.140
    84.500      4.432      0.138
    85.000      4.432      0.137
    85.500      4.431      0.136
    86.000      4.431      0.135
    86.500      4.430      0.134
    87.000      4.429      0.133
    87.500      4.428      0.131
    88.000      4.428      0.130
    88.500      4.428      0.129
    89.000      4.428      0.128
    89.500      4.427      0.127
    90.000      4.426      0.125
    90.500      4.426      0.124
    91.000      4.426      0.123
    91.500      4.426      0.122
    92.000      4.425      0.121
    92.500      4.425      0.120
    93.000      4.424      0.119
    93.500      4.424      0.118
    94.000      4.424      0.117
    94.500      4.424      0.117
    95.000      4.423      0.116
    95.500      4.423      0.115
    96.000      4.423      0.114
    96.500      4.422      0.114
    97.000      4.422      0.113
    97.500      4.423      0.113
    98.000      4.422      0.113
    98.500      4.422      0.112
    99.000      4.422      0.112
    99.500      4.421      0.112
   100.000      4.421      0.112
   100.500      4.422      0.112
   101.000      4.421      0.113
   101.500      4.421      0.112
   102.000      4.421      0.112
   102.500      4.421      0.113
   103.000      4.421      0.113
   103.500      4.421      0.114
   104.000      4.421      0.115
   104.500      4.421      0.115
   105.000      4.421      0.115
   105.500      4.421      0.116
   106.000      4.420      0.117
   106.500      4.421      0.118
   107.000      4.421      0.119
   107.500      4.420      0.120
   108.000      4.421      0.120
   108.500      4.420      0.122
   109.000      4.420      0.123
   109.500      4.420      0.124
   110.000      4.420      0.125
   110.500      4.420      0.126
   111.000      4.420      0.127
   111.500      4.420      0.128
   112.000      4.420      0.130
   112.500      4.420      0.131
   113.000      4.420      0.132
   113.500      4.420      0.133
   114.000      4.420      0.134
   114.500      4.420      0.136
   115.000      4.420      0.137
   115.500      4.420      0.138
   116.000      4.420      0.140
   116.500      4.420      0.141
   117.000      4.420      0.142
   117.500      4.419      0.144
   118.000      4.419      0.145
   118.500      4.419      0.147
   119.000      4.420      0.148
   119.500      4.420      0.150
   120.000      4.420      0.151
   120.500      4.419      0.153
   121.000      4.419      0.154
   121.500      4.419      0.155
   122.000      4.419      0.157
   122.500      4.420      0.158
   123.000      4.420      0.160
   123.500      4.419      0.161
   124.000      4.419      0.163
   124.500      4.419      0.164
   125.000      4.419      0.166
   125.500      4.419      0.167
   126.000      4.419      0.169
   126.500      4.419      0.170
   127.000      4.418      0.171
   127.500      4.418      0.173
   128.000      4.419      0.174
   128.500      4.419      0.176
   129.000      4.419      0.177
   129.500      4.418      0.179
   130.000      4.418      0.180
   130.500      4.418      0.181
   131.000      4.418      0.183
   131.500      4.418      0.185
   132.000      4.418      0.186
   132.500      4.418      0.187
   133.000      4.418      0.188
   133.500      4.417      0.190
   134.000      4.417      0.191
   134.500      4.417      0.193
   135.000      4.417      0.194
   135.500      4.417      0.195
   136.000      4.417      0.196
   136.500      4.417      0.197
   137.000      4.417      0.199
   137.500      4.416      0.200
   138.000      4.416      0.202
   138.500      4.416      0.202
   139.000      4.416      0.203
   139.500      4.416      0.205
   140.000      4.416      0.206
   140.500      4.415      0.207
   141.000      4.415      0.208
   141.500      4.415      0.209
   142.000      4.415      0.210
   142.500      4.415      0.211
   143.000      4.414      0.212
   143.500      4.414      0.213
   144.000      4.414      0.214
   144.500      4.414      0.215
   145.000      4.414      0.216
   145.500      4.414      0.217
   146.000      4.413      0.217
   146.500      4.412      0.218
   147.000      4.412      0.219
   147.500      4.412      0.220
   148.000      4.413      0.221
   148.500      4.412      0.221
   149.000      4.411      0.222
   149.500      4.411      0.222
   150.000      4.410      0.223
   150.500      4.410      0.224
   151.000      4.411      0.224
   151.500      4.410      0.225
   152.000      4.410      0.225
   152.500      4.409      0.225
   153.000      4.408      0.225
   153.500      4.408      0.226
   154.000      4.408      0.227
   154.500      4.408      0.227
   155.000      4.407      0.227
   155.500      4.407      0.227
   156.000      4.406      0.227
   156.500      4.406      0.227
   157.000      4.406      0.228
   157.500      4.406      0.228
   158.000      4.405      0.228
   158.500      4.404      0.227
   159.000      4.403      0.227
   159.500      4.403      0.227
   160.000      4.403      0.227
   160.500      4.403      0.227
   161.000      4.402      0.227
   161.500      4.401      0.226
   162.000      4.401      0.226
   162.500      4.400      0.226
   163.000      4.399      0.226
   163.500      4.399      0.225
   164.000      4.399      0.225
   164.500      4.398      0.224
   165.000      4.398      0.224
   165.500      4.396      0.223
   166.000      4.396      0.222
   166.500      4.396      0.222
   167.000      4.395      0.222
   167.500      4.395      0.221
   168.000      4.394      0.220
   168.500      4.393      0.219
   169.000      4.392      0.218
   169.500      4.392      0.218
   170.000      4.391      0.218
   170.500      4.390      0.217
   171.000      4.390      0.216
   171.500      4.389      0.214
   172.000      4.388      0.214
   172.500      4.387      0.214
   173.000      4.386      0.213
   173.500      4.386      0.212
   174.000      4.385      0.210
   174.500      4.385      0.209
   175.000      4.384      0.209
   175.500      4.382      0.209
   176.000      4.380      0.209
   176.500      4.380      0.208
   177.000      4.380      0.206
   177.500      4.381      0.205
   178.000      4.379      0.206
   178.500      4.376      0.206
   179.000      4.374      0.206
   179.500      4.374      0.205
   180.000      4.374      0.203
   180.500      4.376      0.204
   181.000      4.374      0.204
   181.500      4.370      0.205
   182.000      4.368      0.205
   182.500      4.367      0.205
   183.000      4.368      0.205
   183.500      4.370      0.205
   184.000      4.369      0.205
   184.500      4.364      0.207
   185.000      4.361      0.208
   185.500      4.360      0.209
   186.000      4.362      0.212
   186.500      4.362      0.212
   187.000      4.363      0.212
   187.500      4.359      0.215
   188.000      4.353      0.217
   188.500      4.352      0.220
   189.000      4.355      0.225
   189.500      4.355      0.225
   190.000      4.355      0.225
   190.500      4.354      0.227
   191.000      4.345      0.234
   191.500      4.345      0.244
   192.000      4.346      0.246
   192.500      4.346      0.246
   193.000      4.346      0.246
   193.500      4.347      0.247
   194.000      4.336      0.259
   194.500      4.338      0.275
   195.000      4.338      0.275
   195.500      4.338      0.275
   196.000      4.338      0.275
   196.500      4.338      0.275
   197.000      4.326      0.292
   197.500      4.328      0.313
   198.000      4.328      0.313
   198.500      4.328      0.313
   199.000      4.328      0.313
   199.500      4.328      0.313
