     0.000      1.435      0.527
     0.500      3.266      0.143
     1.000      3.277      0.144
     1.500      3.312      0.108
     2.000      3.331      0.105
     2.500      3.346      0.090
     3.000      3.371      0.075
     3.500      3.384      0.070
     4.000      3.404      0.051
     4.500      3.418      0.049
     5.000      3.436      0.037
     5.500      3.446      0.033
     6.000      3.463      0.031
     6.500      3.473      0.026
     7.000      3.483      0.027
     7.500      3.496      0.027
     8.000      3.504      0.026
     8.500      3.512      0.028
     9.000      3.523      0.029
     9.500      3.529      0.030
    10.000      3.537      0.031
    10.500      3.543      0.032
    11.000      3.548      0.032
    11.500      3.554      0.033
    12.000      3.559      0.033
    12.500      3.564      0.033
    13.000      3.568      0.032
    13.500      3.572      0.032
    14.000      3.575      0.032
    14.500      3.578      0.031
    15.000      3.582      0.031
    15.500      3.584      0.030
    16.000      3.587      0.030
    16.500      3.589      0.029
    17.000      3.592      0.029
    17.500      3.594      0.029
    18.000      3.596      0.028
    18.500      3.598      0.028
    19.000      3.600      0.028
    19.500      3.602      0.028
    20.000      3.604      0.027
    20.500      3.606      0.027
    21.000      3.608      0.027
    21.500      3.610      0.026
    22.000      3.612      0.026
    22.500      3.614      0.026
    23.000      3.616      0.025
    23.500      3.618      0.025
    24.000      3.620      0.025
    24.500      3.622      0.025
    25.000      3.625      0.025
    25.500      3.627      0.025
    26.000      3.629      0.025
    26.500      3.632      0.025
    27.000      3.635      0.025
    27.500      3.637      0.026
    28.000      3.640      0.026
    28.500      3.643      0.027
    29.000      3.646      0.028
    29.500      3.650      0.028
    30.000      3.653      0.029
    30.500      3.657      0.030
    31.000      3.661      0.031
    31.500      3.665      0.032
    32.000      3.670      0.034
    32.500      3.674      0.035
    33.000      3.679      0.036
    33.500      3.684      0.038
    34.000      3.689      0.039
    34.500      3.695      0.041
    35.000      3.701      0.042
    35.500      3.707      0.044
    36.000      3.713      0.046
    36.500      3.720      0.048
    37.000      3.727      0.050
    37.500      3.734      0.051
    38.000      3.740      0.053
    38.500      3.748      0.055
    39.000      3.755      0.057
    39.500      3.764      0.060
    40.000      3.773      0.063
    40.500      3.782      0.065
    41.000      3.792      0.068
    41.500      3.803      0.070
    42.000      3.814      0.072
    42.500      3.824      0.075
    43.000      3.836      0.077
    43.500      3.850      0.079
    44.000      3.865      0.081
    44.500      3.883      0.082
    45.000      3.898      0.083
    45.500      3.914      0.084
    46.000      3.930      0.087
    46.500      3.947      0.087
    47.000      3.964      0.091
    47.500      3.983      0.093
    48.000      4.003      0.092
    48.500      4.023      0.093
    49.000      4.429      0.244
    49.500      4.433      0.240
    50.000      4.438      0.238
    50.500      4.442      0.236
    51.000      4.443      0.230
    51.500      4.439      0.223
    52.000      4.434      0.215
    52.500      4.428      0.207
    53.000      4.422      0.200
    53.500      4.414      0.193
    54.000      4.403      0.184
    54.500      4.396      0.177
    55.000      4.393      0.172
    55.500      4.394      0.171
    56.000      4.394      0.172
    56.500      4.393      0.172
    57.000      4.387      0.168
    57.500      4.381      0.165
    58.000      4.374      0.160
    58.500      4.366      0.153
    59.000      4.359      0.147
    59.500      4.354      0.143
    60.000      4.348      0.139
    60.500      4.343      0.138
    61.000      4.338      0.135
    61.500      4.332      0.131
    62.000      4.326      0.128
    62.500      4.322      0.126
    63.000      4.317      0.125
    63.500      4.313      0.125
    64.000      4.308      0.124
    64.500      4.303      0.122
    65.000      4.299      0.121
    65.500      4.295      0.120
    66.000      4.291      0.121
    66.500      4.288      0.121
    67.000      4.284      0.121
    67.500      4.279      0.121
    68.000      4.276      0.121
    68.500      4.273      0.121
    69.000      4.269      0.121
    69.500      4.267      0.122
    70.000      4.263      0.122
    70.500      4.259      0.122
    71.000      4.257      0.123
    71.500      4.254      0.123
    72.000      4.252      0.123
    72.500      4.250      0.123
    73.000      4.247      0.123
    73.500      4.244      0.124
    74.000      4.242      0.124
    74.500      4.240      0.124
    75.000      4.238      0.124
    75.500      4.236      0.123
    76.000      4.234      0.123
    76.500      4.231      0.123
    77.000      4.230      0.123
    77.500      4.229      0.123
    78.000      4.227      0.122
    78.500      4.225      0.121
    79.000      4.224      0.121
    79.500      4.222      0.121
    80.000      4.221      0.121
    80.500      4.220      0.120
    81.000      4.219      0.119
    81.500      4.217      0.118
    82.000      4.216      0.118
    82.500      4.215      0.118
    83.000      4.214      0.117
    83.500      4.214      0.116
    84.000      4.212      0.115
    84.500      4.212      0.115
    85.000      4.211      0.115
    85.500      4.210      0.114
    86.000      4.209      0.113
    86.500      4.209      0.112
    87.000      4.208      0.112
    87.500      4.208      0.112
    88.000      4.208      0.112
    88.500      4.207      0.112
    89.000      4.206      0.111
    89.500      4.206      0.110
    90.000      4.205      0.110
    90.500      4.205      0.111
    91.000      4.205      0.111
    91.500      4.205      0.111
    92.000      4.204      0.111
    92.500      4.204      0.110
    93.000      4.203      0.111
    93.500      4.203      0.112
    94.000      4.203      0.113
    94.500      4.203      0.113
    95.000      4.202      0.114
    95.500      4.202      0.113
    96.000      4.202      0.114
    96.500      4.202      0.116
    97.000      4.202      0.117
    97.500      4.202      0.118
    98.000      4.201      0.119
    98.500      4.200      0.119
    99.000      4.200      0.120
    99.500      4.200      0.122
   100.000      4.200      0.124
   100.500      4.200      0.125
   101.000      4.199      0.126
   101.500      4.198      0.127
   102.000      4.198      0.127
   102.500      4.198      0.129
   103.000      4.198      0.131
   103.500      4.198      0.133
   104.000      4.197      0.134
   104.500      4.196      0.135
   105.000      4.196      0.136
   105.500      4.196      0.138
   106.000      4.196      0.140
   106.500      4.195      0.141
   107.000      4.194      0.142
   107.500      4.194      0.143
   108.000      4.194      0.144
   108.500      4.193      0.146
   109.000      4.193      0.148
   109.500      4.192      0.150
   110.000      4.191      0.151
   110.500      4.191      0.152
   111.000      4.190      0.153
   111.500      4.190      0.155
   112.000      4.189      0.157
   112.500      4.189      0.158
   113.000      4.188      0.159
   113.500      4.187      0.160
   114.000      4.187      0.161
   114.500      4.186      0.163
   115.000      4.186      0.165
   115.500      4.185      0.166
   116.000      4.185      0.166
   116.500      4.184      0.167
   117.000      4.183      0.168
   117.500      4.183      0.170
   118.000      4.182      0.172
   118.500      4.182      0.173
   119.000      4.181      0.174
   119.500      4.180      0.175
   120.000      4.179      0.176
   120.500      4.179      0.178
   121.000      4.178      0.179
   121.500      4.178      0.180
   122.000      4.177      0.181
   122.500      4.176      0.182
   123.000      4.175      0.183
   123.500      4.175      0.185
   124.000      4.174      0.186
   124.500      4.174      0.187
   125.000      4.174      0.188
   125.500      4.172      0.189
   126.000      4.171      0.190
   126.500      4.171      0.191
   127.000      4.171      0.193
   127.500      4.170      0.194
   128.000      4.170      0.194
   128.500      4.168      0.195
   129.000      4.167      0.196
   129.500      4.167      0.198
   130.000      4.167      0.199
   130.500      4.167      0.200
   131.000      4.166      0.201
   131.500      4.164      0.202
   132.000      4.163      0.203
   132.500      4.163      0.204
   133.000      4.163      0.205
   133.500      4.163      0.206
   134.000      4.162      0.207
   134.500      4.161      0.208
   135.000      4.160      0.209
   135.500      4.160      0.210
   136.000      4.160      0.211
   136.500      4.159      0.212
   137.000      4.159      0.214
   137.500      4.158      0.214
   138.000      4.156      0.215
   138.500      4.156      0.216
   139.000      4.157      0.217
   139.500      4.156      0.218
   140.000      4.156      0.220
   140.500      4.155      0.220
   141.000      4.153      0.221
   141.500      4.153      0.222
   142.000      4.154      0.223
   142.500      4.153      0.224
   143.000      4.153      0.225
   143.500      4.152      0.226
   144.000      4.151      0.227
   144.500      4.151      0.228
   145.000      4.151      0.229
   145.500      4.151      0.230
   146.000      4.151      0.230
   146.500      4.150      0.232
   147.000      4.149      0.232
   147.500      4.149      0.233
   148.000      4.149      0.234
   148.500      4.149      0.235
   149.000      4.149      0.235
   149.500      4.149      0.237
   150.000      4.147      0.237
   150.500      4.147      0.238
   151.000      4.148      0.239
   151.500      4.148      0.240
   152.000      4.148      0.240
   152.500      4.147      0.241
   153.000      4.147      0.241
   153.500      4.146      0.242
   154.000      4.147      0.243
   154.500      4.148      0.244
   155.000      4.148      0.245
   155.500      4.147      0.245
   156.000      4.146      0.245
   156.500      4.146      0.246
   157.000      4.147      0.247
   157.500      4.148      0.248
   158.000      4.148      0.248
   158.500      4.147      0.248
   159.000      4.147      0.248
   159.500      4.147      0.249
   160.000      4.148      0.250
   160.500      4.149      0.251
   161.000      4.149      0.251
   161.500      4.149      0.251
   162.000      4.148      0.251
   162.500      4.148      0.251
   163.000      4.150      0.253
   163.500      4.151      0.254
   164.000      4.151      0.254
   164.500      4.151      0.254
   165.000      4.150      0.253
   165.500      4.151      0.253
   166.000      4.152      0.255
   166.500      4.154      0.256
   167.000      4.154      0.256
   167.500      4.153      0.255
   168.000      4.153      0.255
   168.500      4.156      0.255
   169.000      4.156      0.257
   169.500      4.157      0.258
   170.000      4.158      0.258
   170.500      4.157      0.257
   171.000      4.157      0.257
   171.500      4.161      0.257
   172.000      4.160      0.259
   172.500      4.162      0.261
   173.000      4.162      0.260
   173.500      4.161      0.258
   174.000      4.163      0.258
   174.500      4.167      0.259
   175.000      4.166      0.260
   175.500      4.168      0.264
   176.000      4.168      0.262
   176.500      4.167      0.260
   177.000      4.170      0.261
   177.500      4.173      0.263
   178.000      4.173      0.263
   178.500      4.174      0.267
   179.000      4.176      0.266
   179.500      4.174      0.264
   180.000      4.180      0.266
   180.500      4.181      0.267
   181.000      4.181      0.268
   181.500      4.182      0.272
   182.000      4.184      0.271
   182.500      4.183      0.270
   183.000      4.190      0.273
   183.500      4.190      0.273
   184.000      4.191      0.275
   184.500      4.191      0.278
   185.000      4.194      0.279
   185.500      4.194      0.279
   186.000      4.200      0.283
   186.500      4.200      0.283
   187.000      4.201      0.284
   187.500      4.201      0.287
   188.000      4.205      0.291
   188.500      4.209      0.294
   189.000      4.212      0.297
   189.500      4.212      0.297
   190.000      4.212      0.297
   190.500      4.214      0.300
   191.000      4.217      0.308
   191.500      4.226      0.316
   192.000      4.226      0.316
   192.500      4.226      0.316
   193.000      4.226      0.316
   193.500      4.227      0.318
   194.000      4.232      0.331
   194.500      4.241      0.341
   195.000      4.241      0.341
   195.500      4.241      0.341
   196.000      4.241      0.341
   196.500      4.241      0.341
   197.000      4.247      0.359
   197.500      4.258      0.373
   198.000      4.258      0.373
   198.500      4.258      0.373
   199.000      4.258      0.373
   199.500      4.258      0.373
