     0.000      1.642      0.398
     0.500      3.034      0.206
     1.000      3.095      0.197
     1.500      3.148      0.159
     2.000      3.192      0.132
     2.500      3.232      0.110
     3.000      3.273      0.087
     3.500      3.307      0.072
     4.000      3.339      0.060
     4.500      3.368      0.053
     5.000      3.396      0.049
     5.500      3.417      0.048
     6.000      3.439      0.049
     6.500      3.459      0.050
     7.000      3.476      0.050
     7.500      3.492      0.053
     8.000      3.506      0.052
     8.500      3.519      0.053
     9.000      3.531      0.052
     9.500      3.543      0.052
    10.000      3.553      0.051
    10.500      3.562      0.050
    11.000      3.571      0.049
    11.500      3.579      0.048
    12.000      3.588      0.047
    12.500      3.596      0.047
    13.000      3.604      0.046
    13.500      3.611      0.045
    14.000      3.618      0.044
    14.500      3.625      0.043
    15.000      3.633      0.043
    15.500      3.639      0.042
    16.000      3.646      0.041
    16.500      3.653      0.040
    17.000      3.660      0.040
    17.500      3.667      0.039
    18.000      3.674      0.039
    18.500      3.682      0.039
    19.000      3.689      0.038
    19.500      3.696      0.038
    20.000      3.703      0.038
    20.500      3.711      0.039
    21.000      3.719      0.039
    21.500      3.726      0.039
    22.000      3.735      0.040
    22.500      3.743      0.041
    23.000      3.752      0.042
    23.500      3.761      0.042
    24.000      3.770      0.043
    24.500      3.781      0.045
    25.000      3.791      0.045
    25.500      3.802      0.046
    26.000      3.814      0.046
    26.500      3.826      0.047
    27.000      3.838      0.047
    27.500      3.851      0.048
    28.000      3.864      0.049
    28.500      3.877      0.050
    29.000      3.890      0.051
    29.500      3.904      0.052
    30.000      3.919      0.054
    30.500      3.933      0.053
    31.000      3.950      0.054
    31.500      3.962      0.051
    32.000      3.978      0.051
    32.500      3.993      0.051
    33.000      4.009      0.054
    33.500      4.025      0.055
    34.000      4.042      0.059
    34.500      4.059      0.062
    35.000      4.120      0.108
    35.500      4.135      0.107
    36.000      4.151      0.105
    36.500      4.166      0.103
    37.000      4.180      0.103
    37.500      4.193      0.103
    38.000      4.208      0.110
    38.500      4.225      0.117
    39.000      4.239      0.122
    39.500      4.251      0.123
    40.000      4.263      0.123
    40.500      4.276      0.125
    41.000      4.286      0.124
    41.500      4.295      0.124
    42.000      4.305      0.124
    42.500      4.312      0.125
    43.000      4.319      0.124
    43.500      4.324      0.121
    44.000      4.330      0.118
    44.500      4.331      0.113
    45.000      4.333      0.108
    45.500      4.337      0.108
    46.000      4.340      0.107
    46.500      4.340      0.103
    47.000      4.340      0.098
    47.500      4.340      0.096
    48.000      4.339      0.092
    48.500      4.336      0.084
    49.000      4.333      0.076
    49.500      4.333      0.075
    50.000      4.333      0.073
    50.500      4.332      0.073
    51.000      4.332      0.073
    51.500      4.329      0.070
    52.000      4.326      0.067
    52.500      4.326      0.067
    53.000      4.325      0.068
    53.500      4.324      0.069
    54.000      4.323      0.070
    54.500      4.321      0.071
    55.000      4.318      0.070
    55.500      4.317      0.071
    56.000      4.317      0.073
    56.500      4.316      0.074
    57.000      4.315      0.075
    57.500      4.313      0.076
    58.000      4.310      0.078
    58.500      4.309      0.079
    59.000      4.308      0.080
    59.500      4.307      0.081
    60.000      4.306      0.081
    60.500      4.305      0.082
    61.000      4.302      0.083
    61.500      4.301      0.084
    62.000      4.300      0.084
    62.500      4.299      0.085
    63.000      4.297      0.085
    63.500      4.296      0.085
    64.000      4.294      0.085
    64.500      4.292      0.085
    65.000      4.291      0.085
    65.500      4.290      0.085
    66.000      4.289      0.084
    66.500      4.288      0.084
    67.000      4.286      0.083
    67.500      4.284      0.083
    68.000      4.283      0.082
    68.500      4.282      0.082
    69.000      4.280      0.081
    69.500      4.279      0.080
    70.000      4.278      0.079
    70.500      4.276      0.078
    71.000      4.275      0.077
    71.500      4.274      0.076
    72.000      4.273      0.075
    72.500      4.271      0.073
    73.000      4.270      0.072
    73.500      4.269      0.071
    74.000      4.268      0.070
    74.500      4.267      0.069
    75.000      4.266      0.068
    75.500      4.264      0.067
    76.000      4.263      0.066
    76.500      4.262      0.064
    77.000      4.261      0.063
    77.500      4.260      0.062
    78.000      4.259      0.062
    78.500      4.258      0.061
    79.000      4.257      0.061
    79.500      4.256      0.060
    80.000      4.255      0.059
    80.500      4.254      0.059
    81.000      4.253      0.059
    81.500      4.253      0.059
    82.000      4.251      0.059
    82.500      4.251      0.060
    83.000      4.250      0.060
    83.500      4.249      0.060
    84.000      4.249      0.061
    84.500      4.248      0.062
    85.000      4.247      0.063
    85.500      4.247      0.065
    86.000      4.246      0.066
    86.500      4.246      0.067
    87.000      4.245      0.068
    87.500      4.245      0.069
    88.000      4.245      0.071
    88.500      4.244      0.073
    89.000      4.244      0.075
    89.500      4.243      0.077
    90.000      4.243      0.078
    90.500      4.243      0.079
    91.000      4.243      0.081
    91.500      4.242      0.084
    92.000      4.242      0.086
    92.500      4.242      0.087
    93.000      4.242      0.089
    93.500      4.242      0.091
    94.000      4.242      0.092
    94.500      4.242      0.094
    95.000      4.242      0.097
    95.500      4.242      0.099
    96.000      4.242      0.100
    96.500      4.242      0.102
    97.000      4.242      0.103
    97.500      4.242      0.105
    98.000      4.242      0.107
    98.500      4.242      0.109
    99.000      4.243      0.111
    99.500      4.243      0.112
   100.000      4.243      0.114
   100.500      4.243      0.115
   101.000      4.243      0.116
   101.500      4.243      0.118
   102.000      4.244      0.120
   102.500      4.244      0.121
   103.000      4.244      0.123
   103.500      4.245      0.124
   104.000      4.245      0.125
   104.500      4.245      0.126
   105.000      4.246      0.128
   105.500      4.246      0.130
   106.000      4.246      0.130
   106.500      4.247      0.132
   107.000      4.247      0.132
   107.500      4.248      0.133
   108.000      4.248      0.135
   108.500      4.249      0.136
   109.000      4.249      0.137
   109.500      4.249      0.138
   110.000      4.250      0.139
   110.500      4.250      0.140
   111.000      4.251      0.140
   111.500      4.252      0.141
   112.000      4.252      0.143
   112.500      4.252      0.144
   113.000      4.253      0.144
   113.500      4.254      0.145
   114.000      4.255      0.145
   114.500      4.255      0.146
   115.000      4.256      0.147
   115.500      4.256      0.148
   116.000      4.256      0.149
   116.500      4.257      0.149
   117.000      4.258      0.150
   117.500      4.259      0.150
   118.000      4.260      0.151
   118.500      4.260      0.151
   119.000      4.261      0.152
   119.500      4.261      0.153
   120.000      4.262      0.153
   120.500      4.264      0.153
   121.000      4.264      0.154
   121.500      4.265      0.154
   122.000      4.265      0.154
   122.500      4.266      0.155
   123.000      4.266      0.155
   123.500      4.268      0.156
   124.000      4.269      0.156
   124.500      4.270      0.156
   125.000      4.270      0.156
   125.500      4.271      0.157
   126.000      4.271      0.157
   126.500      4.272      0.158
   127.000      4.274      0.158
   127.500      4.275      0.158
   128.000      4.276      0.158
   128.500      4.276      0.158
   129.000      4.277      0.158
   129.500      4.278      0.159
   130.000      4.279      0.159
   130.500      4.280      0.159
   131.000      4.281      0.159
   131.500      4.282      0.159
   132.000      4.283      0.159
   132.500      4.283      0.159
   133.000      4.285      0.159
   133.500      4.286      0.159
   134.000      4.287      0.159
   134.500      4.288      0.159
   135.000      4.289      0.159
   135.500      4.290      0.159
   136.000      4.290      0.159
   136.500      4.292      0.159
   137.000      4.292      0.159
   137.500      4.293      0.159
   138.000      4.295      0.159
   138.500      4.296      0.159
   139.000      4.297      0.159
   139.500      4.298      0.159
   140.000      4.298      0.158
   140.500      4.299      0.158
   141.000      4.300      0.159
   141.500      4.302      0.159
   142.000      4.303      0.158
   142.500      4.304      0.158
   143.000      4.305      0.158
   143.500      4.305      0.157
   144.000      4.306      0.157
   144.500      4.307      0.158
   145.000      4.309      0.158
   145.500      4.311      0.157
   146.000      4.312      0.156
   146.500      4.312      0.156
   147.000      4.312      0.156
   147.500      4.313      0.156
   148.000      4.315      0.156
   148.500      4.317      0.156
   149.000      4.318      0.155
   149.500      4.319      0.155
   150.000      4.319      0.154
   150.500      4.319      0.154
   151.000      4.321      0.154
   151.500      4.323      0.155
   152.000      4.324      0.155
   152.500      4.326      0.153
   153.000      4.326      0.153
   153.500      4.327      0.152
   154.000      4.327      0.153
   154.500      4.328      0.152
   155.000      4.330      0.153
   155.500      4.332      0.153
   156.000      4.333      0.151
   156.500      4.333      0.151
   157.000      4.334      0.151
   157.500      4.334      0.151
   158.000      4.335      0.150
   158.500      4.337      0.151
   159.000      4.339      0.151
   159.500      4.340      0.150
   160.000      4.340      0.149
   160.500      4.341      0.149
   161.000      4.342      0.149
   161.500      4.342      0.149
   162.000      4.344      0.150
   162.500      4.346      0.150
   163.000      4.347      0.149
   163.500      4.348      0.148
   164.000      4.348      0.149
   164.500      4.349      0.149
   165.000      4.349      0.148
   165.500      4.350      0.150
   166.000      4.353      0.150
   166.500      4.354      0.149
   167.000      4.354      0.149
   167.500      4.356      0.150
   168.000      4.355      0.150
   168.500      4.354      0.150
   169.000      4.357      0.152
   169.500      4.360      0.152
   170.000      4.361      0.152
   170.500      4.361      0.153
   171.000      4.362      0.154
   171.500      4.360      0.153
   172.000      4.361      0.154
   172.500      4.364      0.157
   173.000      4.367      0.157
   173.500      4.367      0.157
   174.000      4.368      0.160
   174.500      4.367      0.161
   175.000      4.366      0.160
   175.500      4.368      0.161
   176.000      4.370      0.165
   176.500      4.373      0.166
   177.000      4.373      0.168
   177.500      4.373      0.171
   178.000      4.371      0.172
   178.500      4.373      0.172
   179.000      4.373      0.173
   179.500      4.377      0.178
   180.000      4.378      0.180
   180.500      4.379      0.184
   181.000      4.376      0.188
   181.500      4.378      0.188
   182.000      4.378      0.188
   182.500      4.378      0.190
   183.000      4.383      0.195
   183.500      4.383      0.200
   184.000      4.382      0.207
   184.500      4.381      0.210
   185.000      4.383      0.210
   185.500      4.383      0.210
   186.000      4.383      0.211
   186.500      4.388      0.220
   187.000      4.388      0.228
   187.500      4.384      0.236
   188.000      4.387      0.236
   188.500      4.387      0.236
   189.000      4.387      0.236
   189.500      4.387      0.238
   190.000      4.391      0.251
   190.500      4.386      0.266
   191.000      4.390      0.269
   191.500      4.390      0.269
   192.000      4.390      0.269
   192.500      4.390      0.269
   193.000      4.390      0.271
   193.500      4.394      0.292
   194.000      4.393      0.306
   194.500      4.393      0.306
   195.000      4.393      0.306
   195.500      4.393      0.306
   196.000      4.393      0.306
   196.500      4.393      0.309
   197.000      4.395      0.349
   197.500      4.395      0.349
   198.000      4.395      0.349
   198.500      4.395      0.349
   199.000      4.395      0.349
   199.500      4.395      0.349
