     0.000      1.157      0.435
     0.500      1.461      0.373
     1.000      1.761      0.310
     1.500      2.046      0.333
     2.000      2.806      0.184
     2.500      2.869      0.196
     3.000      2.918      0.190
     3.500      2.963      0.172
     4.000      3.008      0.159
     4.500      3.044      0.145
     5.000      3.081      0.134
     5.500      3.111      0.122
     6.000      3.149      0.114
     6.500      3.177      0.106
     7.000      3.207      0.102
     7.500      3.235      0.097
     8.000      3.263      0.095
     8.500      3.287      0.092
     9.000      3.315      0.090
     9.500      3.335      0.088
    10.000      3.360      0.086
    10.500      3.382      0.085
    11.000      3.400      0.084
    11.500      3.423      0.081
    12.000      3.439      0.081
    12.500      3.457      0.079
    13.000      3.476      0.077
    13.500      3.490      0.077
    14.000      3.507      0.074
    14.500      3.522      0.073
    15.000      3.535      0.071
    15.500      3.550      0.069
    16.000      3.562      0.068
    16.500      3.574      0.067
    17.000      3.587      0.065
    17.500      3.597      0.064
    18.000      3.608      0.063
    18.500      3.619      0.062
    19.000      3.627      0.061
    19.500      3.638      0.060
    20.000      3.647      0.059
    20.500      3.655      0.059
    21.000      3.664      0.058
    21.500      3.672      0.057
    22.000      3.680      0.057
    22.500      3.688      0.056
    23.000      3.696      0.056
    23.500      3.703      0.055
    24.000      3.710      0.055
    24.500      3.717      0.055
    25.000      3.724      0.054
    25.500      3.730      0.054
    26.000      3.737      0.053
    26.500      3.743      0.053
    27.000      3.750      0.053
    27.500      3.756      0.053
    28.000      3.763      0.052
    28.500      3.769      0.053
    29.000      3.776      0.052
    29.500      3.782      0.052
    30.000      3.788      0.052
    30.500      3.795      0.052
    31.000      3.802      0.052
    31.500      3.809      0.052
    32.000      3.816      0.053
    32.500      3.823      0.053
    33.000      3.830      0.053
    33.500      3.838      0.054
    34.000      3.845      0.055
    34.500      3.853      0.056
    35.000      3.861      0.056
    35.500      3.868      0.057
    36.000      3.877      0.057
    36.500      3.885      0.057
    37.000      3.894      0.058
    37.500      3.903      0.059
    38.000      3.913      0.060
    38.500      3.923      0.060
    39.000      3.933      0.061
    39.500      3.943      0.062
    40.000      3.954      0.063
    40.500      3.965      0.066
    41.000      3.976      0.068
    41.500      3.989      0.071
    42.000      4.002      0.074
    42.500      4.017      0.077
    43.000      4.032      0.081
    43.500      4.048      0.084
    44.000      4.065      0.088
    44.500      4.083      0.092
    45.000      4.098      0.095
    45.500      4.115      0.101
    46.000      4.133      0.107
    46.500      4.151      0.112
    47.000      4.170      0.118
    47.500      4.460      0.207
    48.000      4.473      0.205
    48.500      4.485      0.205
    49.000      4.495      0.202
    49.500      4.505      0.199
    50.000      4.511      0.196
    50.500      4.516      0.192
    51.000      4.522      0.188
    51.500      4.528      0.185
    52.000      4.535      0.181
    52.500      4.539      0.177
    53.000      4.540      0.172
    53.500      4.540      0.167
    54.000      4.538      0.164
    54.500      4.534      0.161
    55.000      4.533      0.158
    55.500      4.533      0.154
    56.000      4.534      0.153
    56.500      4.536      0.153
    57.000      4.537      0.150
    57.500      4.540      0.148
    58.000      4.543      0.147
    58.500      4.547      0.146
    59.000      4.548      0.144
    59.500      4.547      0.142
    60.000      4.546      0.139
    60.500      4.545      0.136
    61.000      4.544      0.133
    61.500      4.543      0.130
    62.000      4.541      0.127
    62.500      4.540      0.125
    63.000      4.538      0.124
    63.500      4.537      0.122
    64.000      4.536      0.121
    64.500      4.535      0.120
    65.000      4.534      0.119
    65.500      4.533      0.119
    66.000      4.532      0.118
    66.500      4.531      0.118
    67.000      4.531      0.117
    67.500      4.530      0.117
    68.000      4.530      0.117
    68.500      4.529      0.118
    69.000      4.529      0.118
    69.500      4.528      0.118
    70.000      4.527      0.118
    70.500      4.527      0.118
    71.000      4.527      0.118
    71.500      4.527      0.119
    72.000      4.526      0.119
    72.500      4.525      0.119
    73.000      4.525      0.119
    73.500      4.525      0.120
    74.000      4.525      0.120
    74.500      4.526      0.120
    75.000      4.525      0.120
    75.500      4.525      0.120
    76.000      4.525      0.120
    76.500      4.525      0.120
    77.000      4.525      0.120
    77.500      4.526      0.120
    78.000      4.526      0.120
    78.500      4.526      0.120
    79.000      4.526      0.119
    79.500      4.526      0.119
    80.000      4.527      0.119
    80.500      4.527      0.119
    81.000      4.528      0.118
    81.500      4.528      0.118
    82.000      4.528      0.117
    82.500      4.529      0.116
    83.000      4.529      0.116
    83.500      4.530      0.116
    84.000      4.530      0.115
    84.500      4.531      0.114
    85.000      4.531      0.114
    85.500      4.532      0.113
    86.000      4.532      0.112
    86.500      4.533      0.112
    87.000      4.534      0.111
    87.500      4.534      0.110
    88.000      4.535      0.110
    88.500      4.536      0.109
    89.000      4.537      0.108
    89.500      4.537      0.107
    90.000      4.538      0.106
    90.500      4.539      0.106
    91.000      4.540      0.105
    91.500      4.541      0.104
    92.000      4.541      0.103
    92.500      4.542      0.103
    93.000      4.542      0.102
    93.500      4.544      0.102
    94.000      4.545      0.101
    94.500      4.546      0.100
    95.000      4.546      0.100
    95.500      4.547      0.099
    96.000      4.547      0.098
    96.500      4.549      0.098
    97.000      4.550      0.098
    97.500      4.551      0.097
    98.000      4.552      0.097
    98.500      4.552      0.096
    99.000      4.553      0.096
    99.500      4.554      0.096
   100.000      4.555      0.096
   100.500      4.556      0.096
   101.000      4.557      0.095
   101.500      4.558      0.095
   102.000      4.558      0.095
   102.500      4.559      0.095
   103.000      4.560      0.095
   103.500      4.561      0.095
   104.000      4.562      0.094
   104.500      4.563      0.094
   105.000      4.563      0.095
   105.500      4.564      0.095
   106.000      4.565      0.095
   106.500      4.566      0.095
   107.000      4.567      0.095
   107.500      4.568      0.095
   108.000      4.568      0.096
   108.500      4.569      0.096
   109.000      4.570      0.096
   109.500      4.571      0.097
   110.000      4.572      0.097
   110.500      4.573      0.097
   111.000      4.573      0.098
   111.500      4.574      0.098
   112.000      4.575      0.099
   112.500      4.576      0.099
   113.000      4.576      0.099
   113.500      4.577      0.100
   114.000      4.578      0.101
   114.500      4.578      0.101
   115.000      4.579      0.102
   115.500      4.580      0.102
   116.000      4.580      0.103
   116.500      4.581      0.104
   117.000      4.581      0.104
   117.500      4.582      0.105
   118.000      4.583      0.106
   118.500      4.584      0.107
   119.000      4.584      0.107
   119.500      4.585      0.108
   120.000      4.585      0.109
   120.500      4.586      0.110
   121.000      4.586      0.111
   121.500      4.587      0.112
   122.000      4.587      0.113
   122.500      4.587      0.114
   123.000      4.588      0.115
   123.500      4.589      0.116
   124.000      4.589      0.117
   124.500      4.589      0.118
   125.000      4.590      0.119
   125.500      4.590      0.120
   126.000      4.590      0.121
   126.500      4.591      0.122
   127.000      4.591      0.123
   127.500      4.592      0.125
   128.000      4.592      0.126
   128.500      4.592      0.127
   129.000      4.592      0.128
   129.500      4.592      0.129
   130.000      4.593      0.131
   130.500      4.593      0.132
   131.000      4.593      0.133
   131.500      4.593      0.134
   132.000      4.593      0.136
   132.500      4.593      0.137
   133.000      4.593      0.138
   133.500      4.593      0.140
   134.000      4.593      0.141
   134.500      4.593      0.142
   135.000      4.593      0.144
   135.500      4.593      0.145
   136.000      4.593      0.146
   136.500      4.593      0.148
   137.000      4.593      0.149
   137.500      4.593      0.151
   138.000      4.593      0.152
   138.500      4.592      0.153
   139.000      4.592      0.155
   139.500      4.592      0.156
   140.000      4.591      0.157
   140.500      4.591      0.159
   141.000      4.591      0.160
   141.500      4.590      0.161
   142.000      4.590      0.163
   142.500      4.589      0.164
   143.000      4.589      0.165
   143.500      4.589      0.167
   144.000      4.589      0.168
   144.500      4.588      0.169
   145.000      4.587      0.171
   145.500      4.586      0.172
   146.000      4.586      0.173
   146.500      4.585      0.174
   147.000      4.585      0.176
   147.500      4.584      0.177
   148.000      4.583      0.178
   148.500      4.582      0.179
   149.000      4.581      0.180
   149.500      4.581      0.181
   150.000      4.580      0.183
   150.500      4.579      0.184
   151.000      4.578      0.185
   151.500      4.576      0.186
   152.000      4.575      0.187
   152.500      4.574      0.188
   153.000      4.574      0.189
   153.500      4.572      0.190
   154.000      4.571      0.192
   154.500      4.570      0.193
   155.000      4.568      0.193
   155.500      4.567      0.194
   156.000      4.566      0.195
   156.500      4.565      0.196
   157.000      4.563      0.197
   157.500      4.562      0.198
   158.000      4.560      0.199
   158.500      4.558      0.199
   159.000      4.558      0.200
   159.500      4.556      0.201
   160.000      4.554      0.202
   160.500      4.553      0.203
   161.000      4.551      0.204
   161.500      4.548      0.204
   162.000      4.547      0.204
   162.500      4.546      0.204
   163.000      4.543      0.206
   163.500      4.542      0.206
   164.000      4.540      0.208
   164.500      4.537      0.208
   165.000      4.536      0.207
   165.500      4.534      0.207
   166.000      4.531      0.208
   166.500      4.529      0.209
   167.000      4.527      0.211
   167.500      4.525      0.211
   168.000      4.522      0.210
   168.500      4.520      0.210
   169.000      4.517      0.210
   169.500      4.515      0.211
   170.000      4.513      0.213
   170.500      4.511      0.214
   171.000      4.508      0.212
   171.500      4.506      0.212
   172.000      4.501      0.211
   172.500      4.499      0.213
   173.000      4.496      0.215
   173.500      4.495      0.216
   174.000      4.493      0.215
   174.500      4.488      0.213
   175.000      4.484      0.213
   175.500      4.481      0.214
   176.000      4.478      0.216
   176.500      4.477      0.217
   177.000      4.475      0.217
   177.500      4.469      0.215
   178.000      4.466      0.214
   178.500      4.462      0.216
   179.000      4.458      0.218
   179.500      4.456      0.219
   180.000      4.454      0.219
   180.500      4.451      0.218
   181.000      4.447      0.217
   181.500      4.441      0.218
   182.000      4.436      0.221
   182.500      4.434      0.223
   183.000      4.431      0.223
   183.500      4.429      0.222
   184.000      4.425      0.221
   184.500      4.418      0.221
   185.000      4.412      0.225
   185.500      4.409      0.228
   186.000      4.405      0.229
   186.500      4.405      0.229
   187.000      4.403      0.228
   187.500      4.395      0.228
   188.000      4.386      0.233
   188.500      4.382      0.237
   189.000      4.378      0.238
   189.500      4.378      0.238
   190.000      4.378      0.238
   190.500      4.371      0.238
   191.000      4.358      0.244
   191.500      4.351      0.251
   192.000      4.350      0.252
   192.500      4.350      0.252
   193.000      4.350      0.252
   193.500      4.348      0.251
   194.000      4.328      0.261
   194.500      4.318      0.270
   195.000      4.318      0.270
   195.500      4.318      0.270
   196.000      4.318      0.270
   196.500      4.318      0.270
   197.000      4.295      0.282
   197.500      4.285      0.295
   198.000      4.285      0.295
   198.500      4.285      0.295
   199.000      4.285      0.295
   199.500      4.285      0.295
