     0.000      1.200      0.487
     0.500      3.114      0.135
     1.000      3.143      0.143
     1.500      3.173      0.127
     2.000      3.229      0.106
     2.500      3.244      0.100
     3.000      3.289      0.084
     3.500      3.317      0.073
     4.000      3.343      0.068
     4.500      3.376      0.059
     5.000      3.398      0.055
     5.500      3.428      0.052
     6.000      3.445      0.049
     6.500      3.470      0.047
     7.000      3.489      0.047
     7.500      3.506      0.045
     8.000      3.528      0.045
     8.500      3.540      0.045
     9.000      3.556      0.045
     9.500      3.571      0.043
    10.000      3.582      0.044
    10.500      3.595      0.043
    11.000      3.607      0.042
    11.500      3.616      0.042
    12.000      3.626      0.040
    12.500      3.635      0.040
    13.000      3.642      0.039
    13.500      3.650      0.038
    14.000      3.657      0.037
    14.500      3.663      0.037
    15.000      3.669      0.036
    15.500      3.675      0.035
    16.000      3.680      0.035
    16.500      3.685      0.035
    17.000      3.689      0.034
    17.500      3.694      0.034
    18.000      3.698      0.034
    18.500      3.703      0.034
    19.000      3.707      0.033
    19.500      3.711      0.033
    20.000      3.715      0.033
    20.500      3.718      0.032
    21.000      3.722      0.032
    21.500      3.726      0.032
    22.000      3.729      0.031
    22.500      3.733      0.031
    23.000      3.737      0.031
    23.500      3.740      0.030
    24.000      3.744      0.030
    24.500      3.747      0.029
    25.000      3.751      0.029
    25.500      3.755      0.028
    26.000      3.758      0.028
    26.500      3.762      0.027
    27.000      3.766      0.027
    27.500      3.770      0.027
    28.000      3.774      0.027
    28.500      3.778      0.026
    29.000      3.782      0.027
    29.500      3.786      0.026
    30.000      3.790      0.027
    30.500      3.795      0.027
    31.000      3.800      0.028
    31.500      3.805      0.029
    32.000      3.809      0.030
    32.500      3.814      0.030
    33.000      3.819      0.031
    33.500      3.824      0.032
    34.000      3.829      0.033
    34.500      3.834      0.034
    35.000      3.840      0.036
    35.500      3.846      0.037
    36.000      3.852      0.038
    36.500      3.858      0.040
    37.000      3.864      0.041
    37.500      3.870      0.042
    38.000      3.877      0.044
    38.500      3.884      0.046
    39.000      3.892      0.047
    39.500      3.899      0.049
    40.000      3.908      0.051
    40.500      3.916      0.052
    41.000      3.925      0.054
    41.500      3.934      0.056
    42.000      3.943      0.057
    42.500      3.954      0.059
    43.000      3.963      0.061
    43.500      3.974      0.064
    44.000      3.984      0.067
    44.500      3.995      0.071
    45.000      4.006      0.075
    45.500      4.019      0.078
    46.000      4.033      0.082
    46.500      4.046      0.086
    47.000      4.061      0.091
    47.500      4.080      0.092
    48.000      4.097      0.092
    48.500      4.114      0.091
    49.000      4.408      0.232
    49.500      4.413      0.229
    50.000      4.411      0.223
    50.500      4.408      0.217
    51.000      4.407      0.210
    51.500      4.407      0.201
    52.000      4.406      0.193
    52.500      4.407      0.186
    53.000      4.409      0.184
    53.500      4.410      0.179
    54.000      4.408      0.173
    54.500      4.405      0.168
    55.000      4.402      0.161
    55.500      4.400      0.156
    56.000      4.400      0.154
    56.500      4.401      0.153
    57.000      4.404      0.154
    57.500      4.408      0.158
    58.000      4.413      0.162
    58.500      4.416      0.165
    59.000      4.420      0.167
    59.500      4.422      0.168
    60.000      4.423      0.166
    60.500      4.421      0.164
    61.000      4.418      0.161
    61.500      4.415      0.159
    62.000      4.412      0.155
    62.500      4.408      0.150
    63.000      4.405      0.146
    63.500      4.400      0.142
    64.000      4.396      0.140
    64.500      4.393      0.138
    65.000      4.390      0.135
    65.500      4.388      0.133
    66.000      4.385      0.131
    66.500      4.382      0.129
    67.000      4.380      0.128
    67.500      4.377      0.128
    68.000      4.376      0.127
    68.500      4.374      0.126
    69.000      4.372      0.125
    69.500      4.370      0.125
    70.000      4.369      0.124
    70.500      4.368      0.124
    71.000      4.367      0.124
    71.500      4.367      0.124
    72.000      4.365      0.123
    72.500      4.364      0.123
    73.000      4.364      0.123
    73.500      4.364      0.123
    74.000      4.364      0.123
    74.500      4.364      0.123
    75.000      4.364      0.122
    75.500      4.363      0.122
    76.000      4.364      0.121
    76.500      4.364      0.121
    77.000      4.365      0.121
    77.500      4.366      0.121
    78.000      4.366      0.120
    78.500      4.367      0.120
    79.000      4.367      0.119
    79.500      4.369      0.118
    80.000      4.370      0.118
    80.500      4.371      0.118
    81.000      4.373      0.117
    81.500      4.373      0.117
    82.000      4.374      0.115
    82.500      4.376      0.115
    83.000      4.378      0.115
    83.500      4.380      0.114
    84.000      4.382      0.114
    84.500      4.382      0.114
    85.000      4.384      0.113
    85.500      4.386      0.112
    86.000      4.388      0.111
    86.500      4.390      0.111
    87.000      4.392      0.112
    87.500      4.394      0.112
    88.000      4.395      0.112
    88.500      4.397      0.111
    89.000      4.399      0.111
    89.500      4.402      0.111
    90.000      4.404      0.112
    90.500      4.406      0.113
    91.000      4.408      0.113
    91.500      4.410      0.113
    92.000      4.412      0.113
    92.500      4.414      0.114
    93.000      4.416      0.115
    93.500      4.418      0.117
    94.000      4.420      0.118
    94.500      4.422      0.119
    95.000      4.425      0.120
    95.500      4.427      0.120
    96.000      4.429      0.122
    96.500      4.430      0.124
    97.000      4.432      0.127
    97.500      4.434      0.128
    98.000      4.436      0.129
    98.500      4.438      0.130
    99.000      4.440      0.132
    99.500      4.441      0.134
   100.000      4.443      0.137
   100.500      4.445      0.138
   101.000      4.447      0.140
   101.500      4.448      0.141
   102.000      4.450      0.143
   102.500      4.451      0.145
   103.000      4.453      0.148
   103.500      4.455      0.150
   104.000      4.456      0.151
   104.500      4.457      0.153
   105.000      4.458      0.154
   105.500      4.459      0.156
   106.000      4.460      0.159
   106.500      4.462      0.161
   107.000      4.462      0.163
   107.500      4.463      0.164
   108.000      4.464      0.166
   108.500      4.465      0.167
   109.000      4.466      0.170
   109.500      4.467      0.172
   110.000      4.467      0.173
   110.500      4.468      0.175
   111.000      4.469      0.176
   111.500      4.470      0.178
   112.000      4.470      0.180
   112.500      4.471      0.182
   113.000      4.471      0.183
   113.500      4.471      0.184
   114.000      4.471      0.185
   114.500      4.472      0.187
   115.000      4.473      0.189
   115.500      4.472      0.191
   116.000      4.472      0.192
   116.500      4.472      0.193
   117.000      4.472      0.194
   117.500      4.473      0.195
   118.000      4.473      0.197
   118.500      4.473      0.199
   119.000      4.472      0.200
   119.500      4.472      0.200
   120.000      4.472      0.201
   120.500      4.472      0.202
   121.000      4.472      0.203
   121.500      4.471      0.205
   122.000      4.470      0.206
   122.500      4.470      0.207
   123.000      4.470      0.207
   123.500      4.470      0.208
   124.000      4.469      0.209
   124.500      4.469      0.211
   125.000      4.467      0.212
   125.500      4.467      0.212
   126.000      4.467      0.213
   126.500      4.466      0.213
   127.000      4.465      0.214
   127.500      4.464      0.216
   128.000      4.463      0.217
   128.500      4.463      0.217
   129.000      4.462      0.217
   129.500      4.461      0.218
   130.000      4.460      0.218
   130.500      4.459      0.220
   131.000      4.458      0.221
   131.500      4.457      0.221
   132.000      4.456      0.221
   132.500      4.456      0.222
   133.000      4.454      0.222
   133.500      4.453      0.223
   134.000      4.452      0.224
   134.500      4.450      0.224
   135.000      4.449      0.225
   135.500      4.449      0.225
   136.000      4.448      0.225
   136.500      4.446      0.226
   137.000      4.444      0.227
   137.500      4.443      0.227
   138.000      4.442      0.228
   138.500      4.441      0.228
   139.000      4.440      0.228
   139.500      4.439      0.229
   140.000      4.436      0.230
   140.500      4.434      0.230
   141.000      4.433      0.230
   141.500      4.432      0.230
   142.000      4.431      0.230
   142.500      4.430      0.231
   143.000      4.428      0.232
   143.500      4.426      0.232
   144.000      4.424      0.232
   144.500      4.423      0.232
   145.000      4.422      0.232
   145.500      4.421      0.233
   146.000      4.419      0.234
   146.500      4.417      0.234
   147.000      4.414      0.234
   147.500      4.413      0.234
   148.000      4.412      0.234
   148.500      4.411      0.235
   149.000      4.409      0.236
   149.500      4.407      0.236
   150.000      4.405      0.236
   150.500      4.403      0.236
   151.000      4.402      0.236
   151.500      4.400      0.236
   152.000      4.399      0.237
   152.500      4.397      0.238
   153.000      4.395      0.238
   153.500      4.393      0.238
   154.000      4.391      0.237
   154.500      4.389      0.237
   155.000      4.388      0.239
   155.500      4.387      0.239
   156.000      4.384      0.240
   156.500      4.382      0.240
   157.000      4.380      0.239
   157.500      4.379      0.239
   158.000      4.378      0.240
   158.500      4.376      0.241
   159.000      4.374      0.241
   159.500      4.372      0.241
   160.000      4.370      0.241
   160.500      4.368      0.241
   161.000      4.367      0.241
   161.500      4.366      0.242
   162.000      4.363      0.243
   162.500      4.361      0.243
   163.000      4.359      0.243
   163.500      4.357      0.242
   164.000      4.356      0.243
   164.500      4.355      0.244
   165.000      4.353      0.244
   165.500      4.351      0.245
   166.000      4.349      0.245
   166.500      4.347      0.244
   167.000      4.346      0.245
   167.500      4.345      0.245
   168.000      4.343      0.246
   168.500      4.341      0.246
   169.000      4.339      0.247
   169.500      4.338      0.247
   170.000      4.336      0.247
   170.500      4.334      0.247
   171.000      4.333      0.248
   171.500      4.331      0.249
   172.000      4.330      0.249
   172.500      4.328      0.249
   173.000      4.327      0.250
   173.500      4.324      0.250
   174.000      4.323      0.251
   174.500      4.322      0.252
   175.000      4.321      0.252
   175.500      4.319      0.252
   176.000      4.318      0.253
   176.500      4.316      0.254
   177.000      4.313      0.254
   177.500      4.314      0.256
   178.000      4.313      0.256
   178.500      4.311      0.256
   179.000      4.309      0.257
   179.500      4.307      0.259
   180.000      4.305      0.260
   180.500      4.306      0.261
   181.000      4.305      0.262
   181.500      4.304      0.262
   182.000      4.301      0.263
   182.500      4.299      0.265
   183.000      4.299      0.268
   183.500      4.299      0.269
   184.000      4.299      0.269
   184.500      4.297      0.269
   185.000      4.294      0.271
   185.500      4.291      0.274
   186.000      4.293      0.278
   186.500      4.294      0.279
   187.000      4.293      0.279
   187.500      4.292      0.279
   188.000      4.288      0.282
   188.500      4.285      0.286
   189.000      4.288      0.291
   189.500      4.288      0.291
   190.000      4.288      0.291
   190.500      4.286      0.292
   191.000      4.284      0.296
   191.500      4.282      0.304
   192.000      4.284      0.307
   192.500      4.284      0.307
   193.000      4.284      0.307
   193.500      4.283      0.307
   194.000      4.280      0.313
   194.500      4.281      0.327
   195.000      4.281      0.327
   195.500      4.281      0.327
   196.000      4.281      0.327
   196.500      4.281      0.327
   197.000      4.278      0.336
   197.500      4.279      0.351
   198.000      4.279      0.351
   198.500      4.279      0.351
   199.000      4.279      0.351
