     0.000      1.369      0.429
     0.500      3.094      0.150
     1.000      3.129      0.150
     1.500      3.186      0.113
     2.000      3.215      0.104
     2.500      3.254      0.079
     3.000      3.284      0.071
     3.500      3.313      0.056
     4.000      3.341      0.049
     4.500      3.362      0.042
     5.000      3.387      0.038
     5.500      3.403      0.035
     6.000      3.425      0.035
     6.500      3.437      0.033
     7.000      3.453      0.035
     7.500      3.464      0.035
     8.000      3.476      0.034
     8.500      3.486      0.036
     9.000      3.494      0.035
     9.500      3.502      0.036
    10.000      3.508      0.035
    10.500      3.515      0.035
    11.000      3.520      0.035
    11.500      3.525      0.035
    12.000      3.530      0.035
    12.500      3.535      0.034
    13.000      3.538      0.035
    13.500      3.543      0.034
    14.000      3.547      0.034
    14.500      3.552      0.033
    15.000      3.557      0.033
    15.500      3.561      0.032
    16.000      3.566      0.031
    16.500      3.571      0.030
    17.000      3.577      0.029
    17.500      3.583      0.027
    18.000      3.589      0.027
    18.500      3.595      0.025
    19.000      3.603      0.025
    19.500      3.610      0.024
    20.000      3.618      0.025
    20.500      3.625      0.025
    21.000      3.634      0.026
    21.500      3.643      0.027
    22.000      3.652      0.028
    22.500      3.662      0.030
    23.000      3.673      0.031
    23.500      3.684      0.033
    24.000      3.695      0.035
    24.500      3.707      0.037
    25.000      3.720      0.039
    25.500      3.732      0.040
    26.000      3.747      0.042
    26.500      3.761      0.043
    27.000      3.777      0.045
    27.500      3.792      0.045
    28.000      3.809      0.047
    28.500      3.826      0.047
    29.000      3.844      0.048
    29.500      3.863      0.049
    30.000      3.882      0.050
    30.500      3.901      0.050
    31.000      3.920      0.051
    31.500      3.942      0.052
    32.000      3.963      0.053
    32.500      3.987      0.053
    33.000      4.007      0.054
    33.500      4.031      0.056
    34.000      4.055      0.061
    34.500      4.083      0.067
    35.000      4.110      0.073
    35.500      4.136      0.078
    36.000      4.162      0.084
    36.500      4.187      0.089
    37.000      4.212      0.093
    37.500      4.236      0.100
    38.000      4.265      0.108
    38.500      4.486      0.170
    39.000      4.501      0.166
    39.500      4.511      0.160
    40.000      4.519      0.154
    40.500      4.524      0.148
    41.000      4.531      0.141
    41.500      4.533      0.133
    42.000      4.534      0.129
    42.500      4.534      0.125
    43.000      4.536      0.122
    43.500      4.540      0.120
    44.000      4.542      0.118
    44.500      4.547      0.119
    45.000      4.549      0.118
    45.500      4.548      0.118
    46.000      4.546      0.115
    46.500      4.546      0.113
    47.000      4.544      0.111
    47.500      4.541      0.103
    48.000      4.536      0.095
    48.500      4.533      0.090
    49.000      4.529      0.087
    49.500      4.524      0.082
    50.000      4.520      0.076
    50.500      4.515      0.070
    51.000      4.510      0.064
    51.500      4.507      0.061
    52.000      4.504      0.060
    52.500      4.499      0.057
    53.000      4.495      0.055
    53.500      4.491      0.053
    54.000      4.486      0.053
    54.500      4.483      0.053
    55.000      4.480      0.053
    55.500      4.477      0.053
    56.000      4.473      0.054
    56.500      4.469      0.055
    57.000      4.465      0.057
    57.500      4.462      0.059
    58.000      4.459      0.060
    58.500      4.456      0.061
    59.000      4.453      0.062
    59.500      4.450      0.063
    60.000      4.446      0.066
    60.500      4.443      0.068
    61.000      4.440      0.070
    61.500      4.438      0.070
    62.000      4.435      0.071
    62.500      4.432      0.073
    63.000      4.429      0.074
    63.500      4.426      0.076
    64.000      4.423      0.077
    64.500      4.421      0.077
    65.000      4.418      0.078
    65.500      4.416      0.078
    66.000      4.414      0.079
    66.500      4.411      0.080
    67.000      4.409      0.081
    67.500      4.407      0.081
    68.000      4.404      0.081
    68.500      4.402      0.081
    69.000      4.400      0.081
    69.500      4.398      0.081
    70.000      4.396      0.080
    70.500      4.394      0.080
    71.000      4.392      0.080
    71.500      4.390      0.079
    72.000      4.388      0.079
    72.500      4.387      0.078
    73.000      4.385      0.077
    73.500      4.384      0.077
    74.000      4.382      0.077
    74.500      4.380      0.076
    75.000      4.378      0.075
    75.500      4.377      0.073
    76.000      4.376      0.073
    76.500      4.375      0.072
    77.000      4.374      0.071
    77.500      4.372      0.070
    78.000      4.370      0.069
    78.500      4.370      0.068
    79.000      4.369      0.066
    79.500      4.368      0.066
    80.000      4.367      0.065
    80.500      4.366      0.064
    81.000      4.365      0.063
    81.500      4.364      0.062
    82.000      4.363      0.061
    82.500      4.363      0.060
    83.000      4.362      0.059
    83.500      4.361      0.059
    84.000      4.361      0.058
    84.500      4.360      0.058
    85.000      4.360      0.057
    85.500      4.359      0.056
    86.000      4.359      0.056
    86.500      4.359      0.056
    87.000      4.358      0.056
    87.500      4.358      0.056
    88.000      4.358      0.056
    88.500      4.358      0.055
    89.000      4.357      0.055
    89.500      4.357      0.056
    90.000      4.357      0.056
    90.500      4.357      0.057
    91.000      4.357      0.058
    91.500      4.357      0.058
    92.000      4.357      0.058
    92.500      4.357      0.058
    93.000      4.358      0.059
    93.500      4.358      0.061
    94.000      4.358      0.062
    94.500      4.359      0.063
    95.000      4.359      0.063
    95.500      4.358      0.063
    96.000      4.359      0.064
    96.500      4.360      0.066
    97.000      4.360      0.067
    97.500      4.361      0.068
    98.000      4.361      0.069
    98.500      4.361      0.069
    99.000      4.362      0.070
    99.500      4.363      0.072
   100.000      4.363      0.073
   100.500      4.364      0.075
   101.000      4.365      0.076
   101.500      4.365      0.076
   102.000      4.365      0.077
   102.500      4.366      0.078
   103.000      4.367      0.080
   103.500      4.368      0.081
   104.000      4.369      0.082
   104.500      4.369      0.083
   105.000      4.370      0.084
   105.500      4.370      0.085
   106.000      4.372      0.086
   106.500      4.373      0.088
   107.000      4.374      0.089
   107.500      4.374      0.090
   108.000      4.375      0.091
   108.500      4.375      0.092
   109.000      4.376      0.093
   109.500      4.378      0.095
   110.000      4.379      0.097
   110.500      4.380      0.097
   111.000      4.381      0.098
   111.500      4.381      0.099
   112.000      4.381      0.100
   112.500      4.383      0.102
   113.000      4.385      0.104
   113.500      4.386      0.105
   114.000      4.387      0.106
   114.500      4.387      0.106
   115.000      4.387      0.107
   115.500      4.389      0.109
   116.000      4.391      0.111
   116.500      4.392      0.113
   117.000      4.393      0.113
   117.500      4.394      0.114
   118.000      4.394      0.114
   118.500      4.395      0.116
   119.000      4.397      0.119
   119.500      4.399      0.121
   120.000      4.399      0.121
   120.500      4.400      0.123
   121.000      4.401      0.123
   121.500      4.401      0.123
   122.000      4.403      0.126
   122.500      4.404      0.129
   123.000      4.406      0.130
   123.500      4.407      0.131
   124.000      4.408      0.131
   124.500      4.408      0.132
   125.000      4.409      0.133
   125.500      4.411      0.136
   126.000      4.412      0.138
   126.500      4.414      0.140
   127.000      4.414      0.140
   127.500      4.415      0.140
   128.000      4.415      0.141
   128.500      4.417      0.144
   129.000      4.418      0.146
   129.500      4.420      0.148
   130.000      4.421      0.149
   130.500      4.421      0.149
   131.000      4.422      0.150
   131.500      4.422      0.151
   132.000      4.424      0.154
   132.500      4.426      0.156
   133.000      4.427      0.158
   133.500      4.427      0.158
   134.000      4.428      0.159
   134.500      4.428      0.159
   135.000      4.430      0.162
   135.500      4.431      0.164
   136.000      4.432      0.166
   136.500      4.433      0.167
   137.000      4.433      0.167
   137.500      4.434      0.168
   138.000      4.434      0.169
   138.500      4.436      0.171
   139.000      4.438      0.173
   139.500      4.438      0.175
   140.000      4.438      0.175
   140.500      4.439      0.176
   141.000      4.439      0.177
   141.500      4.440      0.178
   142.000      4.442      0.180
   142.500      4.442      0.182
   143.000      4.443      0.182
   143.500      4.443      0.183
   144.000      4.444      0.184
   144.500      4.444      0.185
   145.000      4.445      0.187
   145.500      4.446      0.188
   146.000      4.446      0.189
   146.500      4.447      0.190
   147.000      4.447      0.190
   147.500      4.447      0.191
   148.000      4.448      0.192
   148.500      4.449      0.194
   149.000      4.449      0.194
   149.500      4.449      0.195
   150.000      4.449      0.196
   150.500      4.450      0.196
   151.000      4.450      0.197
   151.500      4.450      0.198
   152.000      4.451      0.199
   152.500      4.451      0.200
   153.000      4.451      0.200
   153.500      4.451      0.201
   154.000      4.451      0.201
   154.500      4.451      0.202
   155.000      4.451      0.203
   155.500      4.451      0.203
   156.000      4.451      0.203
   156.500      4.451      0.204
   157.000      4.451      0.204
   157.500      4.451      0.205
   158.000      4.450      0.205
   158.500      4.450      0.206
   159.000      4.450      0.206
   159.500      4.450      0.206
   160.000      4.450      0.206
   160.500      4.450      0.206
   161.000      4.448      0.206
   161.500      4.447      0.207
   162.000      4.447      0.207
   162.500      4.447      0.207
   163.000      4.447      0.206
   163.500      4.447      0.207
   164.000      4.446      0.207
   164.500      4.444      0.207
   165.000      4.443      0.207
   165.500      4.443      0.207
   166.000      4.443      0.206
   166.500      4.443      0.206
   167.000      4.442      0.206
   167.500      4.439      0.206
   168.000      4.437      0.205
   168.500      4.437      0.205
   169.000      4.436      0.205
   169.500      4.437      0.205
   170.000      4.436      0.204
   170.500      4.435      0.204
   171.000      4.430      0.203
   171.500      4.429      0.203
   172.000      4.428      0.203
   172.500      4.428      0.203
   173.000      4.428      0.202
   173.500      4.427      0.201
   174.000      4.423      0.201
   174.500      4.418      0.201
   175.000      4.418      0.201
   175.500      4.418      0.200
   176.000      4.418      0.200
   176.500      4.418      0.198
   177.000      4.415      0.198
   177.500      4.407      0.198
   178.000      4.406      0.199
   178.500      4.405      0.198
   179.000      4.405      0.198
   179.500      4.405      0.198
   180.000      4.404      0.196
   180.500      4.397      0.197
   181.000      4.391      0.199
   181.500      4.390      0.198
   182.000      4.390      0.198
   182.500      4.390      0.198
   183.000      4.390      0.198
   183.500      4.387      0.196
   184.000      4.374      0.200
   184.500      4.372      0.201
   185.000      4.373      0.201
   185.500      4.373      0.201
   186.000      4.373      0.201
   186.500      4.372      0.200
   187.000      4.362      0.204
   187.500      4.353      0.210
   188.000      4.352      0.210
   188.500      4.352      0.210
   189.000      4.352      0.210
   189.500      4.352      0.210
   190.000      4.350      0.209
   190.500      4.331      0.224
   191.000      4.329      0.224
   191.500      4.329      0.224
   192.000      4.329      0.224
   192.500      4.329      0.224
   193.000      4.329      0.224
   193.500      4.316      0.234
   194.000      4.303      0.247
   194.500      4.303      0.247
   195.000      4.303      0.247
   195.500      4.303      0.247
   196.000      4.303      0.247
   196.500      4.303      0.247
   197.000      4.274      0.278
   197.500      4.274      0.278
   198.000      4.274      0.278
   198.500      4.274      0.278
   199.000      4.274      0.278
   199.500      4.274      0.278
