     0.000      1.324      0.500
     0.500      2.961      0.184
     1.000      2.982      0.179
     1.500      2.987      0.178
     2.000      3.053      0.140
     2.500      3.091      0.124
     3.000      3.099      0.122
     3.500      3.140      0.101
     4.000      3.182      0.082
     4.500      3.196      0.080
     5.000      3.221      0.070
     5.500      3.261      0.052
     6.000      3.279      0.053
     6.500      3.297      0.049
     7.000      3.328      0.040
     7.500      3.349      0.042
     8.000      3.364      0.041
     8.500      3.385      0.041
     9.000      3.407      0.042
     9.500      3.421      0.044
    10.000      3.436      0.046
    10.500      3.455      0.047
    11.000      3.470      0.050
    11.500      3.480      0.050
    12.000      3.494      0.051
    12.500      3.509      0.053
    13.000      3.518      0.053
    13.500      3.528      0.054
    14.000      3.541      0.053
    14.500      3.550      0.053
    15.000      3.557      0.054
    15.500      3.567      0.053
    16.000      3.575      0.052
    16.500      3.582      0.052
    17.000      3.589      0.051
    17.500      3.597      0.049
    18.000      3.602      0.049
    18.500      3.608      0.048
    19.000      3.614      0.047
    19.500      3.620      0.046
    20.000      3.624      0.045
    20.500      3.629      0.044
    21.000      3.635      0.043
    21.500      3.639      0.042
    22.000      3.643      0.042
    22.500      3.648      0.040
    23.000      3.652      0.040
    23.500      3.655      0.040
    24.000      3.660      0.039
    24.500      3.664      0.038
    25.000      3.667      0.038
    25.500      3.671      0.037
    26.000      3.675      0.037
    26.500      3.678      0.036
    27.000      3.682      0.036
    27.500      3.686      0.035
    28.000      3.689      0.035
    28.500      3.693      0.034
    29.000      3.696      0.034
    29.500      3.700      0.033
    30.000      3.703      0.033
    30.500      3.706      0.033
    31.000      3.710      0.032
    31.500      3.713      0.032
    32.000      3.716      0.031
    32.500      3.719      0.031
    33.000      3.723      0.031
    33.500      3.726      0.031
    34.000      3.729      0.030
    34.500      3.733      0.030
    35.000      3.736      0.030
    35.500      3.739      0.030
    36.000      3.743      0.030
    36.500      3.747      0.030
    37.000      3.750      0.030
    37.500      3.753      0.031
    38.000      3.757      0.031
    38.500      3.761      0.031
    39.000      3.764      0.031
    39.500      3.768      0.032
    40.000      3.772      0.033
    40.500      3.776      0.033
    41.000      3.780      0.034
    41.500      3.784      0.035
    42.000      3.788      0.035
    42.500      3.792      0.036
    43.000      3.797      0.037
    43.500      3.801      0.038
    44.000      3.805      0.038
    44.500      3.810      0.039
    45.000      3.815      0.041
    45.500      3.820      0.041
    46.000      3.825      0.043
    46.500      3.830      0.044
    47.000      3.835      0.044
    47.500      3.840      0.045
    48.000      3.845      0.046
    48.500      3.851      0.047
    49.000      3.856      0.048
    49.500      3.862      0.049
    50.000      3.869      0.050
    50.500      3.875      0.051
    51.000      3.881      0.052
    51.500      3.888      0.054
    52.000      3.895      0.055
    52.500      3.902      0.056
    53.000      3.909      0.058
    53.500      3.917      0.060
    54.000      3.924      0.061
    54.500      3.931      0.064
    55.000      3.940      0.067
    55.500      3.948      0.069
    56.000      3.956      0.072
    56.500      3.966      0.075
    57.000      3.975      0.077
    57.500      3.984      0.081
    58.000      3.994      0.086
    58.500      4.005      0.090
    59.000      4.015      0.095
    59.500      4.027      0.099
    60.000      4.040      0.103
    60.500      4.052      0.105
    61.000      4.062      0.107
    61.500      4.074      0.111
    62.000      4.084      0.116
    62.500      4.311      0.213
    63.000      4.323      0.211
    63.500      4.338      0.211
    64.000      4.348      0.205
    64.500      4.357      0.202
    65.000      4.368      0.203
    65.500      4.376      0.201
    66.000      4.389      0.200
    66.500      4.405      0.201
    67.000      4.417      0.201
    67.500      4.433      0.203
    68.000      4.447      0.204
    68.500      4.461      0.205
    69.000      4.468      0.203
    69.500      4.470      0.198
    70.000      4.471      0.192
    70.500      4.471      0.188
    71.000      4.471      0.182
    71.500      4.471      0.177
    72.000      4.471      0.173
    72.500      4.472      0.172
    73.000      4.473      0.170
    73.500      4.474      0.169
    74.000      4.474      0.168
    74.500      4.474      0.168
    75.000      4.474      0.167
    75.500      4.474      0.168
    76.000      4.475      0.170
    76.500      4.476      0.171
    77.000      4.476      0.172
    77.500      4.476      0.173
    78.000      4.476      0.175
    78.500      4.476      0.177
    79.000      4.476      0.180
    79.500      4.477      0.181
    80.000      4.477      0.183
    80.500      4.478      0.185
    81.000      4.477      0.186
    81.500      4.477      0.189
    82.000      4.477      0.191
    82.500      4.478      0.193
    83.000      4.478      0.194
    83.500      4.478      0.195
    84.000      4.478      0.197
    84.500      4.478      0.198
    85.000      4.478      0.200
    85.500      4.478      0.202
    86.000      4.478      0.202
    86.500      4.478      0.203
    87.000      4.478      0.203
    87.500      4.478      0.204
    88.000      4.478      0.204
    88.500      4.477      0.205
    89.000      4.478      0.206
    89.500      4.478      0.205
    90.000      4.478      0.205
    90.500      4.478      0.205
    91.000      4.477      0.205
    91.500      4.477      0.205
    92.000      4.477      0.204
    92.500      4.477      0.204
    93.000      4.477      0.203
    93.500      4.477      0.202
    94.000      4.476      0.201
    94.500      4.476      0.201
    95.000      4.475      0.199
    95.500      4.475      0.198
    96.000      4.475      0.197
    96.500      4.475      0.196
    97.000      4.475      0.195
    97.500      4.474      0.193
    98.000      4.474      0.192
    98.500      4.473      0.190
    99.000      4.473      0.189
    99.500      4.472      0.187
   100.000      4.472      0.186
   100.500      4.472      0.185
   101.000      4.471      0.183
   101.500      4.470      0.181
   102.000      4.469      0.179
   102.500      4.469      0.178
   103.000      4.469      0.176
   103.500      4.469      0.175
   104.000      4.468      0.173
   104.500      4.467      0.172
   105.000      4.466      0.169
   105.500      4.466      0.168
   106.000      4.465      0.167
   106.500      4.464      0.165
   107.000      4.464      0.164
   107.500      4.464      0.163
   108.000      4.463      0.161
   108.500      4.462      0.159
   109.000      4.461      0.158
   109.500      4.460      0.157
   110.000      4.460      0.155
   110.500      4.459      0.155
   111.000      4.459      0.153
   111.500      4.458      0.152
   112.000      4.457      0.151
   112.500      4.456      0.150
   113.000      4.455      0.149
   113.500      4.454      0.148
   114.000      4.454      0.147
   114.500      4.454      0.146
   115.000      4.453      0.145
   115.500      4.452      0.145
   116.000      4.451      0.144
   116.500      4.450      0.144
   117.000      4.449      0.143
   117.500      4.449      0.142
   118.000      4.448      0.141
   118.500      4.447      0.141
   119.000      4.446      0.141
   119.500      4.445      0.141
   120.000      4.444      0.141
   120.500      4.443      0.140
   121.000      4.443      0.140
   121.500      4.442      0.140
   122.000      4.441      0.140
   122.500      4.440      0.140
   123.000      4.439      0.141
   123.500      4.438      0.140
   124.000      4.438      0.140
   124.500      4.437      0.140
   125.000      4.436      0.141
   125.500      4.435      0.141
   126.000      4.434      0.142
   126.500      4.433      0.143
   127.000      4.432      0.143
   127.500      4.432      0.143
   128.000      4.431      0.144
   128.500      4.431      0.144
   129.000      4.430      0.145
   129.500      4.429      0.147
   130.000      4.427      0.148
   130.500      4.427      0.148
   131.000      4.426      0.149
   131.500      4.425      0.150
   132.000      4.425      0.151
   132.500      4.424      0.152
   133.000      4.423      0.154
   133.500      4.421      0.155
   134.000      4.421      0.156
   134.500      4.420      0.157
   135.000      4.419      0.159
   135.500      4.419      0.160
   136.000      4.418      0.161
   136.500      4.417      0.163
   137.000      4.416      0.164
   137.500      4.415      0.166
   138.000      4.414      0.167
   138.500      4.414      0.169
   139.000      4.413      0.170
   139.500      4.412      0.172
   140.000      4.411      0.174
   140.500      4.410      0.175
   141.000      4.409      0.177
   141.500      4.409      0.178
   142.000      4.408      0.180
   142.500      4.407      0.182
   143.000      4.406      0.184
   143.500      4.406      0.186
   144.000      4.405      0.188
   144.500      4.404      0.189
   145.000      4.404      0.190
   145.500      4.403      0.192
   146.000      4.402      0.194
   146.500      4.401      0.196
   147.000      4.401      0.198
   147.500      4.400      0.200
   148.000      4.399      0.201
   148.500      4.399      0.202
   149.000      4.398      0.204
   149.500      4.397      0.206
   150.000      4.396      0.209
   150.500      4.396      0.211
   151.000      4.395      0.212
   151.500      4.394      0.213
   152.000      4.394      0.214
   152.500      4.393      0.216
   153.000      4.392      0.218
   153.500      4.391      0.221
   154.000      4.392      0.223
   154.500      4.390      0.223
   155.000      4.389      0.224
   155.500      4.389      0.225
   156.000      4.389      0.227
   156.500      4.388      0.229
   157.000      4.387      0.232
   157.500      4.387      0.234
   158.000      4.386      0.234
   158.500      4.386      0.234
   159.000      4.385      0.235
   159.500      4.385      0.236
   160.000      4.384      0.239
   160.500      4.384      0.242
   161.000      4.384      0.243
   161.500      4.383      0.243
   162.000      4.382      0.243
   162.500      4.381      0.244
   163.000      4.381      0.244
   163.500      4.381      0.247
   164.000      4.381      0.250
   164.500      4.381      0.251
   165.000      4.379      0.250
   165.500      4.379      0.251
   166.000      4.379      0.251
   166.500      4.378      0.251
   167.000      4.379      0.254
   167.500      4.379      0.256
   168.000      4.378      0.257
   168.500      4.377      0.256
   169.000      4.376      0.256
   169.500      4.376      0.256
   170.000      4.376      0.257
   170.500      4.378      0.259
   171.000      4.377      0.260
   171.500      4.376      0.261
   172.000      4.375      0.261
   172.500      4.374      0.261
   173.000      4.375      0.260
   173.500      4.375      0.261
   174.000      4.377      0.262
   174.500      4.377      0.263
   175.000      4.375      0.265
   175.500      4.374      0.264
   176.000      4.373      0.264
   176.500      4.374      0.263
   177.000      4.376      0.264
   177.500      4.376      0.264
   178.000      4.376      0.265
   178.500      4.374      0.267
   179.000      4.373      0.267
   179.500      4.373      0.266
   180.000      4.374      0.265
   180.500      4.377      0.266
   181.000      4.377      0.266
   181.500      4.377      0.266
   182.000      4.375      0.269
   182.500      4.373      0.270
   183.000      4.373      0.268
   183.500      4.376      0.269
   184.000      4.378      0.269
   184.500      4.378      0.269
   185.000      4.378      0.269
   185.500      4.377      0.271
   186.000      4.375      0.274
   186.500      4.375      0.273
   187.000      4.380      0.275
   187.500      4.380      0.275
   188.000      4.380      0.275
   188.500      4.380      0.275
   189.000      4.380      0.275
   189.500      4.377      0.281
   190.000      4.379      0.284
   190.500      4.382      0.285
   191.000      4.382      0.285
   191.500      4.382      0.285
   192.000      4.382      0.285
   192.500      4.383      0.285
   193.000      4.380      0.294
   193.500      4.386      0.303
   194.000      4.386      0.303
   194.500      4.386      0.303
   195.000      4.386      0.303
   195.500      4.386      0.303
   196.000      4.386      0.303
   196.500      4.385      0.314
   197.000      4.391      0.328
   197.500      4.391      0.328
   198.000      4.391      0.328
   198.500      4.391      0.328
   199.000      4.391      0.328
   199.500      4.391      0.328
