     0.000      1.296      0.542
     0.500      2.865      0.234
     1.000      2.885      0.230
     1.500      2.909      0.221
     2.000      2.992      0.176
     2.500      3.022      0.162
     3.000      3.061      0.145
     3.500      3.120      0.117
     4.000      3.152      0.105
     4.500      3.186      0.095
     5.000      3.233      0.077
     5.500      3.263      0.070
     6.000      3.292      0.066
     6.500      3.330      0.059
     7.000      3.357      0.058
     7.500      3.382      0.057
     8.000      3.413      0.058
     8.500      3.435      0.059
     9.000      3.458      0.060
     9.500      3.481      0.062
    10.000      3.502      0.063
    10.500      3.521      0.063
    11.000      3.538      0.065
    11.500      3.557      0.065
    12.000      3.571      0.065
    12.500      3.586      0.065
    13.000      3.601      0.065
    13.500      3.613      0.064
    14.000      3.626      0.063
    14.500      3.638      0.062
    15.000      3.648      0.061
    15.500      3.658      0.060
    16.000      3.668      0.059
    16.500      3.676      0.058
    17.000      3.685      0.057
    17.500      3.693      0.056
    18.000      3.700      0.055
    18.500      3.707      0.055
    19.000      3.714      0.054
    19.500      3.720      0.053
    20.000      3.726      0.053
    20.500      3.732      0.052
    21.000      3.738      0.052
    21.500      3.743      0.052
    22.000      3.748      0.051
    22.500      3.753      0.051
    23.000      3.758      0.051
    23.500      3.763      0.050
    24.000      3.767      0.050
    24.500      3.771      0.050
    25.000      3.776      0.049
    25.500      3.780      0.049
    26.000      3.784      0.049
    26.500      3.788      0.048
    27.000      3.792      0.048
    27.500      3.795      0.048
    28.000      3.799      0.047
    28.500      3.803      0.047
    29.000      3.807      0.047
    29.500      3.810      0.046
    30.000      3.814      0.046
    30.500      3.818      0.046
    31.000      3.821      0.046
    31.500      3.825      0.046
    32.000      3.829      0.045
    32.500      3.833      0.046
    33.000      3.837      0.046
    33.500      3.841      0.046
    34.000      3.845      0.046
    34.500      3.850      0.046
    35.000      3.854      0.046
    35.500      3.859      0.046
    36.000      3.864      0.046
    36.500      3.869      0.047
    37.000      3.874      0.047
    37.500      3.880      0.047
    38.000      3.885      0.047
    38.500      3.890      0.048
    39.000      3.896      0.049
    39.500      3.901      0.050
    40.000      3.908      0.051
    40.500      3.914      0.053
    41.000      3.921      0.055
    41.500      3.928      0.057
    42.000      3.934      0.059
    42.500      3.942      0.061
    43.000      3.950      0.063
    43.500      3.956      0.063
    44.000      3.963      0.063
    44.500      3.969      0.063
    45.000      3.976      0.063
    45.500      3.983      0.064
    46.000      3.991      0.064
    46.500      4.000      0.066
    47.000      4.009      0.069
    47.500      4.017      0.069
    48.000      4.026      0.070
    48.500      4.036      0.072
    49.000      4.045      0.072
    49.500      4.055      0.073
    50.000      4.064      0.072
    50.500      4.072      0.071
    51.000      4.081      0.072
    51.500      4.090      0.073
    52.000      4.098      0.075
    52.500      4.325      0.189
    53.000      4.332      0.184
    53.500      4.341      0.183
    54.000      4.351      0.180
    54.500      4.360      0.175
    55.000      4.370      0.171
    55.500      4.379      0.169
    56.000      4.383      0.164
    56.500      4.388      0.161
    57.000      4.396      0.159
    57.500      4.403      0.158
    58.000      4.412      0.158
    58.500      4.419      0.158
    59.000      4.425      0.157
    59.500      4.431      0.156
    60.000      4.437      0.157
    60.500      4.442      0.157
    61.000      4.448      0.157
    61.500      4.454      0.157
    62.000      4.459      0.158
    62.500      4.464      0.159
    63.000      4.469      0.159
    63.500      4.471      0.159
    64.000      4.472      0.157
    64.500      4.474      0.156
    65.000      4.476      0.155
    65.500      4.477      0.153
    66.000      4.479      0.152
    66.500      4.480      0.152
    67.000      4.481      0.152
    67.500      4.483      0.152
    68.000      4.485      0.152
    68.500      4.486      0.152
    69.000      4.488      0.152
    69.500      4.489      0.152
    70.000      4.490      0.153
    70.500      4.492      0.153
    71.000      4.494      0.154
    71.500      4.495      0.154
    72.000      4.496      0.154
    72.500      4.498      0.154
    73.000      4.499      0.155
    73.500      4.501      0.155
    74.000      4.502      0.155
    74.500      4.504      0.155
    75.000      4.505      0.155
    75.500      4.507      0.155
    76.000      4.508      0.155
    76.500      4.510      0.155
    77.000      4.511      0.155
    77.500      4.512      0.155
    78.000      4.514      0.155
    78.500      4.515      0.154
    79.000      4.517      0.154
    79.500      4.518      0.153
    80.000      4.519      0.152
    80.500      4.521      0.152
    81.000      4.522      0.151
    81.500      4.523      0.150
    82.000      4.525      0.150
    82.500      4.526      0.149
    83.000      4.528      0.148
    83.500      4.528      0.147
    84.000      4.530      0.146
    84.500      4.531      0.145
    85.000      4.532      0.144
    85.500      4.534      0.143
    86.000      4.535      0.142
    86.500      4.536      0.141
    87.000      4.537      0.140
    87.500      4.538      0.139
    88.000      4.539      0.138
    88.500      4.540      0.137
    89.000      4.542      0.136
    89.500      4.542      0.135
    90.000      4.543      0.134
    90.500      4.544      0.133
    91.000      4.545      0.132
    91.500      4.546      0.132
    92.000      4.547      0.131
    92.500      4.548      0.130
    93.000      4.549      0.130
    93.500      4.549      0.129
    94.000      4.550      0.129
    94.500      4.551      0.128
    95.000      4.552      0.128
    95.500      4.553      0.128
    96.000      4.553      0.128
    96.500      4.554      0.127
    97.000      4.554      0.127
    97.500      4.555      0.128
    98.000      4.556      0.128
    98.500      4.556      0.128
    99.000      4.557      0.129
    99.500      4.557      0.129
   100.000      4.557      0.129
   100.500      4.558      0.130
   101.000      4.558      0.130
   101.500      4.559      0.131
   102.000      4.559      0.132
   102.500      4.559      0.133
   103.000      4.559      0.133
   103.500      4.559      0.134
   104.000      4.560      0.135
   104.500      4.560      0.136
   105.000      4.560      0.137
   105.500      4.560      0.138
   106.000      4.560      0.139
   106.500      4.560      0.140
   107.000      4.560      0.141
   107.500      4.560      0.143
   108.000      4.560      0.143
   108.500      4.560      0.144
   109.000      4.559      0.145
   109.500      4.559      0.146
   110.000      4.559      0.148
   110.500      4.559      0.149
   111.000      4.559      0.150
   111.500      4.558      0.151
   112.000      4.558      0.152
   112.500      4.557      0.153
   113.000      4.557      0.154
   113.500      4.557      0.155
   114.000      4.556      0.156
   114.500      4.556      0.157
   115.000      4.555      0.158
   115.500      4.554      0.159
   116.000      4.554      0.160
   116.500      4.554      0.161
   117.000      4.553      0.162
   117.500      4.552      0.163
   118.000      4.551      0.164
   118.500      4.551      0.165
   119.000      4.550      0.165
   119.500      4.550      0.166
   120.000      4.549      0.167
   120.500      4.548      0.168
   121.000      4.547      0.169
   121.500      4.546      0.170
   122.000      4.545      0.170
   122.500      4.545      0.171
   123.000      4.544      0.172
   123.500      4.543      0.173
   124.000      4.542      0.174
   124.500      4.541      0.174
   125.000      4.540      0.175
   125.500      4.539      0.176
   126.000      4.538      0.176
   126.500      4.537      0.177
   127.000      4.536      0.178
   127.500      4.535      0.178
   128.000      4.534      0.179
   128.500      4.532      0.180
   129.000      4.532      0.180
   129.500      4.530      0.181
   130.000      4.529      0.181
   130.500      4.528      0.182
   131.000      4.527      0.183
   131.500      4.525      0.183
   132.000      4.524      0.183
   132.500      4.523      0.184
   133.000      4.522      0.185
   133.500      4.521      0.185
   134.000      4.519      0.186
   134.500      4.518      0.186
   135.000      4.516      0.186
   135.500      4.515      0.187
   136.000      4.514      0.188
   136.500      4.513      0.188
   137.000      4.511      0.189
   137.500      4.510      0.189
   138.000      4.508      0.189
   138.500      4.507      0.189
   139.000      4.506      0.190
   139.500      4.504      0.191
   140.000      4.503      0.191
   140.500      4.501      0.192
   141.000      4.500      0.191
   141.500      4.498      0.192
   142.000      4.497      0.192
   142.500      4.495      0.193
   143.000      4.494      0.193
   143.500      4.492      0.194
   144.000      4.491      0.193
   144.500      4.489      0.193
   145.000      4.488      0.193
   145.500      4.486      0.194
   146.000      4.485      0.195
   146.500      4.483      0.195
   147.000      4.482      0.195
   147.500      4.480      0.194
   148.000      4.478      0.194
   148.500      4.477      0.195
   149.000      4.475      0.195
   149.500      4.474      0.195
   150.000      4.472      0.195
   150.500      4.471      0.195
   151.000      4.469      0.195
   151.500      4.467      0.195
   152.000      4.465      0.195
   152.500      4.464      0.195
   153.000      4.463      0.195
   153.500      4.461      0.195
   154.000      4.459      0.195
   154.500      4.457      0.194
   155.000      4.456      0.194
   155.500      4.454      0.194
   156.000      4.453      0.194
   156.500      4.452      0.193
   157.000      4.450      0.193
   157.500      4.448      0.193
   158.000      4.446      0.193
   158.500      4.444      0.192
   159.000      4.444      0.192
   159.500      4.442      0.191
   160.000      4.440      0.191
   160.500      4.438      0.191
   161.000      4.436      0.190
   161.500      4.434      0.189
   162.000      4.434      0.189
   162.500      4.432      0.188
   163.000      4.431      0.188
   163.500      4.429      0.188
   164.000      4.426      0.187
   164.500      4.424      0.185
   165.000      4.424      0.185
   165.500      4.423      0.185
   166.000      4.422      0.184
   166.500      4.420      0.184
   167.000      4.417      0.183
   167.500      4.415      0.181
   168.000      4.415      0.180
   168.500      4.414      0.181
   169.000      4.413      0.180
   169.500      4.411      0.179
   170.000      4.407      0.178
   170.500      4.406      0.177
   171.000      4.405      0.176
   171.500      4.405      0.176
   172.000      4.405      0.175
   172.500      4.402      0.175
   173.000      4.398      0.174
   173.500      4.397      0.173
   174.000      4.396      0.173
   174.500      4.397      0.172
   175.000      4.397      0.172
   175.500      4.394      0.171
   176.000      4.390      0.171
   176.500      4.389      0.171
   177.000      4.388      0.171
   177.500      4.388      0.170
   178.000      4.388      0.171
   178.500      4.386      0.171
   179.000      4.382      0.171
   179.500      4.380      0.172
   180.000      4.380      0.173
   180.500      4.381      0.172
   181.000      4.380      0.173
   181.500      4.379      0.173
   182.000      4.374      0.175
   182.500      4.373      0.177
   183.000      4.374      0.179
   183.500      4.373      0.180
   184.000      4.373      0.180
   184.500      4.373      0.182
   185.000      4.367      0.185
   185.500      4.366      0.190
   186.000      4.368      0.193
   186.500      4.366      0.194
   187.000      4.366      0.195
   187.500      4.368      0.197
   188.000      4.360      0.203
   188.500      4.360      0.211
   189.000      4.361      0.216
   189.500      4.360      0.217
   190.000      4.360      0.217
   190.500      4.362      0.219
   191.000      4.355      0.228
   191.500      4.356      0.242
   192.000      4.355      0.247
   192.500      4.355      0.247
   193.000      4.355      0.247
   193.500      4.356      0.248
   194.000      4.350      0.262
   194.500      4.352      0.285
   195.000      4.351      0.285
   195.500      4.351      0.285
   196.000      4.351      0.285
   196.500      4.351      0.285
   197.000      4.346      0.303
   197.500      4.348      0.331
   198.000      4.348      0.331
   198.500      4.348      0.331
   199.000      4.348      0.331
