     0.000      1.291      0.569
     0.500      3.204      0.143
     1.000      3.223      0.148
     1.500      3.267      0.119
     2.000      3.283      0.110
     2.500      3.307      0.096
     3.000      3.334      0.079
     3.500      3.346      0.076
     4.000      3.374      0.056
     4.500      3.386      0.053
     5.000      3.406      0.041
     5.500      3.420      0.036
     6.000      3.435      0.032
     6.500      3.448      0.027
     7.000      3.459      0.026
     7.500      3.471      0.025
     8.000      3.480      0.024
     8.500      3.490      0.026
     9.000      3.498      0.026
     9.500      3.506      0.029
    10.000      3.512      0.029
    10.500      3.518      0.030
    11.000      3.523      0.031
    11.500      3.528      0.032
    12.000      3.532      0.033
    12.500      3.536      0.033
    13.000      3.540      0.034
    13.500      3.543      0.034
    14.000      3.546      0.034
    14.500      3.548      0.034
    15.000      3.551      0.034
    15.500      3.553      0.034
    16.000      3.555      0.034
    16.500      3.557      0.034
    17.000      3.558      0.034
    17.500      3.560      0.034
    18.000      3.562      0.034
    18.500      3.564      0.033
    19.000      3.565      0.033
    19.500      3.567      0.033
    20.000      3.569      0.032
    20.500      3.570      0.032
    21.000      3.572      0.031
    21.500      3.574      0.031
    22.000      3.576      0.030
    22.500      3.578      0.030
    23.000      3.580      0.030
    23.500      3.582      0.029
    24.000      3.585      0.029
    24.500      3.588      0.028
    25.000      3.590      0.028
    25.500      3.593      0.028
    26.000      3.596      0.028
    26.500      3.600      0.027
    27.000      3.604      0.027
    27.500      3.608      0.027
    28.000      3.612      0.027
    28.500      3.617      0.027
    29.000      3.621      0.027
    29.500      3.627      0.028
    30.000      3.632      0.028
    30.500      3.638      0.029
    31.000      3.645      0.030
    31.500      3.651      0.031
    32.000      3.658      0.032
    32.500      3.666      0.033
    33.000      3.674      0.034
    33.500      3.683      0.035
    34.000      3.692      0.037
    34.500      3.702      0.038
    35.000      3.712      0.041
    35.500      3.723      0.043
    36.000      3.734      0.046
    36.500      3.747      0.049
    37.000      3.760      0.051
    37.500      3.773      0.056
    38.000      3.788      0.058
    38.500      3.803      0.061
    39.000      3.820      0.065
    39.500      3.838      0.067
    40.000      3.858      0.069
    40.500      3.879      0.071
    41.000      3.900      0.073
    41.500      3.922      0.077
    42.000      3.943      0.083
    42.500      3.963      0.089
    43.000      3.984      0.097
    43.500      4.007      0.104
    44.000      4.027      0.112
    44.500      4.054      0.119
    45.000      4.081      0.123
    45.500      4.391      0.241
    46.000      4.416      0.231
    46.500      4.436      0.223
    47.000      4.447      0.213
    47.500      4.452      0.200
    48.000      4.457      0.189
    48.500      4.465      0.182
    49.000      4.479      0.178
    49.500      4.490      0.173
    50.000      4.501      0.167
    50.500      4.511      0.164
    51.000      4.523      0.162
    51.500      4.533      0.162
    52.000      4.542      0.161
    52.500      4.550      0.158
    53.000      4.556      0.155
    53.500      4.562      0.151
    54.000      4.566      0.148
    54.500      4.569      0.145
    55.000      4.572      0.142
    55.500      4.575      0.139
    56.000      4.579      0.136
    56.500      4.584      0.134
    57.000      4.587      0.133
    57.500      4.589      0.132
    58.000      4.591      0.130
    58.500      4.593      0.128
    59.000      4.596      0.127
    59.500      4.599      0.126
    60.000      4.602      0.126
    60.500      4.603      0.126
    61.000      4.605      0.125
    61.500      4.606      0.123
    62.000      4.608      0.122
    62.500      4.610      0.122
    63.000      4.612      0.123
    63.500      4.612      0.123
    64.000      4.613      0.122
    64.500      4.614      0.121
    65.000      4.614      0.120
    65.500      4.615      0.120
    66.000      4.616      0.120
    66.500      4.617      0.120
    67.000      4.617      0.119
    67.500      4.617      0.118
    68.000      4.617      0.117
    68.500      4.617      0.116
    69.000      4.617      0.116
    69.500      4.617      0.115
    70.000      4.616      0.114
    70.500      4.616      0.113
    71.000      4.616      0.112
    71.500      4.615      0.111
    72.000      4.614      0.110
    72.500      4.613      0.108
    73.000      4.612      0.107
    73.500      4.611      0.106
    74.000      4.611      0.105
    74.500      4.610      0.104
    75.000      4.608      0.102
    75.500      4.606      0.100
    76.000      4.605      0.098
    76.500      4.604      0.098
    77.000      4.603      0.097
    77.500      4.601      0.096
    78.000      4.599      0.095
    78.500      4.597      0.092
    79.000      4.595      0.090
    79.500      4.593      0.089
    80.000      4.592      0.089
    80.500      4.591      0.088
    81.000      4.588      0.087
    81.500      4.586      0.085
    82.000      4.583      0.083
    82.500      4.581      0.082
    83.000      4.580      0.082
    83.500      4.578      0.082
    84.000      4.576      0.082
    84.500      4.572      0.081
    85.000      4.569      0.080
    85.500      4.567      0.079
    86.000      4.566      0.080
    86.500      4.564      0.080
    87.000      4.561      0.081
    87.500      4.558      0.082
    88.000      4.555      0.081
    88.500      4.553      0.082
    89.000      4.551      0.083
    89.500      4.549      0.084
    90.000      4.546      0.085
    90.500      4.543      0.087
    91.000      4.540      0.089
    91.500      4.537      0.090
    92.000      4.535      0.091
    92.500      4.533      0.092
    93.000      4.531      0.094
    93.500      4.527      0.097
    94.000      4.524      0.100
    94.500      4.522      0.102
    95.000      4.520      0.104
    95.500      4.518      0.105
    96.000      4.516      0.107
    96.500      4.512      0.109
    97.000      4.509      0.113
    97.500      4.506      0.116
    98.000      4.505      0.118
    98.500      4.503      0.119
    99.000      4.501      0.121
    99.500      4.498      0.124
   100.000      4.494      0.127
   100.500      4.492      0.130
   101.000      4.490      0.132
   101.500      4.488      0.134
   102.000      4.487      0.135
   102.500      4.484      0.138
   103.000      4.480      0.141
   103.500      4.478      0.144
   104.000      4.476      0.146
   104.500      4.475      0.148
   105.000      4.473      0.149
   105.500      4.471      0.152
   106.000      4.467      0.155
   106.500      4.465      0.158
   107.000      4.464      0.160
   107.500      4.462      0.161
   108.000      4.461      0.163
   108.500      4.458      0.165
   109.000      4.455      0.167
   109.500      4.453      0.170
   110.000      4.452      0.172
   110.500      4.450      0.173
   111.000      4.449      0.175
   111.500      4.447      0.177
   112.000      4.444      0.179
   112.500      4.442      0.182
   113.000      4.440      0.183
   113.500      4.439      0.184
   114.000      4.438      0.185
   114.500      4.436      0.187
   115.000      4.433      0.190
   115.500      4.431      0.192
   116.000      4.429      0.193
   116.500      4.428      0.194
   117.000      4.427      0.195
   117.500      4.425      0.197
   118.000      4.423      0.199
   118.500      4.421      0.201
   119.000      4.419      0.202
   119.500      4.418      0.203
   120.000      4.417      0.204
   120.500      4.416      0.205
   121.000      4.414      0.207
   121.500      4.412      0.209
   122.000      4.410      0.210
   122.500      4.409      0.210
   123.000      4.408      0.211
   123.500      4.407      0.212
   124.000      4.405      0.214
   124.500      4.403      0.216
   125.000      4.401      0.217
   125.500      4.400      0.217
   126.000      4.400      0.217
   126.500      4.398      0.218
   127.000      4.397      0.220
   127.500      4.395      0.222
   128.000      4.393      0.222
   128.500      4.392      0.222
   129.000      4.391      0.222
   129.500      4.390      0.223
   130.000      4.389      0.225
   130.500      4.387      0.226
   131.000      4.386      0.226
   131.500      4.384      0.226
   132.000      4.383      0.226
   132.500      4.383      0.227
   133.000      4.381      0.228
   133.500      4.380      0.230
   134.000      4.379      0.230
   134.500      4.378      0.230
   135.000      4.376      0.229
   135.500      4.375      0.230
   136.000      4.374      0.231
   136.500      4.373      0.232
   137.000      4.372      0.232
   137.500      4.371      0.232
   138.000      4.369      0.231
   138.500      4.369      0.232
   139.000      4.368      0.232
   139.500      4.366      0.233
   140.000      4.366      0.233
   140.500      4.365      0.233
   141.000      4.363      0.233
   141.500      4.362      0.233
   142.000      4.361      0.233
   142.500      4.360      0.233
   143.000      4.360      0.233
   143.500      4.359      0.233
   144.000      4.357      0.233
   144.500      4.356      0.233
   145.000      4.355      0.233
   145.500      4.354      0.232
   146.000      4.354      0.232
   146.500      4.353      0.232
   147.000      4.352      0.232
   147.500      4.351      0.232
   148.000      4.349      0.232
   148.500      4.349      0.231
   149.000      4.348      0.230
   149.500      4.348      0.230
   150.000      4.347      0.230
   150.500      4.345      0.230
   151.000      4.343      0.230
   151.500      4.343      0.229
   152.000      4.343      0.228
   152.500      4.342      0.228
   153.000      4.342      0.228
   153.500      4.340      0.228
   154.000      4.338      0.228
   154.500      4.338      0.226
   155.000      4.338      0.225
   155.500      4.337      0.225
   156.000      4.336      0.225
   156.500      4.335      0.225
   157.000      4.334      0.225
   157.500      4.333      0.223
   158.000      4.333      0.222
   158.500      4.332      0.222
   159.000      4.331      0.222
   159.500      4.330      0.222
   160.000      4.329      0.223
   160.500      4.329      0.221
   161.000      4.328      0.219
   161.500      4.327      0.219
   162.000      4.326      0.219
   162.500      4.326      0.219
   163.000      4.324      0.220
   163.500      4.324      0.218
   164.000      4.324      0.216
   164.500      4.323      0.216
   165.000      4.321      0.216
   165.500      4.321      0.216
   166.000      4.320      0.217
   166.500      4.318      0.216
   167.000      4.320      0.214
   167.500      4.318      0.215
   168.000      4.317      0.215
   168.500      4.316      0.215
   169.000      4.315      0.216
   169.500      4.313      0.215
   170.000      4.316      0.214
   170.500      4.314      0.215
   171.000      4.312      0.215
   171.500      4.311      0.215
   172.000      4.310      0.216
   172.500      4.307      0.216
   173.000      4.311      0.215
   173.500      4.310      0.216
   174.000      4.308      0.217
   174.500      4.306      0.217
   175.000      4.305      0.218
   175.500      4.301      0.219
   176.000      4.306      0.219
   176.500      4.306      0.221
   177.000      4.304      0.221
   177.500      4.301      0.223
   178.000      4.300      0.223
   178.500      4.297      0.226
   179.000      4.300      0.227
   179.500      4.300      0.229
   180.000      4.300      0.229
   180.500      4.297      0.231
   181.000      4.294      0.232
   181.500      4.292      0.236
   182.000      4.295      0.239
   182.500      4.295      0.242
   183.000      4.295      0.242
   183.500      4.293      0.243
   184.000      4.289      0.246
   184.500      4.288      0.248
   185.000      4.289      0.256
   185.500      4.289      0.259
   186.000      4.289      0.259
   186.500      4.289      0.259
   187.000      4.285      0.263
   187.500      4.282      0.265
   188.000      4.283      0.278
   188.500      4.283      0.282
   189.000      4.283      0.282
   189.500      4.283      0.282
   190.000      4.282      0.282
   190.500      4.276      0.288
   191.000      4.277      0.306
   191.500      4.276      0.309
   192.000      4.276      0.309
   192.500      4.276      0.309
   193.000      4.276      0.309
   193.500      4.272      0.314
   194.000      4.270      0.339
   194.500      4.269      0.342
   195.000      4.269      0.342
   195.500      4.269      0.342
   196.000      4.269      0.342
   196.500      4.269      0.342
   197.000      4.263      0.376
   197.500      4.262      0.380
   198.000      4.262      0.380
   198.500      4.262      0.380
   199.000      4.262      0.380
