     0.000      1.520      0.479
     0.500      3.062      0.138
     1.000      3.086      0.136
     1.500      3.133      0.113
     2.000      3.184      0.099
     2.500      3.216      0.087
     3.000      3.261      0.072
     3.500      3.295      0.064
     4.000      3.326      0.058
     4.500      3.361      0.050
     5.000      3.387      0.047
     5.500      3.415      0.046
     6.000      3.441      0.042
     6.500      3.463      0.047
     7.000      3.485      0.043
     7.500      3.505      0.045
     8.000      3.521      0.045
     8.500      3.540      0.044
     9.000      3.554      0.046
     9.500      3.568      0.044
    10.000      3.581      0.045
    10.500      3.592      0.044
    11.000      3.603      0.043
    11.500      3.612      0.042
    12.000      3.621      0.041
    12.500      3.629      0.040
    13.000      3.636      0.039
    13.500      3.643      0.039
    14.000      3.649      0.038
    14.500      3.655      0.037
    15.000      3.660      0.037
    15.500      3.665      0.036
    16.000      3.670      0.036
    16.500      3.674      0.035
    17.000      3.679      0.035
    17.500      3.683      0.035
    18.000      3.687      0.035
    18.500      3.691      0.034
    19.000      3.695      0.034
    19.500      3.699      0.034
    20.000      3.703      0.033
    20.500      3.706      0.033
    21.000      3.710      0.033
    21.500      3.713      0.032
    22.000      3.717      0.032
    22.500      3.720      0.031
    23.000      3.723      0.031
    23.500      3.727      0.030
    24.000      3.730      0.030
    24.500      3.734      0.029
    25.000      3.737      0.029
    25.500      3.741      0.029
    26.000      3.744      0.028
    26.500      3.748      0.028
    27.000      3.752      0.028
    27.500      3.756      0.028
    28.000      3.760      0.029
    28.500      3.764      0.029
    29.000      3.768      0.029
    29.500      3.772      0.030
    30.000      3.777      0.030
    30.500      3.781      0.031
    31.000      3.786      0.031
    31.500      3.791      0.032
    32.000      3.797      0.033
    32.500      3.802      0.034
    33.000      3.808      0.035
    33.500      3.814      0.036
    34.000      3.820      0.037
    34.500      3.827      0.038
    35.000      3.833      0.040
    35.500      3.840      0.041
    36.000      3.848      0.043
    36.500      3.856      0.044
    37.000      3.863      0.046
    37.500      3.872      0.048
    38.000      3.881      0.051
    38.500      3.890      0.053
    39.000      3.900      0.055
    39.500      3.910      0.057
    40.000      3.921      0.059
    40.500      3.931      0.060
    41.000      3.941      0.061
    41.500      3.952      0.064
    42.000      3.962      0.066
    42.500      3.974      0.066
    43.000      3.987      0.067
    43.500      3.999      0.066
    44.000      4.012      0.067
    44.500      4.025      0.067
    45.000      4.039      0.066
    45.500      4.052      0.065
    46.000      4.065      0.065
    46.500      4.380      0.158
    47.000      4.386      0.164
    47.500      4.390      0.169
    48.000      4.389      0.171
    48.500      4.386      0.169
    49.000      4.383      0.166
    49.500      4.379      0.161
    50.000      4.376      0.154
    50.500      4.375      0.150
    51.000      4.377      0.150
    51.500      4.380      0.151
    52.000      4.383      0.151
    52.500      4.386      0.151
    53.000      4.389      0.151
    53.500      4.392      0.150
    54.000      4.394      0.149
    54.500      4.396      0.149
    55.000      4.398      0.150
    55.500      4.401      0.151
    56.000      4.401      0.152
    56.500      4.401      0.151
    57.000      4.401      0.151
    57.500      4.401      0.151
    58.000      4.400      0.150
    58.500      4.398      0.147
    59.000      4.395      0.144
    59.500      4.392      0.140
    60.000      4.390      0.138
    60.500      4.389      0.135
    61.000      4.386      0.132
    61.500      4.384      0.130
    62.000      4.382      0.127
    62.500      4.379      0.124
    63.000      4.377      0.121
    63.500      4.376      0.118
    64.000      4.374      0.115
    64.500      4.372      0.113
    65.000      4.370      0.111
    65.500      4.368      0.108
    66.000      4.367      0.106
    66.500      4.366      0.104
    67.000      4.365      0.103
    67.500      4.364      0.102
    68.000      4.363      0.100
    68.500      4.361      0.098
    69.000      4.361      0.098
    69.500      4.360      0.096
    70.000      4.360      0.095
    70.500      4.360      0.095
    71.000      4.359      0.093
    71.500      4.358      0.093
    72.000      4.358      0.092
    72.500      4.358      0.092
    73.000      4.359      0.092
    73.500      4.359      0.091
    74.000      4.359      0.091
    74.500      4.359      0.090
    75.000      4.358      0.090
    75.500      4.359      0.090
    76.000      4.360      0.090
    76.500      4.361      0.090
    77.000      4.361      0.090
    77.500      4.361      0.090
    78.000      4.362      0.090
    78.500      4.362      0.091
    79.000      4.364      0.091
    79.500      4.365      0.092
    80.000      4.366      0.092
    80.500      4.366      0.092
    81.000      4.367      0.092
    81.500      4.368      0.093
    82.000      4.370      0.094
    82.500      4.371      0.095
    83.000      4.372      0.096
    83.500      4.373      0.096
    84.000      4.374      0.096
    84.500      4.375      0.097
    85.000      4.376      0.098
    85.500      4.378      0.100
    86.000      4.379      0.101
    86.500      4.381      0.101
    87.000      4.382      0.102
    87.500      4.383      0.102
    88.000      4.384      0.104
    88.500      4.386      0.106
    89.000      4.388      0.107
    89.500      4.389      0.108
    90.000      4.390      0.108
    90.500      4.391      0.109
    91.000      4.393      0.110
    91.500      4.394      0.112
    92.000      4.396      0.114
    92.500      4.397      0.115
    93.000      4.399      0.115
    93.500      4.400      0.116
    94.000      4.401      0.117
    94.500      4.402      0.119
    95.000      4.404      0.120
    95.500      4.405      0.121
    96.000      4.407      0.122
    96.500      4.408      0.123
    97.000      4.409      0.123
    97.500      4.410      0.125
    98.000      4.411      0.126
    98.500      4.413      0.127
    99.000      4.414      0.128
    99.500      4.415      0.129
   100.000      4.416      0.129
   100.500      4.417      0.131
   101.000      4.418      0.132
   101.500      4.419      0.133
   102.000      4.420      0.133
   102.500      4.421      0.134
   103.000      4.422      0.135
   103.500      4.422      0.136
   104.000      4.423      0.137
   104.500      4.424      0.137
   105.000      4.425      0.138
   105.500      4.426      0.138
   106.000      4.426      0.139
   106.500      4.427      0.140
   107.000      4.427      0.141
   107.500      4.428      0.141
   108.000      4.428      0.142
   108.500      4.429      0.142
   109.000      4.429      0.143
   109.500      4.430      0.144
   110.000      4.431      0.144
   110.500      4.431      0.145
   111.000      4.431      0.145
   111.500      4.432      0.145
   112.000      4.432      0.146
   112.500      4.432      0.147
   113.000      4.433      0.147
   113.500      4.433      0.148
   114.000      4.433      0.148
   114.500      4.433      0.148
   115.000      4.433      0.149
   115.500      4.433      0.150
   116.000      4.433      0.150
   116.500      4.433      0.151
   117.000      4.433      0.151
   117.500      4.433      0.151
   118.000      4.433      0.152
   118.500      4.433      0.152
   119.000      4.433      0.153
   119.500      4.433      0.154
   120.000      4.432      0.155
   120.500      4.432      0.155
   121.000      4.432      0.155
   121.500      4.432      0.156
   122.000      4.432      0.156
   122.500      4.431      0.158
   123.000      4.431      0.159
   123.500      4.430      0.159
   124.000      4.430      0.159
   124.500      4.429      0.159
   125.000      4.429      0.160
   125.500      4.429      0.161
   126.000      4.428      0.163
   126.500      4.428      0.163
   127.000      4.427      0.163
   127.500      4.426      0.163
   128.000      4.426      0.164
   128.500      4.426      0.166
   129.000      4.425      0.167
   129.500      4.424      0.168
   130.000      4.423      0.168
   130.500      4.423      0.168
   131.000      4.422      0.169
   131.500      4.421      0.170
   132.000      4.421      0.172
   132.500      4.420      0.173
   133.000      4.419      0.173
   133.500      4.418      0.173
   134.000      4.417      0.174
   134.500      4.416      0.176
   135.000      4.415      0.177
   135.500      4.415      0.178
   136.000      4.414      0.179
   136.500      4.413      0.179
   137.000      4.412      0.180
   137.500      4.410      0.181
   138.000      4.410      0.183
   138.500      4.409      0.184
   139.000      4.409      0.185
   139.500      4.407      0.185
   140.000      4.405      0.186
   140.500      4.404      0.187
   141.000      4.403      0.188
   141.500      4.402      0.190
   142.000      4.402      0.190
   142.500      4.401      0.191
   143.000      4.399      0.192
   143.500      4.397      0.193
   144.000      4.396      0.194
   144.500      4.395      0.195
   145.000      4.395      0.195
   145.500      4.394      0.197
   146.000      4.391      0.198
   146.500      4.390      0.199
   147.000      4.388      0.200
   147.500      4.387      0.201
   148.000      4.387      0.201
   148.500      4.386      0.202
   149.000      4.384      0.203
   149.500      4.382      0.204
   150.000      4.380      0.205
   150.500      4.378      0.206
   151.000      4.378      0.206
   151.500      4.378      0.206
   152.000      4.376      0.208
   152.500      4.373      0.209
   153.000      4.371      0.210
   153.500      4.370      0.210
   154.000      4.369      0.210
   154.500      4.369      0.210
   155.000      4.367      0.211
   155.500      4.365      0.214
   156.000      4.362      0.214
   156.500      4.360      0.214
   157.000      4.360      0.213
   157.500      4.359      0.214
   158.000      4.358      0.214
   158.500      4.356      0.217
   159.000      4.353      0.217
   159.500      4.351      0.217
   160.000      4.350      0.216
   160.500      4.350      0.216
   161.000      4.349      0.217
   161.500      4.347      0.219
   162.000      4.344      0.220
   162.500      4.342      0.220
   163.000      4.340      0.219
   163.500      4.339      0.218
   164.000      4.339      0.219
   164.500      4.337      0.220
   165.000      4.335      0.222
   165.500      4.332      0.222
   166.000      4.330      0.221
   166.500      4.329      0.220
   167.000      4.328      0.220
   167.500      4.327      0.221
   168.000      4.325      0.223
   168.500      4.323      0.223
   169.000      4.319      0.222
   169.500      4.318      0.221
   170.000      4.318      0.222
   170.500      4.317      0.223
   171.000      4.315      0.223
   171.500      4.313      0.225
   172.000      4.309      0.224
   172.500      4.307      0.223
   173.000      4.307      0.224
   173.500      4.306      0.224
   174.000      4.306      0.225
   174.500      4.303      0.226
   175.000      4.300      0.227
   175.500      4.296      0.227
   176.000      4.296      0.227
   176.500      4.295      0.228
   177.000      4.295      0.228
   177.500      4.293      0.229
   178.000      4.291      0.231
   178.500      4.286      0.232
   179.000      4.285      0.232
   179.500      4.284      0.234
   180.000      4.285      0.234
   180.500      4.284      0.234
   181.000      4.282      0.237
   181.500      4.275      0.241
   182.000      4.274      0.242
   182.500      4.274      0.243
   183.000      4.274      0.244
   183.500      4.274      0.245
   184.000      4.271      0.247
   184.500      4.265      0.253
   185.000      4.263      0.256
   185.500      4.263      0.259
   186.000      4.263      0.260
   186.500      4.263      0.260
   187.000      4.263      0.260
   187.500      4.258      0.269
   188.000      4.252      0.277
   188.500      4.253      0.281
   189.000      4.253      0.282
   189.500      4.253      0.282
   190.000      4.253      0.282
   190.500      4.251      0.289
   191.000      4.241      0.304
   191.500      4.243      0.311
   192.000      4.242      0.312
   192.500      4.242      0.312
   193.000      4.242      0.312
   193.500      4.242      0.312
   194.000      4.231      0.340
   194.500      4.232      0.349
   195.000      4.232      0.349
   195.500      4.232      0.349
   196.000      4.232      0.349
   196.500      4.232      0.349
   197.000      4.221      0.384
   197.500      4.223      0.394
   198.000      4.223      0.394
   198.500      4.223      0.394
   199.000      4.223      0.394
   199.500      4.223      0.394
