     0.000      1.526      0.577
     0.500      1.779      0.486
     1.000      2.002      0.384
     1.500      2.199      0.343
     2.000      2.341      0.333
     2.500      2.918      0.140
     3.000      2.966      0.153
     3.500      2.993      0.148
     4.000      3.017      0.139
     4.500      3.042      0.130
     5.000      3.075      0.118
     5.500      3.099      0.114
     6.000      3.125      0.108
     6.500      3.154      0.102
     7.000      3.176      0.099
     7.500      3.202      0.095
     8.000      3.227      0.093
     8.500      3.250      0.090
     9.000      3.271      0.088
     9.500      3.296      0.087
    10.000      3.314      0.084
    10.500      3.338      0.083
    11.000      3.358      0.082
    11.500      3.375      0.078
    12.000      3.398      0.078
    12.500      3.414      0.076
    13.000      3.432      0.073
    13.500      3.451      0.073
    14.000      3.465      0.069
    14.500      3.484      0.069
    15.000      3.499      0.067
    15.500      3.513      0.064
    16.000      3.528      0.064
    16.500      3.541      0.062
    17.000      3.555      0.061
    17.500      3.568      0.060
    18.000      3.579      0.059
    18.500      3.593      0.058
    19.000      3.604      0.057
    19.500      3.614      0.056
    20.000      3.625      0.056
    20.500      3.635      0.055
    21.000      3.645      0.054
    21.500      3.654      0.054
    22.000      3.662      0.053
    22.500      3.671      0.053
    23.000      3.679      0.052
    23.500      3.686      0.051
    24.000      3.694      0.051
    24.500      3.700      0.050
    25.000      3.708      0.050
    25.500      3.714      0.049
    26.000      3.720      0.048
    26.500      3.727      0.047
    27.000      3.732      0.046
    27.500      3.738      0.046
    28.000      3.743      0.045
    28.500      3.749      0.044
    29.000      3.754      0.043
    29.500      3.759      0.042
    30.000      3.764      0.041
    30.500      3.769      0.040
    31.000      3.774      0.040
    31.500      3.779      0.039
    32.000      3.784      0.038
    32.500      3.789      0.038
    33.000      3.794      0.038
    33.500      3.800      0.038
    34.000      3.805      0.038
    34.500      3.810      0.038
    35.000      3.815      0.040
    35.500      3.821      0.041
    36.000      3.826      0.044
    36.500      3.832      0.046
    37.000      3.837      0.049
    37.500      3.844      0.053
    38.000      3.849      0.055
    38.500      3.854      0.057
    39.000      3.859      0.056
    39.500      3.862      0.051
    40.000      3.866      0.047
    40.500      3.872      0.046
    41.000      3.878      0.047
    41.500      3.885      0.048
    42.000      3.892      0.049
    42.500      3.899      0.051
    43.000      3.906      0.052
    43.500      3.914      0.055
    44.000      3.923      0.057
    44.500      3.932      0.061
    45.000      3.942      0.064
    45.500      3.952      0.068
    46.000      3.962      0.074
    46.500      3.973      0.079
    47.000      3.984      0.086
    47.500      3.996      0.091
    48.000      4.007      0.096
    48.500      4.018      0.102
    49.000      4.031      0.106
    49.500      4.044      0.111
    50.000      4.059      0.116
    50.500      4.076      0.123
    51.000      4.094      0.131
    51.500      4.112      0.139
    52.000      4.354      0.262
    52.500      4.370      0.261
    53.000      4.383      0.258
    53.500      4.397      0.257
    54.000      4.409      0.255
    54.500      4.424      0.252
    55.000      4.440      0.249
    55.500      4.452      0.242
    56.000      4.462      0.234
    56.500      4.470      0.226
    57.000      4.479      0.222
    57.500      4.485      0.217
    58.000      4.489      0.213
    58.500      4.490      0.207
    59.000      4.490      0.201
    59.500      4.489      0.194
    60.000      4.488      0.188
    60.500      4.486      0.182
    61.000      4.484      0.176
    61.500      4.481      0.170
    62.000      4.479      0.164
    62.500      4.477      0.157
    63.000      4.475      0.152
    63.500      4.473      0.146
    64.000      4.470      0.142
    64.500      4.468      0.138
    65.000      4.466      0.134
    65.500      4.464      0.129
    66.000      4.462      0.126
    66.500      4.460      0.122
    67.000      4.458      0.120
    67.500      4.456      0.118
    68.000      4.455      0.116
    68.500      4.453      0.113
    69.000      4.451      0.111
    69.500      4.449      0.109
    70.000      4.448      0.109
    70.500      4.446      0.109
    71.000      4.445      0.109
    71.500      4.444      0.107
    72.000      4.442      0.106
    72.500      4.441      0.106
    73.000      4.440      0.106
    73.500      4.438      0.107
    74.000      4.437      0.108
    74.500      4.436      0.108
    75.000      4.435      0.107
    75.500      4.434      0.108
    76.000      4.433      0.109
    76.500      4.432      0.110
    77.000      4.431      0.111
    77.500      4.430      0.111
    78.000      4.429      0.111
    78.500      4.429      0.112
    79.000      4.428      0.113
    79.500      4.428      0.114
    80.000      4.427      0.115
    80.500      4.426      0.116
    81.000      4.426      0.116
    81.500      4.426      0.117
    82.000      4.425      0.118
    82.500      4.425      0.118
    83.000      4.424      0.119
    83.500      4.424      0.120
    84.000      4.423      0.121
    84.500      4.423      0.122
    85.000      4.423      0.122
    85.500      4.423      0.123
    86.000      4.423      0.124
    86.500      4.422      0.125
    87.000      4.422      0.126
    87.500      4.423      0.127
    88.000      4.423      0.127
    88.500      4.423      0.128
    89.000      4.423      0.129
    89.500      4.422      0.129
    90.000      4.422      0.131
    90.500      4.423      0.132
    91.000      4.423      0.132
    91.500      4.424      0.133
    92.000      4.424      0.133
    92.500      4.424      0.134
    93.000      4.424      0.135
    93.500      4.424      0.137
    94.000      4.425      0.138
    94.500      4.426      0.138
    95.000      4.426      0.139
    95.500      4.426      0.139
    96.000      4.426      0.140
    96.500      4.427      0.142
    97.000      4.427      0.143
    97.500      4.428      0.144
    98.000      4.429      0.144
    98.500      4.429      0.145
    99.000      4.429      0.146
    99.500      4.430      0.147
   100.000      4.431      0.149
   100.500      4.432      0.150
   101.000      4.433      0.150
   101.500      4.433      0.151
   102.000      4.433      0.152
   102.500      4.434      0.153
   103.000      4.435      0.154
   103.500      4.436      0.156
   104.000      4.437      0.156
   104.500      4.438      0.157
   105.000      4.438      0.157
   105.500      4.439      0.159
   106.000      4.440      0.160
   106.500      4.441      0.161
   107.000      4.442      0.162
   107.500      4.443      0.163
   108.000      4.444      0.163
   108.500      4.445      0.164
   109.000      4.446      0.165
   109.500      4.447      0.166
   110.000      4.448      0.167
   110.500      4.449      0.168
   111.000      4.450      0.169
   111.500      4.451      0.169
   112.000      4.452      0.170
   112.500      4.453      0.171
   113.000      4.454      0.172
   113.500      4.456      0.173
   114.000      4.457      0.173
   114.500      4.457      0.174
   115.000      4.458      0.175
   115.500      4.460      0.176
   116.000      4.461      0.177
   116.500      4.462      0.177
   117.000      4.463      0.178
   117.500      4.464      0.178
   118.000      4.465      0.179
   118.500      4.467      0.180
   119.000      4.468      0.181
   119.500      4.469      0.182
   120.000      4.470      0.182
   120.500      4.471      0.183
   121.000      4.472      0.183
   121.500      4.474      0.184
   122.000      4.475      0.185
   122.500      4.476      0.186
   123.000      4.478      0.186
   123.500      4.479      0.186
   124.000      4.479      0.187
   124.500      4.481      0.188
   125.000      4.482      0.189
   125.500      4.484      0.190
   126.000      4.485      0.190
   126.500      4.486      0.190
   127.000      4.486      0.191
   127.500      4.488      0.192
   128.000      4.490      0.193
   128.500      4.491      0.194
   129.000      4.492      0.194
   129.500      4.493      0.194
   130.000      4.493      0.195
   130.500      4.494      0.196
   131.000      4.496      0.197
   131.500      4.498      0.198
   132.000      4.499      0.197
   132.500      4.499      0.198
   133.000      4.500      0.198
   133.500      4.501      0.199
   134.000      4.503      0.201
   134.500      4.504      0.201
   135.000      4.505      0.201
   135.500      4.506      0.201
   136.000      4.507      0.202
   136.500      4.507      0.203
   137.000      4.509      0.204
   137.500      4.510      0.205
   138.000      4.511      0.205
   138.500      4.512      0.205
   139.000      4.512      0.206
   139.500      4.513      0.207
   140.000      4.515      0.208
   140.500      4.516      0.208
   141.000      4.517      0.208
   141.500      4.517      0.208
   142.000      4.518      0.209
   142.500      4.518      0.210
   143.000      4.520      0.211
   143.500      4.521      0.211
   144.000      4.521      0.211
   144.500      4.522      0.212
   145.000      4.522      0.212
   145.500      4.523      0.213
   146.000      4.524      0.214
   146.500      4.525      0.214
   147.000      4.525      0.214
   147.500      4.526      0.214
   148.000      4.526      0.215
   148.500      4.527      0.215
   149.000      4.527      0.216
   149.500      4.528      0.216
   150.000      4.528      0.216
   150.500      4.529      0.217
   151.000      4.529      0.217
   151.500      4.530      0.217
   152.000      4.530      0.218
   152.500      4.530      0.218
   153.000      4.530      0.218
   153.500      4.531      0.218
   154.000      4.531      0.219
   154.500      4.531      0.219
   155.000      4.531      0.219
   155.500      4.531      0.219
   156.000      4.531      0.218
   156.500      4.531      0.219
   157.000      4.532      0.219
   157.500      4.532      0.219
   158.000      4.532      0.219
   158.500      4.531      0.219
   159.000      4.531      0.219
   159.500      4.531      0.218
   160.000      4.531      0.219
   160.500      4.531      0.219
   161.000      4.531      0.219
   161.500      4.530      0.219
   162.000      4.530      0.218
   162.500      4.529      0.217
   163.000      4.528      0.217
   163.500      4.529      0.217
   164.000      4.528      0.218
   164.500      4.528      0.217
   165.000      4.527      0.217
   165.500      4.525      0.216
   166.000      4.525      0.215
   166.500      4.525      0.215
   167.000      4.524      0.216
   167.500      4.524      0.215
   168.000      4.522      0.215
   168.500      4.520      0.214
   169.000      4.519      0.213
   169.500      4.519      0.213
   170.000      4.519      0.213
   170.500      4.519      0.213
   171.000      4.517      0.212
   171.500      4.513      0.211
   172.000      4.512      0.210
   172.500      4.512      0.210
   173.000      4.511      0.211
   173.500      4.512      0.210
   174.000      4.509      0.209
   174.500      4.505      0.209
   175.000      4.503      0.208
   175.500      4.503      0.208
   176.000      4.502      0.208
   176.500      4.503      0.208
   177.000      4.498      0.207
   177.500      4.495      0.207
   178.000      4.493      0.207
   178.500      4.492      0.206
   179.000      4.491      0.208
   179.500      4.491      0.207
   180.000      4.485      0.206
   180.500      4.484      0.207
   181.000      4.482      0.208
   181.500      4.479      0.208
   182.000      4.478      0.209
   182.500      4.477      0.209
   183.000      4.470      0.210
   183.500      4.470      0.210
   184.000      4.468      0.211
   184.500      4.464      0.212
   185.000      4.463      0.214
   185.500      4.460      0.216
   186.000      4.453      0.218
   186.500      4.453      0.218
   187.000      4.452      0.218
   187.500      4.447      0.222
   188.000      4.446      0.224
   188.500      4.438      0.229
   189.000      4.434      0.231
   189.500      4.434      0.231
   190.000      4.434      0.232
   190.500      4.431      0.234
   191.000      4.426      0.240
   191.500      4.413      0.252
   192.000      4.413      0.252
   192.500      4.413      0.252
   193.000      4.413      0.252
   193.500      4.412      0.253
   194.000      4.404      0.263
   194.500      4.389      0.280
   195.000      4.389      0.280
   195.500      4.389      0.280
   196.000      4.389      0.280
   196.500      4.389      0.280
   197.000      4.380      0.293
   197.500      4.363      0.315
   198.000      4.363      0.315
   198.500      4.363      0.315
   199.000      4.363      0.315
