     0.000      1.401      0.495
     0.500      3.273      0.172
     1.000      3.301      0.142
     1.500      3.335      0.130
     2.000      3.365      0.100
     2.500      3.394      0.083
     3.000      3.415      0.069
     3.500      3.438      0.055
     4.000      3.458      0.044
     4.500      3.472      0.037
     5.000      3.492      0.029
     5.500      3.501      0.029
     6.000      3.516      0.026
     6.500      3.524      0.029
     7.000      3.535      0.028
     7.500      3.541      0.031
     8.000      3.549      0.032
     8.500      3.554      0.034
     9.000      3.559      0.035
     9.500      3.563      0.036
    10.000      3.566      0.036
    10.500      3.569      0.037
    11.000      3.572      0.037
    11.500      3.575      0.037
    12.000      3.577      0.038
    12.500      3.579      0.038
    13.000      3.581      0.038
    13.500      3.584      0.038
    14.000      3.586      0.037
    14.500      3.589      0.037
    15.000      3.591      0.036
    15.500      3.594      0.036
    16.000      3.597      0.035
    16.500      3.601      0.034
    17.000      3.604      0.033
    17.500      3.608      0.032
    18.000      3.612      0.031
    18.500      3.617      0.030
    19.000      3.622      0.029
    19.500      3.627      0.028
    20.000      3.632      0.027
    20.500      3.638      0.026
    21.000      3.644      0.025
    21.500      3.650      0.025
    22.000      3.657      0.025
    22.500      3.664      0.025
    23.000      3.672      0.026
    23.500      3.680      0.026
    24.000      3.688      0.028
    24.500      3.697      0.029
    25.000      3.706      0.031
    25.500      3.717      0.033
    26.000      3.726      0.035
    26.500      3.738      0.038
    27.000      3.748      0.041
    27.500      3.760      0.043
    28.000      3.770      0.046
    28.500      3.782      0.049
    29.000      3.794      0.051
    29.500      3.808      0.054
    30.000      3.824      0.054
    30.500      3.842      0.055
    31.000      3.859      0.056
    31.500      3.879      0.054
    32.000      3.902      0.049
    32.500      3.924      0.047
    33.000      3.943      0.050
    33.500      3.962      0.053
    34.000      3.982      0.057
    34.500      4.001      0.062
    35.000      4.021      0.067
    35.500      4.040      0.073
    36.000      4.062      0.079
    36.500      4.083      0.085
    37.000      4.105      0.089
    37.500      4.126      0.086
    38.000      4.337      0.160
    38.500      4.377      0.165
    39.000      4.401      0.167
    39.500      4.409      0.166
    40.000      4.418      0.165
    40.500      4.428      0.165
    41.000      4.442      0.167
    41.500      4.455      0.166
    42.000      4.470      0.161
    42.500      4.483      0.162
    43.000      4.493      0.163
    43.500      4.505      0.166
    44.000      4.513      0.165
    44.500      4.520      0.162
    45.000      4.525      0.156
    45.500      4.532      0.151
    46.000      4.536      0.148
    46.500      4.537      0.145
    47.000      4.537      0.141
    47.500      4.536      0.137
    48.000      4.535      0.130
    48.500      4.534      0.124
    49.000      4.534      0.116
    49.500      4.530      0.109
    50.000      4.526      0.103
    50.500      4.522      0.096
    51.000      4.517      0.090
    51.500      4.514      0.085
    52.000      4.512      0.079
    52.500      4.510      0.075
    53.000      4.506      0.072
    53.500      4.502      0.071
    54.000      4.498      0.068
    54.500      4.494      0.068
    55.000      4.491      0.067
    55.500      4.490      0.068
    56.000      4.487      0.069
    56.500      4.484      0.070
    57.000      4.480      0.071
    57.500      4.476      0.074
    58.000      4.473      0.076
    58.500      4.470      0.078
    59.000      4.469      0.081
    59.500      4.466      0.082
    60.000      4.463      0.085
    60.500      4.460      0.087
    61.000      4.456      0.090
    61.500      4.454      0.092
    62.000      4.451      0.094
    62.500      4.449      0.095
    63.000      4.447      0.097
    63.500      4.444      0.099
    64.000      4.441      0.101
    64.500      4.438      0.103
    65.000      4.436      0.104
    65.500      4.434      0.104
    66.000      4.432      0.106
    66.500      4.430      0.107
    67.000      4.427      0.108
    67.500      4.425      0.109
    68.000      4.422      0.110
    68.500      4.420      0.110
    69.000      4.418      0.109
    69.500      4.416      0.110
    70.000      4.415      0.110
    70.500      4.412      0.111
    71.000      4.410      0.111
    71.500      4.408      0.110
    72.000      4.406      0.109
    72.500      4.404      0.109
    73.000      4.403      0.109
    73.500      4.401      0.108
    74.000      4.399      0.108
    74.500      4.397      0.107
    75.000      4.396      0.106
    75.500      4.394      0.105
    76.000      4.392      0.104
    76.500      4.391      0.103
    77.000      4.389      0.103
    77.500      4.388      0.102
    78.000      4.386      0.100
    78.500      4.385      0.099
    79.000      4.383      0.098
    79.500      4.382      0.097
    80.000      4.381      0.096
    80.500      4.379      0.095
    81.000      4.378      0.094
    81.500      4.377      0.093
    82.000      4.376      0.092
    82.500      4.375      0.091
    83.000      4.374      0.090
    83.500      4.373      0.089
    84.000      4.372      0.089
    84.500      4.371      0.088
    85.000      4.370      0.088
    85.500      4.369      0.087
    86.000      4.368      0.086
    86.500      4.367      0.086
    87.000      4.366      0.086
    87.500      4.366      0.086
    88.000      4.365      0.086
    88.500      4.364      0.086
    89.000      4.364      0.086
    89.500      4.364      0.086
    90.000      4.362      0.086
    90.500      4.362      0.087
    91.000      4.361      0.088
    91.500      4.361      0.088
    92.000      4.361      0.089
    92.500      4.361      0.090
    93.000      4.360      0.091
    93.500      4.360      0.092
    94.000      4.359      0.093
    94.500      4.359      0.094
    95.000      4.359      0.095
    95.500      4.359      0.096
    96.000      4.359      0.097
    96.500      4.359      0.098
    97.000      4.358      0.100
    97.500      4.358      0.102
    98.000      4.358      0.102
    98.500      4.358      0.104
    99.000      4.359      0.106
    99.500      4.358      0.107
   100.000      4.358      0.109
   100.500      4.357      0.110
   101.000      4.357      0.111
   101.500      4.358      0.113
   102.000      4.358      0.115
   102.500      4.358      0.116
   103.000      4.359      0.118
   103.500      4.358      0.120
   104.000      4.358      0.121
   104.500      4.358      0.122
   105.000      4.359      0.124
   105.500      4.359      0.126
   106.000      4.359      0.127
   106.500      4.360      0.129
   107.000      4.359      0.130
   107.500      4.359      0.131
   108.000      4.360      0.134
   108.500      4.360      0.136
   109.000      4.360      0.137
   109.500      4.361      0.139
   110.000      4.361      0.140
   110.500      4.361      0.141
   111.000      4.361      0.143
   111.500      4.361      0.145
   112.000      4.361      0.147
   112.500      4.362      0.149
   113.000      4.363      0.150
   113.500      4.363      0.151
   114.000      4.363      0.153
   114.500      4.363      0.155
   115.000      4.363      0.157
   115.500      4.363      0.159
   116.000      4.364      0.160
   116.500      4.365      0.161
   117.000      4.366      0.162
   117.500      4.365      0.165
   118.000      4.366      0.167
   118.500      4.365      0.169
   119.000      4.366      0.170
   119.500      4.367      0.171
   120.000      4.368      0.172
   120.500      4.369      0.174
   121.000      4.368      0.177
   121.500      4.368      0.178
   122.000      4.368      0.180
   122.500      4.369      0.181
   123.000      4.370      0.182
   123.500      4.371      0.183
   124.000      4.371      0.185
   124.500      4.370      0.188
   125.000      4.370      0.189
   125.500      4.371      0.191
   126.000      4.372      0.192
   126.500      4.373      0.193
   127.000      4.374      0.194
   127.500      4.374      0.196
   128.000      4.373      0.199
   128.500      4.373      0.200
   129.000      4.374      0.202
   129.500      4.375      0.202
   130.000      4.376      0.203
   130.500      4.377      0.205
   131.000      4.376      0.207
   131.500      4.375      0.209
   132.000      4.376      0.211
   132.500      4.377      0.212
   133.000      4.378      0.212
   133.500      4.378      0.214
   134.000      4.378      0.215
   134.500      4.378      0.217
   135.000      4.377      0.219
   135.500      4.379      0.221
   136.000      4.379      0.221
   136.500      4.380      0.222
   137.000      4.380      0.223
   137.500      4.380      0.224
   138.000      4.379      0.226
   138.500      4.380      0.228
   139.000      4.380      0.229
   139.500      4.381      0.230
   140.000      4.381      0.231
   140.500      4.382      0.231
   141.000      4.381      0.232
   141.500      4.381      0.235
   142.000      4.381      0.236
   142.500      4.381      0.237
   143.000      4.382      0.237
   143.500      4.382      0.238
   144.000      4.382      0.239
   144.500      4.382      0.239
   145.000      4.382      0.242
   145.500      4.382      0.243
   146.000      4.382      0.243
   146.500      4.383      0.243
   147.000      4.383      0.244
   147.500      4.382      0.245
   148.000      4.382      0.245
   148.500      4.382      0.248
   149.000      4.382      0.248
   149.500      4.382      0.248
   150.000      4.382      0.248
   150.500      4.382      0.249
   151.000      4.381      0.249
   151.500      4.382      0.250
   152.000      4.381      0.251
   152.500      4.380      0.251
   153.000      4.381      0.251
   153.500      4.381      0.251
   154.000      4.380      0.252
   154.500      4.380      0.252
   155.000      4.380      0.252
   155.500      4.379      0.253
   156.000      4.378      0.252
   156.500      4.379      0.252
   157.000      4.378      0.252
   157.500      4.378      0.253
   158.000      4.377      0.253
   158.500      4.377      0.252
   159.000      4.375      0.252
   159.500      4.375      0.251
   160.000      4.375      0.252
   160.500      4.374      0.252
   161.000      4.374      0.252
   161.500      4.373      0.251
   162.000      4.372      0.250
   162.500      4.371      0.249
   163.000      4.371      0.249
   163.500      4.370      0.249
   164.000      4.370      0.249
   164.500      4.369      0.248
   165.000      4.367      0.247
   165.500      4.366      0.245
   166.000      4.365      0.245
   166.500      4.365      0.245
   167.000      4.364      0.245
   167.500      4.364      0.244
   168.000      4.361      0.243
   168.500      4.359      0.240
   169.000      4.359      0.239
   169.500      4.358      0.238
   170.000      4.357      0.239
   170.500      4.358      0.239
   171.000      4.355      0.236
   171.500      4.351      0.234
   172.000      4.351      0.231
   172.500      4.350      0.231
   173.000      4.349      0.231
   173.500      4.349      0.231
   174.000      4.349      0.230
   174.500      4.344      0.228
   175.000      4.341      0.224
   175.500      4.340      0.222
   176.000      4.340      0.222
   176.500      4.339      0.223
   177.000      4.340      0.222
   177.500      4.335      0.219
   178.000      4.330      0.217
   178.500      4.329      0.215
   179.000      4.328      0.214
   179.500      4.329      0.213
   180.000      4.328      0.214
   180.500      4.328      0.213
   181.000      4.318      0.210
   181.500      4.316      0.208
   182.000      4.315      0.207
   182.500      4.315      0.207
   183.000      4.315      0.206
   183.500      4.315      0.205
   184.000      4.307      0.206
   184.500      4.302      0.204
   185.000      4.300      0.202
   185.500      4.300      0.202
   186.000      4.300      0.202
   186.500      4.301      0.201
   187.000      4.301      0.202
   187.500      4.285      0.206
   188.000      4.283      0.204
   188.500      4.283      0.204
   189.000      4.283      0.204
   189.500      4.283      0.204
   190.000      4.284      0.203
   190.500      4.268      0.214
   191.000      4.265      0.213
   191.500      4.265      0.213
   192.000      4.265      0.213
   192.500      4.265      0.213
   193.000      4.265      0.213
   193.500      4.266      0.218
   194.000      4.244      0.232
   194.500      4.244      0.232
   195.000      4.244      0.232
   195.500      4.244      0.232
   196.000      4.244      0.232
   196.500      4.244      0.232
   197.000      4.221      0.263
   197.500      4.221      0.263
   198.000      4.221      0.263
   198.500      4.221      0.263
   199.000      4.221      0.263
   199.500      4.221      0.263
