     0.000      1.306      0.533
     0.500      3.175      0.164
     1.000      3.215      0.171
     1.500      3.257      0.140
     2.000      3.292      0.127
     2.500      3.310      0.124
     3.000      3.351      0.093
     3.500      3.371      0.091
     4.000      3.395      0.078
     4.500      3.422      0.063
     5.000      3.440      0.060
     5.500      3.463      0.047
     6.000      3.479      0.042
     6.500      3.497      0.037
     7.000      3.514      0.031
     7.500      3.527      0.028
     8.000      3.541      0.026
     8.500      3.553      0.025
     9.000      3.564      0.026
     9.500      3.574      0.026
    10.000      3.583      0.027
    10.500      3.591      0.028
    11.000      3.599      0.030
    11.500      3.605      0.031
    12.000      3.611      0.032
    12.500      3.616      0.033
    13.000      3.621      0.034
    13.500      3.625      0.034
    14.000      3.629      0.034
    14.500      3.632      0.035
    15.000      3.635      0.035
    15.500      3.637      0.035
    16.000      3.640      0.035
    16.500      3.642      0.035
    17.000      3.644      0.035
    17.500      3.646      0.035
    18.000      3.648      0.034
    18.500      3.650      0.034
    19.000      3.651      0.034
    19.500      3.653      0.033
    20.000      3.655      0.033
    20.500      3.656      0.032
    21.000      3.658      0.032
    21.500      3.661      0.031
    22.000      3.662      0.031
    22.500      3.664      0.030
    23.000      3.667      0.030
    23.500      3.669      0.029
    24.000      3.671      0.029
    24.500      3.674      0.028
    25.000      3.676      0.028
    25.500      3.679      0.028
    26.000      3.682      0.027
    26.500      3.685      0.027
    27.000      3.689      0.027
    27.500      3.692      0.027
    28.000      3.696      0.027
    28.500      3.700      0.028
    29.000      3.704      0.028
    29.500      3.708      0.028
    30.000      3.713      0.029
    30.500      3.718      0.030
    31.000      3.723      0.030
    31.500      3.729      0.031
    32.000      3.735      0.032
    32.500      3.741      0.033
    33.000      3.748      0.034
    33.500      3.755      0.035
    34.000      3.762      0.036
    34.500      3.770      0.037
    35.000      3.778      0.038
    35.500      3.786      0.039
    36.000      3.796      0.040
    36.500      3.804      0.042
    37.000      3.814      0.043
    37.500      3.824      0.045
    38.000      3.834      0.047
    38.500      3.845      0.048
    39.000      3.856      0.051
    39.500      3.868      0.052
    40.000      3.881      0.055
    40.500      3.894      0.057
    41.000      3.908      0.060
    41.500      3.921      0.063
    42.000      3.935      0.068
    42.500      3.950      0.071
    43.000      3.966      0.074
    43.500      3.983      0.076
    44.000      4.003      0.080
    44.500      4.021      0.083
    45.000      4.041      0.085
    45.500      4.064      0.088
    46.000      4.085      0.090
    46.500      4.108      0.092
    47.000      4.130      0.092
    47.500      4.151      0.092
    48.000      4.179      0.091
    48.500      4.205      0.092
    49.000      4.235      0.090
    49.500      4.481      0.212
    50.000      4.496      0.211
    50.500      4.512      0.211
    51.000      4.525      0.212
    51.500      4.538      0.211
    52.000      4.548      0.209
    52.500      4.559      0.207
    53.000      4.572      0.205
    53.500      4.581      0.202
    54.000      4.583      0.198
    54.500      4.586      0.193
    55.000      4.586      0.188
    55.500      4.584      0.181
    56.000      4.581      0.174
    56.500      4.578      0.166
    57.000      4.574      0.161
    57.500      4.570      0.157
    58.000      4.566      0.152
    58.500      4.561      0.146
    59.000      4.558      0.142
    59.500      4.556      0.138
    60.000      4.554      0.136
    60.500      4.550      0.133
    61.000      4.544      0.130
    61.500      4.538      0.127
    62.000      4.531      0.122
    62.500      4.524      0.118
    63.000      4.519      0.115
    63.500      4.515      0.114
    64.000      4.510      0.113
    64.500      4.505      0.111
    65.000      4.498      0.109
    65.500      4.494      0.108
    66.000      4.490      0.107
    66.500      4.486      0.108
    67.000      4.483      0.108
    67.500      4.478      0.107
    68.000      4.473      0.107
    68.500      4.469      0.107
    69.000      4.466      0.109
    69.500      4.464      0.110
    70.000      4.461      0.110
    70.500      4.457      0.110
    71.000      4.453      0.111
    71.500      4.451      0.112
    72.000      4.448      0.113
    72.500      4.446      0.114
    73.000      4.444      0.115
    73.500      4.441      0.115
    74.000      4.439      0.116
    74.500      4.437      0.116
    75.000      4.436      0.118
    75.500      4.434      0.118
    76.000      4.433      0.119
    76.500      4.431      0.119
    77.000      4.429      0.119
    77.500      4.428      0.120
    78.000      4.427      0.121
    78.500      4.426      0.121
    79.000      4.425      0.121
    79.500      4.424      0.121
    80.000      4.423      0.121
    80.500      4.422      0.121
    81.000      4.422      0.122
    81.500      4.421      0.122
    82.000      4.420      0.122
    82.500      4.420      0.121
    83.000      4.420      0.121
    83.500      4.420      0.121
    84.000      4.420      0.122
    84.500      4.419      0.122
    85.000      4.419      0.121
    85.500      4.419      0.120
    86.000      4.419      0.120
    86.500      4.420      0.120
    87.000      4.420      0.121
    87.500      4.420      0.121
    88.000      4.419      0.121
    88.500      4.420      0.120
    89.000      4.421      0.119
    89.500      4.421      0.119
    90.000      4.422      0.120
    90.500      4.422      0.120
    91.000      4.421      0.120
    91.500      4.422      0.119
    92.000      4.423      0.119
    92.500      4.424      0.119
    93.000      4.424      0.120
    93.500      4.424      0.120
    94.000      4.424      0.121
    94.500      4.425      0.120
    95.000      4.426      0.120
    95.500      4.427      0.120
    96.000      4.427      0.121
    96.500      4.427      0.122
    97.000      4.428      0.123
    97.500      4.428      0.123
    98.000      4.429      0.123
    98.500      4.430      0.124
    99.000      4.430      0.124
    99.500      4.430      0.126
   100.000      4.430      0.127
   100.500      4.431      0.128
   101.000      4.432      0.128
   101.500      4.432      0.129
   102.000      4.432      0.130
   102.500      4.432      0.131
   103.000      4.432      0.133
   103.500      4.433      0.134
   104.000      4.433      0.135
   104.500      4.433      0.136
   105.000      4.433      0.137
   105.500      4.433      0.139
   106.000      4.433      0.140
   106.500      4.433      0.142
   107.000      4.434      0.143
   107.500      4.433      0.144
   108.000      4.433      0.145
   108.500      4.433      0.147
   109.000      4.433      0.149
   109.500      4.433      0.150
   110.000      4.433      0.152
   110.500      4.432      0.153
   111.000      4.432      0.154
   111.500      4.432      0.156
   112.000      4.431      0.158
   112.500      4.431      0.160
   113.000      4.431      0.161
   113.500      4.430      0.162
   114.000      4.430      0.164
   114.500      4.429      0.165
   115.000      4.429      0.167
   115.500      4.428      0.169
   116.000      4.428      0.170
   116.500      4.427      0.171
   117.000      4.426      0.173
   117.500      4.426      0.174
   118.000      4.425      0.176
   118.500      4.425      0.178
   119.000      4.424      0.180
   119.500      4.424      0.180
   120.000      4.423      0.181
   120.500      4.422      0.183
   121.000      4.421      0.185
   121.500      4.420      0.187
   122.000      4.419      0.188
   122.500      4.419      0.189
   123.000      4.418      0.190
   123.500      4.417      0.192
   124.000      4.416      0.194
   124.500      4.415      0.196
   125.000      4.414      0.196
   125.500      4.414      0.197
   126.000      4.413      0.198
   126.500      4.412      0.200
   127.000      4.410      0.202
   127.500      4.409      0.203
   128.000      4.408      0.204
   128.500      4.408      0.204
   129.000      4.407      0.205
   129.500      4.406      0.207
   130.000      4.404      0.209
   130.500      4.403      0.210
   131.000      4.402      0.211
   131.500      4.401      0.211
   132.000      4.400      0.212
   132.500      4.399      0.213
   133.000      4.397      0.215
   133.500      4.396      0.216
   134.000      4.396      0.217
   134.500      4.395      0.217
   135.000      4.394      0.218
   135.500      4.392      0.219
   136.000      4.391      0.220
   136.500      4.389      0.221
   137.000      4.389      0.222
   137.500      4.388      0.222
   138.000      4.386      0.223
   138.500      4.385      0.223
   139.000      4.384      0.224
   139.500      4.382      0.225
   140.000      4.382      0.226
   140.500      4.381      0.226
   141.000      4.379      0.226
   141.500      4.377      0.226
   142.000      4.376      0.226
   142.500      4.375      0.228
   143.000      4.374      0.229
   143.500      4.374      0.229
   144.000      4.372      0.229
   144.500      4.370      0.228
   145.000      4.369      0.228
   145.500      4.368      0.229
   146.000      4.367      0.230
   146.500      4.366      0.230
   147.000      4.365      0.230
   147.500      4.363      0.229
   148.000      4.361      0.229
   148.500      4.361      0.229
   149.000      4.360      0.230
   149.500      4.359      0.231
   150.000      4.358      0.230
   150.500      4.356      0.229
   151.000      4.354      0.228
   151.500      4.354      0.228
   152.000      4.353      0.229
   152.500      4.352      0.229
   153.000      4.351      0.228
   153.500      4.349      0.227
   154.000      4.347      0.226
   154.500      4.347      0.226
   155.000      4.346      0.226
   155.500      4.346      0.227
   156.000      4.344      0.226
   156.500      4.343      0.224
   157.000      4.341      0.223
   157.500      4.340      0.223
   158.000      4.340      0.223
   158.500      4.340      0.223
   159.000      4.338      0.222
   159.500      4.336      0.220
   160.000      4.334      0.219
   160.500      4.334      0.219
   161.000      4.334      0.218
   161.500      4.334      0.218
   162.000      4.332      0.217
   162.500      4.331      0.215
   163.000      4.329      0.214
   163.500      4.328      0.213
   164.000      4.329      0.213
   164.500      4.329      0.213
   165.000      4.327      0.211
   165.500      4.326      0.210
   166.000      4.324      0.209
   166.500      4.324      0.207
   167.000      4.324      0.208
   167.500      4.324      0.207
   168.000      4.322      0.205
   168.500      4.322      0.204
   169.000      4.320      0.203
   169.500      4.319      0.202
   170.000      4.320      0.203
   170.500      4.320      0.202
   171.000      4.319      0.200
   171.500      4.318      0.198
   172.000      4.317      0.197
   172.500      4.316      0.198
   173.000      4.317      0.199
   173.500      4.317      0.198
   174.000      4.316      0.196
   174.500      4.315      0.194
   175.000      4.316      0.194
   175.500      4.313      0.196
   176.000      4.315      0.197
   176.500      4.314      0.196
   177.000      4.313      0.194
   177.500      4.313      0.194
   178.000      4.315      0.193
   178.500      4.312      0.197
   179.000      4.314      0.199
   179.500      4.312      0.197
   180.000      4.311      0.197
   180.500      4.313      0.198
   181.000      4.315      0.197
   181.500      4.313      0.202
   182.000      4.314      0.205
   182.500      4.312      0.205
   183.000      4.311      0.205
   183.500      4.313      0.207
   184.000      4.316      0.207
   184.500      4.315      0.212
   185.000      4.316      0.218
   185.500      4.314      0.220
   186.000      4.313      0.221
   186.500      4.314      0.222
   187.000      4.317      0.224
   187.500      4.319      0.228
   188.000      4.319      0.237
   188.500      4.316      0.241
   189.000      4.317      0.245
   189.500      4.317      0.245
   190.000      4.318      0.246
   190.500      4.324      0.249
   191.000      4.324      0.264
   191.500      4.321      0.272
   192.000      4.322      0.275
   192.500      4.322      0.275
   193.000      4.322      0.275
   193.500      4.326      0.280
   194.000      4.330      0.298
   194.500      4.329      0.313
   195.000      4.329      0.313
   195.500      4.329      0.313
   196.000      4.329      0.313
   196.500      4.329      0.313
   197.000      4.338      0.339
   197.500      4.337      0.357
   198.000      4.337      0.357
   198.500      4.337      0.357
   199.000      4.337      0.357
