     0.000      1.580      0.487
     0.500      2.097      0.293
     1.000      2.993      0.180
     1.500      3.040      0.163
     2.000      3.083      0.140
     2.500      3.121      0.115
     3.000      3.154      0.103
     3.500      3.191      0.083
     4.000      3.218      0.077
     4.500      3.249      0.066
     5.000      3.275      0.063
     5.500      3.301      0.058
     6.000      3.322      0.059
     6.500      3.346      0.057
     7.000      3.363      0.058
     7.500      3.384      0.058
     8.000      3.398      0.058
     8.500      3.416      0.057
     9.000      3.429      0.056
     9.500      3.443      0.055
    10.000      3.455      0.054
    10.500      3.467      0.052
    11.000      3.478      0.051
    11.500      3.488      0.049
    12.000      3.498      0.047
    12.500      3.507      0.046
    13.000      3.516      0.045
    13.500      3.525      0.043
    14.000      3.533      0.042
    14.500      3.541      0.041
    15.000      3.550      0.040
    15.500      3.558      0.039
    16.000      3.565      0.038
    16.500      3.574      0.037
    17.000      3.582      0.036
    17.500      3.590      0.035
    18.000      3.598      0.034
    18.500      3.606      0.032
    19.000      3.614      0.032
    19.500      3.623      0.031
    20.000      3.631      0.030
    20.500      3.640      0.030
    21.000      3.648      0.030
    21.500      3.658      0.030
    22.000      3.667      0.030
    22.500      3.676      0.031
    23.000      3.686      0.032
    23.500      3.695      0.033
    24.000      3.706      0.035
    24.500      3.716      0.037
    25.000      3.727      0.039
    25.500      3.737      0.040
    26.000      3.749      0.043
    26.500      3.760      0.044
    27.000      3.772      0.046
    27.500      3.785      0.049
    28.000      3.797      0.051
    28.500      3.811      0.053
    29.000      3.825      0.054
    29.500      3.840      0.056
    30.000      3.857      0.056
    30.500      3.874      0.056
    31.000      3.892      0.059
    31.500      3.909      0.060
    32.000      3.928      0.063
    32.500      3.946      0.062
    33.000      3.966      0.065
    33.500      3.987      0.066
    34.000      4.008      0.067
    34.500      4.031      0.068
    35.000      4.051      0.072
    35.500      4.072      0.079
    36.000      4.090      0.086
    36.500      4.110      0.096
    37.000      4.129      0.106
    37.500      4.145      0.111
    38.000      4.158      0.112
    38.500      4.432      0.159
    39.000      4.442      0.159
    39.500      4.453      0.158
    40.000      4.468      0.158
    40.500      4.489      0.160
    41.000      4.511      0.161
    41.500      4.527      0.162
    42.000      4.537      0.162
    42.500      4.543      0.160
    43.000      4.548      0.157
    43.500      4.552      0.152
    44.000      4.555      0.143
    44.500      4.558      0.137
    45.000      4.560      0.131
    45.500      4.566      0.130
    46.000      4.571      0.129
    46.500      4.573      0.127
    47.000      4.574      0.122
    47.500      4.576      0.117
    48.000      4.577      0.113
    48.500      4.576      0.108
    49.000      4.576      0.104
    49.500      4.576      0.101
    50.000      4.574      0.095
    50.500      4.572      0.090
    51.000      4.572      0.087
    51.500      4.569      0.082
    52.000      4.567      0.077
    52.500      4.565      0.072
    53.000      4.563      0.069
    53.500      4.561      0.067
    54.000      4.560      0.066
    54.500      4.558      0.065
    55.000      4.556      0.064
    55.500      4.554      0.062
    56.000      4.553      0.062
    56.500      4.551      0.062
    57.000      4.549      0.062
    57.500      4.548      0.064
    58.000      4.546      0.066
    58.500      4.544      0.066
    59.000      4.543      0.067
    59.500      4.542      0.067
    60.000      4.540      0.068
    60.500      4.539      0.070
    61.000      4.537      0.072
    61.500      4.535      0.073
    62.000      4.534      0.074
    62.500      4.533      0.075
    63.000      4.532      0.075
    63.500      4.530      0.076
    64.000      4.529      0.077
    64.500      4.527      0.078
    65.000      4.526      0.079
    65.500      4.525      0.079
    66.000      4.524      0.080
    66.500      4.523      0.080
    67.000      4.521      0.080
    67.500      4.520      0.080
    68.000      4.519      0.080
    68.500      4.518      0.081
    69.000      4.517      0.081
    69.500      4.516      0.081
    70.000      4.515      0.081
    70.500      4.514      0.080
    71.000      4.512      0.079
    71.500      4.511      0.079
    72.000      4.511      0.078
    72.500      4.510      0.078
    73.000      4.510      0.078
    73.500      4.508      0.077
    74.000      4.507      0.076
    74.500      4.506      0.075
    75.000      4.505      0.074
    75.500      4.505      0.074
    76.000      4.504      0.073
    76.500      4.504      0.072
    77.000      4.503      0.071
    77.500      4.502      0.070
    78.000      4.500      0.068
    78.500      4.500      0.068
    79.000      4.500      0.067
    79.500      4.500      0.067
    80.000      4.499      0.066
    80.500      4.498      0.065
    81.000      4.497      0.064
    81.500      4.496      0.063
    82.000      4.495      0.063
    82.500      4.496      0.062
    83.000      4.496      0.062
    83.500      4.495      0.062
    84.000      4.494      0.061
    84.500      4.493      0.060
    85.000      4.492      0.060
    85.500      4.493      0.060
    86.000      4.494      0.060
    86.500      4.493      0.061
    87.000      4.492      0.061
    87.500      4.491      0.061
    88.000      4.490      0.061
    88.500      4.490      0.062
    89.000      4.491      0.062
    89.500      4.491      0.063
    90.000      4.490      0.065
    90.500      4.490      0.065
    91.000      4.489      0.065
    91.500      4.489      0.066
    92.000      4.489      0.067
    92.500      4.490      0.069
    93.000      4.490      0.070
    93.500      4.489      0.071
    94.000      4.488      0.072
    94.500      4.488      0.072
    95.000      4.488      0.074
    95.500      4.488      0.076
    96.000      4.489      0.077
    96.500      4.488      0.078
    97.000      4.488      0.079
    97.500      4.487      0.080
    98.000      4.487      0.082
    98.500      4.487      0.083
    99.000      4.488      0.085
    99.500      4.488      0.086
   100.000      4.488      0.087
   100.500      4.487      0.088
   101.000      4.487      0.089
   101.500      4.487      0.091
   102.000      4.487      0.093
   102.500      4.487      0.093
   103.000      4.487      0.095
   103.500      4.487      0.095
   104.000      4.486      0.097
   104.500      4.486      0.099
   105.000      4.486      0.101
   105.500      4.486      0.102
   106.000      4.487      0.103
   106.500      4.487      0.103
   107.000      4.486      0.104
   107.500      4.486      0.107
   108.000      4.486      0.108
   108.500      4.485      0.110
   109.000      4.486      0.111
   109.500      4.486      0.112
   110.000      4.486      0.112
   110.500      4.486      0.114
   111.000      4.485      0.116
   111.500      4.485      0.118
   112.000      4.485      0.119
   112.500      4.485      0.120
   113.000      4.486      0.120
   113.500      4.486      0.122
   114.000      4.485      0.124
   114.500      4.484      0.126
   115.000      4.484      0.127
   115.500      4.484      0.128
   116.000      4.485      0.129
   116.500      4.485      0.130
   117.000      4.485      0.132
   117.500      4.484      0.134
   118.000      4.483      0.135
   118.500      4.483      0.136
   119.000      4.484      0.137
   119.500      4.484      0.138
   120.000      4.484      0.139
   120.500      4.483      0.142
   121.000      4.483      0.144
   121.500      4.482      0.145
   122.000      4.483      0.146
   122.500      4.483      0.147
   123.000      4.484      0.148
   123.500      4.483      0.149
   124.000      4.482      0.152
   124.500      4.482      0.153
   125.000      4.482      0.154
   125.500      4.482      0.155
   126.000      4.483      0.156
   126.500      4.483      0.157
   127.000      4.481      0.160
   127.500      4.481      0.161
   128.000      4.480      0.162
   128.500      4.481      0.164
   129.000      4.481      0.165
   129.500      4.482      0.166
   130.000      4.481      0.167
   130.500      4.480      0.170
   131.000      4.479      0.171
   131.500      4.480      0.172
   132.000      4.480      0.173
   132.500      4.480      0.174
   133.000      4.480      0.175
   133.500      4.479      0.177
   134.000      4.478      0.179
   134.500      4.478      0.180
   135.000      4.478      0.181
   135.500      4.479      0.182
   136.000      4.479      0.183
   136.500      4.478      0.184
   137.000      4.477      0.186
   137.500      4.476      0.187
   138.000      4.476      0.188
   138.500      4.477      0.189
   139.000      4.477      0.190
   139.500      4.476      0.192
   140.000      4.476      0.193
   140.500      4.475      0.194
   141.000      4.475      0.195
   141.500      4.474      0.196
   142.000      4.475      0.197
   142.500      4.475      0.198
   143.000      4.474      0.200
   143.500      4.473      0.200
   144.000      4.473      0.201
   144.500      4.472      0.202
   145.000      4.472      0.203
   145.500      4.472      0.204
   146.000      4.472      0.205
   146.500      4.471      0.206
   147.000      4.471      0.206
   147.500      4.470      0.207
   148.000      4.469      0.208
   148.500      4.469      0.209
   149.000      4.469      0.210
   149.500      4.469      0.211
   150.000      4.468      0.211
   150.500      4.468      0.211
   151.000      4.467      0.211
   151.500      4.466      0.213
   152.000      4.467      0.214
   152.500      4.466      0.214
   153.000      4.466      0.214
   153.500      4.465      0.214
   154.000      4.464      0.214
   154.500      4.463      0.215
   155.000      4.463      0.216
   155.500      4.462      0.217
   156.000      4.463      0.217
   156.500      4.462      0.216
   157.000      4.461      0.215
   157.500      4.460      0.216
   158.000      4.459      0.217
   158.500      4.459      0.218
   159.000      4.458      0.218
   159.500      4.459      0.217
   160.000      4.458      0.216
   160.500      4.457      0.216
   161.000      4.455      0.217
   161.500      4.456      0.217
   162.000      4.454      0.217
   162.500      4.454      0.217
   163.000      4.454      0.216
   163.500      4.453      0.215
   164.000      4.452      0.215
   164.500      4.451      0.215
   165.000      4.450      0.215
   165.500      4.449      0.215
   166.000      4.449      0.214
   166.500      4.449      0.214
   167.000      4.448      0.213
   167.500      4.446      0.213
   168.000      4.446      0.212
   168.500      4.445      0.212
   169.000      4.444      0.211
   169.500      4.444      0.211
   170.000      4.443      0.210
   170.500      4.443      0.209
   171.000      4.441      0.208
   171.500      4.439      0.207
   172.000      4.438      0.207
   172.500      4.437      0.207
   173.000      4.438      0.207
   173.500      4.437      0.206
   174.000      4.435      0.205
   174.500      4.434      0.203
   175.000      4.433      0.203
   175.500      4.431      0.203
   176.000      4.431      0.203
   176.500      4.432      0.203
   177.000      4.431      0.202
   177.500      4.428      0.200
   178.000      4.427      0.200
   178.500      4.425      0.200
   179.000      4.424      0.200
   179.500      4.424      0.200
   180.000      4.425      0.201
   180.500      4.422      0.199
   181.000      4.420      0.199
   181.500      4.418      0.200
   182.000      4.417      0.199
   182.500      4.417      0.199
   183.000      4.418      0.200
   183.500      4.417      0.202
   184.000      4.414      0.200
   184.500      4.410      0.204
   185.000      4.409      0.203
   185.500      4.409      0.203
   186.000      4.409      0.203
   186.500      4.411      0.205
   187.000      4.407      0.208
   187.500      4.403      0.214
   188.000      4.401      0.214
   188.500      4.401      0.214
   189.000      4.401      0.214
   189.500      4.401      0.214
   190.000      4.401      0.220
   190.500      4.395      0.230
   191.000      4.392      0.233
   191.500      4.392      0.233
   192.000      4.392      0.233
   192.500      4.392      0.233
   193.000      4.392      0.233
   193.500      4.389      0.245
   194.000      4.382      0.260
   194.500      4.382      0.260
   195.000      4.382      0.260
   195.500      4.382      0.260
   196.000      4.382      0.260
   196.500      4.382      0.260
   197.000      4.372      0.297
   197.500      4.372      0.297
   198.000      4.372      0.297
   198.500      4.372      0.297
   199.000      4.372      0.297
   199.500      4.372      0.297
