     0.000      1.255      0.527
     0.500      2.954      0.148
     1.000      2.966      0.144
     1.500      2.971      0.139
     2.000      3.011      0.119
     2.500      3.042      0.099
     3.000      3.053      0.093
     3.500      3.088      0.079
     4.000      3.118      0.064
     4.500      3.128      0.060
     5.000      3.161      0.051
     5.500      3.187      0.048
     6.000      3.200      0.042
     6.500      3.229      0.042
     7.000      3.254      0.044
     7.500      3.266      0.039
     8.000      3.292      0.044
     8.500      3.315      0.047
     9.000      3.328      0.044
     9.500      3.350      0.048
    10.000      3.373      0.051
    10.500      3.386      0.049
    11.000      3.405      0.050
    11.500      3.426      0.052
    12.000      3.439      0.050
    12.500      3.457      0.051
    13.000      3.476      0.051
    13.500      3.488      0.050
    14.000      3.504      0.050
    14.500      3.522      0.048
    15.000      3.534      0.047
    15.500      3.548      0.047
    16.000      3.564      0.044
    16.500      3.576      0.043
    17.000      3.588      0.043
    17.500      3.602      0.041
    18.000      3.614      0.039
    18.500      3.624      0.039
    19.000      3.638      0.037
    19.500      3.649      0.036
    20.000      3.658      0.036
    20.500      3.670      0.034
    21.000      3.680      0.033
    21.500      3.689      0.034
    22.000      3.699      0.033
    22.500      3.709      0.032
    23.000      3.717      0.032
    23.500      3.726      0.032
    24.000      3.735      0.031
    24.500      3.742      0.032
    25.000      3.750      0.031
    25.500      3.759      0.031
    26.000      3.766      0.031
    26.500      3.773      0.031
    27.000      3.781      0.031
    27.500      3.787      0.031
    28.000      3.793      0.031
    28.500      3.800      0.031
    29.000      3.806      0.031
    29.500      3.812      0.031
    30.000      3.819      0.031
    30.500      3.824      0.031
    31.000      3.829      0.031
    31.500      3.835      0.031
    32.000      3.840      0.031
    32.500      3.845      0.031
    33.000      3.851      0.030
    33.500      3.856      0.030
    34.000      3.860      0.030
    34.500      3.865      0.030
    35.000      3.870      0.030
    35.500      3.874      0.030
    36.000      3.879      0.031
    36.500      3.884      0.031
    37.000      3.888      0.031
    37.500      3.892      0.031
    38.000      3.897      0.032
    38.500      3.901      0.032
    39.000      3.906      0.032
    39.500      3.910      0.033
    40.000      3.915      0.032
    40.500      3.918      0.033
    41.000      3.923      0.033
    41.500      3.927      0.033
    42.000      3.931      0.034
    42.500      3.936      0.035
    43.000      3.940      0.036
    43.500      3.944      0.038
    44.000      3.948      0.040
    44.500      3.952      0.040
    45.000      3.955      0.040
    45.500      3.959      0.041
    46.000      3.964      0.042
    46.500      3.968      0.042
    47.000      3.972      0.044
    47.500      3.976      0.045
    48.000      3.980      0.047
    48.500      3.984      0.049
    49.000      3.988      0.051
    49.500      3.992      0.052
    50.000      3.996      0.055
    50.500      4.000      0.057
    51.000      4.004      0.059
    51.500      4.009      0.062
    52.000      4.013      0.064
    52.500      4.018      0.067
    53.000      4.023      0.069
    53.500      4.028      0.072
    54.000      4.032      0.074
    54.500      4.037      0.077
    55.000      4.041      0.079
    55.500      4.047      0.082
    56.000      4.052      0.084
    56.500      4.056      0.086
    57.000      4.200      0.165
    57.500      4.219      0.183
    58.000      4.231      0.189
    58.500      4.246      0.195
    59.000      4.266      0.201
    59.500      4.280      0.202
    60.000      4.302      0.209
    60.500      4.320      0.212
    61.000      4.338      0.214
    61.500      4.352      0.214
    62.000      4.363      0.211
    62.500      4.373      0.211
    63.000      4.381      0.209
    63.500      4.381      0.205
    64.000      4.381      0.200
    64.500      4.380      0.195
    65.000      4.379      0.190
    65.500      4.376      0.186
    66.000      4.375      0.181
    66.500      4.374      0.178
    67.000      4.374      0.174
    67.500      4.374      0.172
    68.000      4.373      0.169
    68.500      4.371      0.166
    69.000      4.370      0.165
    69.500      4.370      0.163
    70.000      4.370      0.161
    70.500      4.370      0.161
    71.000      4.370      0.159
    71.500      4.369      0.158
    72.000      4.369      0.157
    72.500      4.369      0.157
    73.000      4.369      0.156
    73.500      4.370      0.156
    74.000      4.370      0.156
    74.500      4.370      0.155
    75.000      4.370      0.155
    75.500      4.371      0.155
    76.000      4.371      0.155
    76.500      4.372      0.155
    77.000      4.373      0.155
    77.500      4.373      0.154
    78.000      4.374      0.154
    78.500      4.375      0.154
    79.000      4.375      0.154
    79.500      4.376      0.154
    80.000      4.378      0.153
    80.500      4.379      0.152
    81.000      4.380      0.152
    81.500      4.380      0.153
    82.000      4.382      0.152
    82.500      4.383      0.151
    83.000      4.384      0.151
    83.500      4.386      0.150
    84.000      4.387      0.150
    84.500      4.388      0.149
    85.000      4.390      0.148
    85.500      4.391      0.148
    86.000      4.393      0.147
    86.500      4.395      0.146
    87.000      4.396      0.145
    87.500      4.397      0.144
    88.000      4.399      0.143
    88.500      4.401      0.142
    89.000      4.403      0.142
    89.500      4.405      0.141
    90.000      4.406      0.140
    90.500      4.408      0.139
    91.000      4.410      0.138
    91.500      4.412      0.137
    92.000      4.414      0.136
    92.500      4.416      0.135
    93.000      4.418      0.134
    93.500      4.419      0.133
    94.000      4.421      0.132
    94.500      4.423      0.132
    95.000      4.426      0.131
    95.500      4.428      0.130
    96.000      4.429      0.128
    96.500      4.432      0.128
    97.000      4.434      0.128
    97.500      4.436      0.127
    98.000      4.438      0.127
    98.500      4.440      0.125
    99.000      4.442      0.124
    99.500      4.444      0.125
   100.000      4.446      0.125
   100.500      4.448      0.124
   101.000      4.450      0.123
   101.500      4.452      0.122
   102.000      4.454      0.123
   102.500      4.457      0.123
   103.000      4.458      0.123
   103.500      4.460      0.123
   104.000      4.462      0.122
   104.500      4.464      0.122
   105.000      4.467      0.122
   105.500      4.469      0.123
   106.000      4.471      0.124
   106.500      4.473      0.123
   107.000      4.474      0.123
   107.500      4.476      0.123
   108.000      4.479      0.124
   108.500      4.481      0.125
   109.000      4.483      0.125
   109.500      4.485      0.125
   110.000      4.486      0.126
   110.500      4.489      0.126
   111.000      4.491      0.127
   111.500      4.492      0.128
   112.000      4.494      0.128
   112.500      4.496      0.129
   113.000      4.498      0.130
   113.500      4.500      0.130
   114.000      4.502      0.131
   114.500      4.503      0.132
   115.000      4.505      0.132
   115.500      4.507      0.133
   116.000      4.509      0.135
   116.500      4.511      0.135
   117.000      4.512      0.136
   117.500      4.514      0.137
   118.000      4.516      0.138
   118.500      4.517      0.139
   119.000      4.519      0.140
   119.500      4.521      0.141
   120.000      4.522      0.142
   120.500      4.523      0.143
   121.000      4.525      0.144
   121.500      4.527      0.145
   122.000      4.529      0.147
   122.500      4.530      0.148
   123.000      4.531      0.148
   123.500      4.533      0.149
   124.000      4.534      0.150
   124.500      4.536      0.152
   125.000      4.538      0.154
   125.500      4.539      0.155
   126.000      4.539      0.156
   126.500      4.541      0.157
   127.000      4.542      0.158
   127.500      4.544      0.160
   128.000      4.546      0.161
   128.500      4.546      0.163
   129.000      4.547      0.164
   129.500      4.548      0.164
   130.000      4.550      0.166
   130.500      4.552      0.168
   131.000      4.552      0.170
   131.500      4.553      0.171
   132.000      4.554      0.172
   132.500      4.555      0.173
   133.000      4.556      0.174
   133.500      4.558      0.176
   134.000      4.558      0.179
   134.500      4.559      0.180
   135.000      4.560      0.181
   135.500      4.560      0.182
   136.000      4.562      0.183
   136.500      4.562      0.185
   137.000      4.562      0.188
   137.500      4.564      0.189
   138.000      4.564      0.190
   138.500      4.565      0.191
   139.000      4.566      0.193
   139.500      4.566      0.195
   140.000      4.566      0.197
   140.500      4.567      0.198
   141.000      4.568      0.199
   141.500      4.569      0.200
   142.000      4.568      0.202
   142.500      4.568      0.205
   143.000      4.569      0.206
   143.500      4.570      0.207
   144.000      4.570      0.208
   144.500      4.570      0.209
   145.000      4.570      0.212
   145.500      4.569      0.214
   146.000      4.570      0.215
   146.500      4.571      0.216
   147.000      4.571      0.217
   147.500      4.571      0.218
   148.000      4.569      0.222
   148.500      4.570      0.222
   149.000      4.571      0.223
   149.500      4.570      0.224
   150.000      4.570      0.225
   150.500      4.569      0.228
   151.000      4.568      0.230
   151.500      4.569      0.230
   152.000      4.569      0.231
   152.500      4.569      0.232
   153.000      4.568      0.233
   153.500      4.566      0.236
   154.000      4.566      0.237
   154.500      4.566      0.237
   155.000      4.566      0.238
   155.500      4.565      0.239
   156.000      4.563      0.241
   156.500      4.562      0.243
   157.000      4.562      0.243
   157.500      4.562      0.244
   158.000      4.561      0.244
   158.500      4.559      0.246
   159.000      4.557      0.248
   159.500      4.557      0.249
   160.000      4.557      0.249
   160.500      4.556      0.249
   161.000      4.554      0.250
   161.500      4.551      0.252
   162.000      4.550      0.253
   162.500      4.550      0.253
   163.000      4.550      0.253
   163.500      4.548      0.254
   164.000      4.545      0.254
   164.500      4.542      0.257
   165.000      4.542      0.257
   165.500      4.541      0.257
   166.000      4.541      0.257
   166.500      4.538      0.257
   167.000      4.533      0.259
   167.500      4.532      0.260
   168.000      4.532      0.259
   168.500      4.531      0.259
   169.000      4.529      0.259
   169.500      4.525      0.259
   170.000      4.521      0.262
   170.500      4.520      0.261
   171.000      4.520      0.261
   171.500      4.519      0.260
   172.000      4.515      0.259
   172.500      4.509      0.261
   173.000      4.507      0.262
   173.500      4.507      0.262
   174.000      4.506      0.261
   174.500      4.504      0.260
   175.000      4.498      0.259
   175.500      4.492      0.262
   176.000      4.492      0.262
   176.500      4.491      0.262
   177.000      4.490      0.261
   177.500      4.487      0.260
   178.000      4.477      0.260
   178.500      4.475      0.261
   179.000      4.474      0.261
   179.500      4.474      0.261
   180.000      4.472      0.260
   180.500      4.465      0.258
   181.000      4.457      0.261
   181.500      4.456      0.261
   182.000      4.455      0.261
   182.500      4.454      0.260
   183.000      4.450      0.258
   183.500      4.438      0.260
   184.000      4.436      0.261
   184.500      4.434      0.261
   185.000      4.433      0.261
   185.500      4.432      0.260
   186.000      4.424      0.259
   186.500      4.413      0.263
   187.000      4.413      0.263
   187.500      4.411      0.262
   188.000      4.410      0.262
   188.500      4.407      0.261
   189.000      4.389      0.265
   189.500      4.388      0.267
   190.000      4.388      0.267
   190.500      4.386      0.266
   191.000      4.384      0.266
   191.500      4.377      0.267
   192.000      4.360      0.274
   192.500      4.360      0.274
   193.000      4.360      0.274
   193.500      4.360      0.274
   194.000      4.355      0.274
   194.500      4.332      0.285
   195.000      4.330      0.287
   195.500      4.330      0.287
   196.000      4.330      0.287
   196.500      4.330      0.287
   197.000      4.325      0.287
   197.500      4.297      0.305
   198.000      4.297      0.305
   198.500      4.297      0.305
   199.000      4.297      0.305
