     0.000      1.468      0.465
     0.500      2.777      0.191
     1.000      2.796      0.192
     1.500      2.816      0.188
     2.000      2.904      0.136
     2.500      2.933      0.126
     3.000      2.974      0.112
     3.500      3.036      0.079
     4.000      3.065      0.075
     4.500      3.108      0.063
     5.000      3.152      0.048
     5.500      3.186      0.052
     6.000      3.219      0.048
     6.500      3.256      0.049
     7.000      3.288      0.053
     7.500      3.314      0.057
     8.000      3.348      0.059
     8.500      3.375      0.062
     9.000      3.398      0.068
     9.500      3.427      0.067
    10.000      3.448      0.068
    10.500      3.469      0.070
    11.000      3.493      0.070
    11.500      3.511      0.069
    12.000      3.530      0.069
    12.500      3.549      0.067
    13.000      3.564      0.065
    13.500      3.580      0.064
    14.000      3.596      0.060
    14.500      3.609      0.058
    15.000      3.623      0.056
    15.500      3.635      0.052
    16.000      3.647      0.050
    16.500      3.658      0.048
    17.000      3.668      0.045
    17.500      3.678      0.042
    18.000      3.688      0.040
    18.500      3.697      0.038
    19.000      3.705      0.036
    19.500      3.713      0.035
    20.000      3.721      0.033
    20.500      3.728      0.032
    21.000      3.735      0.031
    21.500      3.742      0.031
    22.000      3.748      0.030
    22.500      3.754      0.030
    23.000      3.759      0.030
    23.500      3.764      0.029
    24.000      3.770      0.030
    24.500      3.774      0.029
    25.000      3.779      0.029
    25.500      3.783      0.030
    26.000      3.787      0.030
    26.500      3.791      0.030
    27.000      3.795      0.030
    27.500      3.798      0.030
    28.000      3.802      0.030
    28.500      3.805      0.031
    29.000      3.808      0.031
    29.500      3.811      0.031
    30.000      3.813      0.031
    30.500      3.816      0.031
    31.000      3.819      0.032
    31.500      3.821      0.032
    32.000      3.824      0.032
    32.500      3.826      0.032
    33.000      3.829      0.033
    33.500      3.831      0.033
    34.000      3.834      0.033
    34.500      3.836      0.033
    35.000      3.839      0.033
    35.500      3.841      0.033
    36.000      3.844      0.033
    36.500      3.847      0.033
    37.000      3.850      0.033
    37.500      3.852      0.033
    38.000      3.855      0.033
    38.500      3.858      0.034
    39.000      3.862      0.034
    39.500      3.865      0.034
    40.000      3.869      0.034
    40.500      3.872      0.035
    41.000      3.876      0.035
    41.500      3.880      0.036
    42.000      3.885      0.037
    42.500      3.889      0.038
    43.000      3.894      0.040
    43.500      3.899      0.041
    44.000      3.905      0.043
    44.500      3.910      0.046
    45.000      3.916      0.049
    45.500      3.923      0.053
    46.000      3.929      0.057
    46.500      3.936      0.061
    47.000      3.943      0.066
    47.500      3.951      0.071
    48.000      3.960      0.077
    48.500      3.968      0.081
    49.000      3.976      0.084
    49.500      3.983      0.083
    50.000      3.992      0.085
    50.500      4.000      0.089
    51.000      4.008      0.091
    51.500      4.016      0.091
    52.000      4.025      0.093
    52.500      4.036      0.095
    53.000      4.043      0.094
    53.500      4.324      0.204
    54.000      4.336      0.198
    54.500      4.345      0.191
    55.000      4.350      0.182
    55.500      4.356      0.175
    56.000      4.365      0.172
    56.500      4.374      0.168
    57.000      4.384      0.166
    57.500      4.393      0.164
    58.000      4.401      0.160
    58.500      4.408      0.158
    59.000      4.421      0.160
    59.500      4.436      0.164
    60.000      4.449      0.167
    60.500      4.461      0.169
    61.000      4.472      0.170
    61.500      4.479      0.169
    62.000      4.485      0.168
    62.500      4.491      0.168
    63.000      4.496      0.167
    63.500      4.501      0.165
    64.000      4.506      0.164
    64.500      4.510      0.163
    65.000      4.514      0.164
    65.500      4.517      0.163
    66.000      4.521      0.163
    66.500      4.526      0.163
    67.000      4.530      0.163
    67.500      4.534      0.163
    68.000      4.537      0.164
    68.500      4.540      0.164
    69.000      4.543      0.165
    69.500      4.547      0.165
    70.000      4.551      0.165
    70.500      4.554      0.165
    71.000      4.557      0.166
    71.500      4.559      0.166
    72.000      4.562      0.166
    72.500      4.566      0.167
    73.000      4.569      0.166
    73.500      4.572      0.166
    74.000      4.574      0.165
    74.500      4.576      0.166
    75.000      4.579      0.166
    75.500      4.582      0.165
    76.000      4.585      0.165
    76.500      4.587      0.164
    77.000      4.589      0.162
    77.500      4.591      0.162
    78.000      4.594      0.162
    78.500      4.596      0.161
    79.000      4.598      0.160
    79.500      4.600      0.158
    80.000      4.602      0.156
    80.500      4.603      0.155
    81.000      4.605      0.155
    81.500      4.607      0.153
    82.000      4.608      0.151
    82.500      4.610      0.149
    83.000      4.612      0.148
    83.500      4.613      0.146
    84.000      4.615      0.145
    84.500      4.616      0.143
    85.000      4.617      0.142
    85.500      4.619      0.140
    86.000      4.620      0.137
    86.500      4.621      0.136
    87.000      4.622      0.135
    87.500      4.622      0.133
    88.000      4.623      0.131
    88.500      4.625      0.129
    89.000      4.626      0.127
    89.500      4.627      0.126
    90.000      4.627      0.125
    90.500      4.627      0.123
    91.000      4.628      0.122
    91.500      4.629      0.121
    92.000      4.630      0.119
    92.500      4.630      0.118
    93.000      4.630      0.118
    93.500      4.630      0.117
    94.000      4.630      0.116
    94.500      4.631      0.115
    95.000      4.632      0.114
    95.500      4.632      0.114
    96.000      4.631      0.114
    96.500      4.631      0.114
    97.000      4.631      0.114
    97.500      4.631      0.114
    98.000      4.632      0.114
    98.500      4.631      0.114
    99.000      4.630      0.115
    99.500      4.630      0.116
   100.000      4.630      0.116
   100.500      4.630      0.117
   101.000      4.630      0.118
   101.500      4.629      0.119
   102.000      4.628      0.120
   102.500      4.628      0.121
   103.000      4.627      0.122
   103.500      4.628      0.123
   104.000      4.627      0.124
   104.500      4.626      0.126
   105.000      4.625      0.127
   105.500      4.624      0.129
   106.000      4.624      0.130
   106.500      4.624      0.131
   107.000      4.623      0.133
   107.500      4.621      0.134
   108.000      4.620      0.135
   108.500      4.620      0.137
   109.000      4.619      0.138
   109.500      4.618      0.139
   110.000      4.617      0.141
   110.500      4.616      0.143
   111.000      4.615      0.143
   111.500      4.614      0.145
   112.000      4.613      0.146
   112.500      4.612      0.147
   113.000      4.611      0.149
   113.500      4.610      0.150
   114.000      4.609      0.151
   114.500      4.607      0.152
   115.000      4.606      0.153
   115.500      4.605      0.154
   116.000      4.604      0.156
   116.500      4.602      0.157
   117.000      4.601      0.158
   117.500      4.600      0.159
   118.000      4.599      0.159
   118.500      4.597      0.161
   119.000      4.596      0.162
   119.500      4.595      0.163
   120.000      4.593      0.163
   120.500      4.592      0.164
   121.000      4.591      0.165
   121.500      4.589      0.167
   122.000      4.587      0.167
   122.500      4.586      0.168
   123.000      4.585      0.168
   123.500      4.583      0.169
   124.000      4.582      0.170
   124.500      4.580      0.171
   125.000      4.578      0.172
   125.500      4.577      0.172
   126.000      4.576      0.173
   126.500      4.574      0.174
   127.000      4.572      0.175
   127.500      4.570      0.175
   128.000      4.569      0.176
   128.500      4.567      0.176
   129.000      4.566      0.176
   129.500      4.564      0.177
   130.000      4.562      0.178
   130.500      4.560      0.178
   131.000      4.558      0.179
   131.500      4.557      0.179
   132.000      4.556      0.180
   132.500      4.554      0.181
   133.000      4.552      0.181
   133.500      4.550      0.181
   134.000      4.548      0.182
   134.500      4.547      0.182
   135.000      4.545      0.183
   135.500      4.543      0.183
   136.000      4.541      0.183
   136.500      4.539      0.184
   137.000      4.537      0.185
   137.500      4.536      0.185
   138.000      4.534      0.185
   138.500      4.532      0.185
   139.000      4.530      0.186
   139.500      4.528      0.186
   140.000      4.526      0.187
   140.500      4.525      0.187
   141.000      4.523      0.188
   141.500      4.520      0.187
   142.000      4.519      0.188
   142.500      4.517      0.188
   143.000      4.515      0.189
   143.500      4.513      0.189
   144.000      4.511      0.190
   144.500      4.509      0.189
   145.000      4.508      0.190
   145.500      4.506      0.190
   146.000      4.504      0.191
   146.500      4.502      0.191
   147.000      4.500      0.191
   147.500      4.498      0.191
   148.000      4.497      0.191
   148.500      4.495      0.192
   149.000      4.493      0.192
   149.500      4.491      0.192
   150.000      4.488      0.192
   150.500      4.487      0.192
   151.000      4.485      0.192
   151.500      4.483      0.193
   152.000      4.481      0.193
   152.500      4.479      0.193
   153.000      4.477      0.193
   153.500      4.475      0.192
   154.000      4.474      0.193
   154.500      4.472      0.193
   155.000      4.470      0.193
   155.500      4.468      0.193
   156.000      4.466      0.193
   156.500      4.465      0.192
   157.000      4.463      0.193
   157.500      4.461      0.193
   158.000      4.459      0.192
   158.500      4.457      0.193
   159.000      4.455      0.192
   159.500      4.454      0.192
   160.000      4.452      0.192
   160.500      4.451      0.192
   161.000      4.448      0.192
   161.500      4.446      0.191
   162.000      4.445      0.191
   162.500      4.443      0.190
   163.000      4.442      0.191
   163.500      4.441      0.190
   164.000      4.438      0.190
   164.500      4.436      0.189
   165.000      4.434      0.188
   165.500      4.433      0.189
   166.000      4.431      0.189
   166.500      4.430      0.189
   167.000      4.428      0.187
   167.500      4.427      0.186
   168.000      4.425      0.185
   168.500      4.423      0.186
   169.000      4.422      0.186
   169.500      4.420      0.186
   170.000      4.419      0.184
   170.500      4.417      0.183
   171.000      4.416      0.182
   171.500      4.414      0.183
   172.000      4.413      0.183
   172.500      4.411      0.183
   173.000      4.411      0.181
   173.500      4.409      0.179
   174.000      4.407      0.178
   174.500      4.406      0.179
   175.000      4.404      0.180
   175.500      4.403      0.180
   176.000      4.403      0.178
   176.500      4.401      0.176
   177.000      4.399      0.176
   177.500      4.398      0.177
   178.000      4.396      0.178
   178.500      4.396      0.178
   179.000      4.396      0.176
   179.500      4.393      0.174
   180.000      4.392      0.174
   180.500      4.390      0.176
   181.000      4.389      0.177
   181.500      4.389      0.177
   182.000      4.389      0.176
   182.500      4.387      0.175
   183.000      4.386      0.176
   183.500      4.384      0.178
   184.000      4.384      0.178
   184.500      4.383      0.179
   185.000      4.384      0.181
   185.500      4.381      0.180
   186.000      4.380      0.183
   186.500      4.379      0.185
   187.000      4.379      0.185
   187.500      4.378      0.186
   188.000      4.380      0.190
   188.500      4.376      0.191
   189.000      4.375      0.196
   189.500      4.375      0.197
   190.000      4.375      0.197
   190.500      4.374      0.197
   191.000      4.376      0.205
   191.500      4.373      0.210
   192.000      4.372      0.216
   192.500      4.372      0.216
   193.000      4.372      0.216
   193.500      4.372      0.216
   194.000      4.374      0.228
   194.500      4.370      0.242
   195.000      4.370      0.242
   195.500      4.370      0.242
   196.000      4.370      0.242
   196.500      4.370      0.242
   197.000      4.373      0.258
   197.500      4.369      0.276
   198.000      4.369      0.276
   198.500      4.369      0.276
   199.000      4.369      0.276
   199.500      4.369      0.276
