     0.000      1.410      0.527
     0.500      1.934      0.472
     1.000      3.040      0.198
     1.500      3.064      0.194
     2.000      3.116      0.166
     2.500      3.159      0.151
     3.000      3.203      0.133
     3.500      3.240      0.124
     4.000      3.276      0.114
     4.500      3.312      0.108
     5.000      3.342      0.100
     5.500      3.373      0.096
     6.000      3.400      0.091
     6.500      3.426      0.087
     7.000      3.450      0.082
     7.500      3.474      0.080
     8.000      3.495      0.075
     8.500      3.515      0.074
     9.000      3.535      0.070
     9.500      3.554      0.070
    10.000      3.572      0.066
    10.500      3.589      0.067
    11.000      3.606      0.064
    11.500      3.623      0.065
    12.000      3.639      0.064
    12.500      3.654      0.066
    13.000      3.670      0.066
    13.500      3.685      0.067
    14.000      3.701      0.068
    14.500      3.715      0.069
    15.000      3.730      0.070
    15.500      3.744      0.071
    16.000      3.759      0.073
    16.500      3.773      0.073
    17.000      3.788      0.075
    17.500      3.801      0.075
    18.000      3.815      0.076
    18.500      3.828      0.077
    19.000      3.842      0.078
    19.500      3.855      0.078
    20.000      3.869      0.078
    20.500      3.882      0.078
    21.000      3.896      0.078
    21.500      3.908      0.078
    22.000      3.921      0.079
    22.500      3.933      0.078
    23.000      3.946      0.078
    23.500      3.959      0.077
    24.000      3.973      0.076
    24.500      3.986      0.074
    25.000      3.998      0.073
    25.500      4.010      0.073
    26.000      4.022      0.072
    26.500      4.035      0.071
    27.000      4.048      0.070
    27.500      4.062      0.068
    28.000      4.076      0.065
    28.500      4.088      0.063
    29.000      4.100      0.062
    29.500      4.111      0.061
    30.000      4.123      0.060
    30.500      4.134      0.060
    31.000      4.147      0.054
    31.500      4.161      0.047
    32.000      4.172      0.044
    32.500      4.181      0.043
    33.000      4.187      0.044
    33.500      4.195      0.043
    34.000      4.271      0.104
    34.500      4.280      0.099
    35.000      4.287      0.093
    35.500      4.291      0.090
    36.000      4.297      0.089
    36.500      4.304      0.093
    37.000      4.314      0.098
    37.500      4.323      0.105
    38.000      4.333      0.108
    38.500      4.340      0.111
    39.000      4.342      0.109
    39.500      4.343      0.107
    40.000      4.346      0.106
    40.500      4.350      0.108
    41.000      4.353      0.107
    41.500      4.358      0.107
    42.000      4.368      0.116
    42.500      4.378      0.127
    43.000      4.385      0.133
    43.500      4.384      0.130
    44.000      4.382      0.126
    44.500      4.380      0.122
    45.000      4.378      0.115
    45.500      4.376      0.106
    46.000      4.373      0.095
    46.500      4.372      0.091
    47.000      4.370      0.089
    47.500      4.368      0.086
    48.000      4.366      0.083
    48.500      4.364      0.076
    49.000      4.362      0.068
    49.500      4.361      0.064
    50.000      4.359      0.064
    50.500      4.358      0.064
    51.000      4.356      0.063
    51.500      4.354      0.061
    52.000      4.352      0.057
    52.500      4.350      0.054
    53.000      4.350      0.056
    53.500      4.349      0.057
    54.000      4.348      0.058
    54.500      4.346      0.058
    55.000      4.344      0.058
    55.500      4.342      0.057
    56.000      4.342      0.059
    56.500      4.341      0.060
    57.000      4.340      0.061
    57.500      4.339      0.063
    58.000      4.337      0.064
    58.500      4.336      0.065
    59.000      4.335      0.066
    59.500      4.335      0.066
    60.000      4.334      0.067
    60.500      4.333      0.068
    61.000      4.332      0.070
    61.500      4.331      0.071
    62.000      4.330      0.072
    62.500      4.330      0.072
    63.000      4.329      0.072
    63.500      4.329      0.073
    64.000      4.328      0.074
    64.500      4.327      0.075
    65.000      4.326      0.075
    65.500      4.326      0.075
    66.000      4.326      0.075
    66.500      4.326      0.075
    67.000      4.325      0.075
    67.500      4.325      0.076
    68.000      4.324      0.076
    68.500      4.324      0.076
    69.000      4.324      0.075
    69.500      4.324      0.075
    70.000      4.324      0.074
    70.500      4.324      0.074
    71.000      4.323      0.074
    71.500      4.323      0.074
    72.000      4.323      0.073
    72.500      4.323      0.072
    73.000      4.323      0.072
    73.500      4.323      0.071
    74.000      4.323      0.070
    74.500      4.323      0.069
    75.000      4.323      0.069
    75.500      4.323      0.069
    76.000      4.324      0.068
    76.500      4.324      0.067
    77.000      4.325      0.066
    77.500      4.325      0.065
    78.000      4.325      0.064
    78.500      4.325      0.064
    79.000      4.326      0.063
    79.500      4.326      0.063
    80.000      4.327      0.061
    80.500      4.327      0.060
    81.000      4.327      0.060
    81.500      4.327      0.060
    82.000      4.328      0.060
    82.500      4.329      0.059
    83.000      4.330      0.059
    83.500      4.331      0.057
    84.000      4.331      0.057
    84.500      4.331      0.057
    85.000      4.332      0.057
    85.500      4.333      0.057
    86.000      4.334      0.058
    86.500      4.336      0.057
    87.000      4.336      0.057
    87.500      4.336      0.057
    88.000      4.336      0.058
    88.500      4.337      0.058
    89.000      4.339      0.059
    89.500      4.340      0.059
    90.000      4.342      0.059
    90.500      4.342      0.060
    91.000      4.342      0.061
    91.500      4.343      0.061
    92.000      4.344      0.062
    92.500      4.346      0.063
    93.000      4.347      0.064
    93.500      4.348      0.065
    94.000      4.348      0.065
    94.500      4.349      0.066
    95.000      4.350      0.067
    95.500      4.351      0.068
    96.000      4.353      0.070
    96.500      4.355      0.071
    97.000      4.355      0.072
    97.500      4.355      0.072
    98.000      4.356      0.073
    98.500      4.357      0.074
    99.000      4.359      0.076
    99.500      4.361      0.078
   100.000      4.362      0.079
   100.500      4.362      0.079
   101.000      4.363      0.080
   101.500      4.364      0.081
   102.000      4.365      0.083
   102.500      4.367      0.085
   103.000      4.368      0.086
   103.500      4.369      0.087
   104.000      4.370      0.087
   104.500      4.371      0.088
   105.000      4.372      0.089
   105.500      4.374      0.091
   106.000      4.375      0.093
   106.500      4.376      0.094
   107.000      4.377      0.095
   107.500      4.378      0.095
   108.000      4.379      0.096
   108.500      4.380      0.098
   109.000      4.382      0.100
   109.500      4.383      0.101
   110.000      4.383      0.102
   110.500      4.384      0.102
   111.000      4.385      0.103
   111.500      4.387      0.104
   112.000      4.389      0.106
   112.500      4.390      0.107
   113.000      4.390      0.108
   113.500      4.391      0.109
   114.000      4.392      0.110
   114.500      4.394      0.110
   115.000      4.395      0.112
   115.500      4.396      0.114
   116.000      4.397      0.115
   116.500      4.398      0.116
   117.000      4.399      0.116
   117.500      4.400      0.117
   118.000      4.402      0.118
   118.500      4.403      0.120
   119.000      4.404      0.121
   119.500      4.405      0.122
   120.000      4.405      0.122
   120.500      4.406      0.123
   121.000      4.408      0.124
   121.500      4.409      0.125
   122.000      4.410      0.126
   122.500      4.411      0.127
   123.000      4.412      0.128
   123.500      4.412      0.129
   124.000      4.414      0.129
   124.500      4.415      0.131
   125.000      4.416      0.132
   125.500      4.417      0.133
   126.000      4.418      0.133
   126.500      4.418      0.134
   127.000      4.419      0.135
   127.500      4.421      0.136
   128.000      4.422      0.137
   128.500      4.423      0.137
   129.000      4.423      0.138
   129.500      4.424      0.139
   130.000      4.425      0.139
   130.500      4.426      0.141
   131.000      4.427      0.141
   131.500      4.428      0.142
   132.000      4.429      0.143
   132.500      4.429      0.143
   133.000      4.430      0.144
   133.500      4.431      0.145
   134.000      4.432      0.146
   134.500      4.433      0.146
   135.000      4.433      0.147
   135.500      4.434      0.148
   136.000      4.434      0.148
   136.500      4.435      0.149
   137.000      4.436      0.150
   137.500      4.437      0.150
   138.000      4.437      0.151
   138.500      4.438      0.151
   139.000      4.438      0.152
   139.500      4.439      0.152
   140.000      4.440      0.153
   140.500      4.440      0.154
   141.000      4.441      0.154
   141.500      4.441      0.154
   142.000      4.442      0.155
   142.500      4.442      0.155
   143.000      4.443      0.156
   143.500      4.443      0.157
   144.000      4.443      0.157
   144.500      4.444      0.157
   145.000      4.444      0.158
   145.500      4.445      0.158
   146.000      4.445      0.159
   146.500      4.445      0.160
   147.000      4.445      0.160
   147.500      4.445      0.160
   148.000      4.446      0.160
   148.500      4.447      0.161
   149.000      4.447      0.161
   149.500      4.447      0.162
   150.000      4.447      0.162
   150.500      4.446      0.163
   151.000      4.447      0.163
   151.500      4.447      0.163
   152.000      4.447      0.163
   152.500      4.447      0.164
   153.000      4.448      0.164
   153.500      4.447      0.165
   154.000      4.447      0.165
   154.500      4.447      0.165
   155.000      4.447      0.165
   155.500      4.447      0.165
   156.000      4.447      0.166
   156.500      4.447      0.167
   157.000      4.446      0.167
   157.500      4.446      0.167
   158.000      4.446      0.167
   158.500      4.446      0.167
   159.000      4.445      0.167
   159.500      4.445      0.168
   160.000      4.445      0.169
   160.500      4.444      0.169
   161.000      4.444      0.169
   161.500      4.443      0.169
   162.000      4.442      0.169
   162.500      4.441      0.169
   163.000      4.442      0.170
   163.500      4.442      0.171
   164.000      4.441      0.171
   164.500      4.440      0.170
   165.000      4.439      0.171
   165.500      4.437      0.172
   166.000      4.437      0.172
   166.500      4.437      0.174
   167.000      4.437      0.174
   167.500      4.437      0.174
   168.000      4.435      0.174
   168.500      4.432      0.175
   169.000      4.431      0.175
   169.500      4.431      0.176
   170.000      4.431      0.178
   170.500      4.430      0.178
   171.000      4.430      0.177
   171.500      4.427      0.179
   172.000      4.424      0.179
   172.500      4.423      0.180
   173.000      4.423      0.181
   173.500      4.423      0.183
   174.000      4.423      0.183
   174.500      4.421      0.184
   175.000      4.417      0.184
   175.500      4.416      0.186
   176.000      4.414      0.188
   176.500      4.414      0.189
   177.000      4.413      0.191
   177.500      4.412      0.191
   178.000      4.408      0.192
   178.500      4.407      0.193
   179.000      4.405      0.195
   179.500      4.403      0.197
   180.000      4.402      0.200
   180.500      4.402      0.201
   181.000      4.398      0.203
   181.500      4.396      0.203
   182.000      4.395      0.204
   182.500      4.393      0.207
   183.000      4.389      0.210
   183.500      4.389      0.213
   184.000      4.387      0.216
   184.500      4.382      0.218
   185.000      4.382      0.218
   185.500      4.382      0.218
   186.000      4.378      0.222
   186.500      4.374      0.227
   187.000      4.374      0.231
   187.500      4.366      0.236
   188.000      4.366      0.236
   188.500      4.366      0.236
   189.000      4.366      0.236
   189.500      4.362      0.241
   190.000      4.357      0.249
   190.500      4.351      0.257
   191.000      4.348      0.258
   191.500      4.348      0.258
   192.000      4.348      0.258
   192.500      4.348      0.258
   193.000      4.344      0.264
   193.500      4.338      0.277
   194.000      4.328      0.285
   194.500      4.328      0.285
   195.000      4.328      0.285
   195.500      4.328      0.285
   196.000      4.328      0.285
   196.500      4.323      0.291
   197.000      4.306      0.315
   197.500      4.306      0.315
   198.000      4.306      0.315
   198.500      4.306      0.315
   199.000      4.306      0.315
   199.500      4.306      0.315
