     0.000      1.400      0.427
     0.500      3.071      0.192
     1.000      3.108      0.191
     1.500      3.142      0.168
     2.000      3.205      0.145
     2.500      3.236      0.131
     3.000      3.277      0.113
     3.500      3.317      0.099
     4.000      3.355      0.082
     4.500      3.380      0.080
     5.000      3.418      0.064
     5.500      3.445      0.061
     6.000      3.466      0.059
     6.500      3.498      0.050
     7.000      3.517      0.051
     7.500      3.539      0.050
     8.000      3.559      0.048
     8.500      3.577      0.049
     9.000      3.593      0.049
     9.500      3.609      0.048
    10.000      3.623      0.048
    10.500      3.635      0.049
    11.000      3.648      0.049
    11.500      3.659      0.048
    12.000      3.668      0.049
    12.500      3.678      0.048
    13.000      3.686      0.048
    13.500      3.694      0.049
    14.000      3.702      0.047
    14.500      3.709      0.048
    15.000      3.715      0.048
    15.500      3.722      0.047
    16.000      3.728      0.047
    16.500      3.733      0.047
    17.000      3.738      0.046
    17.500      3.744      0.046
    18.000      3.749      0.046
    18.500      3.754      0.045
    19.000      3.758      0.045
    19.500      3.763      0.045
    20.000      3.768      0.044
    20.500      3.772      0.044
    21.000      3.777      0.044
    21.500      3.781      0.043
    22.000      3.786      0.043
    22.500      3.790      0.043
    23.000      3.795      0.042
    23.500      3.799      0.042
    24.000      3.804      0.041
    24.500      3.808      0.041
    25.000      3.812      0.041
    25.500      3.817      0.040
    26.000      3.821      0.040
    26.500      3.826      0.040
    27.000      3.831      0.039
    27.500      3.835      0.039
    28.000      3.840      0.039
    28.500      3.845      0.039
    29.000      3.849      0.039
    29.500      3.854      0.039
    30.000      3.859      0.039
    30.500      3.864      0.039
    31.000      3.870      0.039
    31.500      3.875      0.039
    32.000      3.880      0.040
    32.500      3.886      0.040
    33.000      3.892      0.041
    33.500      3.898      0.041
    34.000      3.904      0.041
    34.500      3.911      0.042
    35.000      3.918      0.042
    35.500      3.925      0.042
    36.000      3.933      0.043
    36.500      3.941      0.044
    37.000      3.949      0.045
    37.500      3.956      0.046
    38.000      3.964      0.047
    38.500      3.973      0.048
    39.000      3.981      0.049
    39.500      3.990      0.051
    40.000      3.998      0.052
    40.500      4.006      0.053
    41.000      4.015      0.055
    41.500      4.023      0.057
    42.000      4.032      0.060
    42.500      4.041      0.062
    43.000      4.050      0.063
    43.500      4.059      0.064
    44.000      4.071      0.065
    44.500      4.082      0.067
    45.000      4.092      0.070
    45.500      4.102      0.073
    46.000      4.112      0.076
    46.500      4.120      0.079
    47.000      4.130      0.083
    47.500      4.138      0.085
    48.000      4.146      0.087
    48.500      4.154      0.088
    49.000      4.163      0.090
    49.500      4.170      0.092
    50.000      4.408      0.178
    50.500      4.411      0.171
    51.000      4.411      0.164
    51.500      4.413      0.160
    52.000      4.413      0.156
    52.500      4.413      0.152
    53.000      4.414      0.151
    53.500      4.418      0.152
    54.000      4.422      0.153
    54.500      4.427      0.156
    55.000      4.430      0.155
    55.500      4.432      0.154
    56.000      4.438      0.157
    56.500      4.441      0.158
    57.000      4.446      0.160
    57.500      4.450      0.161
    58.000      4.455      0.162
    58.500      4.461      0.164
    59.000      4.463      0.164
    59.500      4.465      0.164
    60.000      4.466      0.164
    60.500      4.469      0.164
    61.000      4.473      0.165
    61.500      4.478      0.166
    62.000      4.481      0.167
    62.500      4.485      0.169
    63.000      4.487      0.169
    63.500      4.486      0.169
    64.000      4.486      0.167
    64.500      4.484      0.166
    65.000      4.483      0.164
    65.500      4.481      0.163
    66.000      4.479      0.162
    66.500      4.478      0.161
    67.000      4.477      0.160
    67.500      4.476      0.160
    68.000      4.474      0.159
    68.500      4.472      0.157
    69.000      4.471      0.157
    69.500      4.470      0.156
    70.000      4.469      0.156
    70.500      4.467      0.155
    71.000      4.465      0.154
    71.500      4.464      0.153
    72.000      4.463      0.152
    72.500      4.461      0.151
    73.000      4.460      0.150
    73.500      4.458      0.149
    74.000      4.457      0.148
    74.500      4.456      0.147
    75.000      4.455      0.146
    75.500      4.453      0.144
    76.000      4.451      0.144
    76.500      4.450      0.142
    77.000      4.448      0.141
    77.500      4.447      0.140
    78.000      4.446      0.138
    78.500      4.445      0.137
    79.000      4.443      0.136
    79.500      4.441      0.135
    80.000      4.440      0.133
    80.500      4.439      0.132
    81.000      4.438      0.130
    81.500      4.436      0.129
    82.000      4.434      0.128
    82.500      4.433      0.127
    83.000      4.432      0.125
    83.500      4.431      0.124
    84.000      4.429      0.123
    84.500      4.428      0.122
    85.000      4.426      0.121
    85.500      4.425      0.120
    86.000      4.424      0.119
    86.500      4.422      0.118
    87.000      4.421      0.118
    87.500      4.419      0.117
    88.000      4.418      0.116
    88.500      4.417      0.116
    89.000      4.415      0.116
    89.500      4.414      0.116
    90.000      4.412      0.116
    90.500      4.411      0.115
    91.000      4.410      0.115
    91.500      4.408      0.116
    92.000      4.407      0.117
    92.500      4.405      0.117
    93.000      4.403      0.118
    93.500      4.402      0.118
    94.000      4.401      0.119
    94.500      4.400      0.120
    95.000      4.398      0.122
    95.500      4.396      0.123
    96.000      4.395      0.124
    96.500      4.394      0.125
    97.000      4.393      0.127
    97.500      4.391      0.128
    98.000      4.390      0.130
    98.500      4.387      0.132
    99.000      4.386      0.133
    99.500      4.385      0.135
   100.000      4.384      0.137
   100.500      4.382      0.139
   101.000      4.380      0.141
   101.500      4.378      0.143
   102.000      4.377      0.144
   102.500      4.375      0.146
   103.000      4.374      0.148
   103.500      4.373      0.151
   104.000      4.371      0.153
   104.500      4.369      0.154
   105.000      4.367      0.156
   105.500      4.366      0.158
   106.000      4.364      0.160
   106.500      4.363      0.162
   107.000      4.361      0.164
   107.500      4.359      0.166
   108.000      4.358      0.168
   108.500      4.356      0.169
   109.000      4.355      0.172
   109.500      4.353      0.174
   110.000      4.351      0.176
   110.500      4.350      0.177
   111.000      4.348      0.179
   111.500      4.346      0.180
   112.000      4.345      0.182
   112.500      4.343      0.184
   113.000      4.341      0.186
   113.500      4.340      0.187
   114.000      4.339      0.189
   114.500      4.337      0.190
   115.000      4.335      0.192
   115.500      4.333      0.194
   116.000      4.332      0.195
   116.500      4.330      0.196
   117.000      4.329      0.198
   117.500      4.327      0.199
   118.000      4.325      0.201
   118.500      4.323      0.202
   119.000      4.322      0.204
   119.500      4.321      0.204
   120.000      4.319      0.206
   120.500      4.318      0.207
   121.000      4.316      0.208
   121.500      4.314      0.210
   122.000      4.312      0.211
   122.500      4.311      0.212
   123.000      4.310      0.213
   123.500      4.309      0.214
   124.000      4.307      0.215
   124.500      4.305      0.217
   125.000      4.303      0.217
   125.500      4.302      0.218
   126.000      4.301      0.219
   126.500      4.300      0.220
   127.000      4.298      0.222
   127.500      4.296      0.222
   128.000      4.294      0.223
   128.500      4.293      0.224
   129.000      4.292      0.224
   129.500      4.290      0.226
   130.000      4.289      0.227
   130.500      4.288      0.227
   131.000      4.286      0.228
   131.500      4.284      0.228
   132.000      4.283      0.229
   132.500      4.282      0.231
   133.000      4.281      0.231
   133.500      4.279      0.232
   134.000      4.278      0.232
   134.500      4.277      0.233
   135.000      4.275      0.233
   135.500      4.274      0.235
   136.000      4.273      0.235
   136.500      4.272      0.236
   137.000      4.271      0.236
   137.500      4.269      0.236
   138.000      4.267      0.237
   138.500      4.266      0.238
   139.000      4.266      0.238
   139.500      4.265      0.239
   140.000      4.264      0.239
   140.500      4.262      0.239
   141.000      4.260      0.240
   141.500      4.259      0.241
   142.000      4.259      0.241
   142.500      4.258      0.242
   143.000      4.257      0.242
   143.500      4.256      0.242
   144.000      4.254      0.243
   144.500      4.253      0.243
   145.000      4.253      0.244
   145.500      4.252      0.244
   146.000      4.251      0.244
   146.500      4.250      0.244
   147.000      4.248      0.245
   147.500      4.247      0.245
   148.000      4.247      0.246
   148.500      4.246      0.246
   149.000      4.246      0.246
   149.500      4.245      0.246
   150.000      4.244      0.246
   150.500      4.243      0.247
   151.000      4.242      0.247
   151.500      4.241      0.248
   152.000      4.241      0.248
   152.500      4.240      0.248
   153.000      4.240      0.248
   153.500      4.239      0.248
   154.000      4.238      0.249
   154.500      4.237      0.249
   155.000      4.237      0.249
   155.500      4.237      0.249
   156.000      4.237      0.249
   156.500      4.236      0.249
   157.000      4.235      0.249
   157.500      4.234      0.250
   158.000      4.234      0.250
   158.500      4.234      0.250
   159.000      4.234      0.251
   159.500      4.233      0.250
   160.000      4.233      0.250
   160.500      4.232      0.251
   161.000      4.232      0.251
   161.500      4.232      0.252
   162.000      4.233      0.252
   162.500      4.232      0.252
   163.000      4.231      0.251
   163.500      4.231      0.252
   164.000      4.231      0.252
   164.500      4.232      0.253
   165.000      4.232      0.253
   165.500      4.232      0.253
   166.000      4.231      0.253
   166.500      4.232      0.253
   167.000      4.232      0.254
   167.500      4.232      0.254
   168.000      4.232      0.254
   168.500      4.233      0.255
   169.000      4.232      0.254
   169.500      4.233      0.255
   170.000      4.233      0.256
   170.500      4.233      0.256
   171.000      4.234      0.256
   171.500      4.235      0.257
   172.000      4.234      0.257
   172.500      4.236      0.258
   173.000      4.235      0.259
   173.500      4.235      0.258
   174.000      4.237      0.259
   174.500      4.238      0.261
   175.000      4.238      0.261
   175.500      4.239      0.263
   176.000      4.238      0.263
   176.500      4.239      0.262
   177.000      4.241      0.264
   177.500      4.243      0.265
   178.000      4.244      0.268
   178.500      4.243      0.268
   179.000      4.243      0.269
   179.500      4.244      0.268
   180.000      4.246      0.269
   180.500      4.249      0.273
   181.000      4.251      0.275
   181.500      4.248      0.277
   182.000      4.249      0.278
   182.500      4.250      0.277
   183.000      4.253      0.279
   183.500      4.256      0.283
   184.000      4.257      0.285
   184.500      4.255      0.287
   185.000      4.256      0.290
   185.500      4.258      0.290
   186.000      4.263      0.293
   186.500      4.265      0.295
   187.000      4.265      0.298
   187.500      4.264      0.301
   188.000      4.264      0.306
   188.500      4.269      0.308
   189.000      4.274      0.312
   189.500      4.274      0.313
   190.000      4.274      0.313
   190.500      4.275      0.317
   191.000      4.274      0.325
   191.500      4.281      0.330
   192.000      4.285      0.335
   192.500      4.285      0.335
   193.000      4.285      0.335
   193.500      4.286      0.338
   194.000      4.286      0.350
   194.500      4.298      0.361
   195.000      4.298      0.361
   195.500      4.298      0.361
   196.000      4.298      0.361
   196.500      4.298      0.361
   197.000      4.299      0.379
   197.500      4.312      0.393
   198.000      4.312      0.393
   198.500      4.312      0.393
   199.000      4.312      0.393
