     0.000      1.454      0.460
     0.500      2.243      0.341
     1.000      2.984      0.150
     1.500      3.020      0.136
     2.000      3.062      0.121
     2.500      3.100      0.112
     3.000      3.137      0.106
     3.500      3.170      0.097
     4.000      3.205      0.093
     4.500      3.236      0.089
     5.000      3.268      0.082
     5.500      3.297      0.081
     6.000      3.327      0.074
     6.500      3.354      0.074
     7.000      3.383      0.071
     7.500      3.408      0.070
     8.000      3.437      0.068
     8.500      3.461      0.067
     9.000      3.487      0.065
     9.500      3.512      0.065
    10.000      3.536      0.064
    10.500      3.559      0.065
    11.000      3.582      0.064
    11.500      3.604      0.064
    12.000      3.626      0.064
    12.500      3.647      0.065
    13.000      3.667      0.064
    13.500      3.688      0.065
    14.000      3.707      0.064
    14.500      3.727      0.064
    15.000      3.746      0.064
    15.500      3.765      0.065
    16.000      3.781      0.065
    16.500      3.799      0.065
    17.000      3.816      0.065
    17.500      3.833      0.066
    18.000      3.847      0.067
    18.500      3.863      0.068
    19.000      3.877      0.069
    19.500      3.892      0.071
    20.000      3.904      0.070
    20.500      3.914      0.069
    21.000      3.926      0.069
    21.500      3.938      0.069
    22.000      3.952      0.069
    22.500      3.965      0.068
    23.000      3.978      0.066
    23.500      3.991      0.065
    24.000      4.003      0.063
    24.500      4.014      0.063
    25.000      4.026      0.062
    25.500      4.036      0.060
    26.000      4.048      0.059
    26.500      4.059      0.058
    27.000      4.070      0.057
    27.500      4.081      0.056
    28.000      4.092      0.056
    28.500      4.105      0.056
    29.000      4.119      0.052
    29.500      4.134      0.050
    30.000      4.146      0.050
    30.500      4.158      0.050
    31.000      4.168      0.054
    31.500      4.258      0.135
    32.000      4.268      0.135
    32.500      4.276      0.132
    33.000      4.280      0.125
    33.500      4.282      0.120
    34.000      4.283      0.115
    34.500      4.285      0.112
    35.000      4.288      0.105
    35.500      4.291      0.099
    36.000      4.297      0.094
    36.500      4.303      0.088
    37.000      4.307      0.087
    37.500      4.310      0.084
    38.000      4.313      0.084
    38.500      4.316      0.080
    39.000      4.316      0.074
    39.500      4.317      0.069
    40.000      4.318      0.065
    40.500      4.319      0.061
    41.000      4.321      0.059
    41.500      4.322      0.056
    42.000      4.326      0.055
    42.500      4.327      0.054
    43.000      4.329      0.053
    43.500      4.330      0.051
    44.000      4.331      0.051
    44.500      4.332      0.049
    45.000      4.333      0.048
    45.500      4.334      0.047
    46.000      4.334      0.047
    46.500      4.334      0.048
    47.000      4.335      0.047
    47.500      4.335      0.047
    48.000      4.337      0.047
    48.500      4.337      0.048
    49.000      4.338      0.049
    49.500      4.338      0.050
    50.000      4.338      0.051
    50.500      4.339      0.051
    51.000      4.339      0.052
    51.500      4.340      0.052
    52.000      4.340      0.054
    52.500      4.340      0.055
    53.000      4.341      0.056
    53.500      4.341      0.056
    54.000      4.342      0.057
    54.500      4.342      0.057
    55.000      4.343      0.058
    55.500      4.343      0.059
    56.000      4.343      0.059
    56.500      4.343      0.060
    57.000      4.344      0.060
    57.500      4.344      0.060
    58.000      4.345      0.061
    58.500      4.345      0.061
    59.000      4.345      0.061
    59.500      4.345      0.061
    60.000      4.346      0.061
    60.500      4.346      0.061
    61.000      4.346      0.061
    61.500      4.347      0.061
    62.000      4.347      0.061
    62.500      4.347      0.061
    63.000      4.347      0.061
    63.500      4.348      0.061
    64.000      4.348      0.060
    64.500      4.348      0.060
    65.000      4.348      0.059
    65.500      4.349      0.059
    66.000      4.349      0.059
    66.500      4.349      0.058
    67.000      4.349      0.058
    67.500      4.349      0.058
    68.000      4.349      0.057
    68.500      4.349      0.057
    69.000      4.350      0.056
    69.500      4.350      0.056
    70.000      4.350      0.056
    70.500      4.350      0.055
    71.000      4.350      0.055
    71.500      4.350      0.055
    72.000      4.350      0.055
    72.500      4.351      0.054
    73.000      4.351      0.054
    73.500      4.351      0.054
    74.000      4.350      0.054
    74.500      4.350      0.054
    75.000      4.350      0.054
    75.500      4.351      0.054
    76.000      4.351      0.053
    76.500      4.351      0.054
    77.000      4.351      0.054
    77.500      4.350      0.055
    78.000      4.350      0.055
    78.500      4.351      0.056
    79.000      4.351      0.056
    79.500      4.351      0.056
    80.000      4.351      0.056
    80.500      4.350      0.057
    81.000      4.350      0.058
    81.500      4.350      0.059
    82.000      4.351      0.060
    82.500      4.351      0.060
    83.000      4.351      0.060
    83.500      4.350      0.061
    84.000      4.350      0.062
    84.500      4.350      0.064
    85.000      4.350      0.065
    85.500      4.350      0.065
    86.000      4.351      0.066
    86.500      4.350      0.066
    87.000      4.349      0.067
    87.500      4.349      0.069
    88.000      4.349      0.070
    88.500      4.349      0.070
    89.000      4.349      0.071
    89.500      4.349      0.072
    90.000      4.349      0.073
    90.500      4.348      0.074
    91.000      4.348      0.075
    91.500      4.348      0.076
    92.000      4.348      0.076
    92.500      4.348      0.077
    93.000      4.347      0.078
    93.500      4.347      0.079
    94.000      4.347      0.079
    94.500      4.346      0.080
    95.000      4.346      0.081
    95.500      4.346      0.081
    96.000      4.346      0.082
    96.500      4.345      0.083
    97.000      4.345      0.083
    97.500      4.345      0.084
    98.000      4.344      0.084
    98.500      4.344      0.084
    99.000      4.344      0.085
    99.500      4.343      0.086
   100.000      4.343      0.086
   100.500      4.343      0.086
   101.000      4.343      0.087
   101.500      4.342      0.087
   102.000      4.342      0.088
   102.500      4.341      0.088
   103.000      4.341      0.088
   103.500      4.341      0.089
   104.000      4.340      0.089
   104.500      4.340      0.089
   105.000      4.340      0.090
   105.500      4.339      0.090
   106.000      4.339      0.090
   106.500      4.338      0.090
   107.000      4.338      0.090
   107.500      4.338      0.091
   108.000      4.337      0.091
   108.500      4.337      0.092
   109.000      4.336      0.092
   109.500      4.336      0.092
   110.000      4.336      0.092
   110.500      4.335      0.092
   111.000      4.335      0.092
   111.500      4.334      0.092
   112.000      4.334      0.093
   112.500      4.333      0.093
   113.000      4.333      0.093
   113.500      4.333      0.093
   114.000      4.332      0.093
   114.500      4.332      0.094
   115.000      4.331      0.094
   115.500      4.331      0.095
   116.000      4.331      0.095
   116.500      4.330      0.095
   117.000      4.330      0.095
   117.500      4.330      0.095
   118.000      4.329      0.096
   118.500      4.328      0.097
   119.000      4.328      0.097
   119.500      4.328      0.098
   120.000      4.328      0.098
   120.500      4.327      0.097
   121.000      4.327      0.098
   121.500      4.326      0.099
   122.000      4.325      0.100
   122.500      4.325      0.100
   123.000      4.325      0.101
   123.500      4.325      0.101
   124.000      4.324      0.101
   124.500      4.324      0.102
   125.000      4.323      0.103
   125.500      4.322      0.103
   126.000      4.322      0.104
   126.500      4.322      0.105
   127.000      4.322      0.106
   127.500      4.322      0.106
   128.000      4.321      0.106
   128.500      4.320      0.108
   129.000      4.319      0.108
   129.500      4.319      0.109
   130.000      4.319      0.110
   130.500      4.319      0.111
   131.000      4.319      0.112
   131.500      4.318      0.112
   132.000      4.317      0.113
   132.500      4.316      0.115
   133.000      4.316      0.116
   133.500      4.316      0.117
   134.000      4.317      0.118
   134.500      4.317      0.118
   135.000      4.316      0.119
   135.500      4.314      0.120
   136.000      4.313      0.122
   136.500      4.313      0.123
   137.000      4.314      0.125
   137.500      4.314      0.125
   138.000      4.314      0.126
   138.500      4.313      0.126
   139.000      4.312      0.128
   139.500      4.311      0.130
   140.000      4.311      0.132
   140.500      4.311      0.133
   141.000      4.312      0.133
   141.500      4.312      0.134
   142.000      4.311      0.135
   142.500      4.309      0.137
   143.000      4.309      0.139
   143.500      4.309      0.141
   144.000      4.309      0.142
   144.500      4.310      0.142
   145.000      4.310      0.143
   145.500      4.310      0.144
   146.000      4.308      0.146
   146.500      4.307      0.149
   147.000      4.307      0.151
   147.500      4.307      0.151
   148.000      4.308      0.151
   148.500      4.309      0.152
   149.000      4.308      0.154
   149.500      4.306      0.156
   150.000      4.305      0.159
   150.500      4.306      0.160
   151.000      4.306      0.160
   151.500      4.307      0.161
   152.000      4.307      0.162
   152.500      4.307      0.164
   153.000      4.305      0.167
   153.500      4.304      0.168
   154.000      4.304      0.170
   154.500      4.305      0.170
   155.000      4.306      0.172
   155.500      4.306      0.173
   156.000      4.307      0.175
   156.500      4.304      0.176
   157.000      4.303      0.178
   157.500      4.303      0.180
   158.000      4.304      0.181
   158.500      4.305      0.182
   159.000      4.306      0.183
   159.500      4.306      0.185
   160.000      4.304      0.186
   160.500      4.303      0.188
   161.000      4.303      0.190
   161.500      4.305      0.192
   162.000      4.306      0.193
   162.500      4.307      0.194
   163.000      4.305      0.196
   163.500      4.304      0.196
   164.000      4.303      0.198
   164.500      4.304      0.202
   165.000      4.305      0.204
   165.500      4.307      0.204
   166.000      4.307      0.205
   166.500      4.305      0.206
   167.000      4.305      0.207
   167.500      4.303      0.209
   168.000      4.305      0.213
   168.500      4.307      0.215
   169.000      4.308      0.216
   169.500      4.307      0.217
   170.000      4.306      0.217
   170.500      4.306      0.218
   171.000      4.306      0.222
   171.500      4.307      0.226
   172.000      4.309      0.227
   172.500      4.308      0.228
   173.000      4.309      0.229
   173.500      4.307      0.230
   174.000      4.307      0.232
   174.500      4.309      0.235
   175.000      4.311      0.238
   175.500      4.311      0.240
   176.000      4.310      0.241
   176.500      4.310      0.242
   177.000      4.309      0.244
   177.500      4.311      0.248
   178.000      4.315      0.249
   178.500      4.313      0.252
   179.000      4.313      0.255
   179.500      4.312      0.256
   180.000      4.312      0.257
   180.500      4.312      0.261
   181.000      4.316      0.265
   181.500      4.319      0.265
   182.000      4.316      0.268
   182.500      4.315      0.271
   183.000      4.316      0.273
   183.500      4.315      0.275
   184.000      4.317      0.281
   184.500      4.322      0.283
   185.000      4.322      0.283
   185.500      4.320      0.285
   186.000      4.319      0.289
   186.500      4.320      0.293
   187.000      4.319      0.298
   187.500      4.326      0.304
   188.000      4.327      0.304
   188.500      4.327      0.304
   189.000      4.326      0.304
   189.500      4.323      0.310
   190.000      4.324      0.316
   190.500      4.328      0.326
   191.000      4.332      0.328
   191.500      4.332      0.328
   192.000      4.332      0.328
   192.500      4.332      0.328
   193.000      4.327      0.335
   193.500      4.329      0.348
   194.000      4.337      0.356
   194.500      4.337      0.356
   195.000      4.337      0.356
   195.500      4.337      0.356
   196.000      4.337      0.356
   196.500      4.333      0.363
   197.000      4.344      0.387
   197.500      4.344      0.387
   198.000      4.344      0.387
   198.500      4.344      0.387
   199.000      4.344      0.387
   199.500      4.344      0.387
