     0.000      1.276      0.432
     0.500      2.882      0.148
     1.000      2.897      0.171
     1.500      2.901      0.171
     2.000      2.974      0.129
     2.500      2.997      0.116
     3.000      3.018      0.104
     3.500      3.080      0.078
     4.000      3.092      0.070
     4.500      3.129      0.059
     5.000      3.170      0.047
     5.500      3.186      0.042
     6.000      3.222      0.037
     6.500      3.253      0.036
     7.000      3.273      0.040
     7.500      3.304      0.037
     8.000      3.330      0.044
     8.500      3.351      0.046
     9.000      3.377      0.046
     9.500      3.399      0.052
    10.000      3.420      0.051
    10.500      3.443      0.052
    11.000      3.462      0.055
    11.500      3.481      0.053
    12.000      3.499      0.053
    12.500      3.518      0.054
    13.000      3.535      0.052
    13.500      3.550      0.051
    14.000      3.568      0.049
    14.500      3.582      0.048
    15.000      3.596      0.045
    15.500      3.611      0.044
    16.000      3.622      0.043
    16.500      3.636      0.040
    17.000      3.648      0.039
    17.500      3.659      0.037
    18.000      3.671      0.035
    18.500      3.680      0.034
    19.000      3.690      0.033
    19.500      3.701      0.032
    20.000      3.708      0.031
    20.500      3.717      0.030
    21.000      3.725      0.030
    21.500      3.733      0.029
    22.000      3.741      0.028
    22.500      3.747      0.027
    23.000      3.754      0.027
    23.500      3.760      0.027
    24.000      3.766      0.026
    24.500      3.772      0.026
    25.000      3.777      0.025
    25.500      3.782      0.025
    26.000      3.787      0.025
    26.500      3.792      0.025
    27.000      3.796      0.025
    27.500      3.800      0.025
    28.000      3.804      0.025
    28.500      3.808      0.025
    29.000      3.812      0.025
    29.500      3.816      0.025
    30.000      3.819      0.025
    30.500      3.823      0.026
    31.000      3.826      0.026
    31.500      3.829      0.027
    32.000      3.833      0.028
    32.500      3.836      0.028
    33.000      3.839      0.028
    33.500      3.843      0.029
    34.000      3.846      0.030
    34.500      3.849      0.030
    35.000      3.853      0.031
    35.500      3.856      0.032
    36.000      3.860      0.033
    36.500      3.864      0.034
    37.000      3.868      0.034
    37.500      3.872      0.035
    38.000      3.876      0.036
    38.500      3.880      0.037
    39.000      3.884      0.037
    39.500      3.889      0.038
    40.000      3.894      0.038
    40.500      3.899      0.039
    41.000      3.905      0.040
    41.500      3.911      0.041
    42.000      3.917      0.042
    42.500      3.923      0.043
    43.000      3.930      0.045
    43.500      3.937      0.047
    44.000      3.945      0.049
    44.500      3.952      0.050
    45.000      3.959      0.051
    45.500      3.968      0.054
    46.000      3.976      0.056
    46.500      3.985      0.060
    47.000      3.995      0.063
    47.500      4.004      0.067
    48.000      4.015      0.072
    48.500      4.026      0.076
    49.000      4.037      0.080
    49.500      4.051      0.085
    50.000      4.068      0.090
    50.500      4.084      0.095
    51.000      4.100      0.102
    51.500      4.114      0.108
    52.000      4.128      0.116
    52.500      4.143      0.123
    53.000      4.158      0.129
    53.500      4.177      0.135
    54.000      4.192      0.138
    54.500      4.459      0.166
    55.000      4.480      0.170
    55.500      4.494      0.167
    56.000      4.509      0.167
    56.500      4.522      0.164
    57.000      4.532      0.161
    57.500      4.538      0.157
    58.000      4.544      0.152
    58.500      4.549      0.148
    59.000      4.551      0.143
    59.500      4.554      0.139
    60.000      4.556      0.134
    60.500      4.558      0.131
    61.000      4.561      0.128
    61.500      4.564      0.125
    62.000      4.568      0.123
    62.500      4.571      0.120
    63.000      4.574      0.117
    63.500      4.575      0.116
    64.000      4.578      0.114
    64.500      4.580      0.113
    65.000      4.583      0.112
    65.500      4.586      0.110
    66.000      4.588      0.109
    66.500      4.589      0.108
    67.000      4.591      0.108
    67.500      4.593      0.108
    68.000      4.596      0.108
    68.500      4.599      0.107
    69.000      4.600      0.107
    69.500      4.602      0.107
    70.000      4.603      0.107
    70.500      4.605      0.107
    71.000      4.607      0.107
    71.500      4.609      0.107
    72.000      4.611      0.107
    72.500      4.612      0.107
    73.000      4.613      0.108
    73.500      4.615      0.108
    74.000      4.616      0.108
    74.500      4.618      0.108
    75.000      4.619      0.107
    75.500      4.620      0.107
    76.000      4.622      0.108
    76.500      4.622      0.108
    77.000      4.624      0.108
    77.500      4.625      0.108
    78.000      4.626      0.107
    78.500      4.627      0.107
    79.000      4.628      0.107
    79.500      4.629      0.107
    80.000      4.630      0.107
    80.500      4.630      0.107
    81.000      4.631      0.106
    81.500      4.632      0.106
    82.000      4.633      0.106
    82.500      4.633      0.105
    83.000      4.634      0.105
    83.500      4.634      0.105
    84.000      4.635      0.104
    84.500      4.636      0.104
    85.000      4.636      0.103
    85.500      4.636      0.103
    86.000      4.637      0.103
    86.500      4.637      0.102
    87.000      4.638      0.102
    87.500      4.638      0.101
    88.000      4.638      0.101
    88.500      4.638      0.101
    89.000      4.638      0.101
    89.500      4.638      0.100
    90.000      4.639      0.100
    90.500      4.639      0.099
    91.000      4.639      0.099
    91.500      4.639      0.099
    92.000      4.638      0.099
    92.500      4.639      0.099
    93.000      4.639      0.099
    93.500      4.639      0.099
    94.000      4.638      0.099
    94.500      4.638      0.099
    95.000      4.638      0.099
    95.500      4.638      0.099
    96.000      4.638      0.099
    96.500      4.638      0.099
    97.000      4.637      0.099
    97.500      4.637      0.099
    98.000      4.636      0.100
    98.500      4.636      0.100
    99.000      4.636      0.100
    99.500      4.636      0.100
   100.000      4.635      0.100
   100.500      4.634      0.101
   101.000      4.634      0.102
   101.500      4.634      0.102
   102.000      4.633      0.102
   102.500      4.633      0.102
   103.000      4.632      0.103
   103.500      4.631      0.103
   104.000      4.631      0.104
   104.500      4.630      0.105
   105.000      4.630      0.105
   105.500      4.629      0.105
   106.000      4.628      0.105
   106.500      4.628      0.106
   107.000      4.627      0.107
   107.500      4.627      0.108
   108.000      4.626      0.108
   108.500      4.625      0.108
   109.000      4.624      0.109
   109.500      4.624      0.109
   110.000      4.623      0.110
   110.500      4.623      0.111
   111.000      4.622      0.111
   111.500      4.621      0.111
   112.000      4.620      0.112
   112.500      4.619      0.113
   113.000      4.619      0.114
   113.500      4.618      0.114
   114.000      4.617      0.114
   114.500      4.616      0.115
   115.000      4.615      0.116
   115.500      4.614      0.117
   116.000      4.614      0.118
   116.500      4.613      0.118
   117.000      4.612      0.119
   117.500      4.611      0.119
   118.000      4.609      0.120
   118.500      4.609      0.122
   119.000      4.608      0.123
   119.500      4.608      0.123
   120.000      4.606      0.124
   120.500      4.605      0.125
   121.000      4.604      0.126
   121.500      4.603      0.127
   122.000      4.603      0.129
   122.500      4.602      0.130
   123.000      4.600      0.131
   123.500      4.599      0.132
   124.000      4.598      0.133
   124.500      4.597      0.134
   125.000      4.596      0.136
   125.500      4.595      0.137
   126.000      4.594      0.138
   126.500      4.593      0.139
   127.000      4.592      0.141
   127.500      4.591      0.143
   128.000      4.590      0.144
   128.500      4.588      0.145
   129.000      4.587      0.147
   129.500      4.586      0.148
   130.000      4.585      0.150
   130.500      4.583      0.152
   131.000      4.582      0.153
   131.500      4.581      0.155
   132.000      4.580      0.157
   132.500      4.579      0.158
   133.000      4.577      0.160
   133.500      4.576      0.161
   134.000      4.575      0.163
   134.500      4.573      0.165
   135.000      4.572      0.167
   135.500      4.571      0.169
   136.000      4.570      0.170
   136.500      4.568      0.172
   137.000      4.567      0.174
   137.500      4.565      0.176
   138.000      4.564      0.177
   138.500      4.563      0.179
   139.000      4.561      0.181
   139.500      4.560      0.182
   140.000      4.558      0.184
   140.500      4.557      0.186
   141.000      4.556      0.188
   141.500      4.555      0.190
   142.000      4.553      0.191
   142.500      4.551      0.193
   143.000      4.549      0.195
   143.500      4.548      0.197
   144.000      4.548      0.199
   144.500      4.546      0.200
   145.000      4.544      0.201
   145.500      4.542      0.203
   146.000      4.540      0.205
   146.500      4.539      0.206
   147.000      4.538      0.208
   147.500      4.536      0.210
   148.000      4.534      0.211
   148.500      4.533      0.212
   149.000      4.531      0.214
   149.500      4.530      0.215
   150.000      4.529      0.217
   150.500      4.527      0.218
   151.000      4.525      0.219
   151.500      4.523      0.221
   152.000      4.521      0.222
   152.500      4.520      0.223
   153.000      4.518      0.224
   153.500      4.516      0.225
   154.000      4.514      0.226
   154.500      4.513      0.227
   155.000      4.511      0.228
   155.500      4.509      0.229
   156.000      4.508      0.230
   156.500      4.505      0.231
   157.000      4.504      0.232
   157.500      4.502      0.233
   158.000      4.500      0.233
   158.500      4.499      0.234
   159.000      4.497      0.235
   159.500      4.494      0.235
   160.000      4.493      0.235
   160.500      4.491      0.236
   161.000      4.489      0.236
   161.500      4.487      0.237
   162.000      4.486      0.237
   162.500      4.483      0.237
   163.000      4.481      0.237
   163.500      4.479      0.237
   164.000      4.477      0.237
   164.500      4.476      0.237
   165.000      4.474      0.237
   165.500      4.471      0.236
   166.000      4.469      0.236
   166.500      4.467      0.235
   167.000      4.465      0.235
   167.500      4.464      0.236
   168.000      4.462      0.236
   168.500      4.459      0.234
   169.000      4.457      0.232
   169.500      4.455      0.232
   170.000      4.453      0.232
   170.500      4.452      0.232
   171.000      4.449      0.231
   171.500      4.446      0.230
   172.000      4.443      0.227
   172.500      4.443      0.227
   173.000      4.440      0.227
   173.500      4.439      0.227
   174.000      4.436      0.225
   174.500      4.433      0.222
   175.000      4.430      0.220
   175.500      4.430      0.220
   176.000      4.427      0.220
   176.500      4.426      0.220
   177.000      4.422      0.217
   177.500      4.418      0.214
   178.000      4.417      0.212
   178.500      4.416      0.212
   179.000      4.414      0.212
   179.500      4.413      0.212
   180.000      4.408      0.209
   180.500      4.404      0.206
   181.000      4.403      0.205
   181.500      4.403      0.205
   182.000      4.400      0.204
   182.500      4.399      0.204
   183.000      4.393      0.202
   183.500      4.389      0.200
   184.000      4.389      0.200
   184.500      4.389      0.199
   185.000      4.386      0.199
   185.500      4.384      0.199
   186.000      4.376      0.198
   186.500      4.375      0.199
   187.000      4.375      0.199
   187.500      4.374      0.198
   188.000      4.372      0.197
   188.500      4.368      0.201
   189.000      4.360      0.204
   189.500      4.360      0.204
   190.000      4.360      0.204
   190.500      4.360      0.204
   191.000      4.357      0.202
   191.500      4.351      0.216
   192.000      4.345      0.219
   192.500      4.345      0.219
   193.000      4.345      0.219
   193.500      4.345      0.219
   194.000      4.342      0.218
   194.500      4.330      0.245
   195.000      4.330      0.245
   195.500      4.330      0.245
   196.000      4.330      0.245
   196.500      4.330      0.245
   197.000      4.326      0.244
   197.500      4.314      0.281
   198.000      4.314      0.281
   198.500      4.314      0.281
   199.000      4.314      0.281
   199.500      4.314      0.281
