     0.000      1.346      0.485
     0.500      3.085      0.193
     1.000      3.112      0.191
     1.500      3.148      0.162
     2.000      3.207      0.136
     2.500      3.230      0.120
     3.000      3.269      0.095
     3.500      3.307      0.082
     4.000      3.334      0.069
     4.500      3.365      0.056
     5.000      3.397      0.048
     5.500      3.418      0.045
     6.000      3.445      0.042
     6.500      3.470      0.039
     7.000      3.486      0.044
     7.500      3.511      0.044
     8.000      3.528      0.046
     8.500      3.546      0.049
     9.000      3.562      0.051
     9.500      3.577      0.052
    10.000      3.592      0.053
    10.500      3.604      0.053
    11.000      3.617      0.053
    11.500      3.628      0.053
    12.000      3.638      0.051
    12.500      3.647      0.051
    13.000      3.656      0.050
    13.500      3.664      0.048
    14.000      3.672      0.048
    14.500      3.680      0.045
    15.000      3.687      0.044
    15.500      3.693      0.043
    16.000      3.700      0.042
    16.500      3.705      0.041
    17.000      3.711      0.040
    17.500      3.717      0.038
    18.000      3.722      0.037
    18.500      3.727      0.037
    19.000      3.733      0.035
    19.500      3.738      0.034
    20.000      3.743      0.034
    20.500      3.748      0.032
    21.000      3.753      0.031
    21.500      3.758      0.031
    22.000      3.763      0.029
    22.500      3.768      0.028
    23.000      3.773      0.028
    23.500      3.778      0.028
    24.000      3.784      0.027
    24.500      3.789      0.027
    25.000      3.794      0.027
    25.500      3.799      0.027
    26.000      3.805      0.027
    26.500      3.810      0.028
    27.000      3.816      0.028
    27.500      3.821      0.029
    28.000      3.827      0.030
    28.500      3.833      0.031
    29.000      3.839      0.032
    29.500      3.845      0.033
    30.000      3.852      0.034
    30.500      3.858      0.035
    31.000      3.865      0.036
    31.500      3.872      0.038
    32.000      3.879      0.039
    32.500      3.886      0.040
    33.000      3.893      0.041
    33.500      3.901      0.042
    34.000      3.909      0.043
    34.500      3.917      0.043
    35.000      3.926      0.045
    35.500      3.934      0.045
    36.000      3.943      0.046
    36.500      3.952      0.047
    37.000      3.962      0.047
    37.500      3.971      0.049
    38.000      3.981      0.049
    38.500      3.990      0.050
    39.000      4.001      0.050
    39.500      4.011      0.051
    40.000      4.021      0.052
    40.500      4.032      0.053
    41.000      4.044      0.054
    41.500      4.055      0.055
    42.000      4.066      0.056
    42.500      4.079      0.058
    43.000      4.091      0.060
    43.500      4.104      0.061
    44.000      4.116      0.062
    44.500      4.128      0.063
    45.000      4.139      0.064
    45.500      4.151      0.067
    46.000      4.163      0.070
    46.500      4.175      0.073
    47.000      4.185      0.074
    47.500      4.197      0.076
    48.000      4.210      0.077
    48.500      4.220      0.078
    49.000      4.232      0.080
    49.500      4.244      0.083
    50.000      4.257      0.087
    50.500      4.458      0.161
    51.000      4.454      0.155
    51.500      4.452      0.152
    52.000      4.454      0.151
    52.500      4.459      0.154
    53.000      4.465      0.160
    53.500      4.473      0.166
    54.000      4.477      0.171
    54.500      4.483      0.174
    55.000      4.484      0.173
    55.500      4.483      0.170
    56.000      4.479      0.165
    56.500      4.474      0.159
    57.000      4.473      0.158
    57.500      4.470      0.156
    58.000      4.471      0.156
    58.500      4.472      0.155
    59.000      4.471      0.154
    59.500      4.466      0.151
    60.000      4.464      0.148
    60.500      4.461      0.143
    61.000      4.459      0.139
    61.500      4.458      0.136
    62.000      4.456      0.133
    62.500      4.454      0.131
    63.000      4.452      0.129
    63.500      4.448      0.127
    64.000      4.445      0.124
    64.500      4.442      0.122
    65.000      4.439      0.120
    65.500      4.435      0.119
    66.000      4.431      0.117
    66.500      4.427      0.116
    67.000      4.424      0.115
    67.500      4.422      0.115
    68.000      4.419      0.114
    68.500      4.416      0.114
    69.000      4.413      0.114
    69.500      4.411      0.114
    70.000      4.409      0.114
    70.500      4.407      0.115
    71.000      4.405      0.115
    71.500      4.403      0.115
    72.000      4.401      0.115
    72.500      4.399      0.116
    73.000      4.398      0.116
    73.500      4.397      0.117
    74.000      4.396      0.117
    74.500      4.394      0.117
    75.000      4.393      0.118
    75.500      4.392      0.118
    76.000      4.392      0.118
    76.500      4.391      0.119
    77.000      4.390      0.119
    77.500      4.390      0.119
    78.000      4.389      0.119
    78.500      4.389      0.119
    79.000      4.389      0.119
    79.500      4.389      0.119
    80.000      4.389      0.119
    80.500      4.388      0.119
    81.000      4.388      0.118
    81.500      4.389      0.118
    82.000      4.390      0.118
    82.500      4.390      0.118
    83.000      4.390      0.118
    83.500      4.390      0.118
    84.000      4.391      0.118
    84.500      4.392      0.117
    85.000      4.393      0.117
    85.500      4.394      0.117
    86.000      4.394      0.117
    86.500      4.395      0.117
    87.000      4.396      0.117
    87.500      4.397      0.117
    88.000      4.398      0.117
    88.500      4.400      0.117
    89.000      4.400      0.117
    89.500      4.401      0.117
    90.000      4.403      0.117
    90.500      4.404      0.117
    91.000      4.406      0.118
    91.500      4.407      0.118
    92.000      4.408      0.118
    92.500      4.409      0.119
    93.000      4.411      0.119
    93.500      4.412      0.120
    94.000      4.414      0.121
    94.500      4.415      0.121
    95.000      4.417      0.122
    95.500      4.418      0.123
    96.000      4.419      0.124
    96.500      4.421      0.125
    97.000      4.423      0.126
    97.500      4.424      0.127
    98.000      4.426      0.128
    98.500      4.427      0.129
    99.000      4.428      0.130
    99.500      4.430      0.132
   100.000      4.431      0.133
   100.500      4.433      0.134
   101.000      4.435      0.135
   101.500      4.436      0.136
   102.000      4.437      0.138
   102.500      4.439      0.140
   103.000      4.440      0.142
   103.500      4.442      0.143
   104.000      4.444      0.144
   104.500      4.445      0.145
   105.000      4.446      0.146
   105.500      4.447      0.149
   106.000      4.448      0.150
   106.500      4.450      0.151
   107.000      4.452      0.152
   107.500      4.453      0.153
   108.000      4.453      0.155
   108.500      4.455      0.157
   109.000      4.456      0.159
   109.500      4.458      0.160
   110.000      4.459      0.161
   110.500      4.460      0.161
   111.000      4.460      0.163
   111.500      4.462      0.165
   112.000      4.463      0.167
   112.500      4.464      0.168
   113.000      4.465      0.168
   113.500      4.466      0.169
   114.000      4.467      0.170
   114.500      4.468      0.172
   115.000      4.469      0.174
   115.500      4.470      0.175
   116.000      4.471      0.175
   116.500      4.471      0.176
   117.000      4.472      0.177
   117.500      4.473      0.178
   118.000      4.474      0.180
   118.500      4.475      0.181
   119.000      4.475      0.181
   119.500      4.476      0.182
   120.000      4.477      0.183
   120.500      4.477      0.184
   121.000      4.478      0.185
   121.500      4.478      0.186
   122.000      4.479      0.186
   122.500      4.480      0.187
   123.000      4.480      0.188
   123.500      4.480      0.189
   124.000      4.481      0.190
   124.500      4.481      0.191
   125.000      4.482      0.191
   125.500      4.482      0.191
   126.000      4.483      0.192
   126.500      4.483      0.193
   127.000      4.483      0.194
   127.500      4.483      0.195
   128.000      4.483      0.195
   128.500      4.484      0.195
   129.000      4.484      0.195
   129.500      4.484      0.196
   130.000      4.484      0.198
   130.500      4.484      0.198
   131.000      4.484      0.198
   131.500      4.485      0.198
   132.000      4.485      0.198
   132.500      4.484      0.199
   133.000      4.484      0.201
   133.500      4.484      0.201
   134.000      4.484      0.201
   134.500      4.484      0.201
   135.000      4.484      0.201
   135.500      4.484      0.202
   136.000      4.483      0.203
   136.500      4.482      0.203
   137.000      4.482      0.203
   137.500      4.483      0.203
   138.000      4.483      0.203
   138.500      4.482      0.204
   139.000      4.481      0.205
   139.500      4.480      0.204
   140.000      4.480      0.204
   140.500      4.480      0.204
   141.000      4.480      0.205
   141.500      4.479      0.206
   142.000      4.478      0.206
   142.500      4.477      0.206
   143.000      4.476      0.206
   143.500      4.476      0.206
   144.000      4.476      0.206
   144.500      4.475      0.207
   145.000      4.473      0.207
   145.500      4.472      0.206
   146.000      4.472      0.206
   146.500      4.472      0.207
   147.000      4.471      0.207
   147.500      4.469      0.208
   148.000      4.468      0.207
   148.500      4.467      0.207
   149.000      4.466      0.207
   149.500      4.466      0.207
   150.000      4.464      0.208
   150.500      4.462      0.208
   151.000      4.461      0.207
   151.500      4.460      0.207
   152.000      4.460      0.207
   152.500      4.458      0.207
   153.000      4.457      0.208
   153.500      4.454      0.208
   154.000      4.453      0.207
   154.500      4.452      0.206
   155.000      4.452      0.207
   155.500      4.450      0.207
   156.000      4.448      0.207
   156.500      4.445      0.207
   157.000      4.444      0.206
   157.500      4.443      0.206
   158.000      4.442      0.206
   158.500      4.441      0.206
   159.000      4.438      0.206
   159.500      4.436      0.207
   160.000      4.434      0.206
   160.500      4.432      0.205
   161.000      4.431      0.205
   161.500      4.429      0.204
   162.000      4.427      0.205
   162.500      4.424      0.206
   163.000      4.422      0.205
   163.500      4.420      0.204
   164.000      4.419      0.203
   164.500      4.417      0.203
   165.000      4.414      0.204
   165.500      4.412      0.205
   166.000      4.410      0.205
   166.500      4.407      0.203
   167.000      4.404      0.202
   167.500      4.403      0.202
   168.000      4.401      0.203
   168.500      4.398      0.204
   169.000      4.396      0.204
   169.500      4.392      0.203
   170.000      4.389      0.202
   170.500      4.388      0.202
   171.000      4.386      0.202
   171.500      4.384      0.204
   172.000      4.381      0.205
   172.500      4.375      0.204
   173.000      4.372      0.203
   173.500      4.371      0.203
   174.000      4.369      0.204
   174.500      4.368      0.205
   175.000      4.364      0.206
   175.500      4.358      0.206
   176.000      4.354      0.206
   176.500      4.353      0.207
   177.000      4.350      0.207
   177.500      4.350      0.208
   178.000      4.346      0.210
   178.500      4.340      0.211
   179.000      4.335      0.212
   179.500      4.333      0.213
   180.000      4.330      0.214
   180.500      4.330      0.214
   181.000      4.328      0.217
   181.500      4.321      0.219
   182.000      4.314      0.222
   182.500      4.311      0.223
   183.000      4.309      0.224
   183.500      4.308      0.225
   184.000      4.308      0.226
   184.500      4.301      0.230
   185.000      4.291      0.236
   185.500      4.288      0.238
   186.000      4.286      0.239
   186.500      4.285      0.241
   187.000      4.286      0.242
   187.500      4.280      0.246
   188.000      4.267      0.255
   188.500      4.262      0.258
   189.000      4.261      0.262
   189.500      4.261      0.263
   190.000      4.261      0.263
   190.500      4.260      0.266
   191.000      4.242      0.281
   191.500      4.235      0.285
   192.000      4.235      0.290
   192.500      4.235      0.290
   193.000      4.235      0.290
   193.500      4.235      0.290
   194.000      4.214      0.312
   194.500      4.207      0.322
   195.000      4.207      0.323
   195.500      4.207      0.323
   196.000      4.207      0.323
   196.500      4.207      0.323
   197.000      4.185      0.349
   197.500      4.178      0.363
   198.000      4.178      0.363
   198.500      4.178      0.363
   199.000      4.178      0.363
