     0.000      1.431      0.560
     0.500      1.723      0.427
     1.000      1.988      0.319
     1.500      2.142      0.232
     2.000      2.844      0.206
     2.500      2.915      0.207
     3.000      2.972      0.171
     3.500      3.000      0.158
     4.000      3.047      0.144
     4.500      3.091      0.134
     5.000      3.124      0.126
     5.500      3.158      0.116
     6.000      3.191      0.105
     6.500      3.222      0.096
     7.000      3.249      0.092
     7.500      3.281      0.087
     8.000      3.308      0.081
     8.500      3.331      0.080
     9.000      3.357      0.078
     9.500      3.379      0.075
    10.000      3.402      0.075
    10.500      3.422      0.074
    11.000      3.442      0.071
    11.500      3.461      0.072
    12.000      3.478      0.070
    12.500      3.496      0.070
    13.000      3.510      0.068
    13.500      3.525      0.066
    14.000      3.540      0.066
    14.500      3.553      0.062
    15.000      3.565      0.061
    15.500      3.577      0.059
    16.000      3.587      0.057
    16.500      3.597      0.054
    17.000      3.607      0.052
    17.500      3.616      0.050
    18.000      3.624      0.047
    18.500      3.632      0.045
    19.000      3.640      0.043
    19.500      3.647      0.041
    20.000      3.653      0.039
    20.500      3.659      0.037
    21.000      3.665      0.036
    21.500      3.671      0.034
    22.000      3.676      0.033
    22.500      3.681      0.032
    23.000      3.685      0.031
    23.500      3.690      0.030
    24.000      3.694      0.030
    24.500      3.699      0.029
    25.000      3.703      0.029
    25.500      3.706      0.029
    26.000      3.710      0.028
    26.500      3.714      0.028
    27.000      3.717      0.028
    27.500      3.721      0.028
    28.000      3.724      0.028
    28.500      3.727      0.028
    29.000      3.730      0.028
    29.500      3.733      0.028
    30.000      3.736      0.028
    30.500      3.740      0.028
    31.000      3.742      0.029
    31.500      3.745      0.029
    32.000      3.749      0.029
    32.500      3.752      0.029
    33.000      3.755      0.030
    33.500      3.758      0.030
    34.000      3.761      0.030
    34.500      3.764      0.031
    35.000      3.768      0.031
    35.500      3.771      0.031
    36.000      3.774      0.032
    36.500      3.778      0.032
    37.000      3.782      0.033
    37.500      3.786      0.033
    38.000      3.790      0.034
    38.500      3.794      0.035
    39.000      3.799      0.035
    39.500      3.803      0.036
    40.000      3.808      0.037
    40.500      3.813      0.038
    41.000      3.818      0.039
    41.500      3.824      0.041
    42.000      3.830      0.042
    42.500      3.836      0.044
    43.000      3.841      0.045
    43.500      3.847      0.047
    44.000      3.854      0.048
    44.500      3.860      0.050
    45.000      3.867      0.051
    45.500      3.874      0.053
    46.000      3.883      0.055
    46.500      3.891      0.057
    47.000      3.901      0.059
    47.500      3.910      0.062
    48.000      3.920      0.065
    48.500      3.929      0.068
    49.000      3.939      0.072
    49.500      3.948      0.075
    50.000      3.958      0.078
    50.500      3.970      0.081
    51.000      3.981      0.083
    51.500      3.992      0.085
    52.000      4.003      0.088
    52.500      4.014      0.090
    53.000      4.025      0.092
    53.500      4.037      0.093
    54.000      4.049      0.092
    54.500      4.062      0.093
    55.000      4.075      0.096
    55.500      4.089      0.096
    56.000      4.278      0.147
    56.500      4.287      0.154
    57.000      4.298      0.160
    57.500      4.312      0.162
    58.000      4.329      0.165
    58.500      4.343      0.168
    59.000      4.360      0.174
    59.500      4.379      0.181
    60.000      4.393      0.182
    60.500      4.404      0.183
    61.000      4.414      0.182
    61.500      4.422      0.182
    62.000      4.431      0.181
    62.500      4.439      0.181
    63.000      4.447      0.178
    63.500      4.455      0.176
    64.000      4.464      0.175
    64.500      4.471      0.175
    65.000      4.475      0.174
    65.500      4.480      0.174
    66.000      4.485      0.173
    66.500      4.489      0.172
    67.000      4.491      0.169
    67.500      4.491      0.166
    68.000      4.492      0.163
    68.500      4.493      0.160
    69.000      4.492      0.157
    69.500      4.492      0.152
    70.000      4.491      0.148
    70.500      4.491      0.145
    71.000      4.491      0.143
    71.500      4.492      0.141
    72.000      4.493      0.140
    72.500      4.492      0.138
    73.000      4.492      0.137
    73.500      4.492      0.134
    74.000      4.493      0.133
    74.500      4.493      0.133
    75.000      4.494      0.132
    75.500      4.494      0.132
    76.000      4.494      0.131
    76.500      4.495      0.131
    77.000      4.495      0.130
    77.500      4.496      0.129
    78.000      4.497      0.129
    78.500      4.498      0.129
    79.000      4.498      0.129
    79.500      4.499      0.129
    80.000      4.499      0.129
    80.500      4.500      0.128
    81.000      4.501      0.127
    81.500      4.502      0.127
    82.000      4.503      0.127
    82.500      4.504      0.127
    83.000      4.504      0.127
    83.500      4.505      0.127
    84.000      4.506      0.126
    84.500      4.508      0.125
    85.000      4.509      0.124
    85.500      4.510      0.124
    86.000      4.510      0.124
    86.500      4.511      0.124
    87.000      4.512      0.124
    87.500      4.513      0.123
    88.000      4.515      0.122
    88.500      4.516      0.122
    89.000      4.518      0.121
    89.500      4.518      0.121
    90.000      4.519      0.121
    90.500      4.520      0.121
    91.000      4.522      0.120
    91.500      4.523      0.119
    92.000      4.524      0.119
    92.500      4.526      0.119
    93.000      4.526      0.118
    93.500      4.527      0.118
    94.000      4.529      0.118
    94.500      4.530      0.118
    95.000      4.531      0.118
    95.500      4.533      0.118
    96.000      4.534      0.118
    96.500      4.535      0.118
    97.000      4.536      0.118
    97.500      4.537      0.118
    98.000      4.539      0.119
    98.500      4.540      0.120
    99.000      4.541      0.120
    99.500      4.542      0.120
   100.000      4.543      0.120
   100.500      4.544      0.121
   101.000      4.545      0.121
   101.500      4.547      0.123
   102.000      4.548      0.124
   102.500      4.549      0.125
   103.000      4.550      0.125
   103.500      4.551      0.126
   104.000      4.552      0.127
   104.500      4.553      0.128
   105.000      4.555      0.129
   105.500      4.555      0.131
   106.000      4.556      0.132
   106.500      4.558      0.133
   107.000      4.558      0.133
   107.500      4.559      0.134
   108.000      4.560      0.136
   108.500      4.561      0.137
   109.000      4.562      0.139
   109.500      4.563      0.140
   110.000      4.564      0.141
   110.500      4.565      0.142
   111.000      4.565      0.143
   111.500      4.566      0.144
   112.000      4.567      0.146
   112.500      4.568      0.148
   113.000      4.568      0.149
   113.500      4.569      0.150
   114.000      4.569      0.151
   114.500      4.570      0.152
   115.000      4.571      0.154
   115.500      4.571      0.155
   116.000      4.572      0.157
   116.500      4.572      0.158
   117.000      4.572      0.159
   117.500      4.573      0.160
   118.000      4.573      0.161
   118.500      4.574      0.162
   119.000      4.574      0.164
   119.500      4.575      0.165
   120.000      4.575      0.166
   120.500      4.575      0.167
   121.000      4.575      0.169
   121.500      4.575      0.170
   122.000      4.576      0.171
   122.500      4.576      0.172
   123.000      4.577      0.173
   123.500      4.576      0.174
   124.000      4.576      0.175
   124.500      4.576      0.177
   125.000      4.576      0.178
   125.500      4.576      0.179
   126.000      4.576      0.180
   126.500      4.577      0.181
   127.000      4.576      0.182
   127.500      4.576      0.183
   128.000      4.576      0.184
   128.500      4.576      0.185
   129.000      4.575      0.186
   129.500      4.575      0.187
   130.000      4.575      0.188
   130.500      4.575      0.189
   131.000      4.575      0.190
   131.500      4.574      0.191
   132.000      4.574      0.192
   132.500      4.573      0.193
   133.000      4.573      0.194
   133.500      4.572      0.194
   134.000      4.572      0.195
   134.500      4.572      0.196
   135.000      4.571      0.197
   135.500      4.570      0.199
   136.000      4.570      0.200
   136.500      4.569      0.200
   137.000      4.568      0.201
   137.500      4.568      0.201
   138.000      4.568      0.202
   138.500      4.567      0.203
   139.000      4.566      0.204
   139.500      4.565      0.205
   140.000      4.564      0.206
   140.500      4.563      0.206
   141.000      4.562      0.206
   141.500      4.562      0.207
   142.000      4.561      0.208
   142.500      4.560      0.209
   143.000      4.558      0.210
   143.500      4.557      0.211
   144.000      4.556      0.211
   144.500      4.555      0.211
   145.000      4.554      0.212
   145.500      4.553      0.213
   146.000      4.552      0.213
   146.500      4.551      0.215
   147.000      4.549      0.215
   147.500      4.548      0.215
   148.000      4.546      0.216
   148.500      4.546      0.216
   149.000      4.544      0.216
   149.500      4.543      0.217
   150.000      4.542      0.218
   150.500      4.540      0.218
   151.000      4.539      0.218
   151.500      4.537      0.219
   152.000      4.535      0.219
   152.500      4.534      0.219
   153.000      4.532      0.220
   153.500      4.531      0.220
   154.000      4.530      0.221
   154.500      4.528      0.221
   155.000      4.526      0.221
   155.500      4.523      0.222
   156.000      4.522      0.222
   156.500      4.520      0.222
   157.000      4.518      0.222
   157.500      4.517      0.222
   158.000      4.515      0.222
   158.500      4.514      0.222
   159.000      4.510      0.223
   159.500      4.509      0.223
   160.000      4.506      0.223
   160.500      4.505      0.223
   161.000      4.503      0.223
   161.500      4.502      0.221
   162.000      4.499      0.222
   162.500      4.497      0.223
   163.000      4.494      0.223
   163.500      4.491      0.224
   164.000      4.489      0.223
   164.500      4.488      0.223
   165.000      4.486      0.221
   165.500      4.483      0.221
   166.000      4.481      0.221
   166.500      4.477      0.223
   167.000      4.475      0.224
   167.500      4.473      0.222
   168.000      4.471      0.222
   168.500      4.468      0.220
   169.000      4.466      0.219
   169.500      4.463      0.219
   170.000      4.461      0.221
   170.500      4.457      0.222
   171.000      4.455      0.221
   171.500      4.452      0.220
   172.000      4.449      0.218
   172.500      4.446      0.217
   173.000      4.445      0.215
   173.500      4.442      0.218
   174.000      4.438      0.221
   174.500      4.435      0.220
   175.000      4.432      0.219
   175.500      4.428      0.217
   176.000      4.424      0.215
   176.500      4.423      0.214
   177.000      4.422      0.216
   177.500      4.419      0.218
   178.000      4.414      0.220
   178.500      4.411      0.218
   179.000      4.405      0.217
   179.500      4.401      0.215
   180.000      4.400      0.215
   180.500      4.400      0.215
   181.000      4.398      0.216
   181.500      4.392      0.220
   182.000      4.388      0.219
   182.500      4.381      0.219
   183.000      4.375      0.217
   183.500      4.375      0.218
   184.000      4.375      0.218
   184.500      4.375      0.218
   185.000      4.371      0.220
   185.500      4.364      0.222
   186.000      4.355      0.225
   186.500      4.349      0.224
   187.000      4.349      0.225
   187.500      4.349      0.225
   188.000      4.349      0.225
   188.500      4.347      0.225
   189.000      4.339      0.230
   189.500      4.328      0.237
   190.000      4.321      0.239
   190.500      4.320      0.239
   191.000      4.320      0.239
   191.500      4.320      0.239
   192.000      4.320      0.239
   192.500      4.316      0.241
   193.000      4.298      0.256
   193.500      4.291      0.261
   194.000      4.291      0.261
   194.500      4.291      0.261
   195.000      4.291      0.261
   195.500      4.291      0.261
   196.000      4.291      0.261
   196.500      4.268      0.284
   197.000      4.259      0.291
   197.500      4.259      0.291
   198.000      4.259      0.291
   198.500      4.259      0.291
   199.000      4.259      0.291
   199.500      4.259      0.291
