     0.000      1.541      0.561
     0.500      1.983      0.365
     1.000      2.286      0.288
     1.500      3.039      0.136
     2.000      3.081      0.124
     2.500      3.112      0.113
     3.000      3.146      0.101
     3.500      3.175      0.084
     4.000      3.203      0.081
     4.500      3.232      0.070
     5.000      3.253      0.070
     5.500      3.283      0.065
     6.000      3.301      0.065
     6.500      3.327      0.065
     7.000      3.344      0.063
     7.500      3.367      0.064
     8.000      3.382      0.062
     8.500      3.402      0.063
     9.000      3.417      0.060
     9.500      3.434      0.060
    10.000      3.447      0.059
    10.500      3.464      0.056
    11.000      3.476      0.055
    11.500      3.489      0.053
    12.000      3.502      0.051
    12.500      3.514      0.050
    13.000      3.525      0.048
    13.500      3.536      0.046
    14.000      3.547      0.045
    14.500      3.557      0.044
    15.000      3.568      0.042
    15.500      3.577      0.041
    16.000      3.587      0.040
    16.500      3.596      0.039
    17.000      3.606      0.038
    17.500      3.616      0.037
    18.000      3.624      0.036
    18.500      3.634      0.036
    19.000      3.643      0.034
    19.500      3.652      0.034
    20.000      3.661      0.033
    20.500      3.671      0.033
    21.000      3.679      0.033
    21.500      3.689      0.033
    22.000      3.698      0.034
    22.500      3.707      0.034
    23.000      3.716      0.035
    23.500      3.726      0.037
    24.000      3.735      0.038
    24.500      3.745      0.040
    25.000      3.755      0.042
    25.500      3.764      0.043
    26.000      3.775      0.046
    26.500      3.784      0.048
    27.000      3.795      0.050
    27.500      3.805      0.052
    28.000      3.817      0.055
    28.500      3.827      0.058
    29.000      3.839      0.061
    29.500      3.851      0.065
    30.000      3.863      0.069
    30.500      3.876      0.072
    31.000      3.890      0.076
    31.500      3.907      0.079
    32.000      3.925      0.078
    32.500      3.945      0.078
    33.000      3.963      0.079
    33.500      3.980      0.082
    34.000      3.998      0.085
    34.500      4.015      0.087
    35.000      4.033      0.092
    35.500      4.051      0.094
    36.000      4.078      0.095
    36.500      4.099      0.096
    37.000      4.121      0.101
    37.500      4.141      0.103
    38.000      4.165      0.106
    38.500      4.409      0.143
    39.000      4.434      0.153
    39.500      4.452      0.163
    40.000      4.465      0.169
    40.500      4.479      0.170
    41.000      4.491      0.169
    41.500      4.504      0.161
    42.000      4.508      0.152
    42.500      4.513      0.144
    43.000      4.518      0.139
    43.500      4.522      0.136
    44.000      4.529      0.135
    44.500      4.536      0.132
    45.000      4.545      0.126
    45.500      4.552      0.123
    46.000      4.558      0.119
    46.500      4.561      0.118
    47.000      4.563      0.115
    47.500      4.566      0.113
    48.000      4.569      0.108
    48.500      4.572      0.104
    49.000      4.574      0.101
    49.500      4.574      0.098
    50.000      4.574      0.096
    50.500      4.574      0.093
    51.000      4.575      0.091
    51.500      4.577      0.089
    52.000      4.579      0.087
    52.500      4.580      0.085
    53.000      4.579      0.083
    53.500      4.579      0.081
    54.000      4.579      0.080
    54.500      4.580      0.079
    55.000      4.581      0.078
    55.500      4.582      0.077
    56.000      4.582      0.076
    56.500      4.581      0.075
    57.000      4.580      0.074
    57.500      4.580      0.073
    58.000      4.581      0.073
    58.500      4.581      0.073
    59.000      4.581      0.072
    59.500      4.580      0.071
    60.000      4.579      0.070
    60.500      4.579      0.070
    61.000      4.579      0.069
    61.500      4.578      0.069
    62.000      4.578      0.069
    62.500      4.577      0.068
    63.000      4.576      0.067
    63.500      4.575      0.067
    64.000      4.575      0.066
    64.500      4.574      0.065
    65.000      4.573      0.065
    65.500      4.572      0.064
    66.000      4.571      0.064
    66.500      4.570      0.063
    67.000      4.569      0.063
    67.500      4.568      0.062
    68.000      4.567      0.061
    68.500      4.566      0.061
    69.000      4.564      0.060
    69.500      4.563      0.060
    70.000      4.562      0.059
    70.500      4.561      0.059
    71.000      4.560      0.058
    71.500      4.558      0.057
    72.000      4.557      0.056
    72.500      4.555      0.056
    73.000      4.554      0.056
    73.500      4.553      0.056
    74.000      4.551      0.055
    74.500      4.550      0.055
    75.000      4.549      0.054
    75.500      4.547      0.054
    76.000      4.546      0.054
    76.500      4.544      0.055
    77.000      4.542      0.055
    77.500      4.541      0.055
    78.000      4.540      0.054
    78.500      4.538      0.055
    79.000      4.537      0.055
    79.500      4.535      0.056
    80.000      4.533      0.056
    80.500      4.532      0.056
    81.000      4.531      0.057
    81.500      4.529      0.058
    82.000      4.527      0.058
    82.500      4.526      0.059
    83.000      4.524      0.060
    83.500      4.523      0.061
    84.000      4.522      0.062
    84.500      4.521      0.062
    85.000      4.519      0.063
    85.500      4.517      0.065
    86.000      4.515      0.066
    86.500      4.514      0.066
    87.000      4.513      0.068
    87.500      4.512      0.069
    88.000      4.511      0.070
    88.500      4.509      0.071
    89.000      4.507      0.072
    89.500      4.506      0.073
    90.000      4.505      0.074
    90.500      4.504      0.075
    91.000      4.503      0.077
    91.500      4.502      0.077
    92.000      4.501      0.079
    92.500      4.499      0.080
    93.000      4.498      0.080
    93.500      4.497      0.081
    94.000      4.497      0.082
    94.500      4.496      0.083
    95.000      4.495      0.084
    95.500      4.493      0.085
    96.000      4.492      0.086
    96.500      4.491      0.086
    97.000      4.491      0.087
    97.500      4.490      0.088
    98.000      4.490      0.088
    98.500      4.489      0.089
    99.000      4.487      0.090
    99.500      4.487      0.090
   100.000      4.487      0.091
   100.500      4.486      0.091
   101.000      4.486      0.091
   101.500      4.485      0.092
   102.000      4.484      0.092
   102.500      4.483      0.093
   103.000      4.483      0.093
   103.500      4.483      0.093
   104.000      4.483      0.093
   104.500      4.482      0.093
   105.000      4.481      0.094
   105.500      4.481      0.094
   106.000      4.481      0.094
   106.500      4.481      0.094
   107.000      4.481      0.094
   107.500      4.481      0.094
   108.000      4.480      0.094
   108.500      4.479      0.095
   109.000      4.480      0.095
   109.500      4.480      0.094
   110.000      4.480      0.094
   110.500      4.480      0.094
   111.000      4.480      0.094
   111.500      4.479      0.094
   112.000      4.479      0.095
   112.500      4.480      0.095
   113.000      4.480      0.094
   113.500      4.480      0.094
   114.000      4.480      0.093
   114.500      4.480      0.094
   115.000      4.479      0.095
   115.500      4.480      0.095
   116.000      4.481      0.094
   116.500      4.481      0.094
   117.000      4.481      0.093
   117.500      4.481      0.094
   118.000      4.481      0.095
   118.500      4.481      0.095
   119.000      4.482      0.094
   119.500      4.483      0.094
   120.000      4.484      0.094
   120.500      4.484      0.094
   121.000      4.483      0.095
   121.500      4.483      0.095
   122.000      4.484      0.095
   122.500      4.485      0.095
   123.000      4.486      0.095
   123.500      4.486      0.096
   124.000      4.486      0.096
   124.500      4.486      0.097
   125.000      4.487      0.097
   125.500      4.488      0.097
   126.000      4.489      0.097
   126.500      4.490      0.098
   127.000      4.490      0.099
   127.500      4.490      0.099
   128.000      4.490      0.100
   128.500      4.491      0.099
   129.000      4.493      0.100
   129.500      4.493      0.101
   130.000      4.494      0.102
   130.500      4.494      0.103
   131.000      4.494      0.103
   131.500      4.495      0.103
   132.000      4.496      0.103
   132.500      4.497      0.105
   133.000      4.498      0.107
   133.500      4.498      0.108
   134.000      4.499      0.108
   134.500      4.500      0.108
   135.000      4.501      0.108
   135.500      4.502      0.109
   136.000      4.503      0.112
   136.500      4.503      0.113
   137.000      4.504      0.114
   137.500      4.504      0.114
   138.000      4.506      0.114
   138.500      4.507      0.115
   139.000      4.507      0.116
   139.500      4.508      0.119
   140.000      4.509      0.119
   140.500      4.509      0.120
   141.000      4.511      0.120
   141.500      4.512      0.121
   142.000      4.513      0.122
   142.500      4.513      0.124
   143.000      4.514      0.125
   143.500      4.515      0.126
   144.000      4.516      0.127
   144.500      4.518      0.127
   145.000      4.519      0.128
   145.500      4.518      0.129
   146.000      4.519      0.131
   146.500      4.520      0.131
   147.000      4.521      0.132
   147.500      4.523      0.133
   148.000      4.525      0.134
   148.500      4.525      0.135
   149.000      4.524      0.136
   149.500      4.526      0.137
   150.000      4.527      0.137
   150.500      4.528      0.139
   151.000      4.530      0.139
   151.500      4.531      0.140
   152.000      4.530      0.140
   152.500      4.530      0.141
   153.000      4.532      0.142
   153.500      4.534      0.143
   154.000      4.536      0.144
   154.500      4.536      0.144
   155.000      4.536      0.145
   155.500      4.536      0.145
   156.000      4.537      0.145
   156.500      4.539      0.147
   157.000      4.541      0.148
   157.500      4.542      0.147
   158.000      4.542      0.148
   158.500      4.542      0.148
   159.000      4.543      0.147
   159.500      4.544      0.149
   160.000      4.546      0.150
   160.500      4.547      0.150
   161.000      4.548      0.150
   161.500      4.548      0.150
   162.000      4.549      0.149
   162.500      4.549      0.149
   163.000      4.551      0.151
   163.500      4.552      0.151
   164.000      4.553      0.151
   164.500      4.553      0.151
   165.000      4.553      0.150
   165.500      4.555      0.149
   166.000      4.556      0.151
   166.500      4.557      0.151
   167.000      4.557      0.151
   167.500      4.557      0.151
   168.000      4.559      0.149
   168.500      4.560      0.148
   169.000      4.561      0.149
   169.500      4.562      0.150
   170.000      4.561      0.149
   170.500      4.562      0.149
   171.000      4.562      0.149
   171.500      4.564      0.146
   172.000      4.565      0.146
   172.500      4.567      0.147
   173.000      4.565      0.147
   173.500      4.565      0.147
   174.000      4.566      0.147
   174.500      4.567      0.144
   175.000      4.569      0.143
   175.500      4.570      0.144
   176.000      4.571      0.145
   176.500      4.569      0.144
   177.000      4.568      0.145
   177.500      4.570      0.144
   178.000      4.573      0.141
   178.500      4.573      0.142
   179.000      4.574      0.142
   179.500      4.574      0.142
   180.000      4.570      0.142
   180.500      4.571      0.144
   181.000      4.575      0.141
   181.500      4.575      0.141
   182.000      4.576      0.141
   182.500      4.576      0.141
   183.000      4.575      0.142
   183.500      4.572      0.143
   184.000      4.576      0.144
   184.500      4.577      0.144
   185.000      4.578      0.145
   185.500      4.578      0.145
   186.000      4.578      0.145
   186.500      4.575      0.147
   187.000      4.574      0.152
   187.500      4.578      0.154
   188.000      4.579      0.154
   188.500      4.579      0.154
   189.000      4.579      0.154
   189.500      4.579      0.154
   190.000      4.573      0.159
   190.500      4.578      0.169
   191.000      4.578      0.171
   191.500      4.578      0.171
   192.000      4.578      0.171
   192.500      4.578      0.171
   193.000      4.578      0.171
   193.500      4.573      0.185
   194.000      4.577      0.196
   194.500      4.577      0.196
   195.000      4.577      0.196
   195.500      4.577      0.196
   196.000      4.577      0.196
   196.500      4.577      0.196
   197.000      4.575      0.229
   197.500      4.575      0.229
   198.000      4.575      0.229
   198.500      4.575      0.229
   199.000      4.575      0.229
   199.500      4.575      0.229
