     0.000      1.375      0.362
     0.500      3.227      0.172
     1.000      3.261      0.156
     1.500      3.297      0.126
     2.000      3.326      0.106
     2.500      3.354      0.085
     3.000      3.377      0.072
     3.500      3.400      0.056
     4.000      3.422      0.048
     4.500      3.439      0.037
     5.000      3.456      0.034
     5.500      3.472      0.030
     6.000      3.483      0.031
     6.500      3.496      0.031
     7.000      3.506      0.033
     7.500      3.516      0.034
     8.000      3.524      0.036
     8.500      3.531      0.038
     9.000      3.537      0.038
     9.500      3.542      0.039
    10.000      3.547      0.039
    10.500      3.551      0.039
    11.000      3.555      0.039
    11.500      3.558      0.039
    12.000      3.562      0.039
    12.500      3.565      0.039
    13.000      3.567      0.039
    13.500      3.570      0.039
    14.000      3.573      0.038
    14.500      3.576      0.038
    15.000      3.578      0.038
    15.500      3.582      0.037
    16.000      3.584      0.036
    16.500      3.588      0.036
    17.000      3.592      0.035
    17.500      3.596      0.035
    18.000      3.600      0.035
    18.500      3.605      0.034
    19.000      3.609      0.034
    19.500      3.615      0.034
    20.000      3.621      0.034
    20.500      3.628      0.035
    21.000      3.635      0.035
    21.500      3.642      0.036
    22.000      3.651      0.037
    22.500      3.660      0.038
    23.000      3.670      0.039
    23.500      3.680      0.040
    24.000      3.692      0.042
    24.500      3.704      0.044
    25.000      3.718      0.045
    25.500      3.731      0.047
    26.000      3.747      0.050
    26.500      3.763      0.053
    27.000      3.780      0.057
    27.500      3.799      0.060
    28.000      3.818      0.064
    28.500      3.840      0.068
    29.000      3.866      0.068
    29.500      3.895      0.070
    30.000      3.924      0.074
    30.500      3.960      0.075
    31.000      3.994      0.082
    31.500      4.028      0.088
    32.000      4.074      0.090
    32.500      4.115      0.093
    33.000      4.159      0.099
    33.500      4.197      0.110
    34.000      4.229      0.119
    34.500      4.497      0.122
    35.000      4.502      0.120
    35.500      4.506      0.114
    36.000      4.508      0.111
    36.500      4.508      0.106
    37.000      4.503      0.108
    37.500      4.500      0.109
    38.000      4.497      0.112
    38.500      4.496      0.117
    39.000      4.490      0.119
    39.500      4.486      0.126
    40.000      4.482      0.130
    40.500      4.479      0.136
    41.000      4.475      0.138
    41.500      4.471      0.137
    42.000      4.463      0.131
    42.500      4.454      0.122
    43.000      4.446      0.118
    43.500      4.437      0.109
    44.000      4.429      0.103
    44.500      4.421      0.097
    45.000      4.416      0.093
    45.500      4.408      0.087
    46.000      4.401      0.083
    46.500      4.394      0.078
    47.000      4.387      0.073
    47.500      4.381      0.069
    48.000      4.376      0.067
    48.500      4.371      0.065
    49.000      4.364      0.061
    49.500      4.359      0.059
    50.000      4.353      0.056
    50.500      4.348      0.054
    51.000      4.343      0.054
    51.500      4.339      0.054
    52.000      4.335      0.053
    52.500      4.330      0.052
    53.000      4.326      0.052
    53.500      4.322      0.051
    54.000      4.318      0.052
    54.500      4.315      0.053
    55.000      4.312      0.054
    55.500      4.308      0.054
    56.000      4.304      0.054
    56.500      4.301      0.055
    57.000      4.299      0.056
    57.500      4.297      0.057
    58.000      4.295      0.058
    58.500      4.292      0.059
    59.000      4.289      0.058
    59.500      4.286      0.059
    60.000      4.285      0.060
    60.500      4.284      0.061
    61.000      4.283      0.061
    61.500      4.282      0.062
    62.000      4.279      0.062
    62.500      4.277      0.062
    63.000      4.276      0.063
    63.500      4.276      0.063
    64.000      4.276      0.063
    64.500      4.276      0.063
    65.000      4.275      0.064
    65.500      4.273      0.063
    66.000      4.272      0.063
    66.500      4.272      0.063
    67.000      4.273      0.063
    67.500      4.273      0.063
    68.000      4.274      0.062
    68.500      4.274      0.062
    69.000      4.273      0.061
    69.500      4.273      0.060
    70.000      4.273      0.060
    70.500      4.275      0.060
    71.000      4.276      0.060
    71.500      4.277      0.059
    72.000      4.277      0.058
    72.500      4.277      0.057
    73.000      4.278      0.057
    73.500      4.279      0.057
    74.000      4.281      0.056
    74.500      4.284      0.056
    75.000      4.285      0.055
    75.500      4.285      0.054
    76.000      4.286      0.053
    76.500      4.287      0.053
    77.000      4.289      0.053
    77.500      4.292      0.053
    78.000      4.294      0.053
    78.500      4.296      0.052
    79.000      4.297      0.051
    79.500      4.298      0.051
    80.000      4.299      0.051
    80.500      4.302      0.051
    81.000      4.305      0.052
    81.500      4.308      0.052
    82.000      4.310      0.051
    82.500      4.311      0.050
    83.000      4.312      0.051
    83.500      4.314      0.051
    84.000      4.317      0.053
    84.500      4.320      0.053
    85.000      4.323      0.054
    85.500      4.325      0.053
    86.000      4.326      0.053
    86.500      4.328      0.054
    87.000      4.330      0.055
    87.500      4.333      0.057
    88.000      4.337      0.058
    88.500      4.339      0.058
    89.000      4.341      0.057
    89.500      4.342      0.058
    90.000      4.344      0.059
    90.500      4.347      0.061
    91.000      4.350      0.062
    91.500      4.354      0.064
    92.000      4.356      0.063
    92.500      4.357      0.063
    93.000      4.359      0.064
    93.500      4.361      0.065
    94.000      4.364      0.067
    94.500      4.367      0.069
    95.000      4.370      0.070
    95.500      4.372      0.069
    96.000      4.374      0.069
    96.500      4.376      0.070
    97.000      4.378      0.072
    97.500      4.381      0.073
    98.000      4.384      0.075
    98.500      4.386      0.075
    99.000      4.388      0.075
    99.500      4.390      0.074
   100.000      4.392      0.076
   100.500      4.395      0.077
   101.000      4.397      0.079
   101.500      4.400      0.080
   102.000      4.402      0.080
   102.500      4.404      0.079
   103.000      4.406      0.079
   103.500      4.408      0.081
   104.000      4.411      0.082
   104.500      4.413      0.083
   105.000      4.416      0.084
   105.500      4.417      0.083
   106.000      4.420      0.082
   106.500      4.422      0.083
   107.000      4.424      0.085
   107.500      4.426      0.086
   108.000      4.429      0.087
   108.500      4.431      0.087
   109.000      4.432      0.086
   109.500      4.435      0.085
   110.000      4.437      0.087
   110.500      4.439      0.088
   111.000      4.442      0.089
   111.500      4.444      0.089
   112.000      4.445      0.089
   112.500      4.447      0.088
   113.000      4.450      0.088
   113.500      4.452      0.089
   114.000      4.454      0.090
   114.500      4.456      0.091
   115.000      4.458      0.090
   115.500      4.459      0.091
   116.000      4.462      0.090
   116.500      4.464      0.090
   117.000      4.466      0.091
   117.500      4.468      0.092
   118.000      4.470      0.092
   118.500      4.471      0.092
   119.000      4.473      0.092
   119.500      4.476      0.091
   120.000      4.478      0.092
   120.500      4.480      0.092
   121.000      4.481      0.092
   121.500      4.483      0.093
   122.000      4.484      0.093
   122.500      4.486      0.093
   123.000      4.489      0.092
   123.500      4.491      0.093
   124.000      4.492      0.093
   124.500      4.494      0.093
   125.000      4.495      0.093
   125.500      4.496      0.093
   126.000      4.499      0.093
   126.500      4.501      0.093
   127.000      4.503      0.093
   127.500      4.504      0.093
   128.000      4.506      0.093
   128.500      4.507      0.094
   129.000      4.508      0.094
   129.500      4.511      0.093
   130.000      4.513      0.094
   130.500      4.514      0.094
   131.000      4.516      0.094
   131.500      4.517      0.094
   132.000      4.518      0.094
   132.500      4.519      0.094
   133.000      4.522      0.093
   133.500      4.523      0.094
   134.000      4.524      0.094
   134.500      4.526      0.094
   135.000      4.527      0.094
   135.500      4.528      0.094
   136.000      4.529      0.093
   136.500      4.531      0.094
   137.000      4.532      0.094
   137.500      4.534      0.094
   138.000      4.535      0.094
   138.500      4.536      0.094
   139.000      4.536      0.093
   139.500      4.539      0.093
   140.000      4.540      0.094
   140.500      4.541      0.094
   141.000      4.543      0.094
   141.500      4.543      0.094
   142.000      4.544      0.093
   142.500      4.544      0.093
   143.000      4.547      0.094
   143.500      4.547      0.094
   144.000      4.549      0.094
   144.500      4.550      0.094
   145.000      4.551      0.094
   145.500      4.551      0.093
   146.000      4.551      0.093
   146.500      4.553      0.094
   147.000      4.554      0.094
   147.500      4.555      0.094
   148.000      4.556      0.094
   148.500      4.557      0.093
   149.000      4.556      0.092
   149.500      4.557      0.093
   150.000      4.559      0.094
   150.500      4.560      0.094
   151.000      4.561      0.094
   151.500      4.561      0.094
   152.000      4.561      0.093
   152.500      4.561      0.092
   153.000      4.562      0.094
   153.500      4.563      0.095
   154.000      4.564      0.094
   154.500      4.565      0.094
   155.000      4.565      0.093
   155.500      4.564      0.092
   156.000      4.564      0.092
   156.500      4.566      0.095
   157.000      4.567      0.095
   157.500      4.567      0.095
   158.000      4.567      0.094
   158.500      4.567      0.094
   159.000      4.566      0.093
   159.500      4.567      0.093
   160.000      4.568      0.096
   160.500      4.569      0.095
   161.000      4.569      0.096
   161.500      4.568      0.095
   162.000      4.568      0.095
   162.500      4.567      0.095
   163.000      4.568      0.096
   163.500      4.569      0.097
   164.000      4.569      0.097
   164.500      4.568      0.098
   165.000      4.567      0.097
   165.500      4.567      0.097
   166.000      4.567      0.097
   166.500      4.568      0.099
   167.000      4.569      0.099
   167.500      4.568      0.101
   168.000      4.566      0.101
   168.500      4.566      0.101
   169.000      4.566      0.101
   169.500      4.566      0.102
   170.000      4.566      0.103
   170.500      4.566      0.105
   171.000      4.564      0.107
   171.500      4.563      0.107
   172.000      4.563      0.107
   172.500      4.563      0.107
   173.000      4.563      0.109
   173.500      4.563      0.110
   174.000      4.562      0.115
   174.500      4.559      0.116
   175.000      4.558      0.116
   175.500      4.558      0.116
   176.000      4.558      0.116
   176.500      4.558      0.118
   177.000      4.558      0.121
   177.500      4.554      0.127
   178.000      4.553      0.128
   178.500      4.553      0.128
   179.000      4.553      0.128
   179.500      4.553      0.129
   180.000      4.552      0.130
   180.500      4.550      0.140
   181.000      4.545      0.143
   181.500      4.545      0.143
   182.000      4.545      0.143
   182.500      4.545      0.143
   183.000      4.546      0.145
   183.500      4.545      0.148
   184.000      4.538      0.161
   184.500      4.536      0.162
   185.000      4.536      0.162
   185.500      4.536      0.162
   186.000      4.536      0.162
   186.500      4.538      0.166
   187.000      4.531      0.180
   187.500      4.526      0.184
   188.000      4.526      0.184
   188.500      4.526      0.184
   189.000      4.526      0.184
   189.500      4.526      0.184
   190.000      4.524      0.188
   190.500      4.514      0.211
   191.000      4.514      0.211
   191.500      4.514      0.211
   192.000      4.514      0.211
   192.500      4.514      0.211
   193.000      4.514      0.211
   193.500      4.507      0.236
   194.000      4.500      0.241
   194.500      4.500      0.241
   195.000      4.500      0.241
   195.500      4.500      0.241
   196.000      4.500      0.241
   196.500      4.500      0.241
   197.000      4.485      0.276
   197.500      4.485      0.276
   198.000      4.485      0.276
   198.500      4.485      0.276
   199.000      4.485      0.276
   199.500      4.485      0.276
