     0.000      1.516      0.587
     0.500      3.130      0.136
     1.000      3.149      0.144
     1.500      3.202      0.117
     2.000      3.234      0.107
     2.500      3.263      0.090
     3.000      3.302      0.078
     3.500      3.326      0.068
     4.000      3.355      0.058
     4.500      3.382      0.051
     5.000      3.403      0.045
     5.500      3.427      0.041
     6.000      3.445      0.037
     6.500      3.464      0.039
     7.000      3.481      0.036
     7.500      3.495      0.037
     8.000      3.509      0.038
     8.500      3.522      0.037
     9.000      3.533      0.039
     9.500      3.543      0.038
    10.000      3.552      0.038
    10.500      3.560      0.038
    11.000      3.568      0.037
    11.500      3.574      0.038
    12.000      3.580      0.037
    12.500      3.585      0.037
    13.000      3.590      0.036
    13.500      3.595      0.035
    14.000      3.599      0.035
    14.500      3.603      0.035
    15.000      3.607      0.034
    15.500      3.610      0.034
    16.000      3.614      0.034
    16.500      3.618      0.034
    17.000      3.622      0.033
    17.500      3.626      0.033
    18.000      3.629      0.033
    18.500      3.634      0.032
    19.000      3.638      0.032
    19.500      3.642      0.031
    20.000      3.647      0.030
    20.500      3.651      0.030
    21.000      3.656      0.029
    21.500      3.660      0.028
    22.000      3.665      0.027
    22.500      3.671      0.026
    23.000      3.676      0.026
    23.500      3.681      0.025
    24.000      3.687      0.025
    24.500      3.693      0.024
    25.000      3.699      0.024
    25.500      3.705      0.024
    26.000      3.712      0.024
    26.500      3.718      0.025
    27.000      3.725      0.026
    27.500      3.732      0.026
    28.000      3.739      0.027
    28.500      3.747      0.029
    29.000      3.754      0.030
    29.500      3.762      0.031
    30.000      3.770      0.033
    30.500      3.779      0.034
    31.000      3.787      0.036
    31.500      3.796      0.038
    32.000      3.805      0.040
    32.500      3.815      0.041
    33.000      3.824      0.043
    33.500      3.835      0.045
    34.000      3.844      0.046
    34.500      3.855      0.048
    35.000      3.866      0.051
    35.500      3.876      0.052
    36.000      3.888      0.054
    36.500      3.900      0.056
    37.000      3.912      0.059
    37.500      3.925      0.061
    38.000      3.937      0.063
    38.500      3.950      0.065
    39.000      3.964      0.066
    39.500      3.977      0.068
    40.000      3.992      0.070
    40.500      4.007      0.072
    41.000      4.023      0.074
    41.500      4.039      0.075
    42.000      4.057      0.076
    42.500      4.075      0.076
    43.000      4.092      0.076
    43.500      4.108      0.075
    44.000      4.125      0.076
    44.500      4.142      0.075
    45.000      4.158      0.074
    45.500      4.176      0.073
    46.000      4.194      0.073
    46.500      4.211      0.078
    47.000      4.516      0.134
    47.500      4.528      0.136
    48.000      4.539      0.138
    48.500      4.547      0.140
    49.000      4.557      0.143
    49.500      4.565      0.145
    50.000      4.572      0.144
    50.500      4.577      0.143
    51.000      4.581      0.140
    51.500      4.585      0.136
    52.000      4.588      0.132
    52.500      4.591      0.128
    53.000      4.593      0.125
    53.500      4.594      0.122
    54.000      4.594      0.119
    54.500      4.594      0.116
    55.000      4.594      0.115
    55.500      4.597      0.114
    56.000      4.599      0.114
    56.500      4.601      0.114
    57.000      4.600      0.113
    57.500      4.599      0.112
    58.000      4.596      0.110
    58.500      4.594      0.107
    59.000      4.592      0.104
    59.500      4.590      0.103
    60.000      4.588      0.102
    60.500      4.586      0.101
    61.000      4.583      0.100
    61.500      4.580      0.099
    62.000      4.578      0.098
    62.500      4.576      0.098
    63.000      4.574      0.098
    63.500      4.572      0.098
    64.000      4.569      0.098
    64.500      4.566      0.098
    65.000      4.564      0.098
    65.500      4.562      0.098
    66.000      4.560      0.098
    66.500      4.557      0.098
    67.000      4.554      0.098
    67.500      4.551      0.099
    68.000      4.549      0.098
    68.500      4.547      0.098
    69.000      4.545      0.099
    69.500      4.542      0.099
    70.000      4.540      0.099
    70.500      4.537      0.099
    71.000      4.535      0.099
    71.500      4.533      0.098
    72.000      4.530      0.098
    72.500      4.528      0.098
    73.000      4.525      0.098
    73.500      4.522      0.098
    74.000      4.520      0.097
    74.500      4.518      0.097
    75.000      4.516      0.096
    75.500      4.513      0.096
    76.000      4.510      0.095
    76.500      4.508      0.095
    77.000      4.505      0.094
    77.500      4.503      0.094
    78.000      4.501      0.093
    78.500      4.499      0.092
    79.000      4.496      0.092
    79.500      4.494      0.091
    80.000      4.491      0.091
    80.500      4.489      0.090
    81.000      4.487      0.089
    81.500      4.485      0.088
    82.000      4.482      0.088
    82.500      4.480      0.088
    83.000      4.478      0.087
    83.500      4.476      0.087
    84.000      4.474      0.087
    84.500      4.471      0.086
    85.000      4.469      0.085
    85.500      4.466      0.085
    86.000      4.464      0.085
    86.500      4.463      0.086
    87.000      4.461      0.086
    87.500      4.458      0.085
    88.000      4.456      0.085
    88.500      4.454      0.085
    89.000      4.452      0.086
    89.500      4.450      0.087
    90.000      4.448      0.088
    90.500      4.446      0.088
    91.000      4.444      0.088
    91.500      4.442      0.089
    92.000      4.440      0.090
    92.500      4.439      0.091
    93.000      4.437      0.093
    93.500      4.435      0.094
    94.000      4.433      0.094
    94.500      4.431      0.095
    95.000      4.430      0.097
    95.500      4.428      0.099
    96.000      4.427      0.101
    96.500      4.425      0.102
    97.000      4.423      0.104
    97.500      4.421      0.105
    98.000      4.420      0.106
    98.500      4.419      0.108
    99.000      4.417      0.110
    99.500      4.416      0.112
   100.000      4.414      0.114
   100.500      4.412      0.116
   101.000      4.411      0.117
   101.500      4.410      0.119
   102.000      4.409      0.121
   102.500      4.408      0.123
   103.000      4.406      0.126
   103.500      4.404      0.127
   104.000      4.403      0.129
   104.500      4.402      0.131
   105.000      4.401      0.133
   105.500      4.400      0.135
   106.000      4.398      0.137
   106.500      4.397      0.139
   107.000      4.396      0.141
   107.500      4.396      0.142
   108.000      4.395      0.144
   108.500      4.393      0.147
   109.000      4.392      0.149
   109.500      4.391      0.151
   110.000      4.390      0.153
   110.500      4.389      0.154
   111.000      4.388      0.156
   111.500      4.387      0.158
   112.000      4.386      0.161
   112.500      4.385      0.163
   113.000      4.384      0.164
   113.500      4.384      0.166
   114.000      4.383      0.168
   114.500      4.382      0.170
   115.000      4.381      0.172
   115.500      4.380      0.174
   116.000      4.379      0.176
   116.500      4.379      0.177
   117.000      4.378      0.179
   117.500      4.377      0.181
   118.000      4.376      0.183
   118.500      4.375      0.185
   119.000      4.374      0.187
   119.500      4.374      0.188
   120.000      4.373      0.190
   120.500      4.372      0.192
   121.000      4.371      0.194
   121.500      4.371      0.196
   122.000      4.370      0.198
   122.500      4.370      0.200
   123.000      4.369      0.201
   123.500      4.368      0.203
   124.000      4.367      0.205
   124.500      4.367      0.206
   125.000      4.366      0.209
   125.500      4.366      0.210
   126.000      4.365      0.212
   126.500      4.364      0.214
   127.000      4.364      0.215
   127.500      4.364      0.217
   128.000      4.363      0.219
   128.500      4.363      0.221
   129.000      4.362      0.222
   129.500      4.361      0.224
   130.000      4.360      0.226
   130.500      4.360      0.227
   131.000      4.360      0.229
   131.500      4.359      0.231
   132.000      4.358      0.232
   132.500      4.358      0.234
   133.000      4.357      0.235
   133.500      4.357      0.237
   134.000      4.357      0.238
   134.500      4.356      0.240
   135.000      4.355      0.242
   135.500      4.354      0.244
   136.000      4.354      0.245
   136.500      4.354      0.246
   137.000      4.354      0.247
   137.500      4.353      0.249
   138.000      4.352      0.251
   138.500      4.351      0.252
   139.000      4.351      0.253
   139.500      4.351      0.255
   140.000      4.351      0.256
   140.500      4.350      0.258
   141.000      4.349      0.259
   141.500      4.348      0.260
   142.000      4.348      0.261
   142.500      4.348      0.263
   143.000      4.348      0.264
   143.500      4.347      0.265
   144.000      4.346      0.267
   144.500      4.345      0.268
   145.000      4.345      0.269
   145.500      4.345      0.270
   146.000      4.344      0.271
   146.500      4.344      0.272
   147.000      4.343      0.274
   147.500      4.342      0.275
   148.000      4.341      0.275
   148.500      4.342      0.276
   149.000      4.341      0.278
   149.500      4.341      0.278
   150.000      4.340      0.280
   150.500      4.339      0.281
   151.000      4.338      0.281
   151.500      4.338      0.282
   152.000      4.338      0.283
   152.500      4.337      0.284
   153.000      4.337      0.285
   153.500      4.336      0.286
   154.000      4.334      0.286
   154.500      4.334      0.287
   155.000      4.334      0.287
   155.500      4.333      0.288
   156.000      4.333      0.289
   156.500      4.332      0.290
   157.000      4.331      0.290
   157.500      4.330      0.290
   158.000      4.330      0.291
   158.500      4.329      0.291
   159.000      4.329      0.292
   159.500      4.328      0.293
   160.000      4.326      0.293
   160.500      4.326      0.293
   161.000      4.326      0.294
   161.500      4.325      0.293
   162.000      4.324      0.294
   162.500      4.323      0.295
   163.000      4.322      0.295
   163.500      4.321      0.295
   164.000      4.321      0.295
   164.500      4.320      0.295
   165.000      4.319      0.295
   165.500      4.318      0.296
   166.000      4.316      0.297
   166.500      4.316      0.296
   167.000      4.316      0.296
   167.500      4.315      0.295
   168.000      4.313      0.295
   168.500      4.312      0.296
   169.000      4.310      0.297
   169.500      4.309      0.297
   170.000      4.310      0.296
   170.500      4.309      0.295
   171.000      4.308      0.295
   171.500      4.306      0.296
   172.000      4.304      0.297
   172.500      4.303      0.296
   173.000      4.303      0.296
   173.500      4.302      0.294
   174.000      4.301      0.294
   174.500      4.299      0.294
   175.000      4.297      0.296
   175.500      4.295      0.296
   176.000      4.295      0.295
   176.500      4.294      0.293
   177.000      4.293      0.293
   177.500      4.292      0.293
   178.000      4.289      0.295
   178.500      4.287      0.296
   179.000      4.287      0.295
   179.500      4.286      0.293
   180.000      4.285      0.292
   180.500      4.284      0.292
   181.000      4.281      0.294
   181.500      4.278      0.296
   182.000      4.278      0.295
   182.500      4.276      0.293
   183.000      4.275      0.293
   183.500      4.275      0.293
   184.000      4.273      0.293
   184.500      4.268      0.297
   185.000      4.267      0.297
   185.500      4.265      0.295
   186.000      4.265      0.295
   186.500      4.265      0.295
   187.000      4.264      0.295
   187.500      4.258      0.299
   188.000      4.256      0.302
   188.500      4.253      0.301
   189.000      4.253      0.301
   189.500      4.253      0.301
   190.000      4.253      0.301
   190.500      4.247      0.304
   191.000      4.243      0.311
   191.500      4.240      0.310
   192.000      4.240      0.310
   192.500      4.240      0.310
   193.000      4.240      0.310
   193.500      4.240      0.310
   194.000      4.230      0.325
   194.500      4.226      0.324
   195.000      4.226      0.324
   195.500      4.226      0.324
   196.000      4.226      0.324
   196.500      4.226      0.324
   197.000      4.215      0.344
   197.500      4.211      0.344
   198.000      4.211      0.344
   198.500      4.211      0.344
   199.000      4.211      0.344
