     0.000      1.533      0.496
     0.500      3.052      0.177
     1.000      3.074      0.175
     1.500      3.115      0.145
     2.000      3.155      0.132
     2.500      3.178      0.115
     3.000      3.215      0.099
     3.500      3.241      0.087
     4.000      3.268      0.074
     4.500      3.292      0.064
     5.000      3.316      0.057
     5.500      3.338      0.048
     6.000      3.357      0.043
     6.500      3.376      0.040
     7.000      3.393      0.036
     7.500      3.407      0.036
     8.000      3.423      0.036
     8.500      3.436      0.036
     9.000      3.448      0.038
     9.500      3.460      0.038
    10.000      3.469      0.040
    10.500      3.479      0.041
    11.000      3.487      0.042
    11.500      3.494      0.042
    12.000      3.502      0.044
    12.500      3.507      0.044
    13.000      3.514      0.044
    13.500      3.518      0.045
    14.000      3.523      0.044
    14.500      3.528      0.045
    15.000      3.532      0.045
    15.500      3.536      0.044
    16.000      3.539      0.044
    16.500      3.543      0.044
    17.000      3.546      0.044
    17.500      3.550      0.044
    18.000      3.553      0.044
    18.500      3.557      0.043
    19.000      3.560      0.043
    19.500      3.564      0.042
    20.000      3.567      0.042
    20.500      3.571      0.042
    21.000      3.575      0.041
    21.500      3.579      0.040
    22.000      3.583      0.040
    22.500      3.587      0.039
    23.000      3.591      0.039
    23.500      3.596      0.038
    24.000      3.601      0.038
    24.500      3.605      0.038
    25.000      3.611      0.037
    25.500      3.616      0.037
    26.000      3.621      0.037
    26.500      3.627      0.037
    27.000      3.632      0.037
    27.500      3.638      0.037
    28.000      3.645      0.038
    28.500      3.651      0.038
    29.000      3.658      0.039
    29.500      3.665      0.039
    30.000      3.672      0.040
    30.500      3.680      0.041
    31.000      3.687      0.042
    31.500      3.696      0.043
    32.000      3.704      0.044
    32.500      3.713      0.045
    33.000      3.722      0.046
    33.500      3.731      0.047
    34.000      3.741      0.049
    34.500      3.750      0.051
    35.000      3.761      0.052
    35.500      3.772      0.054
    36.000      3.782      0.056
    36.500      3.794      0.057
    37.000      3.806      0.060
    37.500      3.818      0.062
    38.000      3.830      0.065
    38.500      3.844      0.068
    39.000      3.856      0.071
    39.500      3.870      0.074
    40.000      3.885      0.077
    40.500      3.899      0.079
    41.000      3.916      0.080
    41.500      3.934      0.080
    42.000      3.952      0.078
    42.500      3.971      0.079
    43.000      3.991      0.081
    43.500      4.009      0.083
    44.000      4.030      0.089
    44.500      4.047      0.092
    45.000      4.068      0.097
    45.500      4.088      0.101
    46.000      4.107      0.104
    46.500      4.128      0.108
    47.000      4.149      0.108
    47.500      4.167      0.112
    48.000      4.184      0.115
    48.500      4.197      0.116
    49.000      4.502      0.166
    49.500      4.504      0.161
    50.000      4.507      0.155
    50.500      4.509      0.149
    51.000      4.510      0.143
    51.500      4.512      0.138
    52.000      4.515      0.136
    52.500      4.515      0.133
    53.000      4.518      0.132
    53.500      4.521      0.129
    54.000      4.523      0.126
    54.500      4.520      0.121
    55.000      4.519      0.115
    55.500      4.518      0.111
    56.000      4.518      0.110
    56.500      4.521      0.112
    57.000      4.523      0.114
    57.500      4.523      0.116
    58.000      4.526      0.120
    58.500      4.529      0.125
    59.000      4.532      0.128
    59.500      4.533      0.130
    60.000      4.534      0.133
    60.500      4.534      0.136
    61.000      4.533      0.136
    61.500      4.531      0.136
    62.000      4.530      0.136
    62.500      4.528      0.136
    63.000      4.526      0.136
    63.500      4.524      0.137
    64.000      4.520      0.136
    64.500      4.517      0.135
    65.000      4.514      0.135
    65.500      4.512      0.135
    66.000      4.510      0.135
    66.500      4.508      0.136
    67.000      4.505      0.136
    67.500      4.502      0.137
    68.000      4.499      0.136
    68.500      4.497      0.137
    69.000      4.496      0.137
    69.500      4.493      0.138
    70.000      4.491      0.139
    70.500      4.488      0.139
    71.000      4.486      0.139
    71.500      4.484      0.139
    72.000      4.483      0.139
    72.500      4.480      0.139
    73.000      4.478      0.139
    73.500      4.476      0.139
    74.000      4.474      0.139
    74.500      4.472      0.139
    75.000      4.470      0.138
    75.500      4.468      0.138
    76.000      4.466      0.138
    76.500      4.464      0.138
    77.000      4.463      0.137
    77.500      4.461      0.136
    78.000      4.459      0.136
    78.500      4.457      0.135
    79.000      4.456      0.135
    79.500      4.454      0.134
    80.000      4.452      0.133
    80.500      4.451      0.132
    81.000      4.449      0.132
    81.500      4.447      0.131
    82.000      4.446      0.130
    82.500      4.445      0.130
    83.000      4.443      0.128
    83.500      4.442      0.127
    84.000      4.440      0.127
    84.500      4.439      0.126
    85.000      4.437      0.125
    85.500      4.436      0.125
    86.000      4.435      0.123
    86.500      4.433      0.123
    87.000      4.432      0.122
    87.500      4.431      0.121
    88.000      4.430      0.121
    88.500      4.429      0.121
    89.000      4.428      0.120
    89.500      4.426      0.119
    90.000      4.424      0.119
    90.500      4.423      0.119
    91.000      4.423      0.119
    91.500      4.422      0.119
    92.000      4.421      0.119
    92.500      4.419      0.119
    93.000      4.417      0.118
    93.500      4.417      0.119
    94.000      4.416      0.119
    94.500      4.415      0.120
    95.000      4.414      0.120
    95.500      4.412      0.121
    96.000      4.411      0.121
    96.500      4.411      0.121
    97.000      4.410      0.122
    97.500      4.410      0.124
    98.000      4.408      0.125
    98.500      4.407      0.125
    99.000      4.405      0.126
    99.500      4.405      0.127
   100.000      4.404      0.128
   100.500      4.404      0.129
   101.000      4.402      0.131
   101.500      4.401      0.131
   102.000      4.400      0.133
   102.500      4.400      0.134
   103.000      4.399      0.135
   103.500      4.399      0.137
   104.000      4.397      0.138
   104.500      4.396      0.139
   105.000      4.395      0.140
   105.500      4.395      0.142
   106.000      4.394      0.143
   106.500      4.393      0.144
   107.000      4.392      0.145
   107.500      4.391      0.146
   108.000      4.390      0.148
   108.500      4.390      0.149
   109.000      4.389      0.150
   109.500      4.389      0.152
   110.000      4.388      0.153
   110.500      4.387      0.154
   111.000      4.386      0.156
   111.500      4.385      0.157
   112.000      4.385      0.158
   112.500      4.384      0.159
   113.000      4.383      0.160
   113.500      4.382      0.161
   114.000      4.381      0.163
   114.500      4.381      0.164
   115.000      4.380      0.165
   115.500      4.380      0.165
   116.000      4.379      0.167
   116.500      4.377      0.168
   117.000      4.377      0.170
   117.500      4.376      0.171
   118.000      4.376      0.171
   118.500      4.375      0.172
   119.000      4.374      0.173
   119.500      4.373      0.174
   120.000      4.372      0.176
   120.500      4.372      0.177
   121.000      4.372      0.178
   121.500      4.371      0.178
   122.000      4.370      0.179
   122.500      4.369      0.180
   123.000      4.368      0.182
   123.500      4.368      0.183
   124.000      4.367      0.184
   124.500      4.367      0.184
   125.000      4.366      0.185
   125.500      4.365      0.186
   126.000      4.363      0.187
   126.500      4.363      0.189
   127.000      4.363      0.190
   127.500      4.363      0.190
   128.000      4.362      0.191
   128.500      4.360      0.192
   129.000      4.359      0.193
   129.500      4.359      0.194
   130.000      4.359      0.195
   130.500      4.358      0.196
   131.000      4.357      0.197
   131.500      4.356      0.197
   132.000      4.355      0.199
   132.500      4.354      0.200
   133.000      4.354      0.201
   133.500      4.354      0.202
   134.000      4.353      0.203
   134.500      4.352      0.203
   135.000      4.350      0.205
   135.500      4.349      0.206
   136.000      4.349      0.207
   136.500      4.349      0.208
   137.000      4.349      0.209
   137.500      4.347      0.209
   138.000      4.346      0.210
   138.500      4.344      0.211
   139.000      4.344      0.213
   139.500      4.344      0.214
   140.000      4.344      0.215
   140.500      4.343      0.215
   141.000      4.342      0.216
   141.500      4.339      0.217
   142.000      4.339      0.219
   142.500      4.339      0.220
   143.000      4.339      0.221
   143.500      4.338      0.221
   144.000      4.337      0.222
   144.500      4.334      0.223
   145.000      4.333      0.225
   145.500      4.334      0.226
   146.000      4.334      0.227
   146.500      4.333      0.228
   147.000      4.332      0.228
   147.500      4.329      0.230
   148.000      4.328      0.231
   148.500      4.328      0.232
   149.000      4.328      0.233
   149.500      4.328      0.234
   150.000      4.326      0.234
   150.500      4.324      0.236
   151.000      4.322      0.238
   151.500      4.322      0.238
   152.000      4.322      0.239
   152.500      4.322      0.240
   153.000      4.320      0.240
   153.500      4.318      0.242
   154.000      4.316      0.244
   154.500      4.316      0.245
   155.000      4.316      0.245
   155.500      4.316      0.246
   156.000      4.314      0.246
   156.500      4.313      0.248
   157.000      4.310      0.251
   157.500      4.309      0.251
   158.000      4.309      0.251
   158.500      4.309      0.251
   159.000      4.308      0.252
   159.500      4.306      0.254
   160.000      4.303      0.257
   160.500      4.302      0.257
   161.000      4.302      0.257
   161.500      4.302      0.256
   162.000      4.301      0.258
   162.500      4.300      0.259
   163.000      4.296      0.262
   163.500      4.294      0.263
   164.000      4.294      0.262
   164.500      4.294      0.262
   165.000      4.294      0.263
   165.500      4.292      0.265
   166.000      4.289      0.267
   166.500      4.286      0.268
   167.000      4.286      0.268
   167.500      4.286      0.268
   168.000      4.286      0.268
   168.500      4.284      0.270
   169.000      4.281      0.272
   169.500      4.278      0.273
   170.000      4.277      0.273
   170.500      4.277      0.273
   171.000      4.277      0.274
   171.500      4.276      0.275
   172.000      4.273      0.276
   172.500      4.269      0.278
   173.000      4.268      0.279
   173.500      4.268      0.279
   174.000      4.268      0.279
   174.500      4.267      0.279
   175.000      4.264      0.280
   175.500      4.259      0.283
   176.000      4.259      0.284
   176.500      4.259      0.285
   177.000      4.258      0.285
   177.500      4.256      0.285
   178.000      4.254      0.285
   178.500      4.250      0.288
   179.000      4.249      0.290
   179.500      4.248      0.291
   180.000      4.247      0.291
   180.500      4.245      0.291
   181.000      4.244      0.290
   181.500      4.240      0.293
   182.000      4.238      0.296
   182.500      4.238      0.297
   183.000      4.236      0.297
   183.500      4.233      0.297
   184.000      4.233      0.297
   184.500      4.230      0.298
   185.000      4.227      0.303
   185.500      4.226      0.305
   186.000      4.222      0.305
   186.500      4.221      0.305
   187.000      4.221      0.305
   187.500      4.219      0.305
   188.000      4.215      0.311
   188.500      4.214      0.314
   189.000      4.209      0.315
   189.500      4.209      0.315
   190.000      4.209      0.315
   190.500      4.207      0.313
   191.000      4.202      0.321
   191.500      4.198      0.326
   192.000      4.195      0.326
   192.500      4.195      0.326
   193.000      4.195      0.326
   193.500      4.195      0.326
   194.000      4.188      0.334
   194.500      4.181      0.341
   195.000      4.181      0.341
   195.500      4.181      0.341
   196.000      4.181      0.341
   196.500      4.181      0.341
   197.000      4.174      0.350
   197.500      4.167      0.359
   198.000      4.167      0.359
   198.500      4.167      0.359
   199.000      4.167      0.359
   199.500      4.167      0.359
