     0.000      1.476      0.615
     0.500      3.087      0.206
     1.000      3.126      0.213
     1.500      3.178      0.170
     2.000      3.214      0.155
     2.500      3.248      0.132
     3.000      3.283      0.111
     3.500      3.314      0.101
     4.000      3.344      0.083
     4.500      3.370      0.072
     5.000      3.401      0.063
     5.500      3.421      0.057
     6.000      3.449      0.052
     6.500      3.466      0.050
     7.000      3.487      0.049
     7.500      3.506      0.050
     8.000      3.522      0.049
     8.500      3.539      0.053
     9.000      3.553      0.051
     9.500      3.567      0.053
    10.000      3.580      0.054
    10.500      3.592      0.053
    11.000      3.603      0.054
    11.500      3.613      0.054
    12.000      3.622      0.053
    12.500      3.630      0.054
    13.000      3.639      0.052
    13.500      3.646      0.051
    14.000      3.653      0.051
    14.500      3.660      0.050
    15.000      3.666      0.049
    15.500      3.672      0.048
    16.000      3.678      0.047
    16.500      3.684      0.047
    17.000      3.689      0.046
    17.500      3.695      0.045
    18.000      3.700      0.044
    18.500      3.705      0.043
    19.000      3.710      0.042
    19.500      3.715      0.041
    20.000      3.719      0.040
    20.500      3.724      0.039
    21.000      3.729      0.039
    21.500      3.733      0.037
    22.000      3.738      0.037
    22.500      3.742      0.036
    23.000      3.747      0.035
    23.500      3.751      0.034
    24.000      3.756      0.033
    24.500      3.760      0.033
    25.000      3.765      0.032
    25.500      3.770      0.032
    26.000      3.774      0.031
    26.500      3.779      0.031
    27.000      3.784      0.031
    27.500      3.789      0.031
    28.000      3.794      0.031
    28.500      3.799      0.031
    29.000      3.804      0.032
    29.500      3.810      0.032
    30.000      3.815      0.033
    30.500      3.821      0.033
    31.000      3.827      0.034
    31.500      3.833      0.035
    32.000      3.840      0.035
    32.500      3.846      0.036
    33.000      3.853      0.037
    33.500      3.860      0.038
    34.000      3.867      0.039
    34.500      3.875      0.040
    35.000      3.882      0.041
    35.500      3.890      0.042
    36.000      3.899      0.043
    36.500      3.907      0.045
    37.000      3.916      0.046
    37.500      3.926      0.048
    38.000      3.935      0.049
    38.500      3.946      0.050
    39.000      3.958      0.051
    39.500      3.969      0.053
    40.000      3.981      0.053
    40.500      3.993      0.056
    41.000      4.004      0.057
    41.500      4.015      0.058
    42.000      4.027      0.060
    42.500      4.039      0.061
    43.000      4.051      0.062
    43.500      4.063      0.063
    44.000      4.075      0.063
    44.500      4.087      0.065
    45.000      4.100      0.066
    45.500      4.113      0.066
    46.000      4.126      0.068
    46.500      4.137      0.068
    47.000      4.147      0.067
    47.500      4.160      0.071
    48.000      4.172      0.074
    48.500      4.403      0.162
    49.000      4.406      0.160
    49.500      4.407      0.156
    50.000      4.409      0.153
    50.500      4.411      0.149
    51.000      4.414      0.146
    51.500      4.420      0.147
    52.000      4.425      0.146
    52.500      4.430      0.147
    53.000      4.435      0.148
    53.500      4.442      0.150
    54.000      4.449      0.153
    54.500      4.454      0.153
    55.000      4.457      0.154
    55.500      4.458      0.153
    56.000      4.459      0.151
    56.500      4.460      0.148
    57.000      4.462      0.146
    57.500      4.464      0.144
    58.000      4.465      0.142
    58.500      4.466      0.141
    59.000      4.466      0.139
    59.500      4.466      0.137
    60.000      4.464      0.131
    60.500      4.460      0.126
    61.000      4.457      0.121
    61.500      4.455      0.118
    62.000      4.452      0.114
    62.500      4.451      0.111
    63.000      4.447      0.107
    63.500      4.444      0.104
    64.000      4.441      0.102
    64.500      4.438      0.100
    65.000      4.435      0.097
    65.500      4.433      0.095
    66.000      4.429      0.093
    66.500      4.426      0.092
    67.000      4.424      0.092
    67.500      4.421      0.091
    68.000      4.419      0.090
    68.500      4.417      0.090
    69.000      4.415      0.090
    69.500      4.412      0.091
    70.000      4.411      0.091
    70.500      4.409      0.092
    71.000      4.407      0.092
    71.500      4.405      0.093
    72.000      4.404      0.094
    72.500      4.403      0.095
    73.000      4.401      0.096
    73.500      4.400      0.097
    74.000      4.399      0.097
    74.500      4.398      0.099
    75.000      4.397      0.100
    75.500      4.396      0.101
    76.000      4.395      0.102
    76.500      4.394      0.102
    77.000      4.393      0.103
    77.500      4.393      0.104
    78.000      4.392      0.105
    78.500      4.392      0.106
    79.000      4.392      0.107
    79.500      4.391      0.108
    80.000      4.390      0.108
    80.500      4.390      0.109
    81.000      4.390      0.110
    81.500      4.391      0.111
    82.000      4.390      0.111
    82.500      4.390      0.112
    83.000      4.390      0.112
    83.500      4.390      0.113
    84.000      4.390      0.113
    84.500      4.391      0.114
    85.000      4.391      0.115
    85.500      4.391      0.115
    86.000      4.391      0.115
    86.500      4.391      0.115
    87.000      4.392      0.116
    87.500      4.392      0.117
    88.000      4.393      0.117
    88.500      4.393      0.117
    89.000      4.393      0.117
    89.500      4.394      0.118
    90.000      4.394      0.118
    90.500      4.395      0.119
    91.000      4.395      0.119
    91.500      4.396      0.120
    92.000      4.396      0.120
    92.500      4.397      0.120
    93.000      4.397      0.120
    93.500      4.397      0.121
    94.000      4.398      0.122
    94.500      4.399      0.122
    95.000      4.399      0.123
    95.500      4.400      0.123
    96.000      4.400      0.123
    96.500      4.400      0.123
    97.000      4.401      0.124
    97.500      4.401      0.125
    98.000      4.402      0.126
    98.500      4.402      0.126
    99.000      4.403      0.126
    99.500      4.402      0.127
   100.000      4.403      0.128
   100.500      4.403      0.129
   101.000      4.404      0.130
   101.500      4.404      0.130
   102.000      4.404      0.130
   102.500      4.404      0.131
   103.000      4.404      0.132
   103.500      4.405      0.133
   104.000      4.405      0.134
   104.500      4.405      0.135
   105.000      4.405      0.135
   105.500      4.405      0.135
   106.000      4.405      0.136
   106.500      4.405      0.138
   107.000      4.405      0.139
   107.500      4.405      0.140
   108.000      4.404      0.140
   108.500      4.404      0.141
   109.000      4.404      0.142
   109.500      4.404      0.143
   110.000      4.404      0.144
   110.500      4.403      0.145
   111.000      4.403      0.146
   111.500      4.403      0.146
   112.000      4.403      0.147
   112.500      4.402      0.149
   113.000      4.402      0.150
   113.500      4.401      0.151
   114.000      4.400      0.152
   114.500      4.400      0.152
   115.000      4.400      0.153
   115.500      4.399      0.155
   116.000      4.399      0.156
   116.500      4.397      0.157
   117.000      4.396      0.158
   117.500      4.396      0.159
   118.000      4.396      0.160
   118.500      4.395      0.161
   119.000      4.395      0.163
   119.500      4.393      0.164
   120.000      4.392      0.165
   120.500      4.391      0.166
   121.000      4.391      0.167
   121.500      4.390      0.168
   122.000      4.390      0.169
   122.500      4.388      0.171
   123.000      4.386      0.172
   123.500      4.385      0.173
   124.000      4.385      0.174
   124.500      4.384      0.175
   125.000      4.383      0.177
   125.500      4.382      0.178
   126.000      4.380      0.180
   126.500      4.379      0.181
   127.000      4.378      0.182
   127.500      4.378      0.183
   128.000      4.376      0.184
   128.500      4.375      0.186
   129.000      4.374      0.188
   129.500      4.372      0.189
   130.000      4.371      0.190
   130.500      4.370      0.191
   131.000      4.369      0.192
   131.500      4.368      0.194
   132.000      4.366      0.195
   132.500      4.364      0.197
   133.000      4.362      0.199
   133.500      4.362      0.200
   134.000      4.360      0.200
   134.500      4.359      0.202
   135.000      4.358      0.203
   135.500      4.356      0.205
   136.000      4.354      0.207
   136.500      4.352      0.208
   137.000      4.352      0.209
   137.500      4.350      0.210
   138.000      4.349      0.211
   138.500      4.347      0.213
   139.000      4.345      0.215
   139.500      4.343      0.217
   140.000      4.342      0.217
   140.500      4.341      0.218
   141.000      4.340      0.219
   141.500      4.338      0.221
   142.000      4.335      0.223
   142.500      4.333      0.224
   143.000      4.332      0.225
   143.500      4.331      0.226
   144.000      4.329      0.227
   144.500      4.328      0.228
   145.000      4.326      0.230
   145.500      4.323      0.231
   146.000      4.322      0.233
   146.500      4.320      0.233
   147.000      4.319      0.234
   147.500      4.317      0.235
   148.000      4.315      0.236
   148.500      4.313      0.238
   149.000      4.311      0.239
   149.500      4.310      0.240
   150.000      4.308      0.241
   150.500      4.306      0.241
   151.000      4.305      0.241
   151.500      4.303      0.243
   152.000      4.301      0.245
   152.500      4.299      0.246
   153.000      4.297      0.247
   153.500      4.295      0.246
   154.000      4.294      0.246
   154.500      4.292      0.247
   155.000      4.290      0.248
   155.500      4.288      0.250
   156.000      4.286      0.251
   156.500      4.284      0.251
   157.000      4.283      0.250
   157.500      4.281      0.250
   158.000      4.280      0.251
   158.500      4.277      0.253
   159.000      4.275      0.254
   159.500      4.272      0.254
   160.000      4.271      0.253
   160.500      4.270      0.253
   161.000      4.269      0.253
   161.500      4.267      0.255
   162.000      4.264      0.257
   162.500      4.261      0.257
   163.000      4.259      0.254
   163.500      4.258      0.254
   164.000      4.257      0.254
   164.500      4.256      0.255
   165.000      4.253      0.257
   165.500      4.251      0.258
   166.000      4.248      0.255
   166.500      4.246      0.254
   167.000      4.246      0.254
   167.500      4.246      0.255
   168.000      4.243      0.257
   168.500      4.240      0.257
   169.000      4.236      0.254
   169.500      4.235      0.253
   170.000      4.235      0.254
   170.500      4.235      0.255
   171.000      4.232      0.255
   171.500      4.229      0.255
   172.000      4.225      0.253
   172.500      4.224      0.252
   173.000      4.224      0.253
   173.500      4.224      0.254
   174.000      4.221      0.254
   174.500      4.219      0.253
   175.000      4.215      0.252
   175.500      4.214      0.251
   176.000      4.214      0.252
   176.500      4.214      0.254
   177.000      4.210      0.253
   177.500      4.208      0.251
   178.000      4.207      0.252
   178.500      4.204      0.250
   179.000      4.204      0.251
   179.500      4.204      0.254
   180.000      4.199      0.253
   180.500      4.197      0.251
   181.000      4.198      0.252
   181.500      4.195      0.251
   182.000      4.195      0.253
   182.500      4.193      0.256
   183.000      4.188      0.255
   183.500      4.187      0.255
   184.000      4.189      0.255
   184.500      4.186      0.255
   185.000      4.186      0.258
   185.500      4.184      0.262
   186.000      4.178      0.262
   186.500      4.178      0.263
   187.000      4.179      0.263
   187.500      4.179      0.264
   188.000      4.178      0.267
   188.500      4.175      0.273
   189.000      4.169      0.276
   189.500      4.170      0.276
   190.000      4.170      0.276
   190.500      4.174      0.276
   191.000      4.171      0.282
   191.500      4.164      0.292
   192.000      4.162      0.296
   192.500      4.162      0.296
   193.000      4.162      0.296
   193.500      4.164      0.296
   194.000      4.165      0.305
   194.500      4.155      0.323
   195.000      4.156      0.323
   195.500      4.156      0.323
   196.000      4.156      0.323
   196.500      4.156      0.323
   197.000      4.160      0.336
   197.500      4.150      0.358
   198.000      4.150      0.358
   198.500      4.150      0.358
   199.000      4.150      0.358
   199.500      4.150      0.358
