     0.000      1.380      0.476
     0.500      3.033      0.180
     1.000      3.068      0.181
     1.500      3.113      0.144
     2.000      3.152      0.128
     2.500      3.177      0.110
     3.000      3.219      0.086
     3.500      3.241      0.078
     4.000      3.271      0.061
     4.500      3.298      0.054
     5.000      3.320      0.048
     5.500      3.343      0.045
     6.000      3.363      0.043
     6.500      3.381      0.045
     7.000      3.400      0.044
     7.500      3.415      0.047
     8.000      3.430      0.049
     8.500      3.445      0.048
     9.000      3.456      0.051
     9.500      3.468      0.050
    10.000      3.478      0.050
    10.500      3.488      0.051
    11.000      3.498      0.049
    11.500      3.506      0.049
    12.000      3.514      0.048
    12.500      3.521      0.046
    13.000      3.529      0.046
    13.500      3.535      0.044
    14.000      3.542      0.043
    14.500      3.548      0.042
    15.000      3.555      0.041
    15.500      3.561      0.039
    16.000      3.567      0.038
    16.500      3.573      0.038
    17.000      3.579      0.036
    17.500      3.585      0.036
    18.000      3.592      0.034
    18.500      3.598      0.034
    19.000      3.604      0.033
    19.500      3.610      0.032
    20.000      3.617      0.031
    20.500      3.623      0.030
    21.000      3.630      0.029
    21.500      3.637      0.028
    22.000      3.644      0.028
    22.500      3.651      0.027
    23.000      3.658      0.027
    23.500      3.665      0.026
    24.000      3.672      0.027
    24.500      3.680      0.027
    25.000      3.687      0.027
    25.500      3.695      0.027
    26.000      3.703      0.028
    26.500      3.711      0.029
    27.000      3.719      0.030
    27.500      3.727      0.031
    28.000      3.736      0.032
    28.500      3.744      0.034
    29.000      3.753      0.035
    29.500      3.762      0.036
    30.000      3.772      0.038
    30.500      3.781      0.040
    31.000      3.790      0.041
    31.500      3.801      0.043
    32.000      3.811      0.044
    32.500      3.822      0.044
    33.000      3.834      0.045
    33.500      3.845      0.045
    34.000      3.857      0.045
    34.500      3.869      0.045
    35.000      3.880      0.046
    35.500      3.893      0.047
    36.000      3.904      0.048
    36.500      3.917      0.050
    37.000      3.930      0.049
    37.500      3.943      0.050
    38.000      3.958      0.048
    38.500      3.972      0.048
    39.000      3.987      0.045
    39.500      4.000      0.045
    40.000      4.014      0.045
    40.500      4.029      0.046
    41.000      4.041      0.048
    41.500      4.055      0.050
    42.000      4.069      0.052
    42.500      4.082      0.055
    43.000      4.095      0.059
    43.500      4.109      0.062
    44.000      4.123      0.064
    44.500      4.137      0.066
    45.000      4.150      0.068
    45.500      4.163      0.069
    46.000      4.335      0.166
    46.500      4.345      0.166
    47.000      4.352      0.162
    47.500      4.357      0.158
    48.000      4.358      0.150
    48.500      4.361      0.145
    49.000      4.365      0.140
    49.500      4.369      0.137
    50.000      4.375      0.135
    50.500      4.382      0.136
    51.000      4.387      0.136
    51.500      4.393      0.139
    52.000      4.403      0.143
    52.500      4.412      0.144
    53.000      4.418      0.144
    53.500      4.423      0.143
    54.000      4.427      0.144
    54.500      4.430      0.144
    55.000      4.429      0.139
    55.500      4.430      0.135
    56.000      4.430      0.131
    56.500      4.431      0.129
    57.000      4.431      0.127
    57.500      4.429      0.123
    58.000      4.426      0.119
    58.500      4.426      0.117
    59.000      4.425      0.114
    59.500      4.423      0.110
    60.000      4.421      0.107
    60.500      4.418      0.104
    61.000      4.416      0.104
    61.500      4.414      0.104
    62.000      4.412      0.103
    62.500      4.410      0.102
    63.000      4.407      0.101
    63.500      4.404      0.101
    64.000      4.402      0.103
    64.500      4.401      0.105
    65.000      4.399      0.107
    65.500      4.396      0.108
    66.000      4.394      0.108
    66.500      4.392      0.110
    67.000      4.390      0.112
    67.500      4.389      0.115
    68.000      4.388      0.117
    68.500      4.386      0.118
    69.000      4.384      0.119
    69.500      4.382      0.121
    70.000      4.381      0.123
    70.500      4.380      0.124
    71.000      4.378      0.126
    71.500      4.377      0.127
    72.000      4.375      0.128
    72.500      4.374      0.128
    73.000      4.373      0.129
    73.500      4.372      0.130
    74.000      4.370      0.131
    74.500      4.369      0.131
    75.000      4.368      0.131
    75.500      4.367      0.131
    76.000      4.366      0.132
    76.500      4.365      0.132
    77.000      4.364      0.131
    77.500      4.364      0.131
    78.000      4.363      0.131
    78.500      4.362      0.130
    79.000      4.361      0.129
    79.500      4.361      0.128
    80.000      4.360      0.127
    80.500      4.359      0.126
    81.000      4.359      0.125
    81.500      4.358      0.124
    82.000      4.358      0.123
    82.500      4.357      0.121
    83.000      4.357      0.119
    83.500      4.356      0.118
    84.000      4.356      0.117
    84.500      4.356      0.116
    85.000      4.356      0.114
    85.500      4.355      0.112
    86.000      4.355      0.109
    86.500      4.355      0.108
    87.000      4.354      0.107
    87.500      4.354      0.106
    88.000      4.354      0.104
    88.500      4.354      0.101
    89.000      4.354      0.099
    89.500      4.354      0.098
    90.000      4.354      0.097
    90.500      4.354      0.096
    91.000      4.354      0.094
    91.500      4.354      0.092
    92.000      4.354      0.090
    92.500      4.354      0.089
    93.000      4.354      0.089
    93.500      4.354      0.088
    94.000      4.355      0.087
    94.500      4.355      0.086
    95.000      4.354      0.085
    95.500      4.354      0.085
    96.000      4.355      0.085
    96.500      4.355      0.085
    97.000      4.356      0.085
    97.500      4.356      0.085
    98.000      4.356      0.085
    98.500      4.356      0.085
    99.000      4.356      0.086
    99.500      4.357      0.087
   100.000      4.357      0.088
   100.500      4.357      0.090
   101.000      4.357      0.091
   101.500      4.357      0.092
   102.000      4.357      0.093
   102.500      4.358      0.095
   103.000      4.359      0.096
   103.500      4.358      0.098
   104.000      4.358      0.101
   104.500      4.358      0.102
   105.000      4.359      0.104
   105.500      4.360      0.106
   106.000      4.360      0.107
   106.500      4.360      0.110
   107.000      4.360      0.113
   107.500      4.360      0.115
   108.000      4.360      0.117
   108.500      4.361      0.119
   109.000      4.361      0.120
   109.500      4.361      0.123
   110.000      4.361      0.126
   110.500      4.361      0.129
   111.000      4.362      0.131
   111.500      4.363      0.133
   112.000      4.363      0.135
   112.500      4.362      0.137
   113.000      4.362      0.140
   113.500      4.362      0.143
   114.000      4.363      0.146
   114.500      4.364      0.148
   115.000      4.364      0.149
   115.500      4.363      0.151
   116.000      4.363      0.154
   116.500      4.363      0.157
   117.000      4.364      0.161
   117.500      4.365      0.163
   118.000      4.365      0.164
   118.500      4.364      0.166
   119.000      4.364      0.169
   119.500      4.364      0.172
   120.000      4.365      0.175
   120.500      4.365      0.178
   121.000      4.365      0.179
   121.500      4.365      0.181
   122.000      4.365      0.183
   122.500      4.365      0.186
   123.000      4.365      0.189
   123.500      4.366      0.192
   124.000      4.366      0.194
   124.500      4.366      0.196
   125.000      4.366      0.197
   125.500      4.366      0.200
   126.000      4.366      0.203
   126.500      4.366      0.206
   127.000      4.366      0.208
   127.500      4.366      0.210
   128.000      4.366      0.211
   128.500      4.367      0.213
   129.000      4.367      0.216
   129.500      4.366      0.219
   130.000      4.366      0.221
   130.500      4.366      0.223
   131.000      4.366      0.225
   131.500      4.368      0.227
   132.000      4.368      0.229
   132.500      4.367      0.232
   133.000      4.366      0.234
   133.500      4.366      0.236
   134.000      4.366      0.238
   134.500      4.368      0.240
   135.000      4.368      0.242
   135.500      4.367      0.244
   136.000      4.366      0.247
   136.500      4.366      0.248
   137.000      4.366      0.251
   137.500      4.367      0.252
   138.000      4.368      0.254
   138.500      4.368      0.256
   139.000      4.366      0.258
   139.500      4.365      0.260
   140.000      4.366      0.262
   140.500      4.367      0.264
   141.000      4.368      0.265
   141.500      4.368      0.267
   142.000      4.366      0.270
   142.500      4.365      0.271
   143.000      4.365      0.273
   143.500      4.366      0.275
   144.000      4.366      0.276
   144.500      4.367      0.278
   145.000      4.366      0.280
   145.500      4.364      0.282
   146.000      4.364      0.283
   146.500      4.365      0.285
   147.000      4.365      0.286
   147.500      4.366      0.287
   148.000      4.366      0.289
   148.500      4.364      0.291
   149.000      4.363      0.293
   149.500      4.363      0.294
   150.000      4.364      0.295
   150.500      4.364      0.296
   151.000      4.365      0.297
   151.500      4.363      0.299
   152.000      4.362      0.301
   152.500      4.362      0.302
   153.000      4.362      0.303
   153.500      4.363      0.303
   154.000      4.363      0.304
   154.500      4.363      0.306
   155.000      4.361      0.308
   155.500      4.361      0.310
   156.000      4.361      0.310
   156.500      4.361      0.310
   157.000      4.361      0.311
   157.500      4.361      0.311
   158.000      4.360      0.314
   158.500      4.359      0.316
   159.000      4.359      0.316
   159.500      4.359      0.316
   160.000      4.359      0.316
   160.500      4.358      0.316
   161.000      4.358      0.317
   161.500      4.357      0.320
   162.000      4.356      0.321
   162.500      4.357      0.321
   163.000      4.356      0.320
   163.500      4.356      0.320
   164.000      4.356      0.320
   164.500      4.354      0.323
   165.000      4.354      0.324
   165.500      4.355      0.324
   166.000      4.354      0.323
   166.500      4.353      0.322
   167.000      4.353      0.323
   167.500      4.352      0.323
   168.000      4.351      0.326
   168.500      4.351      0.326
   169.000      4.351      0.325
   169.500      4.351      0.324
   170.000      4.350      0.324
   170.500      4.349      0.324
   171.000      4.348      0.326
   171.500      4.348      0.326
   172.000      4.348      0.326
   172.500      4.347      0.325
   173.000      4.347      0.325
   173.500      4.345      0.324
   174.000      4.344      0.324
   174.500      4.344      0.326
   175.000      4.345      0.326
   175.500      4.344      0.324
   176.000      4.344      0.324
   176.500      4.342      0.324
   177.000      4.341      0.323
   177.500      4.339      0.324
   178.000      4.341      0.324
   178.500      4.339      0.323
   179.000      4.340      0.323
   179.500      4.339      0.323
   180.000      4.337      0.322
   180.500      4.335      0.321
   181.000      4.335      0.322
   181.500      4.335      0.322
   182.000      4.335      0.322
   182.500      4.334      0.321
   183.000      4.334      0.322
   183.500      4.331      0.320
   184.000      4.329      0.320
   184.500      4.330      0.321
   185.000      4.330      0.321
   185.500      4.329      0.321
   186.000      4.329      0.321
   186.500      4.329      0.320
   187.000      4.323      0.319
   187.500      4.326      0.320
   188.000      4.325      0.322
   188.500      4.323      0.321
   189.000      4.323      0.321
   189.500      4.323      0.321
   190.000      4.320      0.321
   190.500      4.318      0.320
   191.000      4.319      0.325
   191.500      4.317      0.325
   192.000      4.317      0.324
   192.500      4.317      0.324
   193.000      4.317      0.324
   193.500      4.310      0.324
   194.000      4.312      0.332
   194.500      4.311      0.332
   195.000      4.311      0.332
   195.500      4.311      0.332
   196.000      4.311      0.332
   196.500      4.311      0.332
   197.000      4.305      0.344
   197.500      4.303      0.344
   198.000      4.303      0.344
   198.500      4.303      0.344
   199.000      4.303      0.344
   199.500      4.303      0.344
