     0.000      1.351      0.529
     0.500      3.052      0.168
     1.000      3.073      0.166
     1.500      3.119      0.143
     2.000      3.183      0.119
     2.500      3.203      0.116
     3.000      3.261      0.084
     3.500      3.293      0.081
     4.000      3.326      0.068
     4.500      3.364      0.056
     5.000      3.389      0.055
     5.500      3.424      0.045
     6.000      3.446      0.043
     6.500      3.474      0.043
     7.000      3.497      0.041
     7.500      3.516      0.043
     8.000      3.540      0.044
     8.500      3.555      0.045
     9.000      3.573      0.046
     9.500      3.588      0.047
    10.000      3.601      0.047
    10.500      3.615      0.048
    11.000      3.626      0.048
    11.500      3.637      0.048
    12.000      3.646      0.048
    12.500      3.655      0.048
    13.000      3.662      0.047
    13.500      3.670      0.046
    14.000      3.676      0.046
    14.500      3.682      0.045
    15.000      3.688      0.044
    15.500      3.693      0.043
    16.000      3.698      0.042
    16.500      3.702      0.041
    17.000      3.706      0.040
    17.500      3.710      0.039
    18.000      3.714      0.038
    18.500      3.717      0.038
    19.000      3.721      0.036
    19.500      3.724      0.036
    20.000      3.728      0.035
    20.500      3.731      0.034
    21.000      3.734      0.034
    21.500      3.737      0.033
    22.000      3.741      0.033
    22.500      3.744      0.032
    23.000      3.747      0.032
    23.500      3.750      0.031
    24.000      3.753      0.031
    24.500      3.756      0.030
    25.000      3.759      0.030
    25.500      3.763      0.030
    26.000      3.766      0.029
    26.500      3.769      0.029
    27.000      3.772      0.029
    27.500      3.776      0.029
    28.000      3.779      0.029
    28.500      3.783      0.029
    29.000      3.786      0.029
    29.500      3.790      0.029
    30.000      3.794      0.030
    30.500      3.798      0.030
    31.000      3.802      0.030
    31.500      3.807      0.030
    32.000      3.811      0.031
    32.500      3.816      0.031
    33.000      3.820      0.032
    33.500      3.825      0.032
    34.000      3.830      0.033
    34.500      3.836      0.034
    35.000      3.841      0.034
    35.500      3.847      0.035
    36.000      3.854      0.036
    36.500      3.860      0.036
    37.000      3.866      0.038
    37.500      3.873      0.039
    38.000      3.880      0.040
    38.500      3.887      0.041
    39.000      3.894      0.042
    39.500      3.900      0.043
    40.000      3.908      0.044
    40.500      3.916      0.045
    41.000      3.924      0.047
    41.500      3.933      0.049
    42.000      3.942      0.051
    42.500      3.952      0.054
    43.000      3.962      0.056
    43.500      3.972      0.059
    44.000      3.983      0.062
    44.500      3.993      0.066
    45.000      4.003      0.070
    45.500      4.013      0.074
    46.000      4.023      0.079
    46.500      4.034      0.083
    47.000      4.044      0.086
    47.500      4.055      0.090
    48.000      4.067      0.093
    48.500      4.081      0.094
    49.000      4.095      0.097
    49.500      4.109      0.098
    50.000      4.368      0.177
    50.500      4.379      0.178
    51.000      4.388      0.177
    51.500      4.393      0.176
    52.000      4.399      0.175
    52.500      4.404      0.173
    53.000      4.409      0.171
    53.500      4.413      0.167
    54.000      4.415      0.164
    54.500      4.418      0.161
    55.000      4.419      0.158
    55.500      4.418      0.153
    56.000      4.418      0.151
    56.500      4.417      0.146
    57.000      4.420      0.145
    57.500      4.422      0.144
    58.000      4.426      0.145
    58.500      4.429      0.146
    59.000      4.431      0.146
    59.500      4.431      0.146
    60.000      4.431      0.145
    60.500      4.429      0.143
    61.000      4.428      0.140
    61.500      4.425      0.137
    62.000      4.423      0.135
    62.500      4.420      0.132
    63.000      4.417      0.129
    63.500      4.415      0.127
    64.000      4.413      0.125
    64.500      4.411      0.123
    65.000      4.409      0.122
    65.500      4.407      0.120
    66.000      4.405      0.119
    66.500      4.404      0.118
    67.000      4.402      0.117
    67.500      4.401      0.116
    68.000      4.400      0.116
    68.500      4.399      0.115
    69.000      4.398      0.114
    69.500      4.397      0.114
    70.000      4.396      0.114
    70.500      4.396      0.114
    71.000      4.396      0.114
    71.500      4.395      0.114
    72.000      4.394      0.113
    72.500      4.394      0.113
    73.000      4.393      0.113
    73.500      4.394      0.113
    74.000      4.394      0.113
    74.500      4.394      0.113
    75.000      4.394      0.112
    75.500      4.394      0.112
    76.000      4.394      0.112
    76.500      4.395      0.112
    77.000      4.396      0.112
    77.500      4.396      0.112
    78.000      4.397      0.111
    78.500      4.397      0.111
    79.000      4.398      0.111
    79.500      4.399      0.111
    80.000      4.400      0.110
    80.500      4.401      0.110
    81.000      4.402      0.110
    81.500      4.402      0.110
    82.000      4.404      0.109
    82.500      4.405      0.109
    83.000      4.406      0.108
    83.500      4.407      0.108
    84.000      4.408      0.108
    84.500      4.409      0.108
    85.000      4.411      0.107
    85.500      4.413      0.107
    86.000      4.414      0.107
    86.500      4.415      0.106
    87.000      4.416      0.106
    87.500      4.418      0.106
    88.000      4.420      0.106
    88.500      4.421      0.106
    89.000      4.423      0.106
    89.500      4.424      0.106
    90.000      4.425      0.106
    90.500      4.427      0.106
    91.000      4.429      0.106
    91.500      4.430      0.106
    92.000      4.432      0.106
    92.500      4.433      0.106
    93.000      4.434      0.107
    93.500      4.436      0.107
    94.000      4.438      0.108
    94.500      4.439      0.108
    95.000      4.441      0.109
    95.500      4.442      0.109
    96.000      4.443      0.109
    96.500      4.445      0.110
    97.000      4.446      0.111
    97.500      4.448      0.111
    98.000      4.449      0.112
    98.500      4.451      0.113
    99.000      4.451      0.113
    99.500      4.453      0.114
   100.000      4.454      0.115
   100.500      4.455      0.116
   101.000      4.457      0.117
   101.500      4.458      0.118
   102.000      4.459      0.119
   102.500      4.459      0.119
   103.000      4.461      0.120
   103.500      4.461      0.121
   104.000      4.462      0.122
   104.500      4.463      0.124
   105.000      4.464      0.124
   105.500      4.465      0.125
   106.000      4.465      0.126
   106.500      4.466      0.127
   107.000      4.467      0.128
   107.500      4.467      0.129
   108.000      4.468      0.130
   108.500      4.468      0.131
   109.000      4.469      0.132
   109.500      4.469      0.132
   110.000      4.469      0.134
   110.500      4.470      0.135
   111.000      4.470      0.136
   111.500      4.470      0.137
   112.000      4.470      0.138
   112.500      4.470      0.138
   113.000      4.470      0.139
   113.500      4.470      0.141
   114.000      4.471      0.142
   114.500      4.471      0.143
   115.000      4.470      0.144
   115.500      4.470      0.144
   116.000      4.470      0.145
   116.500      4.470      0.147
   117.000      4.470      0.148
   117.500      4.469      0.149
   118.000      4.469      0.150
   118.500      4.469      0.151
   119.000      4.468      0.151
   119.500      4.468      0.153
   120.000      4.467      0.155
   120.500      4.467      0.155
   121.000      4.466      0.156
   121.500      4.466      0.157
   122.000      4.465      0.158
   122.500      4.464      0.159
   123.000      4.464      0.161
   123.500      4.463      0.162
   124.000      4.462      0.163
   124.500      4.462      0.164
   125.000      4.461      0.165
   125.500      4.460      0.166
   126.000      4.459      0.168
   126.500      4.457      0.169
   127.000      4.457      0.170
   127.500      4.456      0.171
   128.000      4.456      0.172
   128.500      4.454      0.174
   129.000      4.453      0.176
   129.500      4.451      0.177
   130.000      4.450      0.177
   130.500      4.450      0.178
   131.000      4.449      0.180
   131.500      4.448      0.182
   132.000      4.446      0.183
   132.500      4.444      0.184
   133.000      4.443      0.185
   133.500      4.442      0.186
   134.000      4.441      0.188
   134.500      4.440      0.190
   135.000      4.438      0.191
   135.500      4.436      0.192
   136.000      4.435      0.193
   136.500      4.434      0.194
   137.000      4.433      0.196
   137.500      4.431      0.198
   138.000      4.429      0.199
   138.500      4.427      0.201
   139.000      4.425      0.201
   139.500      4.424      0.202
   140.000      4.423      0.204
   140.500      4.422      0.206
   141.000      4.419      0.208
   141.500      4.417      0.209
   142.000      4.415      0.209
   142.500      4.414      0.210
   143.000      4.413      0.212
   143.500      4.411      0.214
   144.000      4.409      0.216
   144.500      4.407      0.217
   145.000      4.405      0.217
   145.500      4.404      0.218
   146.000      4.402      0.220
   146.500      4.400      0.222
   147.000      4.398      0.224
   147.500      4.396      0.224
   148.000      4.394      0.225
   148.500      4.392      0.225
   149.000      4.390      0.227
   149.500      4.389      0.229
   150.000      4.386      0.231
   150.500      4.384      0.232
   151.000      4.383      0.231
   151.500      4.381      0.232
   152.000      4.378      0.234
   152.500      4.377      0.236
   153.000      4.374      0.238
   153.500      4.372      0.238
   154.000      4.371      0.237
   154.500      4.369      0.238
   155.000      4.366      0.240
   155.500      4.364      0.241
   156.000      4.362      0.244
   156.500      4.360      0.244
   157.000      4.358      0.243
   157.500      4.356      0.243
   158.000      4.354      0.245
   158.500      4.352      0.246
   159.000      4.349      0.249
   159.500      4.347      0.249
   160.000      4.345      0.247
   160.500      4.343      0.247
   161.000      4.341      0.248
   161.500      4.339      0.250
   162.000      4.336      0.252
   162.500      4.335      0.252
   163.000      4.332      0.250
   163.500      4.329      0.250
   164.000      4.328      0.251
   164.500      4.326      0.253
   165.000      4.323      0.255
   165.500      4.322      0.254
   166.000      4.319      0.253
   166.500      4.316      0.253
   167.000      4.315      0.253
   167.500      4.312      0.255
   168.000      4.310      0.256
   168.500      4.309      0.256
   169.000      4.306      0.255
   169.500      4.303      0.254
   170.000      4.301      0.254
   170.500      4.299      0.256
   171.000      4.297      0.257
   171.500      4.296      0.256
   172.000      4.293      0.256
   172.500      4.290      0.254
   173.000      4.288      0.255
   173.500      4.285      0.257
   174.000      4.285      0.257
   174.500      4.283      0.256
   175.000      4.281      0.256
   175.500      4.278      0.255
   176.000      4.275      0.255
   176.500      4.272      0.258
   177.000      4.271      0.258
   177.500      4.270      0.257
   178.000      4.269      0.257
   178.500      4.266      0.255
   179.000      4.263      0.256
   179.500      4.259      0.259
   180.000      4.258      0.258
   180.500      4.257      0.258
   181.000      4.257      0.258
   181.500      4.254      0.257
   182.000      4.250      0.259
   182.500      4.246      0.263
   183.000      4.245      0.261
   183.500      4.245      0.261
   184.000      4.246      0.262
   184.500      4.243      0.262
   185.000      4.238      0.264
   185.500      4.235      0.269
   186.000      4.233      0.268
   186.500      4.233      0.268
   187.000      4.234      0.269
   187.500      4.234      0.269
   188.000      4.227      0.274
   188.500      4.223      0.280
   189.000      4.222      0.279
   189.500      4.222      0.279
   190.000      4.222      0.279
   190.500      4.223      0.281
   191.000      4.216      0.289
   191.500      4.212      0.296
   192.000      4.212      0.296
   192.500      4.212      0.296
   193.000      4.212      0.296
   193.500      4.213      0.298
   194.000      4.206      0.310
   194.500      4.202      0.321
   195.000      4.202      0.321
   195.500      4.202      0.321
   196.000      4.202      0.321
   196.500      4.202      0.321
   197.000      4.196      0.340
   197.500      4.193      0.353
   198.000      4.193      0.353
   198.500      4.193      0.353
   199.000      4.193      0.353
