     0.000      1.323      0.489
     0.500      1.641      0.389
     1.000      2.041      0.393
     1.500      2.957      0.155
     2.000      3.022      0.181
     2.500      3.065      0.167
     3.000      3.115      0.140
     3.500      3.147      0.129
     4.000      3.186      0.115
     4.500      3.219      0.110
     5.000      3.250      0.103
     5.500      3.279      0.103
     6.000      3.307      0.100
     6.500      3.331      0.100
     7.000      3.355      0.097
     7.500      3.378      0.096
     8.000      3.396      0.093
     8.500      3.417      0.088
     9.000      3.433      0.085
     9.500      3.451      0.079
    10.000      3.465      0.076
    10.500      3.481      0.070
    11.000      3.495      0.066
    11.500      3.508      0.061
    12.000      3.521      0.056
    12.500      3.533      0.053
    13.000      3.545      0.049
    13.500      3.556      0.047
    14.000      3.568      0.044
    14.500      3.578      0.042
    15.000      3.590      0.040
    15.500      3.599      0.039
    16.000      3.610      0.037
    16.500      3.620      0.037
    17.000      3.630      0.035
    17.500      3.641      0.034
    18.000      3.650      0.033
    18.500      3.660      0.032
    19.000      3.670      0.030
    19.500      3.680      0.030
    20.000      3.689      0.029
    20.500      3.699      0.029
    21.000      3.709      0.029
    21.500      3.719      0.029
    22.000      3.729      0.030
    22.500      3.739      0.032
    23.000      3.750      0.033
    23.500      3.760      0.035
    24.000      3.770      0.038
    24.500      3.782      0.040
    25.000      3.792      0.043
    25.500      3.804      0.045
    26.000      3.815      0.048
    26.500      3.827      0.051
    27.000      3.840      0.054
    27.500      3.852      0.057
    28.000      3.865      0.060
    28.500      3.878      0.063
    29.000      3.893      0.064
    29.500      3.908      0.065
    30.000      3.925      0.067
    30.500      3.940      0.068
    31.000      3.958      0.070
    31.500      3.975      0.070
    32.000      3.993      0.070
    32.500      4.012      0.069
    33.000      4.031      0.070
    33.500      4.050      0.069
    34.000      4.070      0.069
    34.500      4.090      0.070
    35.000      4.113      0.071
    35.500      4.132      0.070
    36.000      4.150      0.071
    36.500      4.344      0.141
    37.000      4.361      0.142
    37.500      4.371      0.135
    38.000      4.383      0.131
    38.500      4.393      0.125
    39.000      4.403      0.122
    39.500      4.410      0.117
    40.000      4.415      0.111
    40.500      4.421      0.107
    41.000      4.426      0.103
    41.500      4.430      0.099
    42.000      4.433      0.096
    42.500      4.438      0.091
    43.000      4.442      0.086
    43.500      4.446      0.079
    44.000      4.449      0.076
    44.500      4.453      0.073
    45.000      4.455      0.071
    45.500      4.458      0.068
    46.000      4.462      0.066
    46.500      4.466      0.063
    47.000      4.470      0.060
    47.500      4.473      0.059
    48.000      4.475      0.058
    48.500      4.477      0.057
    49.000      4.479      0.056
    49.500      4.482      0.056
    50.000      4.484      0.055
    50.500      4.486      0.053
    51.000      4.488      0.053
    51.500      4.489      0.053
    52.000      4.491      0.053
    52.500      4.492      0.054
    53.000      4.494      0.054
    53.500      4.496      0.053
    54.000      4.497      0.053
    54.500      4.499      0.053
    55.000      4.500      0.054
    55.500      4.501      0.054
    56.000      4.502      0.055
    56.500      4.503      0.055
    57.000      4.504      0.055
    57.500      4.505      0.055
    58.000      4.506      0.055
    58.500      4.507      0.056
    59.000      4.507      0.056
    59.500      4.508      0.056
    60.000      4.508      0.056
    60.500      4.509      0.056
    61.000      4.510      0.056
    61.500      4.510      0.056
    62.000      4.510      0.056
    62.500      4.510      0.056
    63.000      4.511      0.056
    63.500      4.511      0.056
    64.000      4.512      0.056
    64.500      4.512      0.055
    65.000      4.512      0.055
    65.500      4.512      0.055
    66.000      4.511      0.055
    66.500      4.511      0.054
    67.000      4.512      0.054
    67.500      4.512      0.054
    68.000      4.511      0.054
    68.500      4.511      0.054
    69.000      4.511      0.053
    69.500      4.510      0.052
    70.000      4.510      0.052
    70.500      4.510      0.053
    71.000      4.510      0.053
    71.500      4.509      0.052
    72.000      4.509      0.052
    72.500      4.508      0.051
    73.000      4.508      0.051
    73.500      4.507      0.051
    74.000      4.507      0.052
    74.500      4.506      0.052
    75.000      4.505      0.052
    75.500      4.505      0.051
    76.000      4.505      0.051
    76.500      4.504      0.051
    77.000      4.503      0.052
    77.500      4.503      0.053
    78.000      4.502      0.054
    78.500      4.501      0.053
    79.000      4.500      0.054
    79.500      4.500      0.054
    80.000      4.499      0.055
    80.500      4.499      0.056
    81.000      4.497      0.057
    81.500      4.497      0.057
    82.000      4.496      0.057
    82.500      4.496      0.058
    83.000      4.495      0.059
    83.500      4.494      0.060
    84.000      4.493      0.061
    84.500      4.492      0.062
    85.000      4.492      0.062
    85.500      4.491      0.063
    86.000      4.491      0.064
    86.500      4.490      0.065
    87.000      4.489      0.066
    87.500      4.488      0.067
    88.000      4.488      0.068
    88.500      4.487      0.068
    89.000      4.486      0.070
    89.500      4.486      0.071
    90.000      4.486      0.072
    90.500      4.485      0.072
    91.000      4.484      0.073
    91.500      4.483      0.073
    92.000      4.483      0.074
    92.500      4.483      0.075
    93.000      4.482      0.076
    93.500      4.482      0.077
    94.000      4.481      0.077
    94.500      4.481      0.077
    95.000      4.480      0.077
    95.500      4.480      0.078
    96.000      4.480      0.079
    96.500      4.480      0.080
    97.000      4.479      0.080
    97.500      4.479      0.080
    98.000      4.478      0.080
    98.500      4.478      0.080
    99.000      4.478      0.081
    99.500      4.478      0.081
   100.000      4.478      0.081
   100.500      4.478      0.081
   101.000      4.478      0.081
   101.500      4.477      0.081
   102.000      4.477      0.081
   102.500      4.477      0.081
   103.000      4.477      0.081
   103.500      4.478      0.081
   104.000      4.478      0.081
   104.500      4.477      0.081
   105.000      4.477      0.080
   105.500      4.477      0.080
   106.000      4.477      0.080
   106.500      4.478      0.080
   107.000      4.478      0.080
   107.500      4.478      0.080
   108.000      4.478      0.079
   108.500      4.478      0.078
   109.000      4.477      0.078
   109.500      4.478      0.078
   110.000      4.479      0.078
   110.500      4.480      0.078
   111.000      4.480      0.077
   111.500      4.480      0.076
   112.000      4.479      0.075
   112.500      4.479      0.075
   113.000      4.480      0.075
   113.500      4.481      0.075
   114.000      4.482      0.075
   114.500      4.482      0.074
   115.000      4.482      0.073
   115.500      4.481      0.072
   116.000      4.482      0.072
   116.500      4.483      0.072
   117.000      4.484      0.072
   117.500      4.485      0.072
   118.000      4.485      0.071
   118.500      4.484      0.070
   119.000      4.484      0.070
   119.500      4.486      0.070
   120.000      4.487      0.070
   120.500      4.488      0.069
   121.000      4.489      0.070
   121.500      4.488      0.069
   122.000      4.488      0.068
   122.500      4.488      0.068
   123.000      4.490      0.069
   123.500      4.491      0.069
   124.000      4.492      0.069
   124.500      4.492      0.069
   125.000      4.492      0.068
   125.500      4.492      0.068
   126.000      4.493      0.069
   126.500      4.495      0.069
   127.000      4.496      0.069
   127.500      4.497      0.069
   128.000      4.497      0.069
   128.500      4.497      0.069
   129.000      4.497      0.070
   129.500      4.499      0.071
   130.000      4.500      0.071
   130.500      4.501      0.072
   131.000      4.502      0.072
   131.500      4.502      0.071
   132.000      4.502      0.072
   132.500      4.503      0.074
   133.000      4.504      0.075
   133.500      4.505      0.076
   134.000      4.506      0.076
   134.500      4.507      0.076
   135.000      4.507      0.076
   135.500      4.507      0.078
   136.000      4.509      0.080
   136.500      4.510      0.081
   137.000      4.511      0.082
   137.500      4.512      0.082
   138.000      4.512      0.082
   138.500      4.513      0.083
   139.000      4.514      0.086
   139.500      4.515      0.087
   140.000      4.516      0.088
   140.500      4.517      0.089
   141.000      4.518      0.089
   141.500      4.518      0.090
   142.000      4.519      0.091
   142.500      4.520      0.094
   143.000      4.521      0.095
   143.500      4.522      0.096
   144.000      4.523      0.097
   144.500      4.524      0.098
   145.000      4.525      0.098
   145.500      4.526      0.100
   146.000      4.526      0.102
   146.500      4.527      0.103
   147.000      4.528      0.105
   147.500      4.529      0.105
   148.000      4.530      0.106
   148.500      4.531      0.107
   149.000      4.532      0.109
   149.500      4.532      0.110
   150.000      4.533      0.112
   150.500      4.534      0.113
   151.000      4.535      0.114
   151.500      4.536      0.115
   152.000      4.537      0.115
   152.500      4.537      0.117
   153.000      4.538      0.118
   153.500      4.539      0.120
   154.000      4.541      0.121
   154.500      4.541      0.122
   155.000      4.542      0.122
   155.500      4.543      0.122
   156.000      4.543      0.124
   156.500      4.544      0.126
   157.000      4.546      0.127
   157.500      4.547      0.128
   158.000      4.547      0.129
   158.500      4.548      0.129
   159.000      4.548      0.129
   159.500      4.549      0.131
   160.000      4.550      0.132
   160.500      4.552      0.133
   161.000      4.552      0.134
   161.500      4.553      0.134
   162.000      4.553      0.134
   162.500      4.554      0.135
   163.000      4.555      0.136
   163.500      4.556      0.137
   164.000      4.557      0.138
   164.500      4.557      0.139
   165.000      4.558      0.139
   165.500      4.558      0.139
   166.000      4.559      0.139
   166.500      4.560      0.140
   167.000      4.562      0.141
   167.500      4.562      0.142
   168.000      4.563      0.142
   168.500      4.562      0.142
   169.000      4.563      0.142
   169.500      4.564      0.142
   170.000      4.565      0.142
   170.500      4.566      0.144
   171.000      4.567      0.144
   171.500      4.567      0.144
   172.000      4.567      0.144
   172.500      4.567      0.144
   173.000      4.569      0.143
   173.500      4.570      0.144
   174.000      4.571      0.145
   174.500      4.571      0.145
   175.000      4.570      0.145
   175.500      4.571      0.145
   176.000      4.571      0.145
   176.500      4.573      0.143
   177.000      4.574      0.145
   177.500      4.575      0.145
   178.000      4.574      0.145
   178.500      4.573      0.144
   179.000      4.573      0.144
   179.500      4.574      0.144
   180.000      4.576      0.143
   180.500      4.578      0.145
   181.000      4.577      0.144
   181.500      4.576      0.144
   182.000      4.576      0.144
   182.500      4.576      0.144
   183.000      4.578      0.143
   183.500      4.580      0.143
   184.000      4.580      0.144
   184.500      4.578      0.144
   185.000      4.578      0.144
   185.500      4.578      0.144
   186.000      4.578      0.144
   186.500      4.581      0.141
   187.000      4.583      0.144
   187.500      4.580      0.146
   188.000      4.579      0.145
   188.500      4.579      0.145
   189.000      4.579      0.145
   189.500      4.579      0.145
   190.000      4.583      0.144
   190.500      4.582      0.150
   191.000      4.579      0.149
   191.500      4.579      0.149
   192.000      4.579      0.149
   192.500      4.579      0.149
   193.000      4.579      0.149
   193.500      4.585      0.151
   194.000      4.579      0.158
   194.500      4.579      0.158
   195.000      4.579      0.158
   195.500      4.579      0.158
   196.000      4.579      0.158
   196.500      4.579      0.158
   197.000      4.578      0.171
   197.500      4.578      0.171
   198.000      4.578      0.171
   198.500      4.578      0.171
   199.000      4.578      0.171
   199.500      4.578      0.171
