     0.000      1.430      0.563
     0.500      2.164      0.416
     1.000      2.963      0.160
     1.500      2.999      0.152
     2.000      3.041      0.127
     2.500      3.078      0.121
     3.000      3.115      0.109
     3.500      3.150      0.104
     4.000      3.186      0.095
     4.500      3.218      0.093
     5.000      3.251      0.087
     5.500      3.282      0.082
     6.000      3.313      0.077
     6.500      3.342      0.073
     7.000      3.371      0.069
     7.500      3.397      0.065
     8.000      3.426      0.064
     8.500      3.449      0.061
     9.000      3.478      0.061
     9.500      3.499      0.060
    10.000      3.525      0.061
    10.500      3.546      0.061
    11.000      3.570      0.062
    11.500      3.590      0.061
    12.000      3.611      0.062
    12.500      3.631      0.062
    13.000      3.650      0.063
    13.500      3.668      0.063
    14.000      3.686      0.063
    14.500      3.704      0.063
    15.000      3.720      0.063
    15.500      3.736      0.063
    16.000      3.752      0.064
    16.500      3.767      0.065
    17.000      3.782      0.065
    17.500      3.797      0.066
    18.000      3.810      0.066
    18.500      3.824      0.068
    19.000      3.838      0.068
    19.500      3.853      0.068
    20.000      3.867      0.067
    20.500      3.880      0.067
    21.000      3.894      0.067
    21.500      3.908      0.067
    22.000      3.921      0.067
    22.500      3.934      0.067
    23.000      3.948      0.066
    23.500      3.961      0.066
    24.000      3.973      0.066
    24.500      3.986      0.065
    25.000      4.001      0.065
    25.500      4.015      0.065
    26.000      4.029      0.065
    26.500      4.044      0.067
    27.000      4.058      0.070
    27.500      4.073      0.075
    28.000      4.089      0.080
    28.500      4.102      0.077
    29.000      4.115      0.064
    29.500      4.128      0.052
    30.000      4.143      0.050
    30.500      4.155      0.047
    31.000      4.169      0.048
    31.500      4.185      0.054
    32.000      4.198      0.057
    32.500      4.209      0.062
    33.000      4.310      0.108
    33.500      4.316      0.107
    34.000      4.325      0.104
    34.500      4.330      0.102
    35.000      4.334      0.100
    35.500      4.338      0.095
    36.000      4.343      0.094
    36.500      4.351      0.096
    37.000      4.360      0.100
    37.500      4.369      0.103
    38.000      4.375      0.102
    38.500      4.379      0.100
    39.000      4.383      0.098
    39.500      4.387      0.094
    40.000      4.393      0.093
    40.500      4.397      0.093
    41.000      4.403      0.096
    41.500      4.409      0.101
    42.000      4.414      0.106
    42.500      4.417      0.108
    43.000      4.417      0.108
    43.500      4.415      0.105
    44.000      4.414      0.102
    44.500      4.413      0.098
    45.000      4.412      0.094
    45.500      4.411      0.091
    46.000      4.409      0.089
    46.500      4.407      0.087
    47.000      4.406      0.086
    47.500      4.404      0.083
    48.000      4.403      0.080
    48.500      4.402      0.077
    49.000      4.400      0.076
    49.500      4.398      0.077
    50.000      4.396      0.077
    50.500      4.394      0.075
    51.000      4.392      0.073
    51.500      4.391      0.071
    52.000      4.389      0.070
    52.500      4.387      0.071
    53.000      4.385      0.071
    53.500      4.383      0.071
    54.000      4.381      0.070
    54.500      4.379      0.069
    55.000      4.377      0.067
    55.500      4.376      0.067
    56.000      4.374      0.068
    56.500      4.371      0.068
    57.000      4.369      0.068
    57.500      4.367      0.067
    58.000      4.365      0.066
    58.500      4.363      0.065
    59.000      4.361      0.066
    59.500      4.359      0.066
    60.000      4.356      0.066
    60.500      4.354      0.066
    61.000      4.351      0.065
    61.500      4.350      0.064
    62.000      4.348      0.064
    62.500      4.346      0.064
    63.000      4.343      0.064
    63.500      4.340      0.064
    64.000      4.338      0.063
    64.500      4.336      0.062
    65.000      4.334      0.062
    65.500      4.332      0.062
    66.000      4.330      0.062
    66.500      4.328      0.062
    67.000      4.325      0.061
    67.500      4.322      0.060
    68.000      4.320      0.060
    68.500      4.319      0.060
    69.000      4.317      0.060
    69.500      4.315      0.060
    70.000      4.312      0.060
    70.500      4.309      0.059
    71.000      4.307      0.059
    71.500      4.305      0.059
    72.000      4.304      0.059
    72.500      4.302      0.059
    73.000      4.299      0.059
    73.500      4.297      0.059
    74.000      4.294      0.059
    74.500      4.292      0.059
    75.000      4.291      0.059
    75.500      4.289      0.060
    76.000      4.287      0.060
    76.500      4.284      0.061
    77.000      4.282      0.061
    77.500      4.280      0.062
    78.000      4.278      0.062
    78.500      4.277      0.062
    79.000      4.275      0.063
    79.500      4.273      0.064
    80.000      4.271      0.065
    80.500      4.269      0.066
    81.000      4.267      0.066
    81.500      4.266      0.067
    82.000      4.264      0.067
    82.500      4.263      0.068
    83.000      4.261      0.069
    83.500      4.259      0.071
    84.000      4.258      0.072
    84.500      4.256      0.073
    85.000      4.255      0.073
    85.500      4.253      0.074
    86.000      4.252      0.075
    86.500      4.250      0.076
    87.000      4.249      0.078
    87.500      4.248      0.079
    88.000      4.246      0.080
    88.500      4.245      0.080
    89.000      4.244      0.081
    89.500      4.242      0.082
    90.000      4.241      0.083
    90.500      4.241      0.085
    91.000      4.240      0.086
    91.500      4.239      0.087
    92.000      4.238      0.087
    92.500      4.237      0.088
    93.000      4.236      0.089
    93.500      4.235      0.090
    94.000      4.235      0.091
    94.500      4.234      0.092
    95.000      4.233      0.093
    95.500      4.232      0.094
    96.000      4.231      0.095
    96.500      4.231      0.095
    97.000      4.230      0.096
    97.500      4.230      0.097
    98.000      4.230      0.098
    98.500      4.229      0.099
    99.000      4.229      0.100
    99.500      4.228      0.100
   100.000      4.228      0.100
   100.500      4.228      0.101
   101.000      4.228      0.102
   101.500      4.228      0.103
   102.000      4.227      0.104
   102.500      4.227      0.104
   103.000      4.227      0.104
   103.500      4.227      0.105
   104.000      4.227      0.105
   104.500      4.227      0.106
   105.000      4.227      0.107
   105.500      4.227      0.108
   106.000      4.227      0.108
   106.500      4.227      0.108
   107.000      4.227      0.108
   107.500      4.227      0.109
   108.000      4.227      0.110
   108.500      4.228      0.111
   109.000      4.228      0.112
   109.500      4.228      0.112
   110.000      4.228      0.112
   110.500      4.229      0.112
   111.000      4.229      0.113
   111.500      4.229      0.114
   112.000      4.230      0.114
   112.500      4.231      0.115
   113.000      4.231      0.115
   113.500      4.231      0.115
   114.000      4.232      0.115
   114.500      4.232      0.116
   115.000      4.233      0.117
   115.500      4.234      0.118
   116.000      4.235      0.118
   116.500      4.235      0.119
   117.000      4.236      0.119
   117.500      4.236      0.119
   118.000      4.236      0.120
   118.500      4.237      0.120
   119.000      4.238      0.121
   119.500      4.239      0.122
   120.000      4.240      0.122
   120.500      4.241      0.123
   121.000      4.241      0.123
   121.500      4.242      0.123
   122.000      4.243      0.124
   122.500      4.244      0.125
   123.000      4.245      0.126
   123.500      4.246      0.126
   124.000      4.247      0.126
   124.500      4.247      0.127
   125.000      4.248      0.127
   125.500      4.249      0.128
   126.000      4.250      0.129
   126.500      4.252      0.130
   127.000      4.253      0.130
   127.500      4.254      0.131
   128.000      4.254      0.131
   128.500      4.255      0.132
   129.000      4.256      0.133
   129.500      4.258      0.134
   130.000      4.259      0.135
   130.500      4.261      0.135
   131.000      4.261      0.135
   131.500      4.262      0.136
   132.000      4.263      0.137
   132.500      4.264      0.138
   133.000      4.265      0.139
   133.500      4.267      0.140
   134.000      4.269      0.140
   134.500      4.269      0.140
   135.000      4.270      0.141
   135.500      4.271      0.142
   136.000      4.272      0.144
   136.500      4.274      0.145
   137.000      4.276      0.145
   137.500      4.276      0.145
   138.000      4.277      0.145
   138.500      4.278      0.146
   139.000      4.279      0.148
   139.500      4.280      0.150
   140.000      4.282      0.151
   140.500      4.284      0.151
   141.000      4.285      0.151
   141.500      4.285      0.151
   142.000      4.287      0.152
   142.500      4.288      0.155
   143.000      4.289      0.156
   143.500      4.291      0.157
   144.000      4.292      0.157
   144.500      4.293      0.157
   145.000      4.294      0.158
   145.500      4.295      0.159
   146.000      4.297      0.161
   146.500      4.298      0.163
   147.000      4.299      0.163
   147.500      4.300      0.163
   148.000      4.301      0.163
   148.500      4.303      0.165
   149.000      4.304      0.166
   149.500      4.306      0.168
   150.000      4.306      0.169
   150.500      4.307      0.169
   151.000      4.309      0.169
   151.500      4.310      0.170
   152.000      4.311      0.172
   152.500      4.313      0.174
   153.000      4.314      0.175
   153.500      4.314      0.175
   154.000      4.315      0.175
   154.500      4.317      0.176
   155.000      4.318      0.178
   155.500      4.320      0.180
   156.000      4.321      0.181
   156.500      4.322      0.181
   157.000      4.322      0.182
   157.500      4.323      0.182
   158.000      4.324      0.183
   158.500      4.326      0.186
   159.000      4.328      0.187
   159.500      4.328      0.188
   160.000      4.329      0.188
   160.500      4.329      0.188
   161.000      4.330      0.190
   161.500      4.331      0.192
   162.000      4.333      0.194
   162.500      4.334      0.195
   163.000      4.335      0.195
   163.500      4.335      0.195
   164.000      4.335      0.196
   164.500      4.336      0.199
   165.000      4.338      0.201
   165.500      4.340      0.203
   166.000      4.340      0.203
   166.500      4.340      0.203
   167.000      4.340      0.203
   167.500      4.341      0.205
   168.000      4.342      0.208
   168.500      4.344      0.211
   169.000      4.345      0.211
   169.500      4.345      0.212
   170.000      4.345      0.212
   170.500      4.345      0.212
   171.000      4.346      0.215
   171.500      4.348      0.219
   172.000      4.348      0.221
   172.500      4.349      0.221
   173.000      4.349      0.222
   173.500      4.348      0.222
   174.000      4.349      0.224
   174.500      4.351      0.227
   175.000      4.352      0.230
   175.500      4.351      0.232
   176.000      4.352      0.233
   176.500      4.352      0.233
   177.000      4.351      0.234
   177.500      4.351      0.238
   178.000      4.354      0.241
   178.500      4.354      0.242
   179.000      4.353      0.244
   179.500      4.354      0.246
   180.000      4.353      0.247
   180.500      4.352      0.250
   181.000      4.354      0.255
   181.500      4.355      0.256
   182.000      4.354      0.256
   182.500      4.353      0.260
   183.000      4.354      0.263
   183.500      4.352      0.265
   184.000      4.352      0.270
   184.500      4.354      0.273
   185.000      4.354      0.273
   185.500      4.354      0.273
   186.000      4.352      0.278
   186.500      4.353      0.283
   187.000      4.350      0.287
   187.500      4.352      0.293
   188.000      4.352      0.293
   188.500      4.352      0.293
   189.000      4.352      0.293
   189.500      4.350      0.300
   190.000      4.349      0.307
   190.500      4.348      0.317
   191.000      4.348      0.317
   191.500      4.348      0.317
   192.000      4.348      0.317
   192.500      4.348      0.317
   193.000      4.346      0.325
   193.500      4.342      0.339
   194.000      4.343      0.346
   194.500      4.343      0.346
   195.000      4.343      0.346
   195.500      4.343      0.346
   196.000      4.343      0.346
   196.500      4.340      0.355
   197.000      4.335      0.378
   197.500      4.335      0.378
   198.000      4.335      0.378
   198.500      4.335      0.378
   199.000      4.335      0.378
   199.500      4.335      0.378
