     0.000      1.354      0.537
     0.500      3.114      0.160
     1.000      3.143      0.158
     1.500      3.187      0.120
     2.000      3.232      0.117
     2.500      3.252      0.100
     3.000      3.294      0.083
     3.500      3.322      0.079
     4.000      3.349      0.063
     4.500      3.378      0.059
     5.000      3.403      0.049
     5.500      3.424      0.045
     6.000      3.450      0.041
     6.500      3.468      0.038
     7.000      3.487      0.039
     7.500      3.506      0.037
     8.000      3.520      0.038
     8.500      3.536      0.039
     9.000      3.549      0.037
     9.500      3.560      0.041
    10.000      3.574      0.039
    10.500      3.583      0.040
    11.000      3.591      0.041
    11.500      3.602      0.039
    12.000      3.608      0.039
    12.500      3.615      0.039
    13.000      3.622      0.038
    13.500      3.626      0.037
    14.000      3.632      0.037
    14.500      3.637      0.035
    15.000      3.640      0.035
    15.500      3.645      0.034
    16.000      3.648      0.034
    16.500      3.651      0.033
    17.000      3.655      0.033
    17.500      3.657      0.033
    18.000      3.660      0.032
    18.500      3.664      0.032
    19.000      3.666      0.032
    19.500      3.669      0.031
    20.000      3.672      0.031
    20.500      3.675      0.031
    21.000      3.677      0.030
    21.500      3.680      0.030
    22.000      3.683      0.029
    22.500      3.686      0.029
    23.000      3.689      0.028
    23.500      3.691      0.028
    24.000      3.695      0.027
    24.500      3.697      0.027
    25.000      3.700      0.026
    25.500      3.704      0.025
    26.000      3.707      0.025
    26.500      3.710      0.024
    27.000      3.713      0.023
    27.500      3.716      0.023
    28.000      3.720      0.023
    28.500      3.723      0.022
    29.000      3.727      0.022
    29.500      3.730      0.022
    30.000      3.734      0.022
    30.500      3.738      0.022
    31.000      3.742      0.023
    31.500      3.746      0.023
    32.000      3.750      0.024
    32.500      3.754      0.024
    33.000      3.759      0.025
    33.500      3.764      0.026
    34.000      3.768      0.027
    34.500      3.773      0.028
    35.000      3.778      0.030
    35.500      3.783      0.031
    36.000      3.788      0.032
    36.500      3.794      0.034
    37.000      3.799      0.035
    37.500      3.805      0.036
    38.000      3.811      0.038
    38.500      3.817      0.039
    39.000      3.824      0.041
    39.500      3.830      0.043
    40.000      3.837      0.044
    40.500      3.844      0.045
    41.000      3.851      0.047
    41.500      3.859      0.049
    42.000      3.866      0.051
    42.500      3.874      0.053
    43.000      3.882      0.054
    43.500      3.890      0.056
    44.000      3.899      0.059
    44.500      3.908      0.060
    45.000      3.918      0.063
    45.500      3.929      0.064
    46.000      3.940      0.066
    46.500      3.952      0.067
    47.000      3.965      0.069
    47.500      3.978      0.071
    48.000      3.992      0.073
    48.500      4.005      0.076
    49.000      4.019      0.079
    49.500      4.036      0.081
    50.000      4.053      0.082
    50.500      4.067      0.085
    51.000      4.084      0.087
    51.500      4.100      0.091
    52.000      4.364      0.195
    52.500      4.377      0.195
    53.000      4.393      0.197
    53.500      4.413      0.196
    54.000      4.429      0.193
    54.500      4.444      0.190
    55.000      4.465      0.189
    55.500      4.480      0.187
    56.000      4.491      0.183
    56.500      4.503      0.183
    57.000      4.511      0.180
    57.500      4.519      0.176
    58.000      4.524      0.169
    58.500      4.528      0.164
    59.000      4.530      0.158
    59.500      4.531      0.152
    60.000      4.535      0.147
    60.500      4.537      0.143
    61.000      4.540      0.138
    61.500      4.541      0.135
    62.000      4.541      0.130
    62.500      4.542      0.128
    63.000      4.542      0.125
    63.500      4.542      0.123
    64.000      4.542      0.121
    64.500      4.541      0.119
    65.000      4.539      0.118
    65.500      4.538      0.117
    66.000      4.537      0.117
    66.500      4.537      0.117
    67.000      4.537      0.117
    67.500      4.536      0.118
    68.000      4.534      0.119
    68.500      4.533      0.121
    69.000      4.533      0.122
    69.500      4.532      0.123
    70.000      4.532      0.124
    70.500      4.531      0.126
    71.000      4.529      0.128
    71.500      4.528      0.129
    72.000      4.528      0.130
    72.500      4.527      0.132
    73.000      4.527      0.133
    73.500      4.526      0.134
    74.000      4.525      0.136
    74.500      4.524      0.137
    75.000      4.524      0.138
    75.500      4.523      0.139
    76.000      4.522      0.139
    76.500      4.522      0.140
    77.000      4.521      0.141
    77.500      4.520      0.141
    78.000      4.519      0.142
    78.500      4.519      0.142
    79.000      4.518      0.142
    79.500      4.518      0.142
    80.000      4.517      0.142
    80.500      4.516      0.142
    81.000      4.516      0.142
    81.500      4.515      0.142
    82.000      4.514      0.142
    82.500      4.514      0.141
    83.000      4.514      0.141
    83.500      4.513      0.141
    84.000      4.512      0.140
    84.500      4.511      0.139
    85.000      4.511      0.139
    85.500      4.511      0.138
    86.000      4.510      0.138
    86.500      4.510      0.137
    87.000      4.509      0.136
    87.500      4.508      0.136
    88.000      4.508      0.135
    88.500      4.508      0.134
    89.000      4.507      0.133
    89.500      4.507      0.133
    90.000      4.506      0.133
    90.500      4.506      0.132
    91.000      4.506      0.131
    91.500      4.505      0.130
    92.000      4.505      0.130
    92.500      4.505      0.130
    93.000      4.504      0.130
    93.500      4.504      0.129
    94.000      4.503      0.128
    94.500      4.503      0.128
    95.000      4.503      0.128
    95.500      4.503      0.129
    96.000      4.502      0.129
    96.500      4.502      0.129
    97.000      4.502      0.128
    97.500      4.502      0.128
    98.000      4.502      0.129
    98.500      4.501      0.129
    99.000      4.501      0.130
    99.500      4.501      0.130
   100.000      4.501      0.130
   100.500      4.501      0.131
   101.000      4.501      0.131
   101.500      4.500      0.132
   102.000      4.500      0.133
   102.500      4.500      0.134
   103.000      4.500      0.134
   103.500      4.500      0.135
   104.000      4.500      0.135
   104.500      4.500      0.136
   105.000      4.500      0.137
   105.500      4.500      0.138
   106.000      4.500      0.138
   106.500      4.500      0.139
   107.000      4.500      0.140
   107.500      4.500      0.141
   108.000      4.500      0.141
   108.500      4.499      0.142
   109.000      4.499      0.143
   109.500      4.499      0.144
   110.000      4.499      0.144
   110.500      4.499      0.145
   111.000      4.499      0.145
   111.500      4.499      0.146
   112.000      4.499      0.147
   112.500      4.499      0.147
   113.000      4.499      0.148
   113.500      4.499      0.148
   114.000      4.499      0.148
   114.500      4.498      0.149
   115.000      4.498      0.150
   115.500      4.498      0.150
   116.000      4.498      0.151
   116.500      4.498      0.151
   117.000      4.498      0.151
   117.500      4.498      0.152
   118.000      4.497      0.152
   118.500      4.497      0.153
   119.000      4.497      0.153
   119.500      4.497      0.153
   120.000      4.497      0.153
   120.500      4.496      0.154
   121.000      4.496      0.154
   121.500      4.496      0.155
   122.000      4.496      0.155
   122.500      4.496      0.155
   123.000      4.495      0.155
   123.500      4.495      0.155
   124.000      4.495      0.156
   124.500      4.494      0.156
   125.000      4.494      0.157
   125.500      4.494      0.156
   126.000      4.493      0.156
   126.500      4.493      0.156
   127.000      4.493      0.157
   127.500      4.492      0.158
   128.000      4.492      0.158
   128.500      4.492      0.158
   129.000      4.491      0.157
   129.500      4.490      0.157
   130.000      4.490      0.158
   130.500      4.490      0.159
   131.000      4.489      0.159
   131.500      4.489      0.159
   132.000      4.488      0.158
   132.500      4.487      0.159
   133.000      4.487      0.160
   133.500      4.487      0.160
   134.000      4.486      0.161
   134.500      4.485      0.160
   135.000      4.484      0.160
   135.500      4.484      0.161
   136.000      4.483      0.161
   136.500      4.483      0.162
   137.000      4.482      0.162
   137.500      4.481      0.162
   138.000      4.480      0.162
   138.500      4.480      0.163
   139.000      4.479      0.164
   139.500      4.478      0.164
   140.000      4.477      0.165
   140.500      4.476      0.165
   141.000      4.475      0.165
   141.500      4.474      0.166
   142.000      4.474      0.166
   142.500      4.473      0.167
   143.000      4.472      0.168
   143.500      4.471      0.168
   144.000      4.469      0.169
   144.500      4.469      0.169
   145.000      4.468      0.170
   145.500      4.467      0.171
   146.000      4.466      0.171
   146.500      4.465      0.172
   147.000      4.463      0.173
   147.500      4.462      0.173
   148.000      4.461      0.174
   148.500      4.460      0.175
   149.000      4.459      0.176
   149.500      4.457      0.176
   150.000      4.455      0.177
   150.500      4.454      0.178
   151.000      4.453      0.178
   151.500      4.452      0.179
   152.000      4.451      0.181
   152.500      4.449      0.181
   153.000      4.447      0.182
   153.500      4.446      0.183
   154.000      4.444      0.184
   154.500      4.443      0.185
   155.000      4.442      0.186
   155.500      4.439      0.187
   156.000      4.437      0.188
   156.500      4.436      0.188
   157.000      4.435      0.189
   157.500      4.433      0.190
   158.000      4.431      0.192
   158.500      4.428      0.193
   159.000      4.426      0.194
   159.500      4.425      0.194
   160.000      4.424      0.195
   160.500      4.422      0.196
   161.000      4.420      0.197
   161.500      4.416      0.199
   162.000      4.414      0.201
   162.500      4.413      0.200
   163.000      4.412      0.201
   163.500      4.410      0.202
   164.000      4.407      0.203
   164.500      4.403      0.206
   165.000      4.401      0.208
   165.500      4.400      0.207
   166.000      4.399      0.207
   166.500      4.396      0.208
   167.000      4.393      0.209
   167.500      4.389      0.213
   168.000      4.387      0.214
   168.500      4.385      0.214
   169.000      4.384      0.214
   169.500      4.381      0.215
   170.000      4.377      0.216
   170.500      4.373      0.220
   171.000      4.371      0.221
   171.500      4.369      0.221
   172.000      4.368      0.221
   172.500      4.364      0.222
   173.000      4.361      0.224
   173.500      4.356      0.228
   174.000      4.353      0.229
   174.500      4.351      0.229
   175.000      4.350      0.228
   175.500      4.347      0.229
   176.000      4.343      0.231
   176.500      4.337      0.236
   177.000      4.334      0.237
   177.500      4.332      0.237
   178.000      4.330      0.237
   178.500      4.328      0.237
   179.000      4.323      0.240
   179.500      4.317      0.246
   180.000      4.313      0.246
   180.500      4.311      0.246
   181.000      4.309      0.246
   181.500      4.309      0.247
   182.000      4.302      0.250
   182.500      4.295      0.256
   183.000      4.290      0.257
   183.500      4.288      0.258
   184.000      4.287      0.258
   184.500      4.287      0.258
   185.000      4.280      0.262
   185.500      4.271      0.269
   186.000      4.266      0.270
   186.500      4.264      0.271
   187.000      4.264      0.271
   187.500      4.264      0.271
   188.000      4.256      0.276
   188.500      4.243      0.285
   189.000      4.239      0.287
   189.500      4.238      0.288
   190.000      4.238      0.288
   190.500      4.238      0.288
   191.000      4.230      0.293
   191.500      4.215      0.304
   192.000      4.211      0.307
   192.500      4.211      0.307
   193.000      4.211      0.307
   193.500      4.211      0.307
   194.000      4.202      0.314
   194.500      4.183      0.330
   195.000      4.182      0.331
   195.500      4.182      0.331
   196.000      4.182      0.331
   196.500      4.182      0.331
   197.000      4.172      0.339
   197.500      4.151      0.358
   198.000      4.151      0.358
   198.500      4.151      0.358
   199.000      4.151      0.358
   199.500      4.151      0.358
