     0.000      1.208      0.399
     0.500      3.093      0.156
     1.000      3.093      0.156
     1.500      3.156      0.129
     2.000      3.189      0.112
     2.500      3.203      0.111
     3.000      3.255      0.083
     3.500      3.277      0.078
     4.000      3.307      0.067
     4.500      3.334      0.055
     5.000      3.360      0.050
     5.500      3.383      0.044
     6.000      3.402      0.040
     6.500      3.427      0.034
     7.000      3.443      0.035
     7.500      3.461      0.034
     8.000      3.480      0.033
     8.500      3.494      0.035
     9.000      3.507      0.036
     9.500      3.521      0.037
    10.000      3.533      0.039
    10.500      3.543      0.039
    11.000      3.555      0.039
    11.500      3.564      0.041
    12.000      3.572      0.040
    12.500      3.580      0.042
    13.000      3.588      0.042
    13.500      3.594      0.041
    14.000      3.600      0.042
    14.500      3.607      0.041
    15.000      3.611      0.041
    15.500      3.616      0.041
    16.000      3.621      0.041
    16.500      3.625      0.041
    17.000      3.630      0.040
    17.500      3.634      0.040
    18.000      3.638      0.040
    18.500      3.642      0.040
    19.000      3.646      0.039
    19.500      3.650      0.039
    20.000      3.653      0.038
    20.500      3.658      0.038
    21.000      3.661      0.037
    21.500      3.665      0.037
    22.000      3.670      0.036
    22.500      3.673      0.036
    23.000      3.677      0.035
    23.500      3.681      0.035
    24.000      3.685      0.034
    24.500      3.689      0.033
    25.000      3.694      0.033
    25.500      3.698      0.032
    26.000      3.702      0.031
    26.500      3.706      0.031
    27.000      3.711      0.030
    27.500      3.715      0.030
    28.000      3.720      0.029
    28.500      3.724      0.029
    29.000      3.729      0.028
    29.500      3.734      0.028
    30.000      3.739      0.028
    30.500      3.744      0.028
    31.000      3.749      0.028
    31.500      3.754      0.028
    32.000      3.760      0.028
    32.500      3.765      0.028
    33.000      3.771      0.028
    33.500      3.777      0.028
    34.000      3.782      0.029
    34.500      3.788      0.029
    35.000      3.795      0.030
    35.500      3.801      0.031
    36.000      3.808      0.031
    36.500      3.815      0.032
    37.000      3.822      0.033
    37.500      3.829      0.034
    38.000      3.836      0.035
    38.500      3.844      0.036
    39.000      3.852      0.038
    39.500      3.860      0.040
    40.000      3.868      0.041
    40.500      3.876      0.044
    41.000      3.885      0.045
    41.500      3.893      0.047
    42.000      3.901      0.048
    42.500      3.908      0.049
    43.000      3.917      0.051
    43.500      3.927      0.053
    44.000      3.937      0.056
    44.500      3.947      0.059
    45.000      3.958      0.063
    45.500      3.969      0.066
    46.000      3.981      0.070
    46.500      3.994      0.073
    47.000      4.007      0.076
    47.500      4.021      0.078
    48.000      4.035      0.081
    48.500      4.048      0.085
    49.000      4.062      0.089
    49.500      4.077      0.094
    50.000      4.093      0.099
    50.500      4.110      0.103
    51.000      4.128      0.108
    51.500      4.143      0.111
    52.000      4.156      0.108
    52.500      4.343      0.169
    53.000      4.356      0.165
    53.500      4.370      0.163
    54.000      4.382      0.161
    54.500      4.393      0.158
    55.000      4.401      0.153
    55.500      4.406      0.149
    56.000      4.416      0.147
    56.500      4.427      0.148
    57.000      4.438      0.149
    57.500      4.450      0.153
    58.000      4.462      0.159
    58.500      4.471      0.161
    59.000      4.478      0.162
    59.500      4.486      0.163
    60.000      4.494      0.164
    60.500      4.501      0.165
    61.000      4.506      0.165
    61.500      4.512      0.166
    62.000      4.519      0.167
    62.500      4.523      0.167
    63.000      4.527      0.167
    63.500      4.530      0.165
    64.000      4.529      0.164
    64.500      4.527      0.162
    65.000      4.526      0.160
    65.500      4.525      0.158
    66.000      4.524      0.156
    66.500      4.523      0.154
    67.000      4.521      0.154
    67.500      4.520      0.153
    68.000      4.519      0.153
    68.500      4.517      0.152
    69.000      4.516      0.150
    69.500      4.515      0.150
    70.000      4.513      0.150
    70.500      4.512      0.150
    71.000      4.511      0.150
    71.500      4.509      0.150
    72.000      4.508      0.149
    72.500      4.506      0.149
    73.000      4.505      0.149
    73.500      4.504      0.149
    74.000      4.502      0.148
    74.500      4.500      0.148
    75.000      4.499      0.147
    75.500      4.498      0.147
    76.000      4.496      0.147
    76.500      4.495      0.146
    77.000      4.493      0.146
    77.500      4.491      0.145
    78.000      4.490      0.144
    78.500      4.489      0.143
    79.000      4.488      0.143
    79.500      4.486      0.142
    80.000      4.484      0.141
    80.500      4.482      0.140
    81.000      4.480      0.138
    81.500      4.479      0.138
    82.000      4.478      0.137
    82.500      4.476      0.136
    83.000      4.474      0.134
    83.500      4.472      0.133
    84.000      4.471      0.132
    84.500      4.470      0.131
    85.000      4.468      0.130
    85.500      4.466      0.128
    86.000      4.465      0.127
    86.500      4.462      0.126
    87.000      4.461      0.125
    87.500      4.460      0.124
    88.000      4.458      0.123
    88.500      4.457      0.122
    89.000      4.455      0.121
    89.500      4.452      0.120
    90.000      4.451      0.119
    90.500      4.450      0.118
    91.000      4.448      0.118
    91.500      4.446      0.118
    92.000      4.444      0.117
    92.500      4.442      0.116
    93.000      4.441      0.116
    93.500      4.440      0.116
    94.000      4.438      0.116
    94.500      4.436      0.117
    95.000      4.434      0.117
    95.500      4.432      0.117
    96.000      4.431      0.117
    96.500      4.430      0.117
    97.000      4.428      0.118
    97.500      4.426      0.119
    98.000      4.424      0.120
    98.500      4.422      0.121
    99.000      4.421      0.122
    99.500      4.419      0.123
   100.000      4.418      0.124
   100.500      4.415      0.126
   101.000      4.414      0.127
   101.500      4.412      0.129
   102.000      4.411      0.130
   102.500      4.409      0.132
   103.000      4.407      0.133
   103.500      4.405      0.135
   104.000      4.403      0.137
   104.500      4.402      0.139
   105.000      4.400      0.140
   105.500      4.399      0.142
   106.000      4.397      0.144
   106.500      4.395      0.145
   107.000      4.393      0.147
   107.500      4.392      0.149
   108.000      4.390      0.150
   108.500      4.389      0.152
   109.000      4.387      0.154
   109.500      4.385      0.156
   110.000      4.383      0.158
   110.500      4.382      0.159
   111.000      4.380      0.161
   111.500      4.379      0.163
   112.000      4.377      0.165
   112.500      4.375      0.166
   113.000      4.373      0.168
   113.500      4.372      0.169
   114.000      4.370      0.171
   114.500      4.369      0.172
   115.000      4.367      0.174
   115.500      4.365      0.176
   116.000      4.363      0.177
   116.500      4.362      0.178
   117.000      4.360      0.180
   117.500      4.359      0.181
   118.000      4.357      0.183
   118.500      4.355      0.184
   119.000      4.354      0.185
   119.500      4.352      0.186
   120.000      4.351      0.188
   120.500      4.349      0.189
   121.000      4.347      0.191
   121.500      4.346      0.192
   122.000      4.344      0.192
   122.500      4.342      0.193
   123.000      4.341      0.195
   123.500      4.339      0.196
   124.000      4.338      0.197
   124.500      4.336      0.198
   125.000      4.335      0.199
   125.500      4.333      0.200
   126.000      4.332      0.201
   126.500      4.330      0.202
   127.000      4.328      0.203
   127.500      4.327      0.204
   128.000      4.325      0.204
   128.500      4.324      0.205
   129.000      4.322      0.206
   129.500      4.321      0.207
   130.000      4.319      0.208
   130.500      4.318      0.209
   131.000      4.316      0.209
   131.500      4.315      0.210
   132.000      4.313      0.210
   132.500      4.312      0.211
   133.000      4.311      0.212
   133.500      4.309      0.213
   134.000      4.308      0.213
   134.500      4.306      0.214
   135.000      4.305      0.214
   135.500      4.304      0.215
   136.000      4.302      0.216
   136.500      4.301      0.216
   137.000      4.299      0.217
   137.500      4.298      0.217
   138.000      4.297      0.218
   138.500      4.296      0.218
   139.000      4.295      0.219
   139.500      4.293      0.219
   140.000      4.292      0.220
   140.500      4.290      0.220
   141.000      4.289      0.220
   141.500      4.288      0.221
   142.000      4.287      0.222
   142.500      4.286      0.222
   143.000      4.284      0.222
   143.500      4.283      0.223
   144.000      4.282      0.223
   144.500      4.281      0.224
   145.000      4.280      0.224
   145.500      4.279      0.225
   146.000      4.277      0.225
   146.500      4.276      0.225
   147.000      4.275      0.226
   147.500      4.274      0.226
   148.000      4.273      0.226
   148.500      4.272      0.227
   149.000      4.271      0.227
   149.500      4.270      0.227
   150.000      4.268      0.228
   150.500      4.268      0.228
   151.000      4.267      0.228
   151.500      4.267      0.229
   152.000      4.265      0.229
   152.500      4.264      0.230
   153.000      4.262      0.230
   153.500      4.262      0.230
   154.000      4.262      0.230
   154.500      4.261      0.231
   155.000      4.260      0.231
   155.500      4.259      0.232
   156.000      4.257      0.233
   156.500      4.257      0.233
   157.000      4.257      0.232
   157.500      4.257      0.234
   158.000      4.256      0.234
   158.500      4.254      0.235
   159.000      4.252      0.235
   159.500      4.252      0.235
   160.000      4.253      0.235
   160.500      4.253      0.236
   161.000      4.252      0.237
   161.500      4.250      0.238
   162.000      4.248      0.238
   162.500      4.249      0.237
   163.000      4.249      0.238
   163.500      4.249      0.239
   164.000      4.249      0.241
   164.500      4.247      0.242
   165.000      4.245      0.241
   165.500      4.246      0.241
   166.000      4.246      0.241
   166.500      4.247      0.243
   167.000      4.246      0.244
   167.500      4.244      0.246
   168.000      4.243      0.245
   168.500      4.244      0.245
   169.000      4.244      0.246
   169.500      4.245      0.247
   170.000      4.244      0.249
   170.500      4.242      0.250
   171.000      4.242      0.250
   171.500      4.242      0.250
   172.000      4.243      0.251
   172.500      4.244      0.252
   173.000      4.243      0.254
   173.500      4.241      0.256
   174.000      4.241      0.256
   174.500      4.242      0.257
   175.000      4.243      0.259
   175.500      4.243      0.259
   176.000      4.243      0.261
   176.500      4.240      0.263
   177.000      4.241      0.264
   177.500      4.243      0.265
   178.000      4.244      0.267
   178.500      4.243      0.268
   179.000      4.243      0.269
   179.500      4.240      0.272
   180.000      4.243      0.273
   180.500      4.245      0.276
   181.000      4.246      0.278
   181.500      4.244      0.278
   182.000      4.245      0.279
   182.500      4.242      0.282
   183.000      4.245      0.285
   183.500      4.249      0.290
   184.000      4.248      0.290
   184.500      4.246      0.290
   185.000      4.247      0.292
   185.500      4.245      0.296
   186.000      4.249      0.300
   186.500      4.252      0.305
   187.000      4.252      0.305
   187.500      4.250      0.305
   188.000      4.250      0.307
   188.500      4.249      0.313
   189.000      4.255      0.321
   189.500      4.255      0.322
   190.000      4.255      0.322
   190.500      4.254      0.323
   191.000      4.254      0.325
   191.500      4.256      0.335
   192.000      4.260      0.342
   192.500      4.260      0.342
   193.000      4.260      0.342
   193.500      4.260      0.343
   194.000      4.259      0.347
   194.500      4.265      0.365
   195.000      4.266      0.366
   195.500      4.266      0.366
   196.000      4.266      0.366
   196.500      4.266      0.366
   197.000      4.265      0.373
   197.500      4.273      0.394
   198.000      4.273      0.394
   198.500      4.273      0.394
   199.000      4.273      0.394
