     0.000      1.501      0.449
     0.500      2.995      0.169
     1.000      3.034      0.196
     1.500      3.094      0.172
     2.000      3.138      0.148
     2.500      3.183      0.133
     3.000      3.228      0.112
     3.500      3.262      0.102
     4.000      3.302      0.088
     4.500      3.331      0.081
     5.000      3.364      0.073
     5.500      3.391      0.068
     6.000      3.416      0.063
     6.500      3.442      0.060
     7.000      3.460      0.058
     7.500      3.483      0.057
     8.000      3.499      0.054
     8.500      3.517      0.054
     9.000      3.531      0.052
     9.500      3.544      0.052
    10.000      3.557      0.051
    10.500      3.567      0.051
    11.000      3.578      0.050
    11.500      3.586      0.051
    12.000      3.595      0.051
    12.500      3.602      0.052
    13.000      3.610      0.052
    13.500      3.616      0.053
    14.000      3.622      0.054
    14.500      3.628      0.055
    15.000      3.634      0.056
    15.500      3.640      0.057
    16.000      3.645      0.057
    16.500      3.651      0.057
    17.000      3.656      0.058
    17.500      3.661      0.057
    18.000      3.666      0.057
    18.500      3.671      0.057
    19.000      3.677      0.056
    19.500      3.682      0.055
    20.000      3.687      0.055
    20.500      3.692      0.054
    21.000      3.698      0.052
    21.500      3.703      0.052
    22.000      3.709      0.051
    22.500      3.714      0.049
    23.000      3.720      0.049
    23.500      3.726      0.048
    24.000      3.732      0.047
    24.500      3.739      0.046
    25.000      3.745      0.046
    25.500      3.752      0.046
    26.000      3.759      0.046
    26.500      3.766      0.046
    27.000      3.774      0.046
    27.500      3.782      0.046
    28.000      3.790      0.047
    28.500      3.799      0.047
    29.000      3.808      0.048
    29.500      3.818      0.048
    30.000      3.828      0.049
    30.500      3.839      0.050
    31.000      3.850      0.051
    31.500      3.862      0.051
    32.000      3.875      0.051
    32.500      3.887      0.052
    33.000      3.901      0.054
    33.500      3.914      0.057
    34.000      3.928      0.059
    34.500      3.942      0.061
    35.000      3.957      0.063
    35.500      3.972      0.066
    36.000      3.988      0.069
    36.500      4.004      0.073
    37.000      4.020      0.077
    37.500      4.036      0.082
    38.000      4.054      0.086
    38.500      4.070      0.089
    39.000      4.087      0.091
    39.500      4.102      0.095
    40.000      4.119      0.099
    40.500      4.135      0.102
    41.000      4.153      0.106
    41.500      4.422      0.159
    42.000      4.432      0.157
    42.500      4.442      0.157
    43.000      4.450      0.156
    43.500      4.456      0.154
    44.000      4.460      0.152
    44.500      4.465      0.151
    45.000      4.467      0.148
    45.500      4.470      0.145
    46.000      4.474      0.142
    46.500      4.479      0.141
    47.000      4.483      0.140
    47.500      4.483      0.138
    48.000      4.479      0.135
    48.500      4.473      0.130
    49.000      4.467      0.125
    49.500      4.462      0.120
    50.000      4.457      0.114
    50.500      4.452      0.110
    51.000      4.448      0.107
    51.500      4.443      0.105
    52.000      4.437      0.102
    52.500      4.431      0.099
    53.000      4.426      0.096
    53.500      4.422      0.093
    54.000      4.418      0.092
    54.500      4.413      0.092
    55.000      4.408      0.091
    55.500      4.402      0.090
    56.000      4.397      0.089
    56.500      4.393      0.088
    57.000      4.389      0.087
    57.500      4.385      0.087
    58.000      4.380      0.088
    58.500      4.375      0.089
    59.000      4.370      0.088
    59.500      4.366      0.088
    60.000      4.362      0.088
    60.500      4.359      0.089
    61.000      4.354      0.089
    61.500      4.349      0.090
    62.000      4.344      0.091
    62.500      4.340      0.091
    63.000      4.337      0.091
    63.500      4.334      0.092
    64.000      4.329      0.092
    64.500      4.325      0.093
    65.000      4.320      0.094
    65.500      4.316      0.094
    66.000      4.313      0.094
    66.500      4.310      0.094
    67.000      4.306      0.094
    67.500      4.302      0.095
    68.000      4.297      0.095
    68.500      4.294      0.095
    69.000      4.291      0.095
    69.500      4.288      0.095
    70.000      4.284      0.095
    70.500      4.281      0.095
    71.000      4.277      0.095
    71.500      4.273      0.095
    72.000      4.270      0.095
    72.500      4.267      0.094
    73.000      4.264      0.094
    73.500      4.261      0.094
    74.000      4.257      0.094
    74.500      4.253      0.093
    75.000      4.251      0.093
    75.500      4.248      0.092
    76.000      4.246      0.092
    76.500      4.243      0.091
    77.000      4.239      0.091
    77.500      4.236      0.091
    78.000      4.233      0.090
    78.500      4.231      0.090
    79.000      4.229      0.090
    79.500      4.226      0.089
    80.000      4.223      0.089
    80.500      4.220      0.088
    81.000      4.217      0.088
    81.500      4.215      0.088
    82.000      4.213      0.088
    82.500      4.211      0.087
    83.000      4.208      0.087
    83.500      4.205      0.087
    84.000      4.203      0.086
    84.500      4.201      0.086
    85.000      4.199      0.086
    85.500      4.197      0.087
    86.000      4.195      0.087
    86.500      4.192      0.087
    87.000      4.190      0.087
    87.500      4.189      0.087
    88.000      4.187      0.087
    88.500      4.185      0.088
    89.000      4.183      0.088
    89.500      4.181      0.089
    90.000      4.179      0.089
    90.500      4.178      0.090
    91.000      4.176      0.090
    91.500      4.175      0.091
    92.000      4.174      0.092
    92.500      4.172      0.093
    93.000      4.170      0.094
    93.500      4.169      0.095
    94.000      4.168      0.095
    94.500      4.166      0.096
    95.000      4.165      0.098
    95.500      4.164      0.099
    96.000      4.162      0.100
    96.500      4.161      0.101
    97.000      4.160      0.102
    97.500      4.159      0.103
    98.000      4.158      0.104
    98.500      4.157      0.106
    99.000      4.156      0.108
    99.500      4.155      0.109
   100.000      4.155      0.110
   100.500      4.154      0.111
   101.000      4.153      0.112
   101.500      4.153      0.114
   102.000      4.152      0.116
   102.500      4.151      0.118
   103.000      4.150      0.118
   103.500      4.150      0.119
   104.000      4.149      0.120
   104.500      4.149      0.122
   105.000      4.148      0.124
   105.500      4.148      0.126
   106.000      4.147      0.127
   106.500      4.147      0.128
   107.000      4.147      0.129
   107.500      4.147      0.131
   108.000      4.146      0.133
   108.500      4.146      0.135
   109.000      4.145      0.136
   109.500      4.145      0.137
   110.000      4.145      0.138
   110.500      4.146      0.140
   111.000      4.146      0.142
   111.500      4.145      0.144
   112.000      4.145      0.145
   112.500      4.145      0.146
   113.000      4.145      0.147
   113.500      4.146      0.149
   114.000      4.146      0.151
   114.500      4.146      0.153
   115.000      4.146      0.154
   115.500      4.146      0.155
   116.000      4.146      0.156
   116.500      4.147      0.158
   117.000      4.148      0.160
   117.500      4.148      0.162
   118.000      4.148      0.163
   118.500      4.148      0.164
   119.000      4.148      0.165
   119.500      4.149      0.167
   120.000      4.150      0.169
   120.500      4.150      0.171
   121.000      4.151      0.172
   121.500      4.151      0.173
   122.000      4.151      0.174
   122.500      4.152      0.175
   123.000      4.153      0.177
   123.500      4.154      0.179
   124.000      4.154      0.180
   124.500      4.154      0.181
   125.000      4.155      0.182
   125.500      4.155      0.183
   126.000      4.157      0.185
   126.500      4.158      0.187
   127.000      4.159      0.189
   127.500      4.159      0.189
   128.000      4.159      0.190
   128.500      4.160      0.191
   129.000      4.161      0.193
   129.500      4.163      0.195
   130.000      4.164      0.196
   130.500      4.164      0.197
   131.000      4.165      0.198
   131.500      4.165      0.199
   132.000      4.166      0.200
   132.500      4.168      0.202
   133.000      4.169      0.203
   133.500      4.170      0.204
   134.000      4.170      0.205
   134.500      4.171      0.206
   135.000      4.172      0.207
   135.500      4.174      0.208
   136.000      4.175      0.210
   136.500      4.176      0.211
   137.000      4.177      0.211
   137.500      4.177      0.212
   138.000      4.178      0.212
   138.500      4.180      0.214
   139.000      4.182      0.215
   139.500      4.183      0.216
   140.000      4.183      0.217
   140.500      4.184      0.217
   141.000      4.185      0.218
   141.500      4.186      0.219
   142.000      4.188      0.220
   142.500      4.189      0.221
   143.000      4.190      0.222
   143.500      4.191      0.222
   144.000      4.192      0.222
   144.500      4.193      0.223
   145.000      4.195      0.224
   145.500      4.196      0.225
   146.000      4.197      0.226
   146.500      4.198      0.226
   147.000      4.199      0.226
   147.500      4.200      0.226
   148.000      4.202      0.226
   148.500      4.203      0.228
   149.000      4.205      0.228
   149.500      4.206      0.229
   150.000      4.207      0.229
   150.500      4.208      0.228
   151.000      4.209      0.228
   151.500      4.210      0.229
   152.000      4.212      0.230
   152.500      4.213      0.231
   153.000      4.214      0.231
   153.500      4.215      0.230
   154.000      4.216      0.229
   154.500      4.217      0.229
   155.000      4.219      0.231
   155.500      4.220      0.231
   156.000      4.221      0.231
   156.500      4.222      0.231
   157.000      4.223      0.229
   157.500      4.224      0.229
   158.000      4.225      0.230
   158.500      4.227      0.231
   159.000      4.229      0.231
   159.500      4.230      0.231
   160.000      4.230      0.229
   160.500      4.231      0.228
   161.000      4.232      0.228
   161.500      4.234      0.230
   162.000      4.235      0.230
   162.500      4.236      0.230
   163.000      4.237      0.228
   163.500      4.238      0.226
   164.000      4.238      0.226
   164.500      4.240      0.228
   165.000      4.242      0.229
   165.500      4.243      0.228
   166.000      4.244      0.227
   166.500      4.244      0.225
   167.000      4.245      0.225
   167.500      4.245      0.225
   168.000      4.248      0.226
   168.500      4.249      0.227
   169.000      4.250      0.226
   169.500      4.250      0.224
   170.000      4.250      0.224
   170.500      4.251      0.223
   171.000      4.253      0.225
   171.500      4.255      0.225
   172.000      4.256      0.226
   172.500      4.255      0.224
   173.000      4.255      0.224
   173.500      4.256      0.223
   174.000      4.257      0.224
   174.500      4.260      0.225
   175.000      4.261      0.226
   175.500      4.259      0.226
   176.000      4.260      0.226
   176.500      4.260      0.226
   177.000      4.261      0.225
   177.500      4.264      0.226
   178.000      4.266      0.228
   178.500      4.264      0.230
   179.000      4.263      0.231
   179.500      4.264      0.231
   180.000      4.264      0.231
   180.500      4.266      0.231
   181.000      4.270      0.233
   181.500      4.268      0.238
   182.000      4.266      0.240
   182.500      4.266      0.240
   183.000      4.267      0.240
   183.500      4.268      0.240
   184.000      4.272      0.241
   184.500      4.271      0.250
   185.000      4.268      0.255
   185.500      4.268      0.255
   186.000      4.268      0.255
   186.500      4.269      0.255
   187.000      4.272      0.256
   187.500      4.274      0.265
   188.000      4.269      0.276
   188.500      4.269      0.276
   189.000      4.269      0.276
   189.500      4.269      0.276
   190.000      4.270      0.277
   190.500      4.276      0.284
   191.000      4.269      0.304
   191.500      4.269      0.304
   192.000      4.269      0.304
   192.500      4.269      0.304
   193.000      4.269      0.304
   193.500      4.273      0.307
   194.000      4.268      0.340
   194.500      4.268      0.340
   195.000      4.268      0.340
   195.500      4.268      0.340
   196.000      4.268      0.340
   196.500      4.268      0.340
   197.000      4.265      0.382
   197.500      4.265      0.382
   198.000      4.265      0.382
   198.500      4.265      0.382
   199.000      4.265      0.382
   199.500      4.265      0.382
