     0.000      1.300      0.488
     0.500      3.109      0.176
     1.000      3.114      0.173
     1.500      3.169      0.136
     2.000      3.181      0.128
     2.500      3.219      0.102
     3.000      3.236      0.093
     3.500      3.265      0.073
     4.000      3.278      0.066
     4.500      3.304      0.052
     5.000      3.318      0.045
     5.500      3.332      0.039
     6.000      3.351      0.033
     6.500      3.361      0.031
     7.000      3.375      0.030
     7.500      3.386      0.030
     8.000      3.397      0.031
     8.500      3.405      0.032
     9.000      3.415      0.035
     9.500      3.422      0.036
    10.000      3.429      0.039
    10.500      3.435      0.040
    11.000      3.441      0.041
    11.500      3.446      0.042
    12.000      3.451      0.043
    12.500      3.454      0.044
    13.000      3.458      0.045
    13.500      3.462      0.045
    14.000      3.465      0.046
    14.500      3.469      0.046
    15.000      3.472      0.046
    15.500      3.475      0.046
    16.000      3.478      0.046
    16.500      3.481      0.046
    17.000      3.484      0.046
    17.500      3.488      0.045
    18.000      3.491      0.045
    18.500      3.494      0.044
    19.000      3.498      0.043
    19.500      3.501      0.043
    20.000      3.505      0.042
    20.500      3.509      0.040
    21.000      3.514      0.040
    21.500      3.518      0.038
    22.000      3.523      0.037
    22.500      3.528      0.036
    23.000      3.533      0.035
    23.500      3.539      0.035
    24.000      3.544      0.034
    24.500      3.551      0.034
    25.000      3.557      0.033
    25.500      3.564      0.033
    26.000      3.571      0.034
    26.500      3.579      0.034
    27.000      3.587      0.035
    27.500      3.595      0.036
    28.000      3.604      0.038
    28.500      3.613      0.039
    29.000      3.622      0.041
    29.500      3.633      0.043
    30.000      3.643      0.045
    30.500      3.654      0.047
    31.000      3.666      0.050
    31.500      3.678      0.053
    32.000      3.691      0.055
    32.500      3.705      0.058
    33.000      3.719      0.060
    33.500      3.734      0.064
    34.000      3.749      0.067
    34.500      3.765      0.070
    35.000      3.782      0.073
    35.500      3.801      0.075
    36.000      3.820      0.078
    36.500      3.840      0.081
    37.000      3.862      0.085
    37.500      3.884      0.087
    38.000      3.911      0.089
    38.500      3.935      0.088
    39.000      3.964      0.089
    39.500      3.992      0.085
    40.000      4.024      0.084
    40.500      4.052      0.087
    41.000      4.080      0.091
    41.500      4.107      0.096
    42.000      4.133      0.103
    42.500      4.160      0.113
    43.000      4.183      0.115
    43.500      4.205      0.117
    44.000      4.226      0.116
    44.500      4.246      0.113
    45.000      4.537      0.180
    45.500      4.536      0.175
    46.000      4.530      0.168
    46.500      4.524      0.159
    47.000      4.518      0.150
    47.500      4.513      0.144
    48.000      4.511      0.138
    48.500      4.510      0.135
    49.000      4.506      0.132
    49.500      4.501      0.127
    50.000      4.495      0.121
    50.500      4.490      0.117
    51.000      4.486      0.113
    51.500      4.482      0.109
    52.000      4.480      0.108
    52.500      4.476      0.106
    53.000      4.473      0.104
    53.500      4.473      0.106
    54.000      4.472      0.108
    54.500      4.474      0.111
    55.000      4.474      0.114
    55.500      4.475      0.118
    56.000      4.475      0.123
    56.500      4.474      0.126
    57.000      4.474      0.128
    57.500      4.475      0.131
    58.000      4.476      0.134
    58.500      4.476      0.135
    59.000      4.474      0.135
    59.500      4.469      0.133
    60.000      4.464      0.130
    60.500      4.459      0.126
    61.000      4.455      0.121
    61.500      4.450      0.116
    62.000      4.445      0.114
    62.500      4.441      0.113
    63.000      4.437      0.111
    63.500      4.433      0.108
    64.000      4.429      0.106
    64.500      4.425      0.104
    65.000      4.422      0.103
    65.500      4.419      0.103
    66.000      4.415      0.102
    66.500      4.412      0.101
    67.000      4.409      0.100
    67.500      4.406      0.100
    68.000      4.404      0.100
    68.500      4.401      0.100
    69.000      4.398      0.100
    69.500      4.396      0.100
    70.000      4.394      0.100
    70.500      4.391      0.101
    71.000      4.390      0.101
    71.500      4.388      0.101
    72.000      4.386      0.102
    72.500      4.384      0.103
    73.000      4.382      0.104
    73.500      4.381      0.105
    74.000      4.380      0.105
    74.500      4.378      0.106
    75.000      4.377      0.107
    75.500      4.376      0.108
    76.000      4.375      0.109
    76.500      4.374      0.110
    77.000      4.373      0.111
    77.500      4.372      0.112
    78.000      4.371      0.113
    78.500      4.371      0.114
    79.000      4.371      0.115
    79.500      4.371      0.116
    80.000      4.370      0.117
    80.500      4.369      0.118
    81.000      4.369      0.119
    81.500      4.369      0.121
    82.000      4.369      0.122
    82.500      4.369      0.123
    83.000      4.369      0.124
    83.500      4.368      0.125
    84.000      4.368      0.126
    84.500      4.369      0.128
    85.000      4.369      0.129
    85.500      4.370      0.130
    86.000      4.369      0.132
    86.500      4.369      0.133
    87.000      4.369      0.134
    87.500      4.370      0.136
    88.000      4.371      0.137
    88.500      4.371      0.139
    89.000      4.371      0.140
    89.500      4.371      0.142
    90.000      4.371      0.143
    90.500      4.372      0.144
    91.000      4.374      0.146
    91.500      4.374      0.148
    92.000      4.374      0.149
    92.500      4.374      0.151
    93.000      4.374      0.152
    93.500      4.375      0.154
    94.000      4.377      0.156
    94.500      4.377      0.158
    95.000      4.378      0.159
    95.500      4.377      0.160
    96.000      4.378      0.162
    96.500      4.378      0.163
    97.000      4.380      0.165
    97.500      4.380      0.167
    98.000      4.381      0.169
    98.500      4.381      0.170
    99.000      4.380      0.171
    99.500      4.381      0.172
   100.000      4.382      0.174
   100.500      4.383      0.177
   101.000      4.383      0.178
   101.500      4.383      0.180
   102.000      4.383      0.181
   102.500      4.383      0.182
   103.000      4.384      0.184
   103.500      4.385      0.186
   104.000      4.385      0.188
   104.500      4.385      0.189
   105.000      4.385      0.190
   105.500      4.385      0.191
   106.000      4.386      0.193
   106.500      4.386      0.195
   107.000      4.386      0.196
   107.500      4.386      0.198
   108.000      4.386      0.199
   108.500      4.385      0.200
   109.000      4.386      0.201
   109.500      4.387      0.203
   110.000      4.387      0.205
   110.500      4.386      0.206
   111.000      4.386      0.208
   111.500      4.385      0.209
   112.000      4.386      0.210
   112.500      4.386      0.212
   113.000      4.387      0.213
   113.500      4.386      0.215
   114.000      4.385      0.216
   114.500      4.385      0.217
   115.000      4.385      0.218
   115.500      4.385      0.220
   116.000      4.386      0.221
   116.500      4.385      0.222
   117.000      4.384      0.224
   117.500      4.383      0.225
   118.000      4.383      0.226
   118.500      4.384      0.227
   119.000      4.384      0.229
   119.500      4.383      0.230
   120.000      4.382      0.231
   120.500      4.381      0.233
   121.000      4.381      0.234
   121.500      4.381      0.235
   122.000      4.382      0.236
   122.500      4.381      0.237
   123.000      4.380      0.239
   123.500      4.379      0.240
   124.000      4.378      0.241
   124.500      4.378      0.242
   125.000      4.379      0.243
   125.500      4.378      0.244
   126.000      4.377      0.246
   126.500      4.376      0.247
   127.000      4.375      0.248
   127.500      4.375      0.248
   128.000      4.375      0.250
   128.500      4.375      0.251
   129.000      4.374      0.252
   129.500      4.372      0.254
   130.000      4.371      0.254
   130.500      4.371      0.255
   131.000      4.372      0.256
   131.500      4.372      0.258
   132.000      4.370      0.259
   132.500      4.369      0.260
   133.000      4.367      0.260
   133.500      4.367      0.261
   134.000      4.367      0.262
   134.500      4.368      0.264
   135.000      4.366      0.265
   135.500      4.364      0.266
   136.000      4.363      0.266
   136.500      4.362      0.267
   137.000      4.362      0.267
   137.500      4.363      0.269
   138.000      4.362      0.270
   138.500      4.360      0.271
   139.000      4.359      0.272
   139.500      4.358      0.272
   140.000      4.357      0.272
   140.500      4.358      0.274
   141.000      4.357      0.275
   141.500      4.355      0.276
   142.000      4.354      0.277
   142.500      4.353      0.277
   143.000      4.352      0.277
   143.500      4.353      0.278
   144.000      4.353      0.279
   144.500      4.350      0.280
   145.000      4.349      0.281
   145.500      4.348      0.281
   146.000      4.347      0.281
   146.500      4.347      0.282
   147.000      4.347      0.283
   147.500      4.346      0.284
   148.000      4.344      0.285
   148.500      4.343      0.285
   149.000      4.342      0.285
   149.500      4.342      0.285
   150.000      4.342      0.286
   150.500      4.340      0.286
   151.000      4.339      0.287
   151.500      4.338      0.287
   152.000      4.337      0.287
   152.500      4.337      0.287
   153.000      4.336      0.288
   153.500      4.335      0.288
   154.000      4.334      0.289
   154.500      4.332      0.289
   155.000      4.332      0.289
   155.500      4.331      0.289
   156.000      4.331      0.289
   156.500      4.330      0.290
   157.000      4.328      0.290
   157.500      4.327      0.290
   158.000      4.326      0.290
   158.500      4.326      0.290
   159.000      4.326      0.289
   159.500      4.325      0.290
   160.000      4.323      0.290
   160.500      4.322      0.289
   161.000      4.321      0.290
   161.500      4.321      0.289
   162.000      4.321      0.289
   162.500      4.320      0.289
   163.000      4.318      0.289
   163.500      4.317      0.288
   164.000      4.316      0.288
   164.500      4.316      0.288
   165.000      4.316      0.288
   165.500      4.316      0.287
   166.000      4.313      0.287
   166.500      4.311      0.287
   167.000      4.311      0.286
   167.500      4.310      0.287
   168.000      4.312      0.286
   168.500      4.312      0.285
   169.000      4.309      0.284
   169.500      4.306      0.284
   170.000      4.306      0.284
   170.500      4.306      0.284
   171.000      4.307      0.283
   171.500      4.309      0.282
   172.000      4.305      0.281
   172.500      4.302      0.281
   173.000      4.301      0.281
   173.500      4.301      0.281
   174.000      4.302      0.281
   174.500      4.306      0.279
   175.000      4.303      0.278
   175.500      4.298      0.278
   176.000      4.296      0.278
   176.500      4.296      0.278
   177.000      4.298      0.277
   177.500      4.302      0.277
   178.000      4.302      0.276
   178.500      4.294      0.276
   179.000      4.292      0.276
   179.500      4.292      0.276
   180.000      4.295      0.275
   180.500      4.296      0.275
   181.000      4.300      0.275
   181.500      4.292      0.275
   182.000      4.289      0.276
   182.500      4.289      0.276
   183.000      4.292      0.274
   183.500      4.293      0.274
   184.000      4.298      0.276
   184.500      4.290      0.276
   185.000      4.286      0.278
   185.500      4.287      0.278
   186.000      4.289      0.277
   186.500      4.290      0.277
   187.000      4.292      0.278
   187.500      4.292      0.280
   188.000      4.283      0.285
   188.500      4.286      0.285
   189.000      4.288      0.284
   189.500      4.288      0.284
   190.000      4.288      0.285
   190.500      4.297      0.289
   191.000      4.281      0.297
   191.500      4.286      0.297
   192.000      4.286      0.297
   192.500      4.286      0.297
   193.000      4.286      0.297
   193.500      4.290      0.299
   194.000      4.280      0.315
   194.500      4.286      0.316
   195.000      4.286      0.316
   195.500      4.286      0.316
   196.000      4.286      0.316
   196.500      4.286      0.316
   197.000      4.280      0.341
   197.500      4.286      0.343
   198.000      4.286      0.343
   198.500      4.286      0.343
   199.000      4.286      0.343
   199.500      4.286      0.343
