     0.000      1.606      0.534
     0.500      3.001      0.173
     1.000      3.065      0.151
     1.500      3.106      0.126
     2.000      3.165      0.102
     2.500      3.201      0.093
     3.000      3.249      0.075
     3.500      3.285      0.070
     4.000      3.320      0.062
     4.500      3.353      0.058
     5.000      3.380      0.057
     5.500      3.409      0.055
     6.000      3.431      0.055
     6.500      3.453      0.055
     7.000      3.474      0.054
     7.500      3.490      0.055
     8.000      3.506      0.056
     8.500      3.521      0.056
     9.000      3.534      0.055
     9.500      3.546      0.056
    10.000      3.557      0.056
    10.500      3.567      0.056
    11.000      3.575      0.056
    11.500      3.585      0.056
    12.000      3.593      0.057
    12.500      3.601      0.056
    13.000      3.608      0.056
    13.500      3.616      0.055
    14.000      3.623      0.054
    14.500      3.630      0.053
    15.000      3.637      0.052
    15.500      3.644      0.052
    16.000      3.651      0.050
    16.500      3.658      0.049
    17.000      3.665      0.048
    17.500      3.672      0.048
    18.000      3.680      0.047
    18.500      3.687      0.046
    19.000      3.695      0.047
    19.500      3.702      0.047
    20.000      3.711      0.048
    20.500      3.719      0.048
    21.000      3.728      0.050
    21.500      3.737      0.051
    22.000      3.747      0.052
    22.500      3.757      0.054
    23.000      3.768      0.056
    23.500      3.779      0.058
    24.000      3.792      0.060
    24.500      3.805      0.061
    25.000      3.821      0.062
    25.500      3.836      0.062
    26.000      3.853      0.063
    26.500      3.872      0.062
    27.000      3.890      0.063
    27.500      3.908      0.064
    28.000      3.928      0.066
    28.500      3.948      0.069
    29.000      3.971      0.071
    29.500      3.997      0.072
    30.000      4.024      0.073
    30.500      4.050      0.076
    31.000      4.073      0.078
    31.500      4.090      0.083
    32.000      4.108      0.084
    32.500      4.536      0.224
    33.000      4.554      0.217
    33.500      4.560      0.211
    34.000      4.571      0.206
    34.500      4.583      0.203
    35.000      4.591      0.198
    35.500      4.597      0.190
    36.000      4.600      0.182
    36.500      4.606      0.174
    37.000      4.613      0.167
    37.500      4.620      0.160
    38.000      4.624      0.154
    38.500      4.628      0.151
    39.000      4.632      0.145
    39.500      4.634      0.140
    40.000      4.635      0.134
    40.500      4.631      0.128
    41.000      4.629      0.121
    41.500      4.627      0.115
    42.000      4.626      0.110
    42.500      4.626      0.105
    43.000      4.623      0.100
    43.500      4.621      0.095
    44.000      4.617      0.090
    44.500      4.614      0.085
    45.000      4.612      0.081
    45.500      4.610      0.079
    46.000      4.609      0.076
    46.500      4.607      0.074
    47.000      4.604      0.071
    47.500      4.600      0.069
    48.000      4.597      0.067
    48.500      4.596      0.066
    49.000      4.594      0.066
    49.500      4.592      0.065
    50.000      4.590      0.065
    50.500      4.587      0.065
    51.000      4.583      0.065
    51.500      4.581      0.066
    52.000      4.579      0.065
    52.500      4.577      0.066
    53.000      4.575      0.066
    53.500      4.572      0.067
    54.000      4.570      0.069
    54.500      4.566      0.070
    55.000      4.565      0.070
    55.500      4.562      0.070
    56.000      4.560      0.071
    56.500      4.558      0.071
    57.000      4.555      0.073
    57.500      4.552      0.074
    58.000      4.550      0.075
    58.500      4.548      0.075
    59.000      4.545      0.075
    59.500      4.543      0.075
    60.000      4.540      0.075
    60.500      4.538      0.076
    61.000      4.535      0.077
    61.500      4.533      0.077
    62.000      4.531      0.076
    62.500      4.528      0.076
    63.000      4.526      0.076
    63.500      4.523      0.077
    64.000      4.521      0.077
    64.500      4.519      0.077
    65.000      4.517      0.077
    65.500      4.514      0.076
    66.000      4.512      0.075
    66.500      4.509      0.075
    67.000      4.507      0.075
    67.500      4.505      0.075
    68.000      4.503      0.075
    68.500      4.501      0.074
    69.000      4.498      0.073
    69.500      4.496      0.073
    70.000      4.494      0.072
    70.500      4.491      0.072
    71.000      4.489      0.072
    71.500      4.488      0.072
    72.000      4.485      0.071
    72.500      4.483      0.070
    73.000      4.481      0.070
    73.500      4.478      0.069
    74.000      4.476      0.069
    74.500      4.475      0.069
    75.000      4.472      0.069
    75.500      4.470      0.069
    76.000      4.468      0.068
    76.500      4.466      0.068
    77.000      4.464      0.068
    77.500      4.462      0.068
    78.000      4.461      0.068
    78.500      4.458      0.068
    79.000      4.456      0.069
    79.500      4.455      0.069
    80.000      4.453      0.068
    80.500      4.451      0.069
    81.000      4.449      0.069
    81.500      4.448      0.070
    82.000      4.446      0.070
    82.500      4.444      0.071
    83.000      4.442      0.071
    83.500      4.440      0.071
    84.000      4.438      0.073
    84.500      4.438      0.073
    85.000      4.436      0.074
    85.500      4.434      0.075
    86.000      4.432      0.075
    86.500      4.431      0.076
    87.000      4.430      0.077
    87.500      4.428      0.077
    88.000      4.427      0.079
    88.500      4.426      0.079
    89.000      4.424      0.080
    89.500      4.423      0.080
    90.000      4.422      0.081
    90.500      4.420      0.082
    91.000      4.419      0.083
    91.500      4.418      0.084
    92.000      4.417      0.084
    92.500      4.415      0.084
    93.000      4.414      0.085
    93.500      4.413      0.086
    94.000      4.412      0.087
    94.500      4.411      0.087
    95.000      4.410      0.088
    95.500      4.409      0.088
    96.000      4.408      0.088
    96.500      4.408      0.089
    97.000      4.407      0.090
    97.500      4.406      0.090
    98.000      4.405      0.090
    98.500      4.404      0.091
    99.000      4.404      0.091
    99.500      4.403      0.091
   100.000      4.402      0.092
   100.500      4.402      0.092
   101.000      4.401      0.092
   101.500      4.400      0.093
   102.000      4.400      0.093
   102.500      4.400      0.093
   103.000      4.398      0.094
   103.500      4.398      0.094
   104.000      4.398      0.094
   104.500      4.397      0.094
   105.000      4.397      0.094
   105.500      4.397      0.094
   106.000      4.396      0.095
   106.500      4.395      0.095
   107.000      4.395      0.095
   107.500      4.395      0.095
   108.000      4.394      0.094
   108.500      4.394      0.095
   109.000      4.395      0.095
   109.500      4.394      0.096
   110.000      4.393      0.096
   110.500      4.393      0.096
   111.000      4.393      0.096
   111.500      4.393      0.095
   112.000      4.394      0.096
   112.500      4.394      0.097
   113.000      4.393      0.097
   113.500      4.393      0.098
   114.000      4.393      0.097
   114.500      4.393      0.097
   115.000      4.393      0.097
   115.500      4.394      0.098
   116.000      4.394      0.099
   116.500      4.393      0.099
   117.000      4.393      0.099
   117.500      4.393      0.099
   118.000      4.393      0.099
   118.500      4.394      0.099
   119.000      4.395      0.100
   119.500      4.394      0.101
   120.000      4.394      0.102
   120.500      4.394      0.102
   121.000      4.395      0.102
   121.500      4.395      0.102
   122.000      4.396      0.103
   122.500      4.396      0.104
   123.000      4.396      0.105
   123.500      4.396      0.106
   124.000      4.396      0.106
   124.500      4.397      0.106
   125.000      4.398      0.107
   125.500      4.398      0.108
   126.000      4.399      0.109
   126.500      4.398      0.110
   127.000      4.399      0.110
   127.500      4.399      0.111
   128.000      4.400      0.111
   128.500      4.401      0.113
   129.000      4.401      0.113
   129.500      4.402      0.114
   130.000      4.402      0.115
   130.500      4.402      0.117
   131.000      4.403      0.117
   131.500      4.404      0.118
   132.000      4.404      0.119
   132.500      4.405      0.120
   133.000      4.405      0.121
   133.500      4.406      0.122
   134.000      4.406      0.123
   134.500      4.407      0.124
   135.000      4.408      0.126
   135.500      4.408      0.126
   136.000      4.409      0.127
   136.500      4.409      0.128
   137.000      4.411      0.129
   137.500      4.411      0.131
   138.000      4.412      0.132
   138.500      4.413      0.133
   139.000      4.413      0.134
   139.500      4.413      0.134
   140.000      4.414      0.135
   140.500      4.416      0.137
   141.000      4.417      0.139
   141.500      4.418      0.140
   142.000      4.418      0.141
   142.500      4.418      0.141
   143.000      4.419      0.141
   143.500      4.420      0.142
   144.000      4.421      0.145
   144.500      4.423      0.146
   145.000      4.423      0.147
   145.500      4.423      0.148
   146.000      4.423      0.148
   146.500      4.424      0.148
   147.000      4.426      0.150
   147.500      4.427      0.152
   148.000      4.428      0.153
   148.500      4.428      0.154
   149.000      4.428      0.154
   149.500      4.428      0.154
   150.000      4.430      0.154
   150.500      4.432      0.157
   151.000      4.434      0.159
   151.500      4.434      0.159
   152.000      4.434      0.159
   152.500      4.434      0.159
   153.000      4.434      0.159
   153.500      4.437      0.160
   154.000      4.439      0.163
   154.500      4.439      0.164
   155.000      4.440      0.163
   155.500      4.440      0.163
   156.000      4.440      0.163
   156.500      4.441      0.163
   157.000      4.443      0.166
   157.500      4.445      0.168
   158.000      4.445      0.168
   158.500      4.445      0.167
   159.000      4.446      0.166
   159.500      4.445      0.166
   160.000      4.447      0.166
   160.500      4.450      0.170
   161.000      4.450      0.170
   161.500      4.450      0.170
   162.000      4.451      0.168
   162.500      4.452      0.168
   163.000      4.451      0.168
   163.500      4.455      0.169
   164.000      4.456      0.172
   164.500      4.455      0.172
   165.000      4.455      0.171
   165.500      4.457      0.169
   166.000      4.458      0.168
   166.500      4.458      0.168
   167.000      4.461      0.171
   167.500      4.461      0.171
   168.000      4.460      0.171
   168.500      4.461      0.170
   169.000      4.463      0.168
   169.500      4.463      0.167
   170.000      4.465      0.167
   170.500      4.467      0.170
   171.000      4.465      0.170
   171.500      4.465      0.170
   172.000      4.466      0.169
   172.500      4.469      0.166
   173.000      4.468      0.166
   173.500      4.472      0.167
   174.000      4.471      0.168
   174.500      4.470      0.168
   175.000      4.469      0.168
   175.500      4.471      0.166
   176.000      4.474      0.164
   176.500      4.474      0.164
   177.000      4.477      0.167
   177.500      4.474      0.166
   178.000      4.474      0.166
   178.500      4.474      0.166
   179.000      4.475      0.165
   179.500      4.480      0.162
   180.000      4.481      0.164
   180.500      4.480      0.165
   181.000      4.478      0.166
   181.500      4.478      0.166
   182.000      4.478      0.166
   182.500      4.480      0.164
   183.000      4.485      0.163
   183.500      4.486      0.168
   184.000      4.482      0.168
   184.500      4.481      0.168
   185.000      4.481      0.168
   185.500      4.481      0.168
   186.000      4.483      0.167
   186.500      4.488      0.171
   187.000      4.487      0.174
   187.500      4.484      0.176
   188.000      4.484      0.176
   188.500      4.484      0.176
   189.000      4.484      0.176
   189.500      4.487      0.175
   190.000      4.494      0.186
   190.500      4.487      0.190
   191.000      4.487      0.190
   191.500      4.487      0.190
   192.000      4.487      0.190
   192.500      4.487      0.190
   193.000      4.490      0.190
   193.500      4.492      0.209
   194.000      4.489      0.212
   194.500      4.489      0.212
   195.000      4.489      0.212
   195.500      4.489      0.212
   196.000      4.489      0.212
   196.500      4.492      0.213
   197.000      4.490      0.242
   197.500      4.490      0.242
   198.000      4.490      0.242
   198.500      4.490      0.242
   199.000      4.490      0.242
   199.500      4.490      0.242
