     0.000      1.522      0.534
     0.500      3.228      0.117
     1.000      3.252      0.117
     1.500      3.291      0.098
     2.000      3.308      0.086
     2.500      3.336      0.074
     3.000      3.354      0.065
     3.500      3.376      0.055
     4.000      3.392      0.051
     4.500      3.411      0.043
     5.000      3.424      0.042
     5.500      3.440      0.037
     6.000      3.451      0.037
     6.500      3.463      0.033
     7.000      3.473      0.034
     7.500      3.482      0.032
     8.000      3.491      0.032
     8.500      3.498      0.031
     9.000      3.505      0.031
     9.500      3.511      0.030
    10.000      3.516      0.030
    10.500      3.521      0.029
    11.000      3.525      0.029
    11.500      3.529      0.029
    12.000      3.533      0.029
    12.500      3.535      0.029
    13.000      3.539      0.029
    13.500      3.541      0.029
    14.000      3.544      0.030
    14.500      3.547      0.030
    15.000      3.549      0.030
    15.500      3.552      0.029
    16.000      3.555      0.029
    16.500      3.558      0.028
    17.000      3.561      0.028
    17.500      3.564      0.027
    18.000      3.568      0.026
    18.500      3.572      0.025
    19.000      3.575      0.024
    19.500      3.580      0.023
    20.000      3.584      0.023
    20.500      3.589      0.022
    21.000      3.594      0.022
    21.500      3.599      0.023
    22.000      3.605      0.023
    22.500      3.611      0.024
    23.000      3.618      0.026
    23.500      3.624      0.027
    24.000      3.632      0.030
    24.500      3.639      0.031
    25.000      3.647      0.034
    25.500      3.657      0.036
    26.000      3.665      0.038
    26.500      3.675      0.040
    27.000      3.685      0.043
    27.500      3.696      0.045
    28.000      3.707      0.047
    28.500      3.719      0.049
    29.000      3.732      0.052
    29.500      3.745      0.054
    30.000      3.759      0.056
    30.500      3.773      0.058
    31.000      3.789      0.060
    31.500      3.804      0.063
    32.000      3.821      0.065
    32.500      3.839      0.068
    33.000      3.859      0.070
    33.500      3.882      0.070
    34.000      3.905      0.070
    34.500      3.931      0.069
    35.000      3.958      0.067
    35.500      3.984      0.068
    36.000      4.011      0.071
    36.500      4.038      0.077
    37.000      4.065      0.084
    37.500      4.098      0.090
    38.000      4.133      0.092
    38.500      4.172      0.094
    39.000      4.206      0.096
    39.500      4.240      0.107
    40.000      4.264      0.108
    40.500      4.489      0.175
    41.000      4.503      0.165
    41.500      4.522      0.164
    42.000      4.539      0.165
    42.500      4.559      0.165
    43.000      4.571      0.162
    43.500      4.582      0.155
    44.000      4.586      0.150
    44.500      4.585      0.143
    45.000      4.585      0.136
    45.500      4.586      0.128
    46.000      4.586      0.121
    46.500      4.586      0.113
    47.000      4.588      0.108
    47.500      4.587      0.103
    48.000      4.586      0.099
    48.500      4.587      0.096
    49.000      4.585      0.091
    49.500      4.584      0.087
    50.000      4.585      0.083
    50.500      4.583      0.081
    51.000      4.580      0.078
    51.500      4.577      0.075
    52.000      4.574      0.071
    52.500      4.573      0.068
    53.000      4.572      0.066
    53.500      4.571      0.066
    54.000      4.568      0.066
    54.500      4.564      0.065
    55.000      4.562      0.063
    55.500      4.560      0.062
    56.000      4.559      0.061
    56.500      4.557      0.061
    57.000      4.554      0.062
    57.500      4.551      0.063
    58.000      4.548      0.063
    58.500      4.546      0.063
    59.000      4.544      0.062
    59.500      4.542      0.062
    60.000      4.540      0.062
    60.500      4.536      0.064
    61.000      4.533      0.065
    61.500      4.531      0.065
    62.000      4.529      0.065
    62.500      4.526      0.064
    63.000      4.524      0.064
    63.500      4.521      0.065
    64.000      4.518      0.066
    64.500      4.515      0.067
    65.000      4.513      0.067
    65.500      4.511      0.066
    66.000      4.508      0.065
    66.500      4.505      0.065
    67.000      4.502      0.066
    67.500      4.500      0.067
    68.000      4.497      0.066
    68.500      4.494      0.066
    69.000      4.492      0.065
    69.500      4.490      0.064
    70.000      4.487      0.064
    70.500      4.484      0.064
    71.000      4.481      0.064
    71.500      4.478      0.063
    72.000      4.476      0.062
    72.500      4.474      0.061
    73.000      4.472      0.061
    73.500      4.469      0.060
    74.000      4.466      0.060
    74.500      4.463      0.059
    75.000      4.460      0.058
    75.500      4.458      0.057
    76.000      4.456      0.056
    76.500      4.454      0.055
    77.000      4.451      0.055
    77.500      4.448      0.054
    78.000      4.446      0.054
    78.500      4.444      0.053
    79.000      4.442      0.052
    79.500      4.440      0.051
    80.000      4.438      0.050
    80.500      4.435      0.050
    81.000      4.432      0.050
    81.500      4.430      0.049
    82.000      4.428      0.048
    82.500      4.427      0.048
    83.000      4.426      0.048
    83.500      4.423      0.048
    84.000      4.420      0.048
    84.500      4.418      0.048
    85.000      4.417      0.048
    85.500      4.415      0.047
    86.000      4.415      0.047
    86.500      4.413      0.048
    87.000      4.410      0.048
    87.500      4.408      0.049
    88.000      4.407      0.049
    88.500      4.406      0.049
    89.000      4.405      0.049
    89.500      4.404      0.050
    90.000      4.403      0.051
    90.500      4.401      0.052
    91.000      4.399      0.053
    91.500      4.398      0.053
    92.000      4.397      0.054
    92.500      4.397      0.054
    93.000      4.397      0.055
    93.500      4.395      0.057
    94.000      4.394      0.057
    94.500      4.393      0.058
    95.000      4.393      0.059
    95.500      4.393      0.059
    96.000      4.392      0.060
    96.500      4.392      0.061
    97.000      4.391      0.062
    97.500      4.391      0.063
    98.000      4.390      0.063
    98.500      4.390      0.064
    99.000      4.390      0.064
    99.500      4.391      0.065
   100.000      4.391      0.066
   100.500      4.390      0.067
   101.000      4.390      0.067
   101.500      4.391      0.068
   102.000      4.391      0.068
   102.500      4.392      0.068
   103.000      4.392      0.069
   103.500      4.392      0.070
   104.000      4.392      0.070
   104.500      4.393      0.071
   105.000      4.394      0.071
   105.500      4.394      0.071
   106.000      4.395      0.072
   106.500      4.396      0.072
   107.000      4.396      0.073
   107.500      4.397      0.073
   108.000      4.398      0.073
   108.500      4.399      0.073
   109.000      4.400      0.073
   109.500      4.402      0.074
   110.000      4.402      0.074
   110.500      4.403      0.074
   111.000      4.405      0.074
   111.500      4.406      0.074
   112.000      4.407      0.074
   112.500      4.409      0.075
   113.000      4.410      0.076
   113.500      4.411      0.075
   114.000      4.413      0.075
   114.500      4.415      0.075
   115.000      4.416      0.075
   115.500      4.417      0.075
   116.000      4.419      0.076
   116.500      4.420      0.076
   117.000      4.422      0.076
   117.500      4.424      0.076
   118.000      4.426      0.076
   118.500      4.427      0.075
   119.000      4.429      0.076
   119.500      4.430      0.077
   120.000      4.432      0.076
   120.500      4.435      0.076
   121.000      4.437      0.076
   121.500      4.439      0.076
   122.000      4.441      0.076
   122.500      4.442      0.077
   123.000      4.444      0.077
   123.500      4.447      0.077
   124.000      4.450      0.077
   124.500      4.452      0.077
   125.000      4.453      0.076
   125.500      4.455      0.077
   126.000      4.457      0.078
   126.500      4.459      0.078
   127.000      4.463      0.078
   127.500      4.465      0.078
   128.000      4.467      0.077
   128.500      4.469      0.077
   129.000      4.471      0.079
   129.500      4.472      0.079
   130.000      4.476      0.079
   130.500      4.479      0.080
   131.000      4.482      0.079
   131.500      4.483      0.079
   132.000      4.485      0.080
   132.500      4.487      0.080
   133.000      4.490      0.081
   133.500      4.493      0.082
   134.000      4.496      0.082
   134.500      4.499      0.081
   135.000      4.500      0.081
   135.500      4.503      0.082
   136.000      4.505      0.083
   136.500      4.508      0.084
   137.000      4.511      0.085
   137.500      4.514      0.084
   138.000      4.516      0.083
   138.500      4.518      0.084
   139.000      4.521      0.085
   139.500      4.523      0.086
   140.000      4.526      0.088
   140.500      4.529      0.087
   141.000      4.532      0.086
   141.500      4.534      0.087
   142.000      4.537      0.088
   142.500      4.538      0.089
   143.000      4.541      0.091
   143.500      4.545      0.091
   144.000      4.548      0.090
   144.500      4.550      0.090
   145.000      4.552      0.091
   145.500      4.554      0.092
   146.000      4.556      0.093
   146.500      4.559      0.095
   147.000      4.563      0.094
   147.500      4.566      0.093
   148.000      4.568      0.095
   148.500      4.570      0.095
   149.000      4.572      0.096
   149.500      4.574      0.098
   150.000      4.577      0.098
   150.500      4.581      0.097
   151.000      4.584      0.098
   151.500      4.586      0.098
   152.000      4.587      0.098
   152.500      4.589      0.100
   153.000      4.592      0.102
   153.500      4.595      0.101
   154.000      4.598      0.102
   154.500      4.601      0.102
   155.000      4.601      0.102
   155.500      4.603      0.103
   156.000      4.606      0.104
   156.500      4.608      0.104
   157.000      4.612      0.105
   157.500      4.615      0.106
   158.000      4.616      0.105
   158.500      4.617      0.105
   159.000      4.620      0.107
   159.500      4.622      0.107
   160.000      4.625      0.108
   160.500      4.629      0.109
   161.000      4.629      0.108
   161.500      4.630      0.108
   162.000      4.632      0.108
   162.500      4.635      0.109
   163.000      4.637      0.110
   163.500      4.640      0.111
   164.000      4.642      0.111
   164.500      4.642      0.110
   165.000      4.644      0.110
   165.500      4.647      0.111
   166.000      4.648      0.112
   166.500      4.651      0.113
   167.000      4.653      0.113
   167.500      4.653      0.113
   168.000      4.654      0.112
   168.500      4.657      0.113
   169.000      4.659      0.113
   169.500      4.661      0.114
   170.000      4.662      0.114
   170.500      4.663      0.115
   171.000      4.663      0.115
   171.500      4.665      0.115
   172.000      4.668      0.115
   172.500      4.670      0.116
   173.000      4.670      0.115
   173.500      4.671      0.116
   174.000      4.672      0.117
   174.500      4.672      0.117
   175.000      4.675      0.117
   175.500      4.677      0.118
   176.000      4.677      0.117
   176.500      4.677      0.117
   177.000      4.678      0.119
   177.500      4.677      0.121
   178.000      4.680      0.120
   178.500      4.682      0.120
   179.000      4.683      0.119
   179.500      4.683      0.119
   180.000      4.683      0.120
   180.500      4.683      0.123
   181.000      4.683      0.124
   181.500      4.685      0.125
   182.000      4.686      0.123
   182.500      4.686      0.123
   183.000      4.686      0.123
   183.500      4.686      0.125
   184.000      4.684      0.131
   184.500      4.686      0.131
   185.000      4.686      0.129
   185.500      4.686      0.129
   186.000      4.686      0.129
   186.500      4.686      0.129
   187.000      4.685      0.135
   187.500      4.685      0.140
   188.000      4.684      0.138
   188.500      4.684      0.138
   189.000      4.684      0.138
   189.500      4.684      0.138
   190.000      4.684      0.139
   190.500      4.680      0.152
   191.000      4.680      0.152
   191.500      4.680      0.152
   192.000      4.680      0.152
   192.500      4.680      0.152
   193.000      4.680      0.152
   193.500      4.676      0.160
   194.000      4.672      0.169
   194.500      4.672      0.169
   195.000      4.672      0.169
   195.500      4.672      0.169
   196.000      4.672      0.169
   196.500      4.672      0.169
   197.000      4.662      0.190
   197.500      4.662      0.190
   198.000      4.662      0.190
   198.500      4.662      0.190
   199.000      4.662      0.190
   199.500      4.662      0.190
