     0.000      1.325      0.440
     0.500      3.147      0.150
     1.000      3.147      0.150
     1.500      3.204      0.113
     2.000      3.217      0.109
     2.500      3.229      0.105
     3.000      3.270      0.077
     3.500      3.285      0.073
     4.000      3.300      0.070
     4.500      3.329      0.051
     5.000      3.340      0.051
     5.500      3.360      0.046
     6.000      3.376      0.037
     6.500      3.390      0.038
     7.000      3.405      0.036
     7.500      3.417      0.035
     8.000      3.430      0.034
     8.500      3.441      0.036
     9.000      3.451      0.036
     9.500      3.462      0.035
    10.000      3.470      0.038
    10.500      3.479      0.038
    11.000      3.487      0.038
    11.500      3.493      0.040
    12.000      3.501      0.039
    12.500      3.507      0.040
    13.000      3.513      0.041
    13.500      3.519      0.040
    14.000      3.523      0.041
    14.500      3.529      0.041
    15.000      3.533      0.041
    15.500      3.538      0.042
    16.000      3.542      0.041
    16.500      3.546      0.042
    17.000      3.550      0.042
    17.500      3.554      0.042
    18.000      3.558      0.042
    18.500      3.562      0.042
    19.000      3.566      0.042
    19.500      3.570      0.042
    20.000      3.574      0.041
    20.500      3.578      0.041
    21.000      3.582      0.041
    21.500      3.587      0.040
    22.000      3.591      0.039
    22.500      3.596      0.039
    23.000      3.600      0.038
    23.500      3.605      0.037
    24.000      3.610      0.036
    24.500      3.615      0.035
    25.000      3.620      0.034
    25.500      3.625      0.034
    26.000      3.631      0.032
    26.500      3.636      0.032
    27.000      3.642      0.031
    27.500      3.648      0.030
    28.000      3.654      0.030
    28.500      3.661      0.030
    29.000      3.667      0.030
    29.500      3.674      0.030
    30.000      3.681      0.030
    30.500      3.688      0.030
    31.000      3.696      0.031
    31.500      3.703      0.032
    32.000      3.711      0.033
    32.500      3.720      0.034
    33.000      3.728      0.035
    33.500      3.736      0.036
    34.000      3.746      0.037
    34.500      3.755      0.038
    35.000      3.765      0.039
    35.500      3.774      0.041
    36.000      3.785      0.042
    36.500      3.795      0.043
    37.000      3.806      0.045
    37.500      3.817      0.046
    38.000      3.829      0.047
    38.500      3.841      0.049
    39.000      3.853      0.050
    39.500      3.866      0.051
    40.000      3.879      0.053
    40.500      3.893      0.053
    41.000      3.907      0.053
    41.500      3.922      0.054
    42.000      3.937      0.055
    42.500      3.951      0.056
    43.000      3.967      0.057
    43.500      3.983      0.057
    44.000      3.999      0.059
    44.500      4.014      0.062
    45.000      4.031      0.064
    45.500      4.048      0.068
    46.000      4.065      0.072
    46.500      4.082      0.076
    47.000      4.100      0.081
    47.500      4.119      0.087
    48.000      4.136      0.092
    48.500      4.156      0.099
    49.000      4.175      0.107
    49.500      4.194      0.115
    50.000      4.214      0.124
    50.500      4.234      0.130
    51.000      4.250      0.135
    51.500      4.266      0.139
    52.000      4.280      0.139
    52.500      4.296      0.140
    53.000      4.311      0.142
    53.500      4.328      0.142
    54.000      4.557      0.199
    54.500      4.561      0.199
    55.000      4.563      0.198
    55.500      4.564      0.199
    56.000      4.565      0.198
    56.500      4.563      0.196
    57.000      4.559      0.194
    57.500      4.556      0.189
    58.000      4.555      0.187
    58.500      4.553      0.186
    59.000      4.552      0.185
    59.500      4.550      0.184
    60.000      4.548      0.182
    60.500      4.547      0.183
    61.000      4.547      0.184
    61.500      4.547      0.184
    62.000      4.546      0.185
    62.500      4.543      0.186
    63.000      4.537      0.187
    63.500      4.533      0.187
    64.000      4.527      0.186
    64.500      4.521      0.186
    65.000      4.513      0.183
    65.500      4.504      0.178
    66.000      4.495      0.175
    66.500      4.487      0.173
    67.000      4.479      0.170
    67.500      4.471      0.169
    68.000      4.462      0.167
    68.500      4.454      0.165
    69.000      4.447      0.164
    69.500      4.440      0.163
    70.000      4.433      0.162
    70.500      4.427      0.161
    71.000      4.420      0.162
    71.500      4.414      0.162
    72.000      4.408      0.163
    72.500      4.402      0.163
    73.000      4.397      0.162
    73.500      4.392      0.162
    74.000      4.387      0.162
    74.500      4.382      0.163
    75.000      4.377      0.164
    75.500      4.373      0.165
    76.000      4.369      0.165
    76.500      4.365      0.165
    77.000      4.361      0.164
    77.500      4.358      0.164
    78.000      4.354      0.165
    78.500      4.351      0.166
    79.000      4.348      0.167
    79.500      4.346      0.167
    80.000      4.343      0.166
    80.500      4.340      0.165
    81.000      4.338      0.165
    81.500      4.336      0.165
    82.000      4.334      0.165
    82.500      4.333      0.165
    83.000      4.331      0.165
    83.500      4.330      0.164
    84.000      4.328      0.163
    84.500      4.327      0.163
    85.000      4.326      0.162
    85.500      4.326      0.161
    86.000      4.325      0.161
    86.500      4.324      0.161
    87.000      4.324      0.160
    87.500      4.323      0.159
    88.000      4.323      0.158
    88.500      4.323      0.158
    89.000      4.324      0.157
    89.500      4.324      0.156
    90.000      4.324      0.155
    90.500      4.324      0.154
    91.000      4.324      0.154
    91.500      4.325      0.153
    92.000      4.326      0.153
    92.500      4.327      0.152
    93.000      4.328      0.151
    93.500      4.329      0.150
    94.000      4.329      0.150
    94.500      4.330      0.149
    95.000      4.331      0.149
    95.500      4.333      0.149
    96.000      4.335      0.149
    96.500      4.336      0.148
    97.000      4.338      0.148
    97.500      4.339      0.147
    98.000      4.340      0.148
    98.500      4.341      0.148
    99.000      4.343      0.149
    99.500      4.345      0.149
   100.000      4.347      0.149
   100.500      4.349      0.149
   101.000      4.351      0.149
   101.500      4.352      0.149
   102.000      4.353      0.150
   102.500      4.355      0.151
   103.000      4.358      0.152
   103.500      4.360      0.153
   104.000      4.362      0.154
   104.500      4.363      0.154
   105.000      4.365      0.155
   105.500      4.367      0.156
   106.000      4.369      0.158
   106.500      4.371      0.159
   107.000      4.373      0.160
   107.500      4.375      0.161
   108.000      4.377      0.162
   108.500      4.378      0.163
   109.000      4.380      0.164
   109.500      4.382      0.166
   110.000      4.384      0.168
   110.500      4.386      0.169
   111.000      4.388      0.171
   111.500      4.390      0.171
   112.000      4.392      0.173
   112.500      4.394      0.174
   113.000      4.396      0.176
   113.500      4.398      0.177
   114.000      4.399      0.179
   114.500      4.401      0.180
   115.000      4.403      0.181
   115.500      4.405      0.183
   116.000      4.406      0.184
   116.500      4.408      0.186
   117.000      4.410      0.187
   117.500      4.412      0.189
   118.000      4.413      0.190
   118.500      4.415      0.191
   119.000      4.417      0.193
   119.500      4.419      0.194
   120.000      4.421      0.196
   120.500      4.422      0.197
   121.000      4.424      0.199
   121.500      4.425      0.200
   122.000      4.426      0.201
   122.500      4.428      0.203
   123.000      4.430      0.205
   123.500      4.432      0.206
   124.000      4.434      0.207
   124.500      4.435      0.208
   125.000      4.436      0.210
   125.500      4.437      0.211
   126.000      4.438      0.212
   126.500      4.440      0.214
   127.000      4.442      0.216
   127.500      4.444      0.217
   128.000      4.445      0.218
   128.500      4.447      0.219
   129.000      4.447      0.221
   129.500      4.448      0.222
   130.000      4.449      0.224
   130.500      4.451      0.226
   131.000      4.453      0.227
   131.500      4.455      0.228
   132.000      4.455      0.229
   132.500      4.456      0.230
   133.000      4.457      0.232
   133.500      4.457      0.233
   134.000      4.459      0.235
   134.500      4.461      0.236
   135.000      4.462      0.237
   135.500      4.463      0.238
   136.000      4.464      0.240
   136.500      4.464      0.241
   137.000      4.464      0.243
   137.500      4.465      0.244
   138.000      4.467      0.245
   138.500      4.469      0.247
   139.000      4.469      0.248
   139.500      4.470      0.249
   140.000      4.470      0.250
   140.500      4.470      0.251
   141.000      4.470      0.253
   141.500      4.471      0.254
   142.000      4.473      0.255
   142.500      4.474      0.256
   143.000      4.474      0.257
   143.500      4.474      0.258
   144.000      4.474      0.259
   144.500      4.473      0.261
   145.000      4.474      0.262
   145.500      4.476      0.264
   146.000      4.476      0.265
   146.500      4.476      0.265
   147.000      4.476      0.266
   147.500      4.476      0.266
   148.000      4.475      0.267
   148.500      4.476      0.269
   149.000      4.477      0.271
   149.500      4.477      0.272
   150.000      4.477      0.273
   150.500      4.477      0.273
   151.000      4.476      0.273
   151.500      4.475      0.274
   152.000      4.475      0.275
   152.500      4.476      0.277
   153.000      4.476      0.278
   153.500      4.475      0.279
   154.000      4.475      0.279
   154.500      4.474      0.279
   155.000      4.472      0.279
   155.500      4.472      0.280
   156.000      4.472      0.281
   156.500      4.473      0.282
   157.000      4.471      0.284
   157.500      4.470      0.284
   158.000      4.469      0.283
   158.500      4.467      0.283
   159.000      4.466      0.284
   159.500      4.466      0.284
   160.000      4.467      0.285
   160.500      4.466      0.286
   161.000      4.464      0.287
   161.500      4.462      0.286
   162.000      4.459      0.286
   162.500      4.458      0.286
   163.000      4.458      0.286
   163.500      4.458      0.286
   164.000      4.457      0.286
   164.500      4.456      0.288
   165.000      4.452      0.288
   165.500      4.449      0.288
   166.000      4.447      0.287
   166.500      4.446      0.287
   167.000      4.446      0.286
   167.500      4.446      0.286
   168.000      4.444      0.286
   168.500      4.441      0.287
   169.000      4.436      0.288
   169.500      4.433      0.287
   170.000      4.432      0.287
   170.500      4.432      0.285
   171.000      4.431      0.283
   171.500      4.429      0.283
   172.000      4.426      0.283
   172.500      4.421      0.285
   173.000      4.417      0.286
   173.500      4.415      0.285
   174.000      4.415      0.283
   174.500      4.413      0.281
   175.000      4.411      0.280
   175.500      4.407      0.280
   176.000      4.403      0.280
   176.500      4.399      0.283
   177.000      4.395      0.283
   177.500      4.393      0.282
   178.000      4.393      0.279
   178.500      4.389      0.276
   179.000      4.384      0.276
   179.500      4.380      0.277
   180.000      4.379      0.277
   180.500      4.374      0.280
   181.000      4.370      0.280
   181.500      4.369      0.278
   182.000      4.364      0.274
   182.500      4.357      0.274
   183.000      4.352      0.275
   183.500      4.352      0.275
   184.000      4.352      0.275
   184.500      4.345      0.279
   185.000      4.340      0.280
   185.500      4.336      0.276
   186.000      4.327      0.276
   186.500      4.321      0.276
   187.000      4.321      0.276
   187.500      4.321      0.276
   188.000      4.321      0.277
   188.500      4.310      0.283
   189.000      4.307      0.286
   189.500      4.292      0.285
   190.000      4.286      0.285
   190.500      4.286      0.285
   191.000      4.286      0.285
   191.500      4.286      0.285
   192.000      4.285      0.285
   192.500      4.271      0.298
   193.000      4.253      0.304
   193.500      4.246      0.304
   194.000      4.246      0.304
   194.500      4.246      0.304
   195.000      4.246      0.304
   195.500      4.246      0.304
   196.000      4.246      0.304
   196.500      4.210      0.335
   197.000      4.202      0.335
   197.500      4.202      0.335
   198.000      4.202      0.335
   198.500      4.202      0.335
   199.000      4.202      0.335
   199.500      4.202      0.335
