     0.000      1.481      0.476
     0.500      3.164      0.145
     1.000      3.164      0.145
     1.500      3.220      0.112
     2.000      3.230      0.104
     2.500      3.250      0.088
     3.000      3.281      0.075
     3.500      3.295      0.063
     4.000      3.316      0.057
     4.500      3.336      0.044
     5.000      3.351      0.039
     5.500      3.367      0.035
     6.000      3.381      0.031
     6.500      3.396      0.030
     7.000      3.407      0.030
     7.500      3.419      0.031
     8.000      3.430      0.031
     8.500      3.439      0.032
     9.000      3.449      0.035
     9.500      3.457      0.035
    10.000      3.464      0.036
    10.500      3.471      0.037
    11.000      3.478      0.037
    11.500      3.484      0.038
    12.000      3.489      0.038
    12.500      3.494      0.038
    13.000      3.499      0.038
    13.500      3.503      0.038
    14.000      3.508      0.037
    14.500      3.512      0.037
    15.000      3.515      0.037
    15.500      3.519      0.036
    16.000      3.523      0.036
    16.500      3.526      0.036
    17.000      3.531      0.035
    17.500      3.534      0.035
    18.000      3.538      0.035
    18.500      3.542      0.034
    19.000      3.546      0.034
    19.500      3.550      0.033
    20.000      3.555      0.033
    20.500      3.559      0.032
    21.000      3.564      0.032
    21.500      3.569      0.032
    22.000      3.573      0.031
    22.500      3.579      0.031
    23.000      3.584      0.030
    23.500      3.589      0.030
    24.000      3.595      0.030
    24.500      3.601      0.029
    25.000      3.607      0.030
    25.500      3.614      0.029
    26.000      3.620      0.029
    26.500      3.627      0.030
    27.000      3.634      0.030
    27.500      3.641      0.030
    28.000      3.648      0.030
    28.500      3.656      0.031
    29.000      3.663      0.031
    29.500      3.671      0.031
    30.000      3.680      0.032
    30.500      3.687      0.032
    31.000      3.697      0.033
    31.500      3.706      0.033
    32.000      3.714      0.034
    32.500      3.724      0.034
    33.000      3.733      0.035
    33.500      3.744      0.035
    34.000      3.753      0.035
    34.500      3.764      0.035
    35.000      3.775      0.035
    35.500      3.785      0.036
    36.000      3.797      0.036
    36.500      3.808      0.036
    37.000      3.820      0.036
    37.500      3.832      0.037
    38.000      3.844      0.037
    38.500      3.857      0.038
    39.000      3.869      0.039
    39.500      3.883      0.040
    40.000      3.896      0.041
    40.500      3.910      0.043
    41.000      3.925      0.046
    41.500      3.938      0.048
    42.000      3.953      0.052
    42.500      3.969      0.055
    43.000      3.983      0.059
    43.500      4.000      0.064
    44.000      4.015      0.068
    44.500      4.032      0.075
    45.000      4.050      0.081
    45.500      4.067      0.088
    46.000      4.086      0.095
    46.500      4.103      0.103
    47.000      4.121      0.111
    47.500      4.138      0.117
    48.000      4.154      0.122
    48.500      4.172      0.126
    49.000      4.189      0.124
    49.500      4.207      0.120
    50.000      4.223      0.117
    50.500      4.237      0.115
    51.000      4.251      0.112
    51.500      4.270      0.111
    52.000      4.508      0.198
    52.500      4.509      0.192
    53.000      4.511      0.186
    53.500      4.511      0.178
    54.000      4.511      0.169
    54.500      4.511      0.163
    55.000      4.513      0.157
    55.500      4.513      0.151
    56.000      4.512      0.145
    56.500      4.512      0.143
    57.000      4.509      0.138
    57.500      4.507      0.135
    58.000      4.506      0.132
    58.500      4.505      0.128
    59.000      4.504      0.125
    59.500      4.503      0.125
    60.000      4.502      0.126
    60.500      4.504      0.129
    61.000      4.504      0.131
    61.500      4.504      0.132
    62.000      4.502      0.133
    62.500      4.500      0.133
    63.000      4.496      0.134
    63.500      4.492      0.132
    64.000      4.488      0.130
    64.500      4.484      0.128
    65.000      4.478      0.127
    65.500      4.472      0.124
    66.000      4.467      0.124
    66.500      4.462      0.124
    67.000      4.458      0.125
    67.500      4.455      0.127
    68.000      4.449      0.128
    68.500      4.445      0.130
    69.000      4.441      0.132
    69.500      4.437      0.134
    70.000      4.434      0.137
    70.500      4.431      0.140
    71.000      4.427      0.143
    71.500      4.423      0.146
    72.000      4.420      0.148
    72.500      4.418      0.151
    73.000      4.415      0.154
    73.500      4.412      0.157
    74.000      4.409      0.160
    74.500      4.407      0.162
    75.000      4.404      0.164
    75.500      4.403      0.167
    76.000      4.401      0.169
    76.500      4.399      0.171
    77.000      4.397      0.174
    77.500      4.395      0.176
    78.000      4.393      0.177
    78.500      4.392      0.179
    79.000      4.391      0.180
    79.500      4.389      0.182
    80.000      4.388      0.184
    80.500      4.387      0.185
    81.000      4.386      0.186
    81.500      4.385      0.187
    82.000      4.385      0.188
    82.500      4.384      0.189
    83.000      4.383      0.190
    83.500      4.383      0.191
    84.000      4.382      0.192
    84.500      4.382      0.192
    85.000      4.382      0.193
    85.500      4.382      0.193
    86.000      4.382      0.194
    86.500      4.381      0.195
    87.000      4.381      0.195
    87.500      4.382      0.195
    88.000      4.382      0.195
    88.500      4.382      0.195
    89.000      4.382      0.196
    89.500      4.382      0.197
    90.000      4.383      0.197
    90.500      4.383      0.197
    91.000      4.384      0.197
    91.500      4.385      0.197
    92.000      4.385      0.198
    92.500      4.385      0.199
    93.000      4.386      0.199
    93.500      4.387      0.199
    94.000      4.388      0.199
    94.500      4.389      0.199
    95.000      4.390      0.200
    95.500      4.390      0.201
    96.000      4.391      0.201
    96.500      4.392      0.202
    97.000      4.393      0.202
    97.500      4.394      0.202
    98.000      4.395      0.203
    98.500      4.396      0.204
    99.000      4.396      0.205
    99.500      4.397      0.205
   100.000      4.399      0.206
   100.500      4.400      0.207
   101.000      4.401      0.208
   101.500      4.402      0.209
   102.000      4.402      0.210
   102.500      4.404      0.211
   103.000      4.405      0.211
   103.500      4.406      0.212
   104.000      4.407      0.213
   104.500      4.407      0.214
   105.000      4.408      0.215
   105.500      4.409      0.216
   106.000      4.411      0.217
   106.500      4.412      0.218
   107.000      4.413      0.220
   107.500      4.413      0.221
   108.000      4.414      0.222
   108.500      4.415      0.223
   109.000      4.416      0.223
   109.500      4.417      0.225
   110.000      4.418      0.226
   110.500      4.418      0.227
   111.000      4.419      0.228
   111.500      4.420      0.229
   112.000      4.421      0.230
   112.500      4.422      0.231
   113.000      4.422      0.232
   113.500      4.423      0.233
   114.000      4.423      0.234
   114.500      4.424      0.235
   115.000      4.425      0.236
   115.500      4.426      0.237
   116.000      4.426      0.238
   116.500      4.427      0.239
   117.000      4.427      0.240
   117.500      4.428      0.240
   118.000      4.429      0.241
   118.500      4.429      0.242
   119.000      4.430      0.243
   119.500      4.430      0.244
   120.000      4.431      0.245
   120.500      4.431      0.246
   121.000      4.432      0.246
   121.500      4.432      0.247
   122.000      4.433      0.248
   122.500      4.433      0.249
   123.000      4.433      0.249
   123.500      4.434      0.250
   124.000      4.434      0.250
   124.500      4.435      0.251
   125.000      4.435      0.252
   125.500      4.435      0.252
   126.000      4.435      0.253
   126.500      4.436      0.253
   127.000      4.436      0.254
   127.500      4.436      0.254
   128.000      4.436      0.255
   128.500      4.436      0.256
   129.000      4.437      0.256
   129.500      4.437      0.256
   130.000      4.437      0.257
   130.500      4.437      0.257
   131.000      4.437      0.258
   131.500      4.437      0.258
   132.000      4.437      0.259
   132.500      4.438      0.259
   133.000      4.438      0.259
   133.500      4.438      0.260
   134.000      4.437      0.260
   134.500      4.437      0.260
   135.000      4.437      0.260
   135.500      4.438      0.260
   136.000      4.438      0.261
   136.500      4.437      0.261
   137.000      4.437      0.262
   137.500      4.436      0.262
   138.000      4.436      0.262
   138.500      4.437      0.262
   139.000      4.437      0.262
   139.500      4.436      0.263
   140.000      4.435      0.263
   140.500      4.435      0.263
   141.000      4.435      0.263
   141.500      4.435      0.262
   142.000      4.435      0.263
   142.500      4.434      0.263
   143.000      4.434      0.263
   143.500      4.433      0.263
   144.000      4.433      0.263
   144.500      4.433      0.263
   145.000      4.432      0.263
   145.500      4.431      0.263
   146.000      4.431      0.263
   146.500      4.430      0.263
   147.000      4.430      0.263
   147.500      4.429      0.263
   148.000      4.429      0.262
   148.500      4.428      0.263
   149.000      4.427      0.263
   149.500      4.427      0.262
   150.000      4.426      0.262
   150.500      4.425      0.262
   151.000      4.424      0.262
   151.500      4.424      0.262
   152.000      4.423      0.261
   152.500      4.423      0.261
   153.000      4.421      0.261
   153.500      4.420      0.260
   154.000      4.419      0.260
   154.500      4.419      0.260
   155.000      4.418      0.260
   155.500      4.418      0.260
   156.000      4.416      0.259
   156.500      4.414      0.258
   157.000      4.413      0.258
   157.500      4.413      0.258
   158.000      4.412      0.258
   158.500      4.412      0.258
   159.000      4.410      0.257
   159.500      4.408      0.256
   160.000      4.407      0.256
   160.500      4.406      0.256
   161.000      4.406      0.256
   161.500      4.405      0.255
   162.000      4.403      0.255
   162.500      4.400      0.254
   163.000      4.399      0.253
   163.500      4.399      0.253
   164.000      4.398      0.253
   164.500      4.396      0.253
   165.000      4.395      0.252
   165.500      4.392      0.251
   166.000      4.391      0.250
   166.500      4.390      0.251
   167.000      4.389      0.251
   167.500      4.388      0.250
   168.000      4.385      0.249
   168.500      4.383      0.248
   169.000      4.382      0.248
   169.500      4.381      0.249
   170.000      4.379      0.248
   170.500      4.378      0.247
   171.000      4.375      0.246
   171.500      4.373      0.246
   172.000      4.371      0.246
   172.500      4.370      0.247
   173.000      4.369      0.246
   173.500      4.367      0.245
   174.000      4.364      0.244
   174.500      4.362      0.244
   175.000      4.360      0.245
   175.500      4.359      0.246
   176.000      4.357      0.246
   176.500      4.356      0.244
   177.000      4.352      0.244
   177.500      4.349      0.245
   178.000      4.348      0.246
   178.500      4.347      0.247
   179.000      4.345      0.246
   179.500      4.343      0.245
   180.000      4.338      0.246
   180.500      4.336      0.249
   181.000      4.335      0.250
   181.500      4.334      0.250
   182.000      4.332      0.250
   182.500      4.330      0.249
   183.000      4.324      0.252
   183.500      4.322      0.255
   184.000      4.321      0.256
   184.500      4.321      0.256
   185.000      4.318      0.256
   185.500      4.314      0.258
   186.000      4.308      0.263
   186.500      4.306      0.266
   187.000      4.306      0.266
   187.500      4.306      0.266
   188.000      4.303      0.267
   188.500      4.296      0.273
   189.000      4.291      0.280
   189.500      4.291      0.281
   190.000      4.291      0.281
   190.500      4.291      0.281
   191.000      4.287      0.284
   191.500      4.277      0.295
   192.000      4.274      0.301
   192.500      4.274      0.301
   193.000      4.274      0.301
   193.500      4.274      0.301
   194.000      4.270      0.306
   194.500      4.257      0.327
   195.000      4.256      0.328
   195.500      4.256      0.328
   196.000      4.256      0.328
   196.500      4.256      0.328
   197.000      4.252      0.334
   197.500      4.238      0.361
   198.000      4.238      0.361
   198.500      4.238      0.361
   199.000      4.238      0.361
