     0.000      1.366      0.574
     0.500      3.150      0.189
     1.000      3.150      0.188
     1.500      3.181      0.175
     2.000      3.231      0.132
     2.500      3.235      0.131
     3.000      3.268      0.116
     3.500      3.303      0.087
     4.000      3.316      0.084
     4.500      3.339      0.073
     5.000      3.367      0.055
     5.500      3.384      0.049
     6.000      3.400      0.045
     6.500      3.423      0.037
     7.000      3.440      0.034
     7.500      3.454      0.035
     8.000      3.471      0.034
     8.500      3.487      0.036
     9.000      3.499      0.037
     9.500      3.514      0.041
    10.000      3.527      0.042
    10.500      3.537      0.043
    11.000      3.549      0.046
    11.500      3.560      0.046
    12.000      3.569      0.047
    12.500      3.578      0.049
    13.000      3.587      0.048
    13.500      3.596      0.049
    14.000      3.603      0.049
    14.500      3.610      0.048
    15.000      3.618      0.048
    15.500      3.623      0.048
    16.000      3.629      0.047
    16.500      3.636      0.046
    17.000      3.641      0.045
    17.500      3.646      0.044
    18.000      3.651      0.043
    18.500      3.655      0.042
    19.000      3.660      0.042
    19.500      3.664      0.041
    20.000      3.668      0.040
    20.500      3.672      0.040
    21.000      3.676      0.039
    21.500      3.680      0.038
    22.000      3.684      0.038
    22.500      3.687      0.037
    23.000      3.691      0.036
    23.500      3.694      0.036
    24.000      3.698      0.035
    24.500      3.701      0.035
    25.000      3.705      0.034
    25.500      3.708      0.033
    26.000      3.712      0.033
    26.500      3.715      0.033
    27.000      3.718      0.032
    27.500      3.722      0.032
    28.000      3.726      0.032
    28.500      3.729      0.031
    29.000      3.732      0.032
    29.500      3.736      0.031
    30.000      3.740      0.031
    30.500      3.743      0.032
    31.000      3.747      0.032
    31.500      3.751      0.032
    32.000      3.755      0.032
    32.500      3.759      0.033
    33.000      3.763      0.033
    33.500      3.767      0.033
    34.000      3.772      0.034
    34.500      3.777      0.035
    35.000      3.781      0.035
    35.500      3.786      0.036
    36.000      3.791      0.037
    36.500      3.796      0.037
    37.000      3.802      0.038
    37.500      3.807      0.039
    38.000      3.813      0.039
    38.500      3.818      0.040
    39.000      3.824      0.040
    39.500      3.830      0.041
    40.000      3.837      0.041
    40.500      3.843      0.042
    41.000      3.850      0.043
    41.500      3.857      0.044
    42.000      3.864      0.045
    42.500      3.872      0.046
    43.000      3.879      0.047
    43.500      3.887      0.048
    44.000      3.896      0.050
    44.500      3.904      0.051
    45.000      3.913      0.053
    45.500      3.923      0.055
    46.000      3.932      0.057
    46.500      3.942      0.060
    47.000      3.953      0.062
    47.500      3.964      0.065
    48.000      3.975      0.066
    48.500      3.985      0.067
    49.000      3.994      0.067
    49.500      4.004      0.069
    50.000      4.014      0.071
    50.500      4.024      0.071
    51.000      4.035      0.073
    51.500      4.047      0.074
    52.000      4.059      0.077
    52.500      4.073      0.081
    53.000      4.087      0.083
    53.500      4.101      0.085
    54.000      4.116      0.088
    54.500      4.130      0.090
    55.000      4.143      0.092
    55.500      4.157      0.096
    56.000      4.168      0.098
    56.500      4.450      0.182
    57.000      4.451      0.177
    57.500      4.454      0.172
    58.000      4.456      0.167
    58.500      4.457      0.162
    59.000      4.458      0.158
    59.500      4.460      0.155
    60.000      4.461      0.152
    60.500      4.462      0.150
    61.000      4.463      0.147
    61.500      4.467      0.146
    62.000      4.470      0.145
    62.500      4.473      0.147
    63.000      4.476      0.148
    63.500      4.478      0.149
    64.000      4.482      0.151
    64.500      4.488      0.153
    65.000      4.493      0.154
    65.500      4.498      0.155
    66.000      4.500      0.155
    66.500      4.500      0.155
    67.000      4.500      0.154
    67.500      4.499      0.152
    68.000      4.498      0.151
    68.500      4.499      0.150
    69.000      4.499      0.149
    69.500      4.499      0.148
    70.000      4.498      0.149
    70.500      4.498      0.150
    71.000      4.496      0.150
    71.500      4.496      0.150
    72.000      4.496      0.151
    72.500      4.496      0.151
    73.000      4.496      0.152
    73.500      4.495      0.153
    74.000      4.494      0.154
    74.500      4.493      0.155
    75.000      4.492      0.156
    75.500      4.492      0.156
    76.000      4.491      0.157
    76.500      4.491      0.157
    77.000      4.490      0.158
    77.500      4.489      0.158
    78.000      4.488      0.159
    78.500      4.487      0.160
    79.000      4.486      0.160
    79.500      4.486      0.160
    80.000      4.485      0.160
    80.500      4.485      0.160
    81.000      4.484      0.160
    81.500      4.482      0.161
    82.000      4.481      0.161
    82.500      4.480      0.161
    83.000      4.479      0.160
    83.500      4.478      0.160
    84.000      4.478      0.159
    84.500      4.477      0.159
    85.000      4.475      0.159
    85.500      4.474      0.158
    86.000      4.472      0.158
    86.500      4.471      0.157
    87.000      4.471      0.157
    87.500      4.470      0.156
    88.000      4.469      0.155
    88.500      4.468      0.155
    89.000      4.466      0.154
    89.500      4.464      0.154
    90.000      4.463      0.153
    90.500      4.462      0.152
    91.000      4.461      0.152
    91.500      4.460      0.151
    92.000      4.459      0.151
    92.500      4.457      0.150
    93.000      4.455      0.149
    93.500      4.454      0.150
    94.000      4.453      0.149
    94.500      4.452      0.149
    95.000      4.451      0.149
    95.500      4.449      0.148
    96.000      4.448      0.147
    96.500      4.446      0.147
    97.000      4.445      0.148
    97.500      4.443      0.148
    98.000      4.442      0.148
    98.500      4.441      0.148
    99.000      4.439      0.148
    99.500      4.438      0.148
   100.000      4.436      0.148
   100.500      4.435      0.149
   101.000      4.433      0.150
   101.500      4.431      0.150
   102.000      4.430      0.151
   102.500      4.428      0.150
   103.000      4.427      0.151
   103.500      4.426      0.152
   104.000      4.424      0.153
   104.500      4.423      0.154
   105.000      4.421      0.155
   105.500      4.419      0.155
   106.000      4.418      0.155
   106.500      4.416      0.156
   107.000      4.416      0.157
   107.500      4.414      0.159
   108.000      4.413      0.160
   108.500      4.411      0.161
   109.000      4.409      0.161
   109.500      4.407      0.162
   110.000      4.406      0.163
   110.500      4.406      0.164
   111.000      4.405      0.165
   111.500      4.403      0.166
   112.000      4.402      0.167
   112.500      4.400      0.168
   113.000      4.398      0.169
   113.500      4.397      0.169
   114.000      4.396      0.171
   114.500      4.395      0.171
   115.000      4.394      0.172
   115.500      4.393      0.174
   116.000      4.391      0.174
   116.500      4.389      0.175
   117.000      4.388      0.176
   117.500      4.388      0.177
   118.000      4.387      0.177
   118.500      4.386      0.178
   119.000      4.385      0.179
   119.500      4.383      0.180
   120.000      4.381      0.181
   120.500      4.381      0.182
   121.000      4.380      0.182
   121.500      4.379      0.183
   122.000      4.378      0.184
   122.500      4.377      0.185
   123.000      4.376      0.186
   123.500      4.375      0.186
   124.000      4.373      0.187
   124.500      4.373      0.187
   125.000      4.372      0.188
   125.500      4.371      0.188
   126.000      4.370      0.189
   126.500      4.370      0.190
   127.000      4.368      0.191
   127.500      4.367      0.191
   128.000      4.367      0.192
   128.500      4.366      0.192
   129.000      4.365      0.193
   129.500      4.364      0.194
   130.000      4.364      0.194
   130.500      4.363      0.195
   131.000      4.362      0.195
   131.500      4.361      0.196
   132.000      4.360      0.196
   132.500      4.359      0.197
   133.000      4.358      0.198
   133.500      4.358      0.198
   134.000      4.358      0.198
   134.500      4.357      0.199
   135.000      4.357      0.200
   135.500      4.356      0.200
   136.000      4.355      0.201
   136.500      4.354      0.202
   137.000      4.354      0.202
   137.500      4.354      0.202
   138.000      4.353      0.202
   138.500      4.353      0.203
   139.000      4.352      0.204
   139.500      4.351      0.205
   140.000      4.351      0.205
   140.500      4.350      0.205
   141.000      4.350      0.205
   141.500      4.350      0.206
   142.000      4.350      0.206
   142.500      4.349      0.207
   143.000      4.349      0.209
   143.500      4.348      0.209
   144.000      4.348      0.209
   144.500      4.347      0.209
   145.000      4.348      0.209
   145.500      4.347      0.210
   146.000      4.347      0.211
   146.500      4.347      0.212
   147.000      4.347      0.212
   147.500      4.346      0.212
   148.000      4.345      0.213
   148.500      4.346      0.212
   149.000      4.346      0.213
   149.500      4.346      0.214
   150.000      4.346      0.215
   150.500      4.346      0.216
   151.000      4.345      0.216
   151.500      4.345      0.216
   152.000      4.345      0.216
   152.500      4.345      0.216
   153.000      4.345      0.217
   153.500      4.345      0.217
   154.000      4.346      0.218
   154.500      4.346      0.219
   155.000      4.345      0.219
   155.500      4.345      0.219
   156.000      4.345      0.219
   156.500      4.345      0.219
   157.000      4.346      0.220
   157.500      4.346      0.220
   158.000      4.347      0.221
   158.500      4.346      0.221
   159.000      4.346      0.221
   159.500      4.347      0.221
   160.000      4.347      0.221
   160.500      4.347      0.221
   161.000      4.348      0.222
   161.500      4.348      0.222
   162.000      4.349      0.223
   162.500      4.348      0.223
   163.000      4.349      0.223
   163.500      4.349      0.222
   164.000      4.349      0.223
   164.500      4.350      0.223
   165.000      4.351      0.224
   165.500      4.352      0.224
   166.000      4.352      0.224
   166.500      4.352      0.223
   167.000      4.352      0.223
   167.500      4.352      0.223
   168.000      4.353      0.224
   168.500      4.354      0.224
   169.000      4.355      0.225
   169.500      4.356      0.224
   170.000      4.357      0.223
   170.500      4.356      0.223
   171.000      4.357      0.222
   171.500      4.358      0.223
   172.000      4.359      0.225
   172.500      4.360      0.225
   173.000      4.361      0.224
   173.500      4.362      0.223
   174.000      4.362      0.222
   174.500      4.362      0.222
   175.000      4.363      0.223
   175.500      4.364      0.225
   176.000      4.366      0.225
   176.500      4.368      0.223
   177.000      4.368      0.223
   177.500      4.368      0.222
   178.000      4.368      0.222
   178.500      4.369      0.223
   179.000      4.370      0.225
   179.500      4.372      0.226
   180.000      4.375      0.224
   180.500      4.375      0.224
   181.000      4.376      0.223
   181.500      4.375      0.222
   182.000      4.376      0.224
   182.500      4.378      0.228
   183.000      4.380      0.229
   183.500      4.382      0.227
   184.000      4.383      0.227
   184.500      4.383      0.227
   185.000      4.384      0.226
   185.500      4.384      0.228
   186.000      4.387      0.234
   186.500      4.390      0.234
   187.000      4.391      0.233
   187.500      4.391      0.233
   188.000      4.392      0.234
   188.500      4.393      0.234
   189.000      4.394      0.235
   189.500      4.397      0.245
   190.000      4.402      0.246
   190.500      4.402      0.246
   191.000      4.402      0.246
   191.500      4.402      0.246
   192.000      4.402      0.247
   192.500      4.405      0.247
   193.000      4.408      0.263
   193.500      4.413      0.267
   194.000      4.413      0.267
   194.500      4.413      0.267
   195.000      4.413      0.267
   195.500      4.413      0.267
   196.000      4.414      0.267
   196.500      4.420      0.290
   197.000      4.425      0.296
   197.500      4.425      0.296
   198.000      4.425      0.296
   198.500      4.425      0.296
   199.000      4.425      0.296
   199.500      4.425      0.296
