     0.000      1.418      0.587
     0.500      3.080      0.213
     1.000      3.144      0.227
     1.500      3.212      0.170
     2.000      3.232      0.168
     2.500      3.285      0.127
     3.000      3.308      0.118
     3.500      3.348      0.093
     4.000      3.372      0.083
     4.500      3.405      0.068
     5.000      3.425      0.061
     5.500      3.454      0.055
     6.000      3.469      0.053
     6.500      3.493      0.052
     7.000      3.507      0.052
     7.500      3.526      0.053
     8.000      3.539      0.054
     8.500      3.553      0.056
     9.000      3.565      0.056
     9.500      3.575      0.058
    10.000      3.586      0.057
    10.500      3.594      0.058
    11.000      3.603      0.057
    11.500      3.610      0.057
    12.000      3.618      0.055
    12.500      3.624      0.055
    13.000      3.631      0.054
    13.500      3.636      0.053
    14.000      3.642      0.052
    14.500      3.648      0.051
    15.000      3.652      0.050
    15.500      3.658      0.049
    16.000      3.663      0.048
    16.500      3.669      0.047
    17.000      3.673      0.046
    17.500      3.679      0.045
    18.000      3.684      0.043
    18.500      3.689      0.042
    19.000      3.694      0.041
    19.500      3.699      0.040
    20.000      3.705      0.038
    20.500      3.710      0.037
    21.000      3.716      0.036
    21.500      3.722      0.034
    22.000      3.727      0.033
    22.500      3.734      0.032
    23.000      3.740      0.031
    23.500      3.746      0.030
    24.000      3.752      0.029
    24.500      3.760      0.028
    25.000      3.767      0.028
    25.500      3.774      0.027
    26.000      3.782      0.027
    26.500      3.790      0.027
    27.000      3.798      0.028
    27.500      3.806      0.029
    28.000      3.815      0.030
    28.500      3.825      0.031
    29.000      3.834      0.032
    29.500      3.844      0.034
    30.000      3.854      0.036
    30.500      3.864      0.038
    31.000      3.875      0.040
    31.500      3.886      0.043
    32.000      3.898      0.045
    32.500      3.910      0.047
    33.000      3.924      0.050
    33.500      3.937      0.052
    34.000      3.953      0.055
    34.500      3.968      0.059
    35.000      3.983      0.062
    35.500      4.000      0.066
    36.000      4.018      0.069
    36.500      4.037      0.072
    37.000      4.057      0.074
    37.500      4.076      0.079
    38.000      4.096      0.082
    38.500      4.116      0.085
    39.000      4.139      0.087
    39.500      4.156      0.091
    40.000      4.177      0.091
    40.500      4.364      0.131
    41.000      4.372      0.128
    41.500      4.376      0.126
    42.000      4.379      0.121
    42.500      4.384      0.119
    43.000      4.389      0.119
    43.500      4.395      0.117
    44.000      4.399      0.117
    44.500      4.405      0.119
    45.000      4.408      0.120
    45.500      4.412      0.122
    46.000      4.416      0.125
    46.500      4.421      0.127
    47.000      4.427      0.130
    47.500      4.431      0.131
    48.000      4.433      0.131
    48.500      4.434      0.130
    49.000      4.433      0.128
    49.500      4.431      0.126
    50.000      4.430      0.122
    50.500      4.428      0.118
    51.000      4.425      0.114
    51.500      4.422      0.111
    52.000      4.419      0.108
    52.500      4.415      0.104
    53.000      4.411      0.101
    53.500      4.408      0.097
    54.000      4.406      0.095
    54.500      4.404      0.092
    55.000      4.401      0.091
    55.500      4.398      0.089
    56.000      4.394      0.087
    56.500      4.392      0.085
    57.000      4.389      0.084
    57.500      4.388      0.083
    58.000      4.385      0.082
    58.500      4.383      0.080
    59.000      4.380      0.080
    59.500      4.377      0.079
    60.000      4.375      0.078
    60.500      4.373      0.078
    61.000      4.372      0.077
    61.500      4.369      0.077
    62.000      4.367      0.077
    62.500      4.365      0.076
    63.000      4.363      0.075
    63.500      4.361      0.075
    64.000      4.360      0.074
    64.500      4.358      0.074
    65.000      4.356      0.074
    65.500      4.354      0.074
    66.000      4.353      0.073
    66.500      4.351      0.072
    67.000      4.350      0.072
    67.500      4.349      0.071
    68.000      4.347      0.072
    68.500      4.346      0.071
    69.000      4.344      0.070
    69.500      4.343      0.069
    70.000      4.342      0.068
    70.500      4.341      0.068
    71.000      4.340      0.068
    71.500      4.339      0.068
    72.000      4.338      0.067
    72.500      4.336      0.066
    73.000      4.335      0.065
    73.500      4.335      0.064
    74.000      4.334      0.064
    74.500      4.333      0.064
    75.000      4.332      0.063
    75.500      4.331      0.062
    76.000      4.330      0.061
    76.500      4.330      0.061
    77.000      4.329      0.060
    77.500      4.329      0.060
    78.000      4.328      0.060
    78.500      4.327      0.060
    79.000      4.326      0.059
    79.500      4.326      0.059
    80.000      4.326      0.059
    80.500      4.326      0.059
    81.000      4.325      0.059
    81.500      4.325      0.059
    82.000      4.324      0.060
    82.500      4.323      0.060
    83.000      4.324      0.060
    83.500      4.324      0.060
    84.000      4.324      0.061
    84.500      4.323      0.062
    85.000      4.322      0.063
    85.500      4.322      0.064
    86.000      4.322      0.064
    86.500      4.323      0.065
    87.000      4.323      0.066
    87.500      4.322      0.067
    88.000      4.322      0.069
    88.500      4.321      0.070
    89.000      4.321      0.071
    89.500      4.322      0.072
    90.000      4.322      0.074
    90.500      4.323      0.075
    91.000      4.322      0.077
    91.500      4.321      0.078
    92.000      4.321      0.080
    92.500      4.322      0.081
    93.000      4.322      0.083
    93.500      4.323      0.084
    94.000      4.323      0.085
    94.500      4.322      0.087
    95.000      4.322      0.089
    95.500      4.322      0.090
    96.000      4.323      0.091
    96.500      4.324      0.093
    97.000      4.323      0.094
    97.500      4.323      0.096
    98.000      4.323      0.097
    98.500      4.323      0.098
    99.000      4.324      0.100
    99.500      4.324      0.101
   100.000      4.325      0.102
   100.500      4.324      0.103
   101.000      4.324      0.105
   101.500      4.324      0.106
   102.000      4.325      0.107
   102.500      4.325      0.108
   103.000      4.326      0.109
   103.500      4.326      0.110
   104.000      4.326      0.111
   104.500      4.326      0.112
   105.000      4.326      0.113
   105.500      4.327      0.114
   106.000      4.327      0.115
   106.500      4.327      0.116
   107.000      4.327      0.117
   107.500      4.328      0.117
   108.000      4.328      0.118
   108.500      4.328      0.119
   109.000      4.329      0.120
   109.500      4.329      0.121
   110.000      4.329      0.121
   110.500      4.329      0.122
   111.000      4.329      0.122
   111.500      4.330      0.123
   112.000      4.330      0.124
   112.500      4.330      0.124
   113.000      4.330      0.125
   113.500      4.331      0.125
   114.000      4.331      0.126
   114.500      4.332      0.127
   115.000      4.332      0.127
   115.500      4.332      0.127
   116.000      4.332      0.128
   116.500      4.332      0.128
   117.000      4.333      0.128
   117.500      4.333      0.129
   118.000      4.334      0.129
   118.500      4.334      0.130
   119.000      4.334      0.130
   119.500      4.334      0.130
   120.000      4.335      0.130
   120.500      4.335      0.131
   121.000      4.336      0.131
   121.500      4.336      0.131
   122.000      4.336      0.131
   122.500      4.336      0.131
   123.000      4.337      0.131
   123.500      4.337      0.132
   124.000      4.338      0.133
   124.500      4.338      0.132
   125.000      4.338      0.132
   125.500      4.338      0.132
   126.000      4.338      0.132
   126.500      4.339      0.132
   127.000      4.340      0.133
   127.500      4.341      0.133
   128.000      4.340      0.133
   128.500      4.340      0.133
   129.000      4.340      0.133
   129.500      4.341      0.133
   130.000      4.342      0.133
   130.500      4.343      0.134
   131.000      4.343      0.134
   131.500      4.343      0.133
   132.000      4.343      0.133
   132.500      4.343      0.133
   133.000      4.344      0.133
   133.500      4.345      0.133
   134.000      4.345      0.134
   134.500      4.345      0.134
   135.000      4.345      0.133
   135.500      4.345      0.133
   136.000      4.346      0.133
   136.500      4.347      0.133
   137.000      4.347      0.134
   137.500      4.347      0.134
   138.000      4.347      0.134
   138.500      4.347      0.133
   139.000      4.347      0.133
   139.500      4.349      0.132
   140.000      4.349      0.133
   140.500      4.350      0.134
   141.000      4.349      0.134
   141.500      4.349      0.133
   142.000      4.349      0.133
   142.500      4.351      0.132
   143.000      4.351      0.132
   143.500      4.352      0.133
   144.000      4.352      0.134
   144.500      4.352      0.133
   145.000      4.351      0.133
   145.500      4.352      0.132
   146.000      4.353      0.132
   146.500      4.354      0.133
   147.000      4.354      0.134
   147.500      4.354      0.133
   148.000      4.353      0.133
   148.500      4.353      0.132
   149.000      4.355      0.131
   149.500      4.356      0.132
   150.000      4.356      0.133
   150.500      4.357      0.133
   151.000      4.356      0.133
   151.500      4.355      0.131
   152.000      4.356      0.131
   152.500      4.358      0.131
   153.000      4.359      0.133
   153.500      4.359      0.133
   154.000      4.358      0.133
   154.500      4.357      0.132
   155.000      4.357      0.131
   155.500      4.359      0.131
   156.000      4.361      0.133
   156.500      4.361      0.133
   157.000      4.361      0.133
   157.500      4.359      0.132
   158.000      4.359      0.131
   158.500      4.360      0.131
   159.000      4.362      0.133
   159.500      4.363      0.134
   160.000      4.363      0.133
   160.500      4.362      0.133
   161.000      4.361      0.132
   161.500      4.361      0.132
   162.000      4.363      0.132
   162.500      4.365      0.134
   163.000      4.365      0.134
   163.500      4.364      0.134
   164.000      4.363      0.133
   164.500      4.362      0.134
   165.000      4.364      0.134
   165.500      4.366      0.136
   166.000      4.367      0.136
   166.500      4.366      0.136
   167.000      4.365      0.136
   167.500      4.364      0.136
   168.000      4.365      0.137
   168.500      4.367      0.137
   169.000      4.368      0.139
   169.500      4.368      0.139
   170.000      4.367      0.140
   170.500      4.366      0.140
   171.000      4.365      0.141
   171.500      4.368      0.141
   172.000      4.370      0.143
   172.500      4.369      0.144
   173.000      4.369      0.145
   173.500      4.368      0.146
   174.000      4.366      0.147
   174.500      4.368      0.148
   175.000      4.371      0.149
   175.500      4.371      0.150
   176.000      4.370      0.153
   176.500      4.369      0.153
   177.000      4.368      0.155
   177.500      4.368      0.157
   178.000      4.371      0.158
   178.500      4.372      0.160
   179.000      4.371      0.164
   179.500      4.370      0.164
   180.000      4.370      0.165
   180.500      4.368      0.168
   181.000      4.370      0.171
   181.500      4.373      0.173
   182.000      4.371      0.178
   182.500      4.371      0.178
   183.000      4.372      0.178
   183.500      4.370      0.182
   184.000      4.370      0.187
   184.500      4.374      0.189
   185.000      4.372      0.196
   185.500      4.372      0.196
   186.000      4.372      0.196
   186.500      4.372      0.197
   187.000      4.369      0.204
   187.500      4.374      0.211
   188.000      4.372      0.218
   188.500      4.372      0.219
   189.000      4.372      0.219
   189.500      4.372      0.219
   190.000      4.371      0.223
   190.500      4.371      0.236
   191.000      4.372      0.245
   191.500      4.372      0.246
   192.000      4.372      0.246
   192.500      4.372      0.246
   193.000      4.372      0.246
   193.500      4.370      0.257
   194.000      4.372      0.277
   194.500      4.372      0.277
   195.000      4.372      0.277
   195.500      4.372      0.277
   196.000      4.372      0.277
   196.500      4.372      0.277
   197.000      4.372      0.313
   197.500      4.371      0.313
   198.000      4.371      0.313
   198.500      4.371      0.313
   199.000      4.371      0.313
   199.500      4.371      0.313
