     0.000      1.346      0.411
     0.500      1.589      0.331
     1.000      1.872      0.278
     1.500      2.039      0.281
     2.000      2.894      0.164
     2.500      2.960      0.141
     3.000      3.036      0.118
     3.500      3.099      0.108
     4.000      3.148      0.092
     4.500      3.189      0.082
     5.000      3.234      0.081
     5.500      3.268      0.078
     6.000      3.300      0.080
     6.500      3.332      0.084
     7.000      3.357      0.082
     7.500      3.380      0.088
     8.000      3.403      0.088
     8.500      3.422      0.088
     9.000      3.439      0.091
     9.500      3.455      0.088
    10.000      3.469      0.089
    10.500      3.482      0.088
    11.000      3.495      0.086
    11.500      3.506      0.084
    12.000      3.517      0.082
    12.500      3.529      0.079
    13.000      3.538      0.076
    13.500      3.549      0.073
    14.000      3.559      0.069
    14.500      3.569      0.065
    15.000      3.579      0.061
    15.500      3.590      0.057
    16.000      3.601      0.053
    16.500      3.611      0.050
    17.000      3.623      0.046
    17.500      3.633      0.043
    18.000      3.645      0.041
    18.500      3.657      0.040
    19.000      3.669      0.038
    19.500      3.681      0.038
    20.000      3.695      0.037
    20.500      3.709      0.037
    21.000      3.724      0.039
    21.500      3.739      0.036
    22.000      3.756      0.037
    22.500      3.772      0.038
    23.000      3.787      0.039
    23.500      3.806      0.040
    24.000      3.823      0.040
    24.500      3.842      0.042
    25.000      3.861      0.042
    25.500      3.882      0.043
    26.000      3.903      0.046
    26.500      3.925      0.048
    27.000      3.949      0.054
    27.500      3.972      0.061
    28.000      3.994      0.067
    28.500      4.020      0.077
    29.000      4.044      0.086
    29.500      4.069      0.094
    30.000      4.097      0.104
    30.500      4.127      0.116
    31.000      4.150      0.115
    31.500      4.171      0.111
    32.000      4.192      0.107
    32.500      4.217      0.098
    33.000      4.466      0.170
    33.500      4.470      0.166
    34.000      4.477      0.160
    34.500      4.483      0.153
    35.000      4.491      0.150
    35.500      4.512      0.147
    36.000      4.536      0.149
    36.500      4.552      0.152
    37.000      4.564      0.155
    37.500      4.570      0.152
    38.000      4.572      0.149
    38.500      4.570      0.145
    39.000      4.564      0.135
    39.500      4.557      0.121
    40.000      4.552      0.110
    40.500      4.550      0.103
    41.000      4.548      0.100
    41.500      4.544      0.096
    42.000      4.538      0.091
    42.500      4.531      0.084
    43.000      4.527      0.074
    43.500      4.523      0.066
    44.000      4.522      0.063
    44.500      4.519      0.061
    45.000      4.515      0.059
    45.500      4.510      0.058
    46.000      4.504      0.054
    46.500      4.500      0.050
    47.000      4.498      0.047
    47.500      4.497      0.046
    48.000      4.493      0.046
    48.500      4.490      0.047
    49.000      4.484      0.049
    49.500      4.480      0.051
    50.000      4.477      0.051
    50.500      4.476      0.051
    51.000      4.474      0.051
    51.500      4.471      0.052
    52.000      4.468      0.055
    52.500      4.463      0.058
    53.000      4.460      0.061
    53.500      4.458      0.062
    54.000      4.457      0.062
    54.500      4.455      0.062
    55.000      4.452      0.063
    55.500      4.449      0.065
    56.000      4.445      0.068
    56.500      4.443      0.070
    57.000      4.441      0.070
    57.500      4.440      0.070
    58.000      4.438      0.070
    58.500      4.436      0.071
    59.000      4.433      0.073
    59.500      4.430      0.074
    60.000      4.429      0.074
    60.500      4.428      0.074
    61.000      4.426      0.073
    61.500      4.424      0.073
    62.000      4.422      0.073
    62.500      4.420      0.075
    63.000      4.418      0.075
    63.500      4.417      0.074
    64.000      4.416      0.073
    64.500      4.414      0.072
    65.000      4.413      0.071
    65.500      4.412      0.072
    66.000      4.411      0.072
    66.500      4.409      0.071
    67.000      4.408      0.070
    67.500      4.407      0.069
    68.000      4.405      0.067
    68.500      4.404      0.066
    69.000      4.404      0.066
    69.500      4.403      0.065
    70.000      4.402      0.064
    70.500      4.401      0.063
    71.000      4.400      0.062
    71.500      4.398      0.060
    72.000      4.398      0.059
    72.500      4.398      0.058
    73.000      4.398      0.057
    73.500      4.397      0.056
    74.000      4.396      0.055
    74.500      4.395      0.054
    75.000      4.394      0.052
    75.500      4.394      0.051
    76.000      4.394      0.050
    76.500      4.394      0.049
    77.000      4.394      0.049
    77.500      4.392      0.048
    78.000      4.391      0.047
    78.500      4.391      0.046
    79.000      4.392      0.045
    79.500      4.392      0.045
    80.000      4.392      0.045
    80.500      4.392      0.044
    81.000      4.391      0.043
    81.500      4.390      0.044
    82.000      4.391      0.043
    82.500      4.392      0.043
    83.000      4.392      0.044
    83.500      4.392      0.044
    84.000      4.391      0.044
    84.500      4.391      0.044
    85.000      4.391      0.046
    85.500      4.392      0.046
    86.000      4.393      0.047
    86.500      4.393      0.049
    87.000      4.393      0.048
    87.500      4.392      0.048
    88.000      4.392      0.050
    88.500      4.393      0.052
    89.000      4.394      0.052
    89.500      4.395      0.054
    90.000      4.395      0.055
    90.500      4.394      0.055
    91.000      4.394      0.055
    91.500      4.394      0.057
    92.000      4.396      0.059
    92.500      4.397      0.060
    93.000      4.397      0.062
    93.500      4.397      0.062
    94.000      4.397      0.062
    94.500      4.397      0.063
    95.000      4.397      0.065
    95.500      4.399      0.066
    96.000      4.400      0.067
    96.500      4.400      0.069
    97.000      4.400      0.069
    97.500      4.400      0.069
    98.000      4.400      0.070
    98.500      4.401      0.071
    99.000      4.402      0.073
    99.500      4.403      0.074
   100.000      4.404      0.075
   100.500      4.403      0.075
   101.000      4.403      0.075
   101.500      4.403      0.076
   102.000      4.405      0.078
   102.500      4.406      0.079
   103.000      4.407      0.080
   103.500      4.407      0.080
   104.000      4.407      0.080
   104.500      4.407      0.081
   105.000      4.408      0.082
   105.500      4.409      0.083
   106.000      4.411      0.084
   106.500      4.411      0.085
   107.000      4.411      0.085
   107.500      4.411      0.085
   108.000      4.411      0.086
   108.500      4.412      0.087
   109.000      4.414      0.088
   109.500      4.415      0.089
   110.000      4.416      0.089
   110.500      4.416      0.089
   111.000      4.415      0.090
   111.500      4.415      0.091
   112.000      4.417      0.091
   112.500      4.419      0.093
   113.000      4.420      0.093
   113.500      4.420      0.093
   114.000      4.420      0.093
   114.500      4.420      0.094
   115.000      4.420      0.095
   115.500      4.422      0.096
   116.000      4.424      0.097
   116.500      4.425      0.097
   117.000      4.425      0.097
   117.500      4.425      0.097
   118.000      4.425      0.098
   118.500      4.425      0.099
   119.000      4.427      0.100
   119.500      4.429      0.101
   120.000      4.430      0.101
   120.500      4.430      0.101
   121.000      4.430      0.101
   121.500      4.430      0.101
   122.000      4.431      0.102
   122.500      4.433      0.104
   123.000      4.434      0.104
   123.500      4.435      0.104
   124.000      4.435      0.104
   124.500      4.435      0.104
   125.000      4.435      0.105
   125.500      4.437      0.106
   126.000      4.439      0.108
   126.500      4.440      0.108
   127.000      4.440      0.107
   127.500      4.440      0.107
   128.000      4.440      0.108
   128.500      4.440      0.109
   129.000      4.443      0.110
   129.500      4.444      0.111
   130.000      4.445      0.110
   130.500      4.445      0.110
   131.000      4.445      0.111
   131.500      4.445      0.112
   132.000      4.446      0.113
   132.500      4.449      0.113
   133.000      4.450      0.114
   133.500      4.451      0.113
   134.000      4.451      0.113
   134.500      4.450      0.114
   135.000      4.450      0.115
   135.500      4.452      0.115
   136.000      4.454      0.116
   136.500      4.456      0.116
   137.000      4.456      0.116
   137.500      4.456      0.116
   138.000      4.456      0.117
   138.500      4.456      0.117
   139.000      4.458      0.117
   139.500      4.460      0.118
   140.000      4.461      0.118
   140.500      4.461      0.118
   141.000      4.461      0.118
   141.500      4.461      0.119
   142.000      4.462      0.119
   142.500      4.464      0.119
   143.000      4.466      0.120
   143.500      4.466      0.119
   144.000      4.467      0.119
   144.500      4.466      0.120
   145.000      4.467      0.120
   145.500      4.467      0.120
   146.000      4.469      0.120
   146.500      4.471      0.120
   147.000      4.472      0.120
   147.500      4.472      0.120
   148.000      4.472      0.121
   148.500      4.472      0.121
   149.000      4.473      0.120
   149.500      4.475      0.120
   150.000      4.476      0.120
   150.500      4.477      0.120
   151.000      4.477      0.120
   151.500      4.477      0.120
   152.000      4.477      0.120
   152.500      4.478      0.119
   153.000      4.480      0.119
   153.500      4.481      0.119
   154.000      4.482      0.119
   154.500      4.482      0.119
   155.000      4.482      0.119
   155.500      4.482      0.118
   156.000      4.484      0.118
   156.500      4.485      0.117
   157.000      4.486      0.117
   157.500      4.487      0.117
   158.000      4.487      0.117
   158.500      4.487      0.117
   159.000      4.487      0.116
   159.500      4.489      0.115
   160.000      4.489      0.114
   160.500      4.490      0.114
   161.000      4.491      0.114
   161.500      4.491      0.114
   162.000      4.491      0.114
   162.500      4.492      0.112
   163.000      4.493      0.111
   163.500      4.493      0.111
   164.000      4.495      0.110
   164.500      4.495      0.110
   165.000      4.495      0.110
   165.500      4.495      0.110
   166.000      4.497      0.107
   166.500      4.497      0.107
   167.000      4.498      0.107
   167.500      4.498      0.106
   168.000      4.499      0.106
   168.500      4.499      0.106
   169.000      4.499      0.106
   169.500      4.502      0.104
   170.000      4.501      0.104
   170.500      4.502      0.103
   171.000      4.501      0.102
   171.500      4.503      0.103
   172.000      4.503      0.103
   172.500      4.503      0.103
   173.000      4.505      0.101
   173.500      4.504      0.102
   174.000      4.506      0.101
   174.500      4.505      0.100
   175.000      4.506      0.102
   175.500      4.506      0.102
   176.000      4.507      0.102
   176.500      4.506      0.103
   177.000      4.508      0.103
   177.500      4.508      0.103
   178.000      4.508      0.103
   178.500      4.508      0.104
   179.000      4.509      0.105
   179.500      4.510      0.106
   180.000      4.509      0.110
   180.500      4.511      0.110
   181.000      4.510      0.110
   181.500      4.510      0.110
   182.000      4.511      0.111
   182.500      4.512      0.113
   183.000      4.514      0.116
   183.500      4.511      0.123
   184.000      4.512      0.125
   184.500      4.512      0.125
   185.000      4.512      0.125
   185.500      4.512      0.125
   186.000      4.514      0.128
   186.500      4.514      0.137
   187.000      4.515      0.145
   187.500      4.514      0.146
   188.000      4.514      0.146
   188.500      4.514      0.146
   189.000      4.514      0.146
   189.500      4.515      0.149
   190.000      4.513      0.168
   190.500      4.515      0.174
   191.000      4.515      0.174
   191.500      4.515      0.174
   192.000      4.515      0.174
   192.500      4.515      0.174
   193.000      4.516      0.177
   193.500      4.517      0.206
   194.000      4.515      0.209
   194.500      4.515      0.209
   195.000      4.515      0.209
   195.500      4.515      0.209
   196.000      4.515      0.209
   196.500      4.516      0.211
   197.000      4.515      0.249
   197.500      4.515      0.249
   198.000      4.515      0.249
   198.500      4.515      0.249
   199.000      4.515      0.249
   199.500      4.515      0.249
