     0.000      1.336      0.553
     0.500      3.061      0.188
     1.000      3.112      0.187
     1.500      3.146      0.159
     2.000      3.209      0.136
     2.500      3.228      0.130
     3.000      3.268      0.105
     3.500      3.314      0.091
     4.000      3.333      0.085
     4.500      3.367      0.069
     5.000      3.400      0.059
     5.500      3.424      0.051
     6.000      3.449      0.045
     6.500      3.474      0.039
     7.000      3.497      0.034
     7.500      3.514      0.034
     8.000      3.536      0.034
     8.500      3.554      0.033
     9.000      3.568      0.035
     9.500      3.585      0.037
    10.000      3.599      0.037
    10.500      3.610      0.039
    11.000      3.624      0.040
    11.500      3.634      0.041
    12.000      3.643      0.041
    12.500      3.653      0.043
    13.000      3.661      0.042
    13.500      3.668      0.042
    14.000      3.675      0.042
    14.500      3.681      0.041
    15.000      3.686      0.041
    15.500      3.691      0.041
    16.000      3.696      0.040
    16.500      3.699      0.039
    17.000      3.703      0.038
    17.500      3.707      0.038
    18.000      3.710      0.037
    18.500      3.713      0.036
    19.000      3.716      0.036
    19.500      3.718      0.035
    20.000      3.721      0.034
    20.500      3.723      0.034
    21.000      3.725      0.033
    21.500      3.727      0.033
    22.000      3.729      0.032
    22.500      3.732      0.032
    23.000      3.733      0.031
    23.500      3.735      0.031
    24.000      3.737      0.030
    24.500      3.739      0.030
    25.000      3.741      0.030
    25.500      3.742      0.029
    26.000      3.744      0.029
    26.500      3.746      0.028
    27.000      3.747      0.028
    27.500      3.749      0.028
    28.000      3.751      0.027
    28.500      3.752      0.027
    29.000      3.754      0.027
    29.500      3.756      0.027
    30.000      3.758      0.027
    30.500      3.759      0.026
    31.000      3.761      0.026
    31.500      3.763      0.026
    32.000      3.765      0.026
    32.500      3.767      0.026
    33.000      3.769      0.026
    33.500      3.771      0.026
    34.000      3.773      0.026
    34.500      3.776      0.027
    35.000      3.778      0.027
    35.500      3.781      0.027
    36.000      3.783      0.027
    36.500      3.786      0.028
    37.000      3.789      0.028
    37.500      3.792      0.028
    38.000      3.795      0.029
    38.500      3.799      0.030
    39.000      3.802      0.030
    39.500      3.806      0.031
    40.000      3.810      0.032
    40.500      3.814      0.032
    41.000      3.818      0.033
    41.500      3.822      0.034
    42.000      3.827      0.035
    42.500      3.832      0.037
    43.000      3.837      0.039
    43.500      3.842      0.040
    44.000      3.848      0.042
    44.500      3.853      0.044
    45.000      3.859      0.046
    45.500      3.866      0.048
    46.000      3.872      0.050
    46.500      3.880      0.053
    47.000      3.888      0.055
    47.500      3.897      0.057
    48.000      3.906      0.060
    48.500      3.914      0.063
    49.000      3.922      0.065
    49.500      3.930      0.068
    50.000      3.939      0.071
    50.500      3.949      0.075
    51.000      3.958      0.077
    51.500      3.967      0.080
    52.000      3.976      0.086
    52.500      3.986      0.090
    53.000      3.996      0.093
    53.500      4.010      0.096
    54.000      4.368      0.207
    54.500      4.387      0.214
    55.000      4.397      0.216
    55.500      4.408      0.216
    56.000      4.418      0.215
    56.500      4.427      0.211
    57.000      4.433      0.204
    57.500      4.437      0.201
    58.000      4.441      0.199
    58.500      4.446      0.197
    59.000      4.449      0.193
    59.500      4.454      0.188
    60.000      4.462      0.185
    60.500      4.468      0.183
    61.000      4.471      0.181
    61.500      4.473      0.177
    62.000      4.475      0.173
    62.500      4.477      0.168
    63.000      4.481      0.164
    63.500      4.482      0.160
    64.000      4.481      0.157
    64.500      4.480      0.153
    65.000      4.478      0.150
    65.500      4.477      0.146
    66.000      4.476      0.141
    66.500      4.475      0.138
    67.000      4.474      0.136
    67.500      4.473      0.135
    68.000      4.471      0.134
    68.500      4.470      0.131
    69.000      4.469      0.130
    69.500      4.468      0.129
    70.000      4.467      0.128
    70.500      4.466      0.128
    71.000      4.465      0.129
    71.500      4.463      0.128
    72.000      4.463      0.128
    72.500      4.462      0.128
    73.000      4.461      0.128
    73.500      4.460      0.128
    74.000      4.459      0.129
    74.500      4.458      0.129
    75.000      4.457      0.129
    75.500      4.457      0.130
    76.000      4.456      0.130
    76.500      4.455      0.131
    77.000      4.453      0.131
    77.500      4.453      0.132
    78.000      4.452      0.132
    78.500      4.452      0.132
    79.000      4.451      0.132
    79.500      4.450      0.133
    80.000      4.449      0.133
    80.500      4.448      0.133
    81.000      4.447      0.133
    81.500      4.447      0.133
    82.000      4.447      0.133
    82.500      4.445      0.133
    83.000      4.445      0.134
    83.500      4.444      0.133
    84.000      4.443      0.133
    84.500      4.443      0.133
    85.000      4.442      0.133
    85.500      4.441      0.133
    86.000      4.441      0.133
    86.500      4.440      0.133
    87.000      4.439      0.133
    87.500      4.438      0.133
    88.000      4.438      0.133
    88.500      4.437      0.133
    89.000      4.437      0.133
    89.500      4.436      0.133
    90.000      4.435      0.133
    90.500      4.434      0.133
    91.000      4.434      0.133
    91.500      4.433      0.133
    92.000      4.433      0.133
    92.500      4.432      0.134
    93.000      4.431      0.134
    93.500      4.430      0.134
    94.000      4.430      0.135
    94.500      4.430      0.135
    95.000      4.429      0.135
    95.500      4.428      0.136
    96.000      4.427      0.136
    96.500      4.426      0.137
    97.000      4.426      0.138
    97.500      4.425      0.139
    98.000      4.424      0.139
    98.500      4.424      0.140
    99.000      4.423      0.141
    99.500      4.422      0.142
   100.000      4.421      0.143
   100.500      4.421      0.144
   101.000      4.420      0.145
   101.500      4.419      0.145
   102.000      4.418      0.147
   102.500      4.417      0.148
   103.000      4.417      0.150
   103.500      4.416      0.150
   104.000      4.415      0.151
   104.500      4.414      0.152
   105.000      4.413      0.153
   105.500      4.412      0.155
   106.000      4.412      0.157
   106.500      4.411      0.158
   107.000      4.410      0.158
   107.500      4.409      0.159
   108.000      4.408      0.161
   108.500      4.407      0.163
   109.000      4.406      0.164
   109.500      4.404      0.165
   110.000      4.403      0.165
   110.500      4.402      0.166
   111.000      4.402      0.168
   111.500      4.400      0.170
   112.000      4.399      0.171
   112.500      4.398      0.172
   113.000      4.397      0.172
   113.500      4.396      0.174
   114.000      4.395      0.175
   114.500      4.393      0.177
   115.000      4.392      0.178
   115.500      4.391      0.178
   116.000      4.390      0.179
   116.500      4.388      0.180
   117.000      4.387      0.181
   117.500      4.386      0.183
   118.000      4.384      0.184
   118.500      4.383      0.184
   119.000      4.382      0.185
   119.500      4.381      0.186
   120.000      4.379      0.187
   120.500      4.378      0.188
   121.000      4.376      0.189
   121.500      4.375      0.190
   122.000      4.374      0.190
   122.500      4.372      0.191
   123.000      4.371      0.192
   123.500      4.369      0.193
   124.000      4.368      0.194
   124.500      4.367      0.194
   125.000      4.365      0.195
   125.500      4.364      0.195
   126.000      4.362      0.196
   126.500      4.360      0.197
   127.000      4.359      0.197
   127.500      4.358      0.198
   128.000      4.357      0.199
   128.500      4.355      0.199
   129.000      4.353      0.200
   129.500      4.351      0.200
   130.000      4.350      0.201
   130.500      4.349      0.201
   131.000      4.347      0.202
   131.500      4.345      0.202
   132.000      4.344      0.202
   132.500      4.342      0.203
   133.000      4.341      0.203
   133.500      4.340      0.203
   134.000      4.338      0.204
   134.500      4.336      0.204
   135.000      4.334      0.204
   135.500      4.333      0.205
   136.000      4.331      0.205
   136.500      4.330      0.205
   137.000      4.328      0.206
   137.500      4.326      0.206
   138.000      4.325      0.206
   138.500      4.324      0.206
   139.000      4.322      0.206
   139.500      4.320      0.206
   140.000      4.318      0.207
   140.500      4.317      0.206
   141.000      4.316      0.207
   141.500      4.314      0.207
   142.000      4.312      0.207
   142.500      4.310      0.207
   143.000      4.309      0.207
   143.500      4.308      0.207
   144.000      4.306      0.207
   144.500      4.304      0.207
   145.000      4.303      0.207
   145.500      4.301      0.207
   146.000      4.300      0.207
   146.500      4.299      0.206
   147.000      4.297      0.207
   147.500      4.295      0.207
   148.000      4.293      0.207
   148.500      4.291      0.206
   149.000      4.290      0.206
   149.500      4.289      0.205
   150.000      4.287      0.206
   150.500      4.285      0.206
   151.000      4.283      0.206
   151.500      4.282      0.205
   152.000      4.281      0.204
   152.500      4.280      0.204
   153.000      4.278      0.204
   153.500      4.276      0.204
   154.000      4.275      0.204
   154.500      4.274      0.203
   155.000      4.273      0.203
   155.500      4.271      0.202
   156.000      4.269      0.202
   156.500      4.267      0.202
   157.000      4.266      0.202
   157.500      4.265      0.201
   158.000      4.264      0.200
   158.500      4.262      0.199
   159.000      4.260      0.199
   159.500      4.259      0.200
   160.000      4.258      0.199
   160.500      4.257      0.198
   161.000      4.255      0.198
   161.500      4.254      0.197
   162.000      4.252      0.197
   162.500      4.251      0.197
   163.000      4.250      0.197
   163.500      4.249      0.196
   164.000      4.247      0.195
   164.500      4.246      0.194
   165.000      4.244      0.194
   165.500      4.243      0.195
   166.000      4.242      0.194
   166.500      4.241      0.193
   167.000      4.240      0.192
   167.500      4.239      0.192
   168.000      4.237      0.192
   168.500      4.236      0.193
   169.000      4.236      0.192
   169.500      4.234      0.191
   170.000      4.233      0.190
   170.500      4.232      0.190
   171.000      4.230      0.191
   171.500      4.229      0.191
   172.000      4.229      0.191
   172.500      4.228      0.189
   173.000      4.227      0.190
   173.500      4.226      0.190
   174.000      4.224      0.192
   174.500      4.223      0.192
   175.000      4.223      0.191
   175.500      4.223      0.190
   176.000      4.222      0.191
   176.500      4.220      0.193
   177.000      4.218      0.195
   177.500      4.218      0.195
   178.000      4.218      0.193
   178.500      4.218      0.193
   179.000      4.217      0.196
   179.500      4.215      0.199
   180.000      4.213      0.201
   180.500      4.213      0.200
   181.000      4.214      0.200
   181.500      4.215      0.200
   182.000      4.213      0.204
   182.500      4.210      0.210
   183.000      4.209      0.212
   183.500      4.210      0.211
   184.000      4.210      0.211
   184.500      4.211      0.212
   185.000      4.210      0.217
   185.500      4.206      0.226
   186.000      4.206      0.228
   186.500      4.208      0.227
   187.000      4.208      0.227
   187.500      4.208      0.228
   188.000      4.208      0.234
   188.500      4.204      0.247
   189.000      4.205      0.249
   189.500      4.206      0.249
   190.000      4.206      0.249
   190.500      4.206      0.249
   191.000      4.206      0.258
   191.500      4.203      0.275
   192.000      4.205      0.277
   192.500      4.205      0.277
   193.000      4.205      0.277
   193.500      4.205      0.277
   194.000      4.206      0.287
   194.500      4.204      0.310
   195.000      4.205      0.311
   195.500      4.205      0.311
   196.000      4.205      0.311
   196.500      4.205      0.311
   197.000      4.206      0.322
   197.500      4.207      0.350
   198.000      4.207      0.350
   198.500      4.207      0.350
   199.000      4.207      0.350
