     0.000      1.362      0.475
     0.500      3.185      0.129
     1.000      3.209      0.129
     1.500      3.224      0.117
     2.000      3.275      0.095
     2.500      3.291      0.093
     3.000      3.312      0.082
     3.500      3.349      0.068
     4.000      3.367      0.062
     4.500      3.384      0.059
     5.000      3.413      0.047
     5.500      3.432      0.044
     6.000      3.445      0.043
     6.500      3.469      0.036
     7.000      3.486      0.034
     7.500      3.497      0.035
     8.000      3.517      0.032
     8.500      3.531      0.032
     9.000      3.541      0.033
     9.500      3.557      0.032
    10.000      3.568      0.032
    10.500      3.577      0.033
    11.000      3.589      0.033
    11.500      3.599      0.032
    12.000      3.606      0.033
    12.500      3.615      0.033
    13.000      3.624      0.032
    13.500      3.630      0.032
    14.000      3.637      0.032
    14.500      3.643      0.031
    15.000      3.648      0.031
    15.500      3.654      0.031
    16.000      3.659      0.030
    16.500      3.663      0.030
    17.000      3.668      0.030
    17.500      3.672      0.029
    18.000      3.675      0.029
    18.500      3.679      0.029
    19.000      3.682      0.029
    19.500      3.685      0.029
    20.000      3.688      0.029
    20.500      3.691      0.028
    21.000      3.694      0.028
    21.500      3.696      0.028
    22.000      3.699      0.028
    22.500      3.701      0.028
    23.000      3.703      0.028
    23.500      3.706      0.028
    24.000      3.708      0.027
    24.500      3.710      0.027
    25.000      3.712      0.027
    25.500      3.714      0.027
    26.000      3.716      0.027
    26.500      3.718      0.026
    27.000      3.720      0.026
    27.500      3.722      0.026
    28.000      3.724      0.026
    28.500      3.726      0.026
    29.000      3.728      0.026
    29.500      3.730      0.025
    30.000      3.732      0.025
    30.500      3.734      0.025
    31.000      3.736      0.025
    31.500      3.738      0.025
    32.000      3.740      0.025
    32.500      3.742      0.025
    33.000      3.745      0.026
    33.500      3.747      0.026
    34.000      3.749      0.026
    34.500      3.752      0.026
    35.000      3.755      0.027
    35.500      3.758      0.027
    36.000      3.760      0.027
    36.500      3.764      0.028
    37.000      3.767      0.028
    37.500      3.770      0.029
    38.000      3.774      0.029
    38.500      3.778      0.030
    39.000      3.781      0.030
    39.500      3.785      0.031
    40.000      3.790      0.032
    40.500      3.794      0.033
    41.000      3.799      0.034
    41.500      3.804      0.035
    42.000      3.809      0.036
    42.500      3.814      0.037
    43.000      3.820      0.038
    43.500      3.825      0.040
    44.000      3.831      0.041
    44.500      3.838      0.043
    45.000      3.844      0.044
    45.500      3.850      0.046
    46.000      3.857      0.048
    46.500      3.864      0.050
    47.000      3.871      0.052
    47.500      3.879      0.054
    48.000      3.887      0.057
    48.500      3.895      0.059
    49.000      3.904      0.063
    49.500      3.913      0.067
    50.000      3.923      0.069
    50.500      3.934      0.072
    51.000      3.947      0.075
    51.500      3.958      0.077
    52.000      3.972      0.081
    52.500      3.987      0.083
    53.000      4.002      0.085
    53.500      4.018      0.088
    54.000      4.033      0.091
    54.500      4.049      0.093
    55.000      4.066      0.098
    55.500      4.085      0.099
    56.000      4.408      0.236
    56.500      4.416      0.234
    57.000      4.417      0.228
    57.500      4.416      0.222
    58.000      4.417      0.216
    58.500      4.419      0.213
    59.000      4.420      0.210
    59.500      4.421      0.206
    60.000      4.422      0.202
    60.500      4.425      0.200
    61.000      4.430      0.196
    61.500      4.433      0.191
    62.000      4.434      0.187
    62.500      4.433      0.182
    63.000      4.437      0.182
    63.500      4.442      0.180
    64.000      4.444      0.176
    64.500      4.444      0.170
    65.000      4.443      0.165
    65.500      4.443      0.162
    66.000      4.442      0.160
    66.500      4.441      0.157
    67.000      4.439      0.153
    67.500      4.439      0.152
    68.000      4.438      0.152
    68.500      4.438      0.152
    69.000      4.436      0.153
    69.500      4.435      0.153
    70.000      4.434      0.154
    70.500      4.434      0.155
    71.000      4.434      0.157
    71.500      4.433      0.158
    72.000      4.432      0.160
    72.500      4.430      0.163
    73.000      4.430      0.165
    73.500      4.430      0.167
    74.000      4.429      0.169
    74.500      4.428      0.171
    75.000      4.427      0.173
    75.500      4.426      0.177
    76.000      4.426      0.179
    76.500      4.426      0.180
    77.000      4.425      0.182
    77.500      4.424      0.183
    78.000      4.423      0.186
    78.500      4.423      0.188
    79.000      4.423      0.190
    79.500      4.422      0.191
    80.000      4.421      0.191
    80.500      4.421      0.193
    81.000      4.420      0.195
    81.500      4.420      0.196
    82.000      4.419      0.197
    82.500      4.419      0.198
    83.000      4.418      0.198
    83.500      4.418      0.199
    84.000      4.417      0.200
    84.500      4.417      0.201
    85.000      4.416      0.201
    85.500      4.415      0.201
    86.000      4.415      0.201
    86.500      4.415      0.201
    87.000      4.414      0.202
    87.500      4.413      0.202
    88.000      4.413      0.202
    88.500      4.413      0.202
    89.000      4.413      0.202
    89.500      4.412      0.202
    90.000      4.412      0.202
    90.500      4.411      0.202
    91.000      4.410      0.202
    91.500      4.410      0.201
    92.000      4.410      0.201
    92.500      4.410      0.201
    93.000      4.409      0.201
    93.500      4.408      0.201
    94.000      4.408      0.200
    94.500      4.408      0.200
    95.000      4.408      0.200
    95.500      4.407      0.200
    96.000      4.406      0.200
    96.500      4.405      0.200
    97.000      4.405      0.200
    97.500      4.405      0.200
    98.000      4.405      0.200
    98.500      4.404      0.200
    99.000      4.403      0.200
    99.500      4.403      0.200
   100.000      4.403      0.200
   100.500      4.403      0.201
   101.000      4.402      0.201
   101.500      4.402      0.202
   102.000      4.401      0.202
   102.500      4.400      0.203
   103.000      4.400      0.203
   103.500      4.400      0.204
   104.000      4.400      0.204
   104.500      4.399      0.206
   105.000      4.398      0.207
   105.500      4.398      0.207
   106.000      4.397      0.208
   106.500      4.397      0.208
   107.000      4.397      0.210
   107.500      4.396      0.211
   108.000      4.396      0.212
   108.500      4.395      0.213
   109.000      4.395      0.214
   109.500      4.395      0.215
   110.000      4.394      0.217
   110.500      4.394      0.218
   111.000      4.393      0.220
   111.500      4.393      0.221
   112.000      4.392      0.222
   112.500      4.392      0.223
   113.000      4.392      0.225
   113.500      4.391      0.226
   114.000      4.391      0.228
   114.500      4.390      0.229
   115.000      4.390      0.230
   115.500      4.390      0.232
   116.000      4.389      0.233
   116.500      4.389      0.235
   117.000      4.388      0.237
   117.500      4.388      0.238
   118.000      4.388      0.239
   118.500      4.387      0.240
   119.000      4.387      0.242
   119.500      4.387      0.244
   120.000      4.386      0.245
   120.500      4.385      0.246
   121.000      4.385      0.247
   121.500      4.385      0.249
   122.000      4.385      0.250
   122.500      4.384      0.252
   123.000      4.383      0.254
   123.500      4.383      0.254
   124.000      4.383      0.256
   124.500      4.383      0.257
   125.000      4.382      0.258
   125.500      4.382      0.260
   126.000      4.381      0.261
   126.500      4.380      0.262
   127.000      4.380      0.263
   127.500      4.380      0.264
   128.000      4.380      0.266
   128.500      4.379      0.267
   129.000      4.378      0.268
   129.500      4.378      0.269
   130.000      4.378      0.270
   130.500      4.377      0.271
   131.000      4.377      0.272
   131.500      4.376      0.273
   132.000      4.375      0.274
   132.500      4.375      0.275
   133.000      4.375      0.276
   133.500      4.374      0.277
   134.000      4.373      0.278
   134.500      4.373      0.279
   135.000      4.372      0.279
   135.500      4.372      0.280
   136.000      4.371      0.281
   136.500      4.370      0.282
   137.000      4.370      0.283
   137.500      4.369      0.283
   138.000      4.369      0.283
   138.500      4.368      0.284
   139.000      4.367      0.285
   139.500      4.367      0.286
   140.000      4.366      0.286
   140.500      4.366      0.286
   141.000      4.365      0.286
   141.500      4.364      0.287
   142.000      4.363      0.288
   142.500      4.362      0.288
   143.000      4.362      0.288
   143.500      4.361      0.288
   144.000      4.361      0.289
   144.500      4.360      0.289
   145.000      4.358      0.290
   145.500      4.358      0.290
   146.000      4.357      0.290
   146.500      4.357      0.290
   147.000      4.356      0.290
   147.500      4.355      0.290
   148.000      4.353      0.290
   148.500      4.353      0.290
   149.000      4.352      0.290
   149.500      4.352      0.290
   150.000      4.351      0.290
   150.500      4.349      0.290
   151.000      4.348      0.290
   151.500      4.347      0.290
   152.000      4.347      0.289
   152.500      4.346      0.289
   153.000      4.345      0.290
   153.500      4.343      0.289
   154.000      4.341      0.289
   154.500      4.341      0.288
   155.000      4.340      0.288
   155.500      4.339      0.288
   156.000      4.338      0.288
   156.500      4.336      0.287
   157.000      4.334      0.286
   157.500      4.334      0.286
   158.000      4.333      0.286
   158.500      4.332      0.285
   159.000      4.330      0.285
   159.500      4.328      0.284
   160.000      4.327      0.284
   160.500      4.326      0.283
   161.000      4.326      0.283
   161.500      4.324      0.282
   162.000      4.322      0.281
   162.500      4.320      0.281
   163.000      4.319      0.280
   163.500      4.318      0.279
   164.000      4.317      0.279
   164.500      4.315      0.278
   165.000      4.313      0.277
   165.500      4.311      0.277
   166.000      4.310      0.276
   166.500      4.309      0.276
   167.000      4.307      0.275
   167.500      4.305      0.274
   168.000      4.303      0.273
   168.500      4.301      0.273
   169.000      4.300      0.272
   169.500      4.299      0.272
   170.000      4.297      0.271
   170.500      4.295      0.271
   171.000      4.292      0.270
   171.500      4.290      0.269
   172.000      4.290      0.269
   172.500      4.287      0.269
   173.000      4.286      0.269
   173.500      4.283      0.268
   174.000      4.279      0.267
   174.500      4.278      0.267
   175.000      4.278      0.267
   175.500      4.275      0.267
   176.000      4.273      0.267
   176.500      4.270      0.266
   177.000      4.266      0.265
   177.500      4.266      0.266
   178.000      4.264      0.267
   178.500      4.262      0.267
   179.000      4.260      0.267
   179.500      4.256      0.267
   180.000      4.252      0.266
   180.500      4.252      0.268
   181.000      4.250      0.270
   181.500      4.249      0.270
   182.000      4.246      0.270
   182.500      4.240      0.270
   183.000      4.237      0.270
   183.500      4.235      0.275
   184.000      4.235      0.275
   184.500      4.235      0.275
   185.000      4.230      0.276
   185.500      4.223      0.277
   186.000      4.221      0.280
   186.500      4.219      0.285
   187.000      4.219      0.285
   187.500      4.219      0.285
   188.000      4.214      0.287
   188.500      4.205      0.289
   189.000      4.202      0.298
   189.500      4.202      0.299
   190.000      4.202      0.299
   190.500      4.202      0.299
   191.000      4.196      0.302
   191.500      4.185      0.308
   192.000      4.183      0.319
   192.500      4.183      0.319
   193.000      4.183      0.319
   193.500      4.183      0.319
   194.000      4.177      0.322
   194.500      4.163      0.342
   195.000      4.163      0.343
   195.500      4.163      0.343
   196.000      4.163      0.343
   196.500      4.163      0.343
   197.000      4.157      0.348
   197.500      4.142      0.374
   198.000      4.142      0.374
   198.500      4.142      0.374
   199.000      4.142      0.374
   199.500      4.142      0.374
