     0.000      1.157      0.538
     0.500      3.060      0.118
     1.000      3.086      0.134
     1.500      3.142      0.127
     2.000      3.177      0.116
     2.500      3.219      0.101
     3.000      3.248      0.095
     3.500      3.283      0.086
     4.000      3.312      0.083
     4.500      3.336      0.077
     5.000      3.363      0.075
     5.500      3.383      0.071
     6.000      3.407      0.068
     6.500      3.424      0.067
     7.000      3.441      0.063
     7.500      3.458      0.061
     8.000      3.472      0.060
     8.500      3.487      0.057
     9.000      3.498      0.056
     9.500      3.512      0.054
    10.000      3.521      0.053
    10.500      3.534      0.052
    11.000      3.543      0.051
    11.500      3.554      0.050
    12.000      3.564      0.049
    12.500      3.574      0.048
    13.000      3.583      0.048
    13.500      3.593      0.047
    14.000      3.603      0.047
    14.500      3.612      0.046
    15.000      3.622      0.046
    15.500      3.631      0.045
    16.000      3.642      0.044
    16.500      3.650      0.043
    17.000      3.661      0.043
    17.500      3.670      0.042
    18.000      3.681      0.042
    18.500      3.690      0.041
    19.000      3.701      0.041
    19.500      3.711      0.041
    20.000      3.722      0.041
    20.500      3.733      0.042
    21.000      3.744      0.043
    21.500      3.755      0.044
    22.000      3.766      0.046
    22.500      3.777      0.048
    23.000      3.788      0.050
    23.500      3.800      0.052
    24.000      3.812      0.054
    24.500      3.824      0.057
    25.000      3.836      0.059
    25.500      3.849      0.062
    26.000      3.862      0.064
    26.500      3.881      0.056
    27.000      3.898      0.054
    27.500      3.911      0.055
    28.000      3.926      0.057
    28.500      3.939      0.059
    29.000      3.953      0.061
    29.500      3.968      0.064
    30.000      3.982      0.066
    30.500      3.999      0.069
    31.000      4.014      0.071
    31.500      4.032      0.073
    32.000      4.052      0.074
    32.500      4.073      0.072
    33.000      4.096      0.062
    33.500      4.115      0.059
    34.000      4.133      0.061
    34.500      4.149      0.063
    35.000      4.168      0.066
    35.500      4.185      0.066
    36.000      4.199      0.059
    36.500      4.214      0.057
    37.000      4.233      0.059
    37.500      4.252      0.063
    38.000      4.460      0.171
    38.500      4.468      0.166
    39.000      4.478      0.162
    39.500      4.488      0.154
    40.000      4.501      0.148
    40.500      4.517      0.147
    41.000      4.538      0.154
    41.500      4.554      0.156
    42.000      4.560      0.154
    42.500      4.563      0.150
    43.000      4.565      0.144
    43.500      4.564      0.137
    44.000      4.565      0.131
    44.500      4.565      0.125
    45.000      4.572      0.126
    45.500      4.577      0.126
    46.000      4.581      0.125
    46.500      4.588      0.124
    47.000      4.593      0.121
    47.500      4.596      0.115
    48.000      4.596      0.111
    48.500      4.596      0.106
    49.000      4.596      0.104
    49.500      4.596      0.100
    50.000      4.597      0.097
    50.500      4.598      0.093
    51.000      4.597      0.089
    51.500      4.596      0.086
    52.000      4.596      0.084
    52.500      4.595      0.082
    53.000      4.596      0.081
    53.500      4.596      0.079
    54.000      4.595      0.078
    54.500      4.593      0.076
    55.000      4.593      0.075
    55.500      4.592      0.074
    56.000      4.592      0.074
    56.500      4.592      0.074
    57.000      4.590      0.074
    57.500      4.588      0.073
    58.000      4.588      0.073
    58.500      4.587      0.073
    59.000      4.586      0.073
    59.500      4.585      0.073
    60.000      4.584      0.074
    60.500      4.582      0.074
    61.000      4.580      0.074
    61.500      4.579      0.074
    62.000      4.578      0.074
    62.500      4.577      0.074
    63.000      4.575      0.074
    63.500      4.573      0.075
    64.000      4.571      0.075
    64.500      4.570      0.075
    65.000      4.568      0.075
    65.500      4.567      0.074
    66.000      4.565      0.074
    66.500      4.562      0.074
    67.000      4.560      0.075
    67.500      4.559      0.074
    68.000      4.558      0.075
    68.500      4.555      0.074
    69.000      4.553      0.073
    69.500      4.550      0.072
    70.000      4.548      0.073
    70.500      4.547      0.073
    71.000      4.546      0.073
    71.500      4.543      0.073
    72.000      4.541      0.072
    72.500      4.538      0.071
    73.000      4.535      0.071
    73.500      4.534      0.071
    74.000      4.532      0.072
    74.500      4.531      0.072
    75.000      4.527      0.071
    75.500      4.524      0.070
    76.000      4.522      0.070
    76.500      4.520      0.070
    77.000      4.518      0.070
    77.500      4.517      0.071
    78.000      4.514      0.071
    78.500      4.511      0.070
    79.000      4.508      0.070
    79.500      4.506      0.070
    80.000      4.504      0.071
    80.500      4.503      0.071
    81.000      4.500      0.072
    81.500      4.497      0.072
    82.000      4.494      0.072
    82.500      4.492      0.073
    83.000      4.490      0.073
    83.500      4.488      0.074
    84.000      4.486      0.075
    84.500      4.483      0.076
    85.000      4.480      0.077
    85.500      4.478      0.078
    86.000      4.476      0.079
    86.500      4.475      0.079
    87.000      4.473      0.080
    87.500      4.470      0.081
    88.000      4.467      0.083
    88.500      4.465      0.085
    89.000      4.463      0.085
    89.500      4.461      0.086
    90.000      4.460      0.086
    90.500      4.457      0.088
    91.000      4.454      0.090
    91.500      4.452      0.092
    92.000      4.450      0.093
    92.500      4.449      0.094
    93.000      4.448      0.094
    93.500      4.445      0.095
    94.000      4.442      0.097
    94.500      4.440      0.099
    95.000      4.439      0.100
    95.500      4.437      0.101
    96.000      4.436      0.102
    96.500      4.434      0.102
    97.000      4.431      0.103
    97.500      4.429      0.105
    98.000      4.428      0.107
    98.500      4.427      0.107
    99.000      4.426      0.108
    99.500      4.425      0.108
   100.000      4.422      0.109
   100.500      4.420      0.111
   101.000      4.419      0.112
   101.500      4.418      0.113
   102.000      4.417      0.113
   102.500      4.416      0.113
   103.000      4.414      0.114
   103.500      4.411      0.115
   104.000      4.410      0.116
   104.500      4.409      0.117
   105.000      4.409      0.117
   105.500      4.408      0.118
   106.000      4.407      0.118
   106.500      4.404      0.119
   107.000      4.403      0.120
   107.500      4.402      0.120
   108.000      4.402      0.121
   108.500      4.401      0.121
   109.000      4.400      0.121
   109.500      4.399      0.122
   110.000      4.396      0.123
   110.500      4.396      0.123
   111.000      4.395      0.123
   111.500      4.395      0.124
   112.000      4.395      0.124
   112.500      4.393      0.124
   113.000      4.391      0.125
   113.500      4.390      0.126
   114.000      4.390      0.126
   114.500      4.389      0.126
   115.000      4.389      0.126
   115.500      4.389      0.126
   116.000      4.387      0.127
   116.500      4.386      0.127
   117.000      4.385      0.128
   117.500      4.385      0.128
   118.000      4.385      0.128
   118.500      4.385      0.128
   119.000      4.384      0.128
   119.500      4.383      0.129
   120.000      4.381      0.129
   120.500      4.381      0.130
   121.000      4.381      0.130
   121.500      4.381      0.129
   122.000      4.381      0.129
   122.500      4.380      0.130
   123.000      4.380      0.130
   123.500      4.378      0.131
   124.000      4.378      0.132
   124.500      4.378      0.132
   125.000      4.378      0.131
   125.500      4.378      0.131
   126.000      4.378      0.132
   126.500      4.376      0.133
   127.000      4.376      0.134
   127.500      4.376      0.134
   128.000      4.376      0.134
   128.500      4.377      0.133
   129.000      4.376      0.133
   129.500      4.376      0.134
   130.000      4.374      0.136
   130.500      4.374      0.137
   131.000      4.375      0.137
   131.500      4.375      0.136
   132.000      4.375      0.136
   132.500      4.375      0.136
   133.000      4.374      0.137
   133.500      4.373      0.139
   134.000      4.373      0.140
   134.500      4.374      0.140
   135.000      4.375      0.139
   135.500      4.375      0.139
   136.000      4.375      0.139
   136.500      4.373      0.141
   137.000      4.372      0.143
   137.500      4.373      0.143
   138.000      4.374      0.143
   138.500      4.374      0.143
   139.000      4.375      0.142
   139.500      4.374      0.143
   140.000      4.372      0.146
   140.500      4.373      0.147
   141.000      4.374      0.147
   141.500      4.375      0.147
   142.000      4.374      0.146
   142.500      4.375      0.146
   143.000      4.374      0.148
   143.500      4.372      0.151
   144.000      4.374      0.151
   144.500      4.375      0.151
   145.000      4.375      0.151
   145.500      4.375      0.151
   146.000      4.375      0.151
   146.500      4.373      0.153
   147.000      4.374      0.156
   147.500      4.375      0.156
   148.000      4.376      0.155
   148.500      4.376      0.155
   149.000      4.376      0.155
   149.500      4.375      0.157
   150.000      4.374      0.159
   150.500      4.376      0.160
   151.000      4.377      0.160
   151.500      4.377      0.159
   152.000      4.377      0.160
   152.500      4.377      0.160
   153.000      4.376      0.162
   153.500      4.376      0.164
   154.000      4.377      0.164
   154.500      4.378      0.164
   155.000      4.378      0.164
   155.500      4.378      0.165
   156.000      4.377      0.165
   156.500      4.377      0.166
   157.000      4.378      0.168
   157.500      4.379      0.168
   158.000      4.379      0.168
   158.500      4.379      0.169
   159.000      4.379      0.170
   159.500      4.379      0.170
   160.000      4.378      0.171
   160.500      4.379      0.171
   161.000      4.380      0.171
   161.500      4.380      0.172
   162.000      4.380      0.173
   162.500      4.380      0.174
   163.000      4.380      0.174
   163.500      4.380      0.174
   164.000      4.380      0.175
   164.500      4.381      0.175
   165.000      4.381      0.176
   165.500      4.381      0.177
   166.000      4.382      0.178
   166.500      4.381      0.177
   167.000      4.381      0.178
   167.500      4.381      0.178
   168.000      4.381      0.179
   168.500      4.382      0.181
   169.000      4.383      0.181
   169.500      4.382      0.181
   170.000      4.381      0.181
   170.500      4.381      0.181
   171.000      4.382      0.182
   171.500      4.381      0.183
   172.000      4.383      0.185
   172.500      4.384      0.185
   173.000      4.382      0.186
   173.500      4.381      0.184
   174.000      4.382      0.185
   174.500      4.381      0.187
   175.000      4.382      0.188
   175.500      4.385      0.189
   176.000      4.383      0.189
   176.500      4.380      0.191
   177.000      4.381      0.189
   177.500      4.381      0.191
   178.000      4.381      0.192
   178.500      4.384      0.194
   179.000      4.385      0.194
   179.500      4.382      0.196
   180.000      4.380      0.196
   180.500      4.381      0.197
   181.000      4.379      0.199
   181.500      4.382      0.200
   182.000      4.384      0.201
   182.500      4.384      0.201
   183.000      4.379      0.205
   183.500      4.379      0.204
   184.000      4.378      0.207
   184.500      4.379      0.209
   185.000      4.382      0.211
   185.500      4.382      0.211
   186.000      4.382      0.211
   186.500      4.376      0.217
   187.000      4.377      0.218
   187.500      4.375      0.221
   188.000      4.379      0.225
   188.500      4.379      0.225
   189.000      4.379      0.225
   189.500      4.379      0.225
   190.000      4.374      0.233
   190.500      4.372      0.238
   191.000      4.376      0.243
   191.500      4.376      0.243
   192.000      4.376      0.243
   192.500      4.376      0.243
   193.000      4.376      0.243
   193.500      4.372      0.257
   194.000      4.372      0.266
   194.500      4.372      0.266
   195.000      4.372      0.266
   195.500      4.372      0.266
   196.000      4.372      0.266
   196.500      4.372      0.266
   197.000      4.367      0.295
   197.500      4.367      0.295
   198.000      4.367      0.295
   198.500      4.367      0.295
   199.000      4.367      0.295
   199.500      4.367      0.295
