     0.000      1.300      0.487
     0.500      3.088      0.142
     1.000      3.111      0.126
     1.500      3.153      0.103
     2.000      3.173      0.091
     2.500      3.206      0.074
     3.000      3.225      0.066
     3.500      3.252      0.052
     4.000      3.269      0.048
     4.500      3.289      0.042
     5.000      3.308      0.037
     5.500      3.322      0.036
     6.000      3.339      0.034
     6.500      3.350      0.034
     7.000      3.363      0.033
     7.500      3.373      0.034
     8.000      3.383      0.034
     8.500      3.392      0.035
     9.000      3.399      0.035
     9.500      3.406      0.035
    10.000      3.412      0.035
    10.500      3.418      0.035
    11.000      3.423      0.035
    11.500      3.428      0.036
    12.000      3.432      0.036
    12.500      3.436      0.036
    13.000      3.440      0.036
    13.500      3.444      0.036
    14.000      3.447      0.037
    14.500      3.451      0.036
    15.000      3.455      0.037
    15.500      3.458      0.036
    16.000      3.462      0.036
    16.500      3.466      0.036
    17.000      3.470      0.035
    17.500      3.475      0.035
    18.000      3.479      0.034
    18.500      3.484      0.033
    19.000      3.489      0.033
    19.500      3.495      0.032
    20.000      3.500      0.032
    20.500      3.506      0.032
    21.000      3.513      0.032
    21.500      3.519      0.032
    22.000      3.526      0.032
    22.500      3.534      0.033
    23.000      3.542      0.034
    23.500      3.550      0.035
    24.000      3.559      0.036
    24.500      3.568      0.037
    25.000      3.578      0.038
    25.500      3.588      0.040
    26.000      3.599      0.041
    26.500      3.610      0.043
    27.000      3.622      0.044
    27.500      3.634      0.045
    28.000      3.648      0.047
    28.500      3.661      0.048
    29.000      3.676      0.050
    29.500      3.690      0.051
    30.000      3.706      0.052
    30.500      3.723      0.054
    31.000      3.739      0.056
    31.500      3.757      0.057
    32.000      3.775      0.059
    32.500      3.794      0.061
    33.000      3.814      0.064
    33.500      3.835      0.067
    34.000      3.856      0.070
    34.500      3.877      0.072
    35.000      3.901      0.075
    35.500      3.924      0.075
    36.000      3.947      0.077
    36.500      3.971      0.082
    37.000      3.996      0.086
    37.500      4.023      0.090
    38.000      4.048      0.089
    38.500      4.077      0.087
    39.000      4.102      0.089
    39.500      4.127      0.096
    40.000      4.150      0.102
    40.500      4.175      0.106
    41.000      4.532      0.171
    41.500      4.546      0.172
    42.000      4.550      0.171
    42.500      4.555      0.172
    43.000      4.560      0.173
    43.500      4.565      0.173
    44.000      4.570      0.170
    44.500      4.573      0.165
    45.000      4.576      0.160
    45.500      4.577      0.155
    46.000      4.579      0.149
    46.500      4.579      0.147
    47.000      4.577      0.144
    47.500      4.574      0.140
    48.000      4.572      0.136
    48.500      4.569      0.132
    49.000      4.566      0.128
    49.500      4.564      0.123
    50.000      4.561      0.121
    50.500      4.559      0.119
    51.000      4.554      0.115
    51.500      4.550      0.112
    52.000      4.547      0.110
    52.500      4.543      0.107
    53.000      4.540      0.105
    53.500      4.537      0.103
    54.000      4.532      0.102
    54.500      4.528      0.101
    55.000      4.524      0.100
    55.500      4.521      0.099
    56.000      4.519      0.098
    56.500      4.516      0.098
    57.000      4.512      0.098
    57.500      4.508      0.098
    58.000      4.504      0.098
    58.500      4.501      0.098
    59.000      4.499      0.099
    59.500      4.496      0.099
    60.000      4.493      0.099
    60.500      4.489      0.100
    61.000      4.486      0.100
    61.500      4.483      0.100
    62.000      4.481      0.100
    62.500      4.479      0.100
    63.000      4.476      0.101
    63.500      4.473      0.101
    64.000      4.470      0.101
    64.500      4.467      0.100
    65.000      4.465      0.100
    65.500      4.463      0.101
    66.000      4.461      0.100
    66.500      4.459      0.100
    67.000      4.456      0.100
    67.500      4.453      0.099
    68.000      4.450      0.098
    68.500      4.449      0.098
    69.000      4.447      0.098
    69.500      4.445      0.097
    70.000      4.443      0.096
    70.500      4.440      0.095
    71.000      4.438      0.094
    71.500      4.436      0.094
    72.000      4.435      0.093
    72.500      4.433      0.092
    73.000      4.431      0.092
    73.500      4.429      0.091
    74.000      4.427      0.090
    74.500      4.425      0.089
    75.000      4.424      0.088
    75.500      4.423      0.087
    76.000      4.421      0.086
    76.500      4.419      0.086
    77.000      4.417      0.085
    77.500      4.415      0.085
    78.000      4.414      0.084
    78.500      4.413      0.083
    79.000      4.412      0.083
    79.500      4.410      0.083
    80.000      4.409      0.083
    80.500      4.407      0.083
    81.000      4.406      0.083
    81.500      4.405      0.082
    82.000      4.404      0.082
    82.500      4.403      0.083
    83.000      4.401      0.084
    83.500      4.399      0.085
    84.000      4.398      0.085
    84.500      4.398      0.086
    85.000      4.397      0.087
    85.500      4.396      0.087
    86.000      4.395      0.089
    86.500      4.393      0.091
    87.000      4.392      0.092
    87.500      4.392      0.093
    88.000      4.392      0.095
    88.500      4.391      0.096
    89.000      4.389      0.098
    89.500      4.388      0.100
    90.000      4.387      0.103
    90.500      4.387      0.104
    91.000      4.386      0.105
    91.500      4.386      0.107
    92.000      4.385      0.109
    92.500      4.383      0.112
    93.000      4.383      0.114
    93.500      4.382      0.116
    94.000      4.382      0.118
    94.500      4.382      0.120
    95.000      4.381      0.122
    95.500      4.380      0.124
    96.000      4.379      0.126
    96.500      4.378      0.129
    97.000      4.378      0.131
    97.500      4.378      0.132
    98.000      4.378      0.134
    98.500      4.377      0.136
    99.000      4.376      0.138
    99.500      4.375      0.141
   100.000      4.375      0.142
   100.500      4.375      0.144
   101.000      4.374      0.145
   101.500      4.374      0.147
   102.000      4.373      0.149
   102.500      4.372      0.151
   103.000      4.372      0.153
   103.500      4.372      0.154
   104.000      4.371      0.155
   104.500      4.371      0.157
   105.000      4.371      0.159
   105.500      4.370      0.161
   106.000      4.370      0.163
   106.500      4.369      0.164
   107.000      4.369      0.165
   107.500      4.369      0.166
   108.000      4.368      0.168
   108.500      4.368      0.170
   109.000      4.367      0.171
   109.500      4.367      0.172
   110.000      4.366      0.173
   110.500      4.366      0.174
   111.000      4.366      0.176
   111.500      4.366      0.178
   112.000      4.365      0.179
   112.500      4.365      0.180
   113.000      4.364      0.181
   113.500      4.364      0.182
   114.000      4.364      0.183
   114.500      4.364      0.185
   115.000      4.364      0.187
   115.500      4.363      0.187
   116.000      4.362      0.188
   116.500      4.362      0.189
   117.000      4.362      0.190
   117.500      4.362      0.192
   118.000      4.362      0.194
   118.500      4.361      0.194
   119.000      4.361      0.195
   119.500      4.360      0.196
   120.000      4.360      0.197
   120.500      4.360      0.198
   121.000      4.360      0.200
   121.500      4.360      0.201
   122.000      4.359      0.201
   122.500      4.358      0.202
   123.000      4.358      0.203
   123.500      4.358      0.204
   124.000      4.358      0.206
   124.500      4.358      0.207
   125.000      4.358      0.207
   125.500      4.356      0.208
   126.000      4.356      0.210
   126.500      4.356      0.211
   127.000      4.356      0.212
   127.500      4.356      0.213
   128.000      4.356      0.214
   128.500      4.355      0.214
   129.000      4.354      0.216
   129.500      4.355      0.217
   130.000      4.354      0.218
   130.500      4.354      0.219
   131.000      4.354      0.220
   131.500      4.353      0.220
   132.000      4.352      0.222
   132.500      4.353      0.223
   133.000      4.352      0.225
   133.500      4.352      0.225
   134.000      4.352      0.226
   134.500      4.351      0.226
   135.000      4.350      0.228
   135.500      4.350      0.229
   136.000      4.350      0.231
   136.500      4.350      0.232
   137.000      4.350      0.232
   137.500      4.349      0.232
   138.000      4.348      0.234
   138.500      4.348      0.235
   139.000      4.348      0.237
   139.500      4.348      0.238
   140.000      4.348      0.238
   140.500      4.347      0.238
   141.000      4.346      0.239
   141.500      4.345      0.241
   142.000      4.345      0.242
   142.500      4.345      0.244
   143.000      4.345      0.244
   143.500      4.344      0.244
   144.000      4.343      0.245
   144.500      4.342      0.246
   145.000      4.342      0.248
   145.500      4.342      0.249
   146.000      4.342      0.250
   146.500      4.342      0.250
   147.000      4.340      0.250
   147.500      4.339      0.251
   148.000      4.339      0.252
   148.500      4.339      0.254
   149.000      4.339      0.255
   149.500      4.338      0.256
   150.000      4.337      0.255
   150.500      4.336      0.256
   151.000      4.335      0.257
   151.500      4.335      0.258
   152.000      4.335      0.260
   152.500      4.334      0.260
   153.000      4.334      0.260
   153.500      4.332      0.261
   154.000      4.331      0.261
   154.500      4.331      0.262
   155.000      4.330      0.263
   155.500      4.330      0.264
   156.000      4.329      0.264
   156.500      4.327      0.264
   157.000      4.327      0.265
   157.500      4.326      0.265
   158.000      4.326      0.266
   158.500      4.325      0.267
   159.000      4.324      0.267
   159.500      4.323      0.268
   160.000      4.322      0.267
   160.500      4.321      0.268
   161.000      4.321      0.268
   161.500      4.320      0.269
   162.000      4.318      0.270
   162.500      4.317      0.270
   163.000      4.317      0.270
   163.500      4.316      0.270
   164.000      4.315      0.269
   164.500      4.314      0.270
   165.000      4.313      0.271
   165.500      4.310      0.271
   166.000      4.310      0.271
   166.500      4.310      0.271
   167.000      4.309      0.270
   167.500      4.308      0.270
   168.000      4.306      0.271
   168.500      4.303      0.271
   169.000      4.302      0.271
   169.500      4.304      0.272
   170.000      4.303      0.271
   170.500      4.301      0.270
   171.000      4.299      0.270
   171.500      4.295      0.271
   172.000      4.294      0.271
   172.500      4.295      0.271
   173.000      4.296      0.271
   173.500      4.295      0.270
   174.000      4.292      0.269
   174.500      4.288      0.270
   175.000      4.284      0.270
   175.500      4.286      0.270
   176.000      4.287      0.271
   176.500      4.287      0.271
   177.000      4.284      0.269
   177.500      4.280      0.269
   178.000      4.273      0.270
   178.500      4.276      0.270
   179.000      4.277      0.271
   179.500      4.277      0.271
   180.000      4.276      0.270
   180.500      4.272      0.269
   181.000      4.263      0.271
   181.500      4.264      0.271
   182.000      4.266      0.272
   182.500      4.267      0.272
   183.000      4.267      0.272
   183.500      4.264      0.271
   184.000      4.255      0.271
   184.500      4.250      0.273
   185.000      4.254      0.276
   185.500      4.254      0.276
   186.000      4.254      0.276
   186.500      4.254      0.276
   187.000      4.247      0.276
   187.500      4.234      0.279
   188.000      4.241      0.283
   188.500      4.241      0.284
   189.000      4.241      0.284
   189.500      4.241      0.284
   190.000      4.240      0.283
   190.500      4.221      0.288
   191.000      4.226      0.296
   191.500      4.227      0.297
   192.000      4.227      0.297
   192.500      4.227      0.297
   193.000      4.227      0.297
   193.500      4.218      0.298
   194.000      4.210      0.315
   194.500      4.211      0.316
   195.000      4.211      0.316
   195.500      4.211      0.316
   196.000      4.211      0.316
   196.500      4.211      0.316
   197.000      4.193      0.341
   197.500      4.194      0.342
   198.000      4.194      0.342
   198.500      4.194      0.342
   199.000      4.194      0.342
   199.500      4.194      0.342
