     0.000      1.261      0.559
     0.500      3.059      0.198
     1.000      3.159      0.204
     1.500      3.192      0.181
     2.000      3.229      0.155
     2.500      3.259      0.134
     3.000      3.289      0.117
     3.500      3.318      0.100
     4.000      3.341      0.088
     4.500      3.368      0.075
     5.000      3.388      0.068
     5.500      3.411      0.060
     6.000      3.430      0.055
     6.500      3.447      0.052
     7.000      3.465      0.051
     7.500      3.478      0.050
     8.000      3.493      0.050
     8.500      3.506      0.050
     9.000      3.518      0.051
     9.500      3.529      0.050
    10.000      3.540      0.052
    10.500      3.549      0.051
    11.000      3.558      0.052
    11.500      3.566      0.051
    12.000      3.574      0.051
    12.500      3.582      0.050
    13.000      3.589      0.050
    13.500      3.596      0.049
    14.000      3.602      0.049
    14.500      3.609      0.047
    15.000      3.615      0.047
    15.500      3.622      0.045
    16.000      3.628      0.044
    16.500      3.634      0.042
    17.000      3.640      0.041
    17.500      3.646      0.040
    18.000      3.652      0.039
    18.500      3.659      0.037
    19.000      3.664      0.036
    19.500      3.671      0.035
    20.000      3.677      0.034
    20.500      3.684      0.034
    21.000      3.691      0.033
    21.500      3.698      0.033
    22.000      3.705      0.033
    22.500      3.713      0.034
    23.000      3.721      0.034
    23.500      3.729      0.035
    24.000      3.738      0.035
    24.500      3.747      0.036
    25.000      3.757      0.037
    25.500      3.767      0.039
    26.000      3.777      0.040
    26.500      3.789      0.042
    27.000      3.800      0.043
    27.500      3.812      0.045
    28.000      3.824      0.047
    28.500      3.836      0.048
    29.000      3.848      0.050
    29.500      3.861      0.051
    30.000      3.875      0.052
    30.500      3.889      0.053
    31.000      3.904      0.055
    31.500      3.921      0.058
    32.000      3.936      0.061
    32.500      3.954      0.064
    33.000      3.972      0.067
    33.500      3.991      0.071
    34.000      4.009      0.075
    34.500      4.028      0.078
    35.000      4.047      0.076
    35.500      4.066      0.076
    36.000      4.079      0.076
    36.500      4.095      0.074
    37.000      4.109      0.075
    37.500      4.125      0.070
    38.000      4.485      0.218
    38.500      4.494      0.212
    39.000      4.499      0.205
    39.500      4.501      0.198
    40.000      4.499      0.189
    40.500      4.490      0.177
    41.000      4.479      0.164
    41.500      4.469      0.152
    42.000      4.466      0.145
    42.500      4.464      0.137
    43.000      4.461      0.128
    43.500      4.459      0.121
    44.000      4.457      0.113
    44.500      4.455      0.108
    45.000      4.454      0.106
    45.500      4.460      0.110
    46.000      4.461      0.109
    46.500      4.463      0.111
    47.000      4.463      0.112
    47.500      4.463      0.114
    48.000      4.464      0.119
    48.500      4.465      0.122
    49.000      4.464      0.120
    49.500      4.461      0.118
    50.000      4.459      0.116
    50.500      4.456      0.114
    51.000      4.451      0.111
    51.500      4.448      0.109
    52.000      4.446      0.108
    52.500      4.444      0.107
    53.000      4.442      0.106
    53.500      4.440      0.106
    54.000      4.436      0.104
    54.500      4.433      0.103
    55.000      4.431      0.102
    55.500      4.429      0.102
    56.000      4.427      0.102
    56.500      4.425      0.102
    57.000      4.422      0.101
    57.500      4.419      0.100
    58.000      4.417      0.100
    58.500      4.416      0.100
    59.000      4.414      0.100
    59.500      4.412      0.099
    60.000      4.410      0.098
    60.500      4.408      0.098
    61.000      4.405      0.098
    61.500      4.404      0.097
    62.000      4.403      0.097
    62.500      4.401      0.096
    63.000      4.399      0.095
    63.500      4.397      0.094
    64.000      4.395      0.094
    64.500      4.394      0.093
    65.000      4.393      0.093
    65.500      4.391      0.092
    66.000      4.390      0.091
    66.500      4.388      0.090
    67.000      4.386      0.089
    67.500      4.385      0.088
    68.000      4.384      0.087
    68.500      4.383      0.086
    69.000      4.381      0.085
    69.500      4.380      0.084
    70.000      4.379      0.082
    70.500      4.378      0.081
    71.000      4.377      0.080
    71.500      4.376      0.079
    72.000      4.374      0.079
    72.500      4.373      0.078
    73.000      4.372      0.076
    73.500      4.371      0.074
    74.000      4.370      0.073
    74.500      4.369      0.072
    75.000      4.368      0.072
    75.500      4.367      0.072
    76.000      4.365      0.071
    76.500      4.364      0.069
    77.000      4.364      0.068
    77.500      4.363      0.067
    78.000      4.362      0.067
    78.500      4.361      0.068
    79.000      4.360      0.068
    79.500      4.359      0.067
    80.000      4.359      0.066
    80.500      4.358      0.066
    81.000      4.357      0.066
    81.500      4.356      0.067
    82.000      4.355      0.068
    82.500      4.354      0.069
    83.000      4.354      0.069
    83.500      4.353      0.069
    84.000      4.353      0.070
    84.500      4.352      0.071
    85.000      4.351      0.072
    85.500      4.350      0.074
    86.000      4.349      0.075
    86.500      4.349      0.076
    87.000      4.348      0.077
    87.500      4.347      0.078
    88.000      4.346      0.080
    88.500      4.345      0.081
    89.000      4.345      0.083
    89.500      4.344      0.085
    90.000      4.344      0.087
    90.500      4.343      0.088
    91.000      4.342      0.089
    91.500      4.341      0.090
    92.000      4.340      0.093
    92.500      4.339      0.095
    93.000      4.339      0.097
    93.500      4.338      0.099
    94.000      4.338      0.099
    94.500      4.337      0.100
    95.000      4.335      0.102
    95.500      4.335      0.104
    96.000      4.334      0.106
    96.500      4.333      0.108
    97.000      4.333      0.109
    97.500      4.332      0.110
    98.000      4.330      0.111
    98.500      4.330      0.112
    99.000      4.329      0.114
    99.500      4.328      0.116
   100.000      4.327      0.118
   100.500      4.327      0.118
   101.000      4.326      0.119
   101.500      4.325      0.120
   102.000      4.324      0.122
   102.500      4.323      0.123
   103.000      4.322      0.125
   103.500      4.321      0.125
   104.000      4.321      0.126
   104.500      4.319      0.127
   105.000      4.319      0.128
   105.500      4.318      0.129
   106.000      4.317      0.130
   106.500      4.316      0.132
   107.000      4.315      0.132
   107.500      4.315      0.133
   108.000      4.313      0.134
   108.500      4.313      0.135
   109.000      4.312      0.136
   109.500      4.311      0.137
   110.000      4.310      0.138
   110.500      4.309      0.138
   111.000      4.308      0.139
   111.500      4.308      0.139
   112.000      4.307      0.140
   112.500      4.305      0.141
   113.000      4.304      0.142
   113.500      4.304      0.143
   114.000      4.303      0.143
   114.500      4.303      0.144
   115.000      4.302      0.145
   115.500      4.300      0.145
   116.000      4.299      0.146
   116.500      4.298      0.147
   117.000      4.298      0.147
   117.500      4.298      0.148
   118.000      4.297      0.148
   118.500      4.296      0.149
   119.000      4.294      0.149
   119.500      4.293      0.150
   120.000      4.293      0.151
   120.500      4.293      0.151
   121.000      4.292      0.151
   121.500      4.291      0.153
   122.000      4.290      0.153
   122.500      4.288      0.153
   123.000      4.288      0.154
   123.500      4.288      0.154
   124.000      4.288      0.154
   124.500      4.287      0.156
   125.000      4.286      0.157
   125.500      4.284      0.157
   126.000      4.283      0.157
   126.500      4.283      0.157
   127.000      4.283      0.158
   127.500      4.283      0.158
   128.000      4.282      0.159
   128.500      4.280      0.160
   129.000      4.279      0.160
   129.500      4.279      0.160
   130.000      4.279      0.161
   130.500      4.279      0.161
   131.000      4.278      0.162
   131.500      4.277      0.163
   132.000      4.275      0.163
   132.500      4.274      0.163
   133.000      4.275      0.164
   133.500      4.275      0.164
   134.000      4.275      0.165
   134.500      4.274      0.166
   135.000      4.273      0.166
   135.500      4.271      0.166
   136.000      4.271      0.167
   136.500      4.272      0.167
   137.000      4.272      0.167
   137.500      4.271      0.168
   138.000      4.270      0.169
   138.500      4.269      0.169
   139.000      4.268      0.170
   139.500      4.269      0.170
   140.000      4.269      0.170
   140.500      4.269      0.170
   141.000      4.268      0.171
   141.500      4.267      0.172
   142.000      4.266      0.172
   142.500      4.266      0.173
   143.000      4.267      0.172
   143.500      4.267      0.172
   144.000      4.267      0.173
   144.500      4.266      0.174
   145.000      4.265      0.174
   145.500      4.264      0.175
   146.000      4.264      0.175
   146.500      4.265      0.174
   147.000      4.265      0.175
   147.500      4.266      0.176
   148.000      4.265      0.176
   148.500      4.263      0.177
   149.000      4.263      0.177
   149.500      4.264      0.177
   150.000      4.264      0.176
   150.500      4.265      0.176
   151.000      4.265      0.178
   151.500      4.263      0.178
   152.000      4.262      0.178
   152.500      4.263      0.178
   153.000      4.264      0.177
   153.500      4.265      0.177
   154.000      4.266      0.178
   154.500      4.265      0.179
   155.000      4.263      0.180
   155.500      4.263      0.179
   156.000      4.264      0.178
   156.500      4.265      0.177
   157.000      4.267      0.177
   157.500      4.267      0.179
   158.000      4.265      0.180
   158.500      4.265      0.180
   159.000      4.266      0.179
   159.500      4.266      0.178
   160.000      4.268      0.177
   160.500      4.269      0.178
   161.000      4.269      0.179
   161.500      4.266      0.180
   162.000      4.268      0.180
   162.500      4.269      0.178
   163.000      4.270      0.177
   163.500      4.272      0.177
   164.000      4.273      0.178
   164.500      4.270      0.180
   165.000      4.271      0.180
   165.500      4.273      0.179
   166.000      4.274      0.176
   166.500      4.274      0.176
   167.000      4.276      0.177
   167.500      4.276      0.177
   168.000      4.274      0.179
   168.500      4.277      0.179
   169.000      4.279      0.178
   169.500      4.279      0.176
   170.000      4.280      0.176
   170.500      4.282      0.176
   171.000      4.279      0.179
   171.500      4.281      0.180
   172.000      4.285      0.178
   172.500      4.286      0.178
   173.000      4.284      0.177
   173.500      4.287      0.177
   174.000      4.287      0.177
   174.500      4.286      0.180
   175.000      4.292      0.180
   175.500      4.293      0.180
   176.000      4.292      0.180
   176.500      4.292      0.179
   177.000      4.295      0.179
   177.500      4.293      0.182
   178.000      4.299      0.185
   178.500      4.302      0.184
   179.000      4.302      0.184
   179.500      4.300      0.184
   180.000      4.302      0.184
   180.500      4.304      0.184
   181.000      4.306      0.191
   181.500      4.312      0.192
   182.000      4.311      0.192
   182.500      4.311      0.192
   183.000      4.309      0.193
   183.500      4.313      0.194
   184.000      4.313      0.199
   184.500      4.323      0.205
   185.000      4.322      0.205
   185.500      4.322      0.205
   186.000      4.322      0.205
   186.500      4.320      0.207
   187.000      4.326      0.209
   187.500      4.334      0.222
   188.000      4.335      0.223
   188.500      4.335      0.223
   189.000      4.335      0.223
   189.500      4.335      0.223
   190.000      4.335      0.230
   190.500      4.342      0.241
   191.000      4.349      0.248
   191.500      4.349      0.248
   192.000      4.349      0.248
   192.500      4.349      0.248
   193.000      4.349      0.248
   193.500      4.354      0.260
   194.000      4.365      0.281
   194.500      4.365      0.281
   195.000      4.365      0.281
   195.500      4.365      0.281
   196.000      4.365      0.281
   196.500      4.365      0.280
   197.000      4.382      0.319
   197.500      4.382      0.319
   198.000      4.382      0.319
   198.500      4.382      0.319
   199.000      4.382      0.319
   199.500      4.382      0.319
