     0.000      1.304      0.541
     0.500      3.158      0.165
     1.000      3.176      0.165
     1.500      3.200      0.153
     2.000      3.256      0.122
     2.500      3.268      0.120
     3.000      3.304      0.103
     3.500      3.333      0.087
     4.000      3.357      0.081
     4.500      3.381      0.069
     5.000      3.402      0.060
     5.500      3.429      0.053
     6.000      3.445      0.047
     6.500      3.462      0.044
     7.000      3.485      0.037
     7.500      3.498      0.035
     8.000      3.511      0.035
     8.500      3.530      0.032
     9.000      3.541      0.031
     9.500      3.551      0.033
    10.000      3.565      0.032
    10.500      3.575      0.033
    11.000      3.582      0.033
    11.500      3.593      0.034
    12.000      3.601      0.036
    12.500      3.606      0.035
    13.000      3.614      0.036
    13.500      3.621      0.037
    14.000      3.624      0.036
    14.500      3.630      0.037
    15.000      3.635      0.037
    15.500      3.638      0.037
    16.000      3.642      0.037
    16.500      3.646      0.038
    17.000      3.648      0.037
    17.500      3.651      0.037
    18.000      3.655      0.038
    18.500      3.657      0.037
    19.000      3.659      0.037
    19.500      3.662      0.037
    20.000      3.664      0.037
    20.500      3.666      0.036
    21.000      3.668      0.036
    21.500      3.670      0.036
    22.000      3.672      0.036
    22.500      3.674      0.036
    23.000      3.676      0.035
    23.500      3.678      0.035
    24.000      3.679      0.035
    24.500      3.681      0.034
    25.000      3.683      0.034
    25.500      3.685      0.034
    26.000      3.687      0.033
    26.500      3.689      0.033
    27.000      3.690      0.032
    27.500      3.692      0.032
    28.000      3.694      0.031
    28.500      3.696      0.031
    29.000      3.698      0.031
    29.500      3.700      0.030
    30.000      3.702      0.030
    30.500      3.704      0.030
    31.000      3.707      0.029
    31.500      3.709      0.029
    32.000      3.711      0.029
    32.500      3.714      0.029
    33.000      3.716      0.028
    33.500      3.718      0.028
    34.000      3.721      0.028
    34.500      3.724      0.028
    35.000      3.726      0.028
    35.500      3.730      0.029
    36.000      3.732      0.029
    36.500      3.735      0.029
    37.000      3.739      0.029
    37.500      3.742      0.030
    38.000      3.745      0.030
    38.500      3.749      0.031
    39.000      3.753      0.032
    39.500      3.757      0.032
    40.000      3.761      0.033
    40.500      3.765      0.034
    41.000      3.769      0.035
    41.500      3.774      0.036
    42.000      3.778      0.037
    42.500      3.783      0.038
    43.000      3.788      0.039
    43.500      3.793      0.040
    44.000      3.798      0.042
    44.500      3.803      0.043
    45.000      3.809      0.044
    45.500      3.815      0.046
    46.000      3.821      0.047
    46.500      3.827      0.048
    47.000      3.832      0.049
    47.500      3.839      0.050
    48.000      3.845      0.052
    48.500      3.852      0.053
    49.000      3.860      0.055
    49.500      3.868      0.056
    50.000      3.877      0.057
    50.500      3.885      0.058
    51.000      3.894      0.058
    51.500      3.904      0.059
    52.000      3.913      0.059
    52.500      3.923      0.059
    53.000      3.932      0.059
    53.500      3.942      0.060
    54.000      3.952      0.062
    54.500      3.963      0.064
    55.000      3.974      0.065
    55.500      3.985      0.068
    56.000      4.240      0.219
    56.500      4.244      0.214
    57.000      4.248      0.210
    57.500      4.251      0.207
    58.000      4.254      0.203
    58.500      4.261      0.205
    59.000      4.265      0.204
    59.500      4.266      0.201
    60.000      4.268      0.199
    60.500      4.267      0.193
    61.000      4.271      0.192
    61.500      4.275      0.191
    62.000      4.282      0.190
    62.500      4.290      0.191
    63.000      4.297      0.193
    63.500      4.305      0.196
    64.000      4.313      0.200
    64.500      4.321      0.202
    65.000      4.328      0.205
    65.500      4.331      0.205
    66.000      4.331      0.204
    66.500      4.330      0.202
    67.000      4.330      0.200
    67.500      4.329      0.199
    68.000      4.329      0.197
    68.500      4.328      0.194
    69.000      4.327      0.193
    69.500      4.327      0.193
    70.000      4.327      0.194
    70.500      4.327      0.195
    71.000      4.327      0.196
    71.500      4.327      0.197
    72.000      4.327      0.197
    72.500      4.327      0.198
    73.000      4.327      0.199
    73.500      4.328      0.200
    74.000      4.329      0.202
    74.500      4.329      0.204
    75.000      4.329      0.206
    75.500      4.329      0.207
    76.000      4.330      0.208
    76.500      4.331      0.210
    77.000      4.332      0.211
    77.500      4.334      0.212
    78.000      4.334      0.214
    78.500      4.335      0.215
    79.000      4.335      0.217
    79.500      4.337      0.218
    80.000      4.338      0.219
    80.500      4.340      0.220
    81.000      4.341      0.221
    81.500      4.343      0.221
    82.000      4.343      0.222
    82.500      4.344      0.223
    83.000      4.345      0.224
    83.500      4.347      0.224
    84.000      4.349      0.225
    84.500      4.351      0.225
    85.000      4.352      0.225
    85.500      4.353      0.225
    86.000      4.355      0.225
    86.500      4.356      0.226
    87.000      4.357      0.226
    87.500      4.359      0.226
    88.000      4.361      0.226
    88.500      4.363      0.225
    89.000      4.364      0.225
    89.500      4.366      0.225
    90.000      4.367      0.225
    90.500      4.368      0.225
    91.000      4.370      0.224
    91.500      4.371      0.224
    92.000      4.373      0.223
    92.500      4.375      0.222
    93.000      4.377      0.222
    93.500      4.378      0.222
    94.000      4.379      0.221
    94.500      4.380      0.221
    95.000      4.382      0.220
    95.500      4.383      0.220
    96.000      4.385      0.219
    96.500      4.387      0.219
    97.000      4.388      0.218
    97.500      4.389      0.218
    98.000      4.389      0.217
    98.500      4.391      0.216
    99.000      4.392      0.216
    99.500      4.394      0.216
   100.000      4.395      0.216
   100.500      4.396      0.215
   101.000      4.397      0.215
   101.500      4.397      0.214
   102.000      4.398      0.213
   102.500      4.399      0.213
   103.000      4.400      0.213
   103.500      4.401      0.214
   104.000      4.402      0.213
   104.500      4.402      0.213
   105.000      4.402      0.213
   105.500      4.403      0.212
   106.000      4.403      0.212
   106.500      4.404      0.213
   107.000      4.404      0.213
   107.500      4.404      0.213
   108.000      4.405      0.213
   108.500      4.405      0.213
   109.000      4.405      0.213
   109.500      4.405      0.213
   110.000      4.405      0.214
   110.500      4.405      0.214
   111.000      4.405      0.215
   111.500      4.405      0.215
   112.000      4.405      0.215
   112.500      4.405      0.216
   113.000      4.405      0.216
   113.500      4.404      0.216
   114.000      4.404      0.217
   114.500      4.403      0.217
   115.000      4.403      0.218
   115.500      4.403      0.219
   116.000      4.403      0.219
   116.500      4.402      0.219
   117.000      4.401      0.220
   117.500      4.400      0.221
   118.000      4.400      0.221
   118.500      4.399      0.222
   119.000      4.398      0.223
   119.500      4.398      0.223
   120.000      4.397      0.224
   120.500      4.397      0.224
   121.000      4.395      0.225
   121.500      4.394      0.226
   122.000      4.393      0.227
   122.500      4.392      0.228
   123.000      4.392      0.228
   123.500      4.391      0.229
   124.000      4.390      0.230
   124.500      4.388      0.230
   125.000      4.387      0.231
   125.500      4.386      0.232
   126.000      4.385      0.233
   126.500      4.384      0.233
   127.000      4.383      0.234
   127.500      4.381      0.235
   128.000      4.380      0.236
   128.500      4.379      0.237
   129.000      4.377      0.238
   129.500      4.376      0.239
   130.000      4.375      0.239
   130.500      4.373      0.239
   131.000      4.371      0.241
   131.500      4.370      0.242
   132.000      4.368      0.243
   132.500      4.367      0.244
   133.000      4.366      0.244
   133.500      4.364      0.244
   134.000      4.362      0.245
   134.500      4.360      0.246
   135.000      4.358      0.247
   135.500      4.357      0.249
   136.000      4.356      0.249
   136.500      4.354      0.249
   137.000      4.352      0.250
   137.500      4.350      0.250
   138.000      4.347      0.252
   138.500      4.345      0.253
   139.000      4.344      0.255
   139.500      4.343      0.255
   140.000      4.342      0.255
   140.500      4.339      0.255
   141.000      4.337      0.256
   141.500      4.334      0.257
   142.000      4.332      0.259
   142.500      4.330      0.260
   143.000      4.329      0.260
   143.500      4.328      0.260
   144.000      4.326      0.260
   144.500      4.323      0.260
   145.000      4.320      0.262
   145.500      4.318      0.264
   146.000      4.316      0.265
   146.500      4.315      0.265
   147.000      4.314      0.264
   147.500      4.312      0.264
   148.000      4.309      0.265
   148.500      4.306      0.266
   149.000      4.303      0.268
   149.500      4.302      0.270
   150.000      4.300      0.269
   150.500      4.298      0.269
   151.000      4.297      0.268
   151.500      4.295      0.269
   152.000      4.291      0.270
   152.500      4.288      0.272
   153.000      4.286      0.273
   153.500      4.284      0.273
   154.000      4.283      0.272
   154.500      4.282      0.272
   155.000      4.280      0.272
   155.500      4.276      0.274
   156.000      4.272      0.275
   156.500      4.271      0.275
   157.000      4.269      0.276
   157.500      4.267      0.275
   158.000      4.266      0.274
   158.500      4.265      0.275
   159.000      4.261      0.276
   159.500      4.257      0.277
   160.000      4.255      0.277
   160.500      4.253      0.277
   161.000      4.251      0.277
   161.500      4.250      0.276
   162.000      4.249      0.277
   162.500      4.246      0.278
   163.000      4.242      0.278
   163.500      4.239      0.278
   164.000      4.238      0.278
   164.500      4.236      0.278
   165.000      4.234      0.277
   165.500      4.233      0.278
   166.000      4.232      0.279
   166.500      4.227      0.279
   167.000      4.224      0.279
   167.500      4.222      0.279
   168.000      4.220      0.279
   168.500      4.219      0.278
   169.000      4.218      0.279
   169.500      4.216      0.279
   170.000      4.214      0.279
   170.500      4.210      0.279
   171.000      4.207      0.280
   171.500      4.205      0.280
   172.000      4.204      0.279
   172.500      4.203      0.279
   173.000      4.200      0.279
   173.500      4.200      0.280
   174.000      4.197      0.281
   174.500      4.193      0.281
   175.000      4.192      0.281
   175.500      4.189      0.280
   176.000      4.188      0.281
   176.500      4.185      0.280
   177.000      4.186      0.281
   177.500      4.185      0.283
   178.000      4.180      0.284
   178.500      4.179      0.285
   179.000      4.176      0.284
   179.500      4.174      0.284
   180.000      4.171      0.283
   180.500      4.172      0.284
   181.000      4.173      0.287
   181.500      4.169      0.289
   182.000      4.167      0.291
   182.500      4.164      0.291
   183.000      4.161      0.292
   183.500      4.159      0.290
   184.000      4.159      0.290
   184.500      4.160      0.292
   185.000      4.161      0.298
   185.500      4.156      0.301
   186.000      4.154      0.303
   186.500      4.149      0.304
   187.000      4.148      0.303
   187.500      4.148      0.303
   188.000      4.148      0.303
   188.500      4.150      0.309
   189.000      4.147      0.317
   189.500      4.144      0.321
   190.000      4.138      0.324
   190.500      4.138      0.324
   191.000      4.138      0.324
   191.500      4.138      0.324
   192.000      4.138      0.324
   192.500      4.142      0.336
   193.000      4.137      0.348
   193.500      4.131      0.353
   194.000      4.131      0.353
   194.500      4.131      0.353
   195.000      4.131      0.353
   195.500      4.131      0.353
   196.000      4.131      0.353
   196.500      4.132      0.384
   197.000      4.125      0.391
   197.500      4.125      0.391
   198.000      4.125      0.391
   198.500      4.125      0.391
   199.000      4.125      0.391
   199.500      4.125      0.391
