     0.000      1.301      0.550
     0.500      3.111      0.178
     1.000      3.159      0.189
     1.500      3.172      0.181
     2.000      3.231      0.145
     2.500      3.250      0.137
     3.000      3.270      0.127
     3.500      3.317      0.101
     4.000      3.331      0.095
     4.500      3.354      0.086
     5.000      3.387      0.069
     5.500      3.403      0.063
     6.000      3.422      0.058
     6.500      3.448      0.046
     7.000      3.464      0.043
     7.500      3.479      0.041
     8.000      3.499      0.036
     8.500      3.513      0.035
     9.000      3.526      0.035
     9.500      3.542      0.034
    10.000      3.554      0.034
    10.500      3.564      0.035
    11.000      3.576      0.036
    11.500      3.586      0.036
    12.000      3.595      0.038
    12.500      3.604      0.038
    13.000      3.613      0.039
    13.500      3.619      0.039
    14.000      3.626      0.039
    14.500      3.633      0.040
    15.000      3.638      0.040
    15.500      3.644      0.040
    16.000      3.649      0.040
    16.500      3.653      0.039
    17.000      3.657      0.039
    17.500      3.662      0.039
    18.000      3.665      0.039
    18.500      3.668      0.039
    19.000      3.672      0.039
    19.500      3.675      0.039
    20.000      3.677      0.038
    20.500      3.680      0.038
    21.000      3.683      0.038
    21.500      3.685      0.038
    22.000      3.688      0.038
    22.500      3.690      0.038
    23.000      3.692      0.038
    23.500      3.694      0.038
    24.000      3.696      0.038
    24.500      3.698      0.038
    25.000      3.700      0.038
    25.500      3.702      0.038
    26.000      3.703      0.038
    26.500      3.705      0.037
    27.000      3.707      0.037
    27.500      3.709      0.037
    28.000      3.710      0.037
    28.500      3.712      0.037
    29.000      3.714      0.037
    29.500      3.716      0.036
    30.000      3.717      0.036
    30.500      3.719      0.036
    31.000      3.721      0.036
    31.500      3.723      0.036
    32.000      3.725      0.036
    32.500      3.727      0.035
    33.000      3.729      0.035
    33.500      3.731      0.035
    34.000      3.733      0.035
    34.500      3.736      0.035
    35.000      3.738      0.035
    35.500      3.741      0.034
    36.000      3.744      0.034
    36.500      3.747      0.034
    37.000      3.750      0.034
    37.500      3.753      0.034
    38.000      3.756      0.034
    38.500      3.760      0.034
    39.000      3.763      0.034
    39.500      3.767      0.034
    40.000      3.771      0.034
    40.500      3.775      0.035
    41.000      3.779      0.035
    41.500      3.784      0.035
    42.000      3.788      0.036
    42.500      3.793      0.037
    43.000      3.798      0.038
    43.500      3.804      0.039
    44.000      3.810      0.041
    44.500      3.816      0.042
    45.000      3.822      0.044
    45.500      3.829      0.046
    46.000      3.836      0.048
    46.500      3.843      0.051
    47.000      3.851      0.054
    47.500      3.859      0.057
    48.000      3.867      0.060
    48.500      3.875      0.064
    49.000      3.883      0.068
    49.500      3.891      0.071
    50.000      3.900      0.076
    50.500      3.910      0.080
    51.000      3.919      0.084
    51.500      3.928      0.089
    52.000      3.937      0.092
    52.500      3.946      0.095
    53.000      3.955      0.099
    53.500      3.965      0.102
    54.000      3.974      0.103
    54.500      3.982      0.104
    55.000      3.991      0.104
    55.500      3.998      0.104
    56.000      4.308      0.249
    56.500      4.314      0.245
    57.000      4.321      0.240
    57.500      4.327      0.237
    58.000      4.334      0.233
    58.500      4.340      0.232
    59.000      4.344      0.230
    59.500      4.349      0.230
    60.000      4.352      0.230
    60.500      4.353      0.228
    61.000      4.357      0.226
    61.500      4.360      0.222
    62.000      4.366      0.219
    62.500      4.370      0.216
    63.000      4.373      0.216
    63.500      4.369      0.213
    64.000      4.363      0.212
    64.500      4.358      0.212
    65.000      4.353      0.210
    65.500      4.349      0.209
    66.000      4.345      0.209
    66.500      4.341      0.210
    67.000      4.337      0.212
    67.500      4.332      0.214
    68.000      4.329      0.215
    68.500      4.326      0.217
    69.000      4.323      0.220
    69.500      4.319      0.222
    70.000      4.316      0.226
    70.500      4.313      0.229
    71.000      4.310      0.232
    71.500      4.308      0.235
    72.000      4.305      0.237
    72.500      4.303      0.240
    73.000      4.300      0.243
    73.500      4.298      0.246
    74.000      4.296      0.249
    74.500      4.295      0.252
    75.000      4.293      0.254
    75.500      4.291      0.256
    76.000      4.289      0.259
    76.500      4.288      0.262
    77.000      4.287      0.264
    77.500      4.286      0.265
    78.000      4.285      0.267
    78.500      4.284      0.269
    79.000      4.283      0.271
    79.500      4.282      0.272
    80.000      4.282      0.273
    80.500      4.282      0.274
    81.000      4.281      0.275
    81.500      4.280      0.276
    82.000      4.280      0.277
    82.500      4.280      0.278
    83.000      4.280      0.278
    83.500      4.280      0.278
    84.000      4.280      0.278
    84.500      4.280      0.278
    85.000      4.281      0.279
    85.500      4.281      0.278
    86.000      4.282      0.278
    86.500      4.282      0.278
    87.000      4.283      0.277
    87.500      4.283      0.277
    88.000      4.284      0.276
    88.500      4.285      0.275
    89.000      4.286      0.274
    89.500      4.287      0.273
    90.000      4.288      0.272
    90.500      4.288      0.271
    91.000      4.290      0.270
    91.500      4.292      0.269
    92.000      4.293      0.268
    92.500      4.294      0.266
    93.000      4.294      0.265
    93.500      4.296      0.263
    94.000      4.298      0.262
    94.500      4.299      0.261
    95.000      4.301      0.259
    95.500      4.302      0.257
    96.000      4.303      0.255
    96.500      4.305      0.254
    97.000      4.307      0.253
    97.500      4.309      0.251
    98.000      4.310      0.249
    98.500      4.311      0.247
    99.000      4.313      0.246
    99.500      4.315      0.244
   100.000      4.317      0.243
   100.500      4.318      0.241
   101.000      4.320      0.239
   101.500      4.322      0.237
   102.000      4.323      0.236
   102.500      4.325      0.235
   103.000      4.327      0.234
   103.500      4.329      0.232
   104.000      4.331      0.230
   104.500      4.332      0.228
   105.000      4.334      0.227
   105.500      4.336      0.226
   106.000      4.338      0.224
   106.500      4.339      0.223
   107.000      4.341      0.221
   107.500      4.343      0.220
   108.000      4.344      0.219
   108.500      4.346      0.217
   109.000      4.348      0.216
   109.500      4.349      0.215
   110.000      4.351      0.214
   110.500      4.353      0.212
   111.000      4.354      0.211
   111.500      4.356      0.210
   112.000      4.358      0.209
   112.500      4.359      0.208
   113.000      4.361      0.207
   113.500      4.363      0.206
   114.000      4.364      0.205
   114.500      4.366      0.204
   115.000      4.367      0.203
   115.500      4.368      0.202
   116.000      4.370      0.201
   116.500      4.372      0.200
   117.000      4.373      0.199
   117.500      4.375      0.198
   118.000      4.376      0.198
   118.500      4.377      0.197
   119.000      4.379      0.196
   119.500      4.380      0.195
   120.000      4.382      0.194
   120.500      4.383      0.194
   121.000      4.385      0.194
   121.500      4.386      0.193
   122.000      4.387      0.192
   122.500      4.388      0.192
   123.000      4.390      0.191
   123.500      4.391      0.191
   124.000      4.392      0.191
   124.500      4.393      0.190
   125.000      4.395      0.190
   125.500      4.396      0.189
   126.000      4.397      0.189
   126.500      4.399      0.189
   127.000      4.399      0.189
   127.500      4.400      0.189
   128.000      4.402      0.188
   128.500      4.403      0.188
   129.000      4.404      0.188
   129.500      4.405      0.188
   130.000      4.406      0.188
   130.500      4.406      0.188
   131.000      4.408      0.188
   131.500      4.409      0.188
   132.000      4.410      0.189
   132.500      4.410      0.189
   133.000      4.411      0.189
   133.500      4.412      0.189
   134.000      4.413      0.189
   134.500      4.414      0.190
   135.000      4.415      0.190
   135.500      4.415      0.190
   136.000      4.416      0.190
   136.500      4.417      0.191
   137.000      4.418      0.191
   137.500      4.418      0.191
   138.000      4.419      0.192
   138.500      4.419      0.192
   139.000      4.420      0.193
   139.500      4.420      0.193
   140.000      4.421      0.194
   140.500      4.421      0.194
   141.000      4.422      0.194
   141.500      4.422      0.195
   142.000      4.422      0.195
   142.500      4.423      0.196
   143.000      4.423      0.196
   143.500      4.423      0.196
   144.000      4.424      0.197
   144.500      4.424      0.197
   145.000      4.424      0.198
   145.500      4.424      0.199
   146.000      4.424      0.199
   146.500      4.424      0.199
   147.000      4.424      0.199
   147.500      4.425      0.200
   148.000      4.425      0.201
   148.500      4.425      0.201
   149.000      4.424      0.201
   149.500      4.424      0.201
   150.000      4.424      0.201
   150.500      4.425      0.202
   151.000      4.425      0.202
   151.500      4.424      0.202
   152.000      4.423      0.202
   152.500      4.423      0.202
   153.000      4.423      0.202
   153.500      4.423      0.203
   154.000      4.423      0.203
   154.500      4.421      0.202
   155.000      4.421      0.202
   155.500      4.420      0.202
   156.000      4.420      0.202
   156.500      4.420      0.202
   157.000      4.419      0.202
   157.500      4.418      0.201
   158.000      4.417      0.201
   158.500      4.417      0.201
   159.000      4.416      0.201
   159.500      4.416      0.200
   160.000      4.414      0.200
   160.500      4.413      0.199
   161.000      4.412      0.198
   161.500      4.412      0.198
   162.000      4.411      0.198
   162.500      4.410      0.197
   163.000      4.408      0.195
   163.500      4.406      0.194
   164.000      4.406      0.194
   164.500      4.405      0.193
   165.000      4.404      0.193
   165.500      4.402      0.191
   166.000      4.399      0.190
   166.500      4.399      0.189
   167.000      4.399      0.187
   167.500      4.397      0.187
   168.000      4.395      0.186
   168.500      4.393      0.184
   169.000      4.390      0.182
   169.500      4.390      0.181
   170.000      4.389      0.180
   170.500      4.387      0.180
   171.000      4.385      0.179
   171.500      4.381      0.176
   172.000      4.379      0.174
   172.500      4.380      0.172
   173.000      4.379      0.172
   173.500      4.376      0.173
   174.000      4.373      0.171
   174.500      4.368      0.168
   175.000      4.367      0.166
   175.500      4.367      0.164
   176.000      4.366      0.165
   176.500      4.362      0.166
   177.000      4.358      0.164
   177.500      4.353      0.161
   178.000      4.354      0.159
   178.500      4.354      0.159
   179.000      4.352      0.160
   179.500      4.347      0.162
   180.000      4.340      0.160
   180.500      4.337      0.158
   181.000      4.338      0.158
   181.500      4.338      0.158
   182.000      4.336      0.160
   182.500      4.330      0.164
   183.000      4.321      0.165
   183.500      4.321      0.165
   184.000      4.321      0.165
   184.500      4.321      0.165
   185.000      4.318      0.168
   185.500      4.310      0.174
   186.000      4.300      0.179
   186.500      4.302      0.182
   187.000      4.302      0.182
   187.500      4.302      0.182
   188.000      4.299      0.186
   188.500      4.285      0.198
   189.000      4.280      0.209
   189.500      4.280      0.210
   190.000      4.280      0.210
   190.500      4.280      0.210
   191.000      4.277      0.214
   191.500      4.257      0.238
   192.000      4.257      0.248
   192.500      4.257      0.248
   193.000      4.257      0.248
   193.500      4.257      0.248
   194.000      4.254      0.254
   194.500      4.232      0.295
   195.000      4.232      0.297
   195.500      4.232      0.297
   196.000      4.232      0.297
   196.500      4.232      0.297
   197.000      4.228      0.303
   197.500      4.205      0.354
   198.000      4.205      0.354
   198.500      4.205      0.354
   199.000      4.205      0.354
   199.500      4.205      0.354
