     0.000      1.589      0.430
     0.500      3.182      0.171
     1.000      3.206      0.160
     1.500      3.216      0.150
     2.000      3.265      0.119
     2.500      3.285      0.115
     3.000      3.301      0.100
     3.500      3.338      0.084
     4.000      3.356      0.078
     4.500      3.373      0.065
     5.000      3.399      0.058
     5.500      3.419      0.051
     6.000      3.435      0.044
     6.500      3.452      0.042
     7.000      3.472      0.037
     7.500      3.486      0.037
     8.000      3.499      0.036
     8.500      3.517      0.035
     9.000      3.528      0.037
     9.500      3.539      0.038
    10.000      3.555      0.039
    10.500      3.564      0.040
    11.000      3.573      0.041
    11.500      3.585      0.042
    12.000      3.593      0.042
    12.500      3.601      0.043
    13.000      3.610      0.042
    13.500      3.617      0.042
    14.000      3.623      0.042
    14.500      3.630      0.042
    15.000      3.636      0.041
    15.500      3.641      0.040
    16.000      3.646      0.039
    16.500      3.652      0.038
    17.000      3.656      0.037
    17.500      3.660      0.037
    18.000      3.665      0.036
    18.500      3.668      0.035
    19.000      3.671      0.034
    19.500      3.675      0.033
    20.000      3.678      0.033
    20.500      3.681      0.032
    21.000      3.684      0.031
    21.500      3.687      0.031
    22.000      3.690      0.031
    22.500      3.692      0.030
    23.000      3.695      0.030
    23.500      3.697      0.030
    24.000      3.700      0.029
    24.500      3.702      0.029
    25.000      3.705      0.029
    25.500      3.707      0.029
    26.000      3.709      0.028
    26.500      3.711      0.028
    27.000      3.713      0.028
    27.500      3.716      0.028
    28.000      3.718      0.028
    28.500      3.720      0.028
    29.000      3.722      0.028
    29.500      3.724      0.028
    30.000      3.726      0.028
    30.500      3.728      0.028
    31.000      3.731      0.028
    31.500      3.733      0.028
    32.000      3.735      0.028
    32.500      3.738      0.028
    33.000      3.740      0.028
    33.500      3.742      0.028
    34.000      3.745      0.028
    34.500      3.747      0.028
    35.000      3.750      0.028
    35.500      3.753      0.028
    36.000      3.756      0.029
    36.500      3.759      0.029
    37.000      3.762      0.029
    37.500      3.765      0.029
    38.000      3.768      0.029
    38.500      3.772      0.030
    39.000      3.776      0.030
    39.500      3.779      0.030
    40.000      3.783      0.031
    40.500      3.787      0.031
    41.000      3.791      0.032
    41.500      3.796      0.032
    42.000      3.800      0.033
    42.500      3.805      0.034
    43.000      3.810      0.035
    43.500      3.815      0.037
    44.000      3.821      0.038
    44.500      3.826      0.039
    45.000      3.832      0.041
    45.500      3.839      0.043
    46.000      3.845      0.045
    46.500      3.851      0.048
    47.000      3.858      0.050
    47.500      3.865      0.053
    48.000      3.872      0.056
    48.500      3.879      0.059
    49.000      3.887      0.063
    49.500      3.895      0.066
    50.000      3.904      0.070
    50.500      3.912      0.074
    51.000      3.921      0.078
    51.500      3.929      0.082
    52.000      3.939      0.086
    52.500      3.949      0.090
    53.000      3.959      0.094
    53.500      3.969      0.096
    54.000      3.976      0.095
    54.500      3.983      0.094
    55.000      3.992      0.094
    55.500      4.002      0.098
    56.000      4.013      0.101
    56.500      4.026      0.106
    57.000      4.040      0.109
    57.500      4.054      0.113
    58.000      4.068      0.117
    58.500      4.430      0.239
    59.000      4.426      0.231
    59.500      4.425      0.224
    60.000      4.426      0.215
    60.500      4.427      0.207
    61.000      4.426      0.197
    61.500      4.423      0.190
    62.000      4.420      0.186
    62.500      4.421      0.184
    63.000      4.426      0.185
    63.500      4.429      0.186
    64.000      4.437      0.188
    64.500      4.443      0.189
    65.000      4.448      0.191
    65.500      4.448      0.191
    66.000      4.446      0.191
    66.500      4.445      0.189
    67.000      4.444      0.188
    67.500      4.443      0.187
    68.000      4.442      0.185
    68.500      4.442      0.186
    69.000      4.440      0.188
    69.500      4.438      0.191
    70.000      4.437      0.191
    70.500      4.436      0.192
    71.000      4.435      0.193
    71.500      4.434      0.194
    72.000      4.434      0.196
    72.500      4.433      0.199
    73.000      4.432      0.201
    73.500      4.431      0.203
    74.000      4.430      0.204
    74.500      4.429      0.205
    75.000      4.428      0.207
    75.500      4.428      0.209
    76.000      4.427      0.211
    76.500      4.426      0.212
    77.000      4.425      0.213
    77.500      4.424      0.214
    78.000      4.423      0.215
    78.500      4.422      0.216
    79.000      4.422      0.218
    79.500      4.422      0.219
    80.000      4.421      0.219
    80.500      4.421      0.220
    81.000      4.419      0.220
    81.500      4.418      0.220
    82.000      4.417      0.221
    82.500      4.417      0.221
    83.000      4.417      0.221
    83.500      4.417      0.220
    84.000      4.416      0.220
    84.500      4.415      0.220
    85.000      4.414      0.219
    85.500      4.413      0.219
    86.000      4.412      0.219
    86.500      4.412      0.219
    87.000      4.412      0.217
    87.500      4.412      0.216
    88.000      4.411      0.215
    88.500      4.410      0.215
    89.000      4.409      0.214
    89.500      4.409      0.213
    90.000      4.408      0.213
    90.500      4.408      0.211
    91.000      4.408      0.209
    91.500      4.407      0.208
    92.000      4.406      0.207
    92.500      4.406      0.206
    93.000      4.405      0.206
    93.500      4.405      0.205
    94.000      4.405      0.203
    94.500      4.405      0.202
    95.000      4.404      0.200
    95.500      4.403      0.199
    96.000      4.403      0.198
    96.500      4.402      0.198
    97.000      4.402      0.197
    97.500      4.401      0.196
    98.000      4.401      0.195
    98.500      4.401      0.194
    99.000      4.400      0.193
    99.500      4.400      0.192
   100.000      4.399      0.192
   100.500      4.399      0.191
   101.000      4.398      0.190
   101.500      4.398      0.190
   102.000      4.397      0.190
   102.500      4.397      0.190
   103.000      4.397      0.189
   103.500      4.396      0.189
   104.000      4.396      0.188
   104.500      4.395      0.188
   105.000      4.394      0.189
   105.500      4.394      0.189
   106.000      4.394      0.189
   106.500      4.394      0.189
   107.000      4.393      0.189
   107.500      4.393      0.189
   108.000      4.392      0.190
   108.500      4.391      0.191
   109.000      4.391      0.191
   109.500      4.391      0.192
   110.000      4.391      0.192
   110.500      4.390      0.192
   111.000      4.390      0.192
   111.500      4.389      0.193
   112.000      4.388      0.194
   112.500      4.388      0.195
   113.000      4.388      0.196
   113.500      4.388      0.196
   114.000      4.388      0.197
   114.500      4.387      0.197
   115.000      4.387      0.198
   115.500      4.386      0.199
   116.000      4.386      0.200
   116.500      4.386      0.201
   117.000      4.386      0.201
   117.500      4.385      0.202
   118.000      4.385      0.202
   118.500      4.385      0.203
   119.000      4.384      0.204
   119.500      4.384      0.205
   120.000      4.384      0.205
   120.500      4.384      0.206
   121.000      4.383      0.207
   121.500      4.383      0.207
   122.000      4.383      0.208
   122.500      4.383      0.208
   123.000      4.383      0.209
   123.500      4.382      0.210
   124.000      4.382      0.211
   124.500      4.382      0.211
   125.000      4.382      0.211
   125.500      4.382      0.212
   126.000      4.382      0.213
   126.500      4.381      0.213
   127.000      4.381      0.214
   127.500      4.381      0.215
   128.000      4.381      0.215
   128.500      4.380      0.215
   129.000      4.380      0.216
   129.500      4.381      0.217
   130.000      4.380      0.217
   130.500      4.380      0.218
   131.000      4.380      0.218
   131.500      4.379      0.219
   132.000      4.379      0.219
   132.500      4.379      0.219
   133.000      4.380      0.220
   133.500      4.380      0.220
   134.000      4.379      0.221
   134.500      4.379      0.221
   135.000      4.379      0.221
   135.500      4.379      0.222
   136.000      4.379      0.222
   136.500      4.379      0.222
   137.000      4.379      0.223
   137.500      4.378      0.223
   138.000      4.378      0.224
   138.500      4.378      0.224
   139.000      4.378      0.224
   139.500      4.378      0.224
   140.000      4.378      0.224
   140.500      4.378      0.225
   141.000      4.378      0.225
   141.500      4.377      0.225
   142.000      4.377      0.226
   142.500      4.377      0.226
   143.000      4.378      0.226
   143.500      4.378      0.226
   144.000      4.377      0.226
   144.500      4.377      0.227
   145.000      4.377      0.227
   145.500      4.376      0.227
   146.000      4.377      0.227
   146.500      4.377      0.227
   147.000      4.377      0.227
   147.500      4.377      0.227
   148.000      4.376      0.228
   148.500      4.376      0.228
   149.000      4.376      0.228
   149.500      4.376      0.228
   150.000      4.376      0.228
   150.500      4.376      0.228
   151.000      4.376      0.228
   151.500      4.375      0.228
   152.000      4.376      0.229
   152.500      4.376      0.228
   153.000      4.376      0.228
   153.500      4.376      0.228
   154.000      4.376      0.228
   154.500      4.375      0.228
   155.000      4.374      0.228
   155.500      4.375      0.229
   156.000      4.376      0.229
   156.500      4.375      0.228
   157.000      4.375      0.228
   157.500      4.375      0.228
   158.000      4.374      0.228
   158.500      4.374      0.228
   159.000      4.374      0.229
   159.500      4.375      0.229
   160.000      4.374      0.228
   160.500      4.374      0.228
   161.000      4.374      0.228
   161.500      4.373      0.228
   162.000      4.373      0.228
   162.500      4.373      0.228
   163.000      4.374      0.228
   163.500      4.373      0.228
   164.000      4.373      0.228
   164.500      4.373      0.227
   165.000      4.372      0.227
   165.500      4.371      0.227
   166.000      4.372      0.228
   166.500      4.373      0.228
   167.000      4.373      0.228
   167.500      4.372      0.227
   168.000      4.371      0.227
   168.500      4.370      0.226
   169.000      4.370      0.227
   169.500      4.371      0.228
   170.000      4.371      0.228
   170.500      4.371      0.228
   171.000      4.370      0.227
   171.500      4.370      0.226
   172.000      4.368      0.226
   172.500      4.368      0.227
   173.000      4.369      0.229
   173.500      4.369      0.229
   174.000      4.369      0.229
   174.500      4.369      0.228
   175.000      4.368      0.227
   175.500      4.366      0.227
   176.000      4.366      0.229
   176.500      4.367      0.231
   177.000      4.367      0.231
   177.500      4.367      0.231
   178.000      4.367      0.230
   178.500      4.366      0.230
   179.000      4.364      0.231
   179.500      4.364      0.234
   180.000      4.364      0.235
   180.500      4.364      0.235
   181.000      4.364      0.235
   181.500      4.364      0.235
   182.000      4.363      0.235
   182.500      4.361      0.237
   183.000      4.361      0.242
   183.500      4.361      0.243
   184.000      4.361      0.243
   184.500      4.361      0.243
   185.000      4.361      0.243
   185.500      4.361      0.243
   186.000      4.358      0.248
   186.500      4.357      0.256
   187.000      4.357      0.256
   187.500      4.357      0.256
   188.000      4.357      0.256
   188.500      4.357      0.256
   189.000      4.358      0.256
   189.500      4.354      0.266
   190.000      4.353      0.275
   190.500      4.353      0.275
   191.000      4.353      0.275
   191.500      4.353      0.275
   192.000      4.353      0.275
   192.500      4.354      0.275
   193.000      4.350      0.291
   193.500      4.349      0.301
   194.000      4.349      0.301
   194.500      4.349      0.301
   195.000      4.349      0.301
   195.500      4.349      0.301
   196.000      4.349      0.301
   196.500      4.345      0.323
   197.000      4.344      0.335
   197.500      4.344      0.335
   198.000      4.344      0.335
   198.500      4.344      0.335
   199.000      4.344      0.335
   199.500      4.344      0.335
