     0.000      1.560      0.482
     0.500      2.997      0.181
     1.000      3.056      0.165
     1.500      3.109      0.136
     2.000      3.145      0.120
     2.500      3.184      0.096
     3.000      3.216      0.081
     3.500      3.246      0.070
     4.000      3.279      0.056
     4.500      3.299      0.053
     5.000      3.330      0.043
     5.500      3.345      0.045
     6.000      3.371      0.041
     6.500      3.383      0.043
     7.000      3.404      0.044
     7.500      3.415      0.044
     8.000      3.430      0.046
     8.500      3.440      0.045
     9.000      3.451      0.047
     9.500      3.461      0.045
    10.000      3.468      0.046
    10.500      3.476      0.045
    11.000      3.483      0.044
    11.500      3.489      0.043
    12.000      3.495      0.042
    12.500      3.500      0.041
    13.000      3.506      0.040
    13.500      3.510      0.039
    14.000      3.515      0.038
    14.500      3.519      0.037
    15.000      3.524      0.037
    15.500      3.527      0.036
    16.000      3.532      0.035
    16.500      3.536      0.035
    17.000      3.540      0.034
    17.500      3.544      0.034
    18.000      3.548      0.033
    18.500      3.553      0.033
    19.000      3.557      0.033
    19.500      3.561      0.033
    20.000      3.566      0.033
    20.500      3.571      0.034
    21.000      3.575      0.034
    21.500      3.581      0.034
    22.000      3.586      0.034
    22.500      3.592      0.035
    23.000      3.598      0.036
    23.500      3.604      0.036
    24.000      3.610      0.037
    24.500      3.617      0.038
    25.000      3.625      0.039
    25.500      3.632      0.040
    26.000      3.640      0.040
    26.500      3.649      0.041
    27.000      3.658      0.042
    27.500      3.667      0.044
    28.000      3.678      0.045
    28.500      3.688      0.047
    29.000      3.701      0.047
    29.500      3.715      0.048
    30.000      3.729      0.048
    30.500      3.744      0.050
    31.000      3.757      0.052
    31.500      3.772      0.056
    32.000      3.788      0.058
    32.500      3.806      0.063
    33.000      3.823      0.067
    33.500      3.841      0.074
    34.000      3.860      0.079
    34.500      3.883      0.087
    35.000      3.906      0.094
    35.500      3.932      0.100
    36.000      3.962      0.106
    36.500      3.995      0.111
    37.000      4.031      0.113
    37.500      4.063      0.115
    38.000      4.098      0.118
    38.500      4.382      0.247
    39.000      4.407      0.243
    39.500      4.423      0.230
    40.000      4.439      0.219
    40.500      4.464      0.215
    41.000      4.492      0.216
    41.500      4.514      0.219
    42.000      4.533      0.215
    42.500      4.550      0.208
    43.000      4.563      0.199
    43.500      4.570      0.191
    44.000      4.577      0.182
    44.500      4.585      0.176
    45.000      4.595      0.173
    45.500      4.602      0.166
    46.000      4.610      0.160
    46.500      4.616      0.153
    47.000      4.618      0.147
    47.500      4.617      0.140
    48.000      4.616      0.135
    48.500      4.615      0.129
    49.000      4.616      0.123
    49.500      4.617      0.117
    50.000      4.619      0.112
    50.500      4.619      0.107
    51.000      4.617      0.103
    51.500      4.614      0.099
    52.000      4.614      0.095
    52.500      4.614      0.092
    53.000      4.615      0.090
    53.500      4.615      0.087
    54.000      4.613      0.084
    54.500      4.611      0.083
    55.000      4.609      0.081
    55.500      4.608      0.079
    56.000      4.609      0.080
    56.500      4.609      0.079
    57.000      4.607      0.078
    57.500      4.605      0.078
    58.000      4.603      0.078
    58.500      4.601      0.077
    59.000      4.601      0.077
    59.500      4.600      0.078
    60.000      4.598      0.079
    60.500      4.596      0.080
    61.000      4.594      0.080
    61.500      4.592      0.080
    62.000      4.591      0.080
    62.500      4.590      0.081
    63.000      4.588      0.081
    63.500      4.585      0.082
    64.000      4.583      0.084
    64.500      4.581      0.084
    65.000      4.579      0.084
    65.500      4.578      0.084
    66.000      4.575      0.084
    66.500      4.572      0.084
    67.000      4.570      0.085
    67.500      4.568      0.086
    68.000      4.566      0.086
    68.500      4.564      0.086
    69.000      4.562      0.085
    69.500      4.559      0.085
    70.000      4.556      0.085
    70.500      4.554      0.086
    71.000      4.552      0.087
    71.500      4.550      0.086
    72.000      4.548      0.085
    72.500      4.545      0.084
    73.000      4.541      0.084
    73.500      4.539      0.085
    74.000      4.536      0.086
    74.500      4.534      0.086
    75.000      4.532      0.084
    75.500      4.530      0.083
    76.000      4.526      0.083
    76.500      4.523      0.083
    77.000      4.521      0.084
    77.500      4.518      0.084
    78.000      4.516      0.083
    78.500      4.513      0.082
    79.000      4.510      0.081
    79.500      4.507      0.082
    80.000      4.505      0.083
    80.500      4.502      0.083
    81.000      4.500      0.082
    81.500      4.497      0.081
    82.000      4.494      0.081
    82.500      4.491      0.082
    83.000      4.489      0.082
    83.500      4.487      0.083
    84.000      4.484      0.082
    84.500      4.481      0.082
    85.000      4.478      0.082
    85.500      4.475      0.083
    86.000      4.473      0.084
    86.500      4.471      0.085
    87.000      4.469      0.085
    87.500      4.466      0.084
    88.000      4.463      0.085
    88.500      4.460      0.086
    89.000      4.458      0.087
    89.500      4.456      0.088
    90.000      4.454      0.089
    90.500      4.452      0.089
    91.000      4.448      0.089
    91.500      4.445      0.091
    92.000      4.443      0.092
    92.500      4.441      0.092
    93.000      4.440      0.093
    93.500      4.438      0.094
    94.000      4.435      0.095
    94.500      4.431      0.096
    95.000      4.429      0.097
    95.500      4.427      0.097
    96.000      4.426      0.098
    96.500      4.425      0.099
    97.000      4.423      0.100
    97.500      4.419      0.102
    98.000      4.416      0.102
    98.500      4.414      0.103
    99.000      4.413      0.103
    99.500      4.412      0.103
   100.000      4.410      0.105
   100.500      4.408      0.107
   101.000      4.405      0.107
   101.500      4.402      0.108
   102.000      4.401      0.108
   102.500      4.400      0.108
   103.000      4.399      0.109
   103.500      4.397      0.112
   104.000      4.394      0.113
   104.500      4.392      0.112
   105.000      4.390      0.112
   105.500      4.389      0.112
   106.000      4.388      0.113
   106.500      4.386      0.115
   107.000      4.384      0.117
   107.500      4.382      0.117
   108.000      4.380      0.117
   108.500      4.379      0.117
   109.000      4.378      0.117
   109.500      4.376      0.118
   110.000      4.374      0.120
   110.500      4.373      0.121
   111.000      4.371      0.121
   111.500      4.370      0.121
   112.000      4.368      0.121
   112.500      4.367      0.122
   113.000      4.366      0.123
   113.500      4.364      0.124
   114.000      4.363      0.125
   114.500      4.362      0.125
   115.000      4.360      0.125
   115.500      4.359      0.126
   116.000      4.358      0.127
   116.500      4.356      0.128
   117.000      4.355      0.128
   117.500      4.354      0.129
   118.000      4.353      0.129
   118.500      4.351      0.130
   119.000      4.350      0.130
   119.500      4.349      0.131
   120.000      4.347      0.132
   120.500      4.347      0.132
   121.000      4.347      0.133
   121.500      4.345      0.134
   122.000      4.343      0.134
   122.500      4.342      0.135
   123.000      4.341      0.135
   123.500      4.340      0.136
   124.000      4.341      0.137
   124.500      4.340      0.137
   125.000      4.338      0.139
   125.500      4.336      0.139
   126.000      4.335      0.140
   126.500      4.334      0.140
   127.000      4.335      0.141
   127.500      4.335      0.141
   128.000      4.334      0.142
   128.500      4.331      0.143
   129.000      4.330      0.144
   129.500      4.329      0.145
   130.000      4.329      0.145
   130.500      4.330      0.146
   131.000      4.330      0.146
   131.500      4.328      0.148
   132.000      4.325      0.148
   132.500      4.324      0.150
   133.000      4.324      0.150
   133.500      4.325      0.151
   134.000      4.325      0.151
   134.500      4.325      0.152
   135.000      4.322      0.153
   135.500      4.320      0.154
   136.000      4.320      0.155
   136.500      4.321      0.155
   137.000      4.322      0.156
   137.500      4.322      0.156
   138.000      4.320      0.157
   138.500      4.318      0.159
   139.000      4.317      0.159
   139.500      4.317      0.160
   140.000      4.318      0.161
   140.500      4.319      0.161
   141.000      4.318      0.161
   141.500      4.316      0.163
   142.000      4.315      0.164
   142.500      4.315      0.164
   143.000      4.316      0.165
   143.500      4.316      0.166
   144.000      4.316      0.166
   144.500      4.315      0.167
   145.000      4.314      0.168
   145.500      4.312      0.169
   146.000      4.313      0.170
   146.500      4.314      0.170
   147.000      4.315      0.170
   147.500      4.314      0.171
   148.000      4.313      0.172
   148.500      4.312      0.172
   149.000      4.312      0.173
   149.500      4.313      0.174
   150.000      4.314      0.174
   150.500      4.313      0.175
   151.000      4.312      0.176
   151.500      4.311      0.176
   152.000      4.311      0.176
   152.500      4.312      0.177
   153.000      4.313      0.178
   153.500      4.313      0.178
   154.000      4.312      0.180
   154.500      4.312      0.180
   155.000      4.311      0.180
   155.500      4.311      0.180
   156.000      4.312      0.181
   156.500      4.313      0.181
   157.000      4.313      0.183
   157.500      4.313      0.183
   158.000      4.311      0.182
   158.500      4.311      0.182
   159.000      4.312      0.183
   159.500      4.314      0.183
   160.000      4.314      0.184
   160.500      4.313      0.186
   161.000      4.313      0.185
   161.500      4.312      0.185
   162.000      4.312      0.185
   162.500      4.314      0.185
   163.000      4.315      0.186
   163.500      4.315      0.187
   164.000      4.315      0.187
   164.500      4.313      0.187
   165.000      4.313      0.187
   165.500      4.314      0.187
   166.000      4.317      0.187
   166.500      4.317      0.188
   167.000      4.317      0.189
   167.500      4.317      0.189
   168.000      4.315      0.189
   168.500      4.316      0.189
   169.000      4.318      0.189
   169.500      4.319      0.189
   170.000      4.320      0.190
   170.500      4.319      0.192
   171.000      4.317      0.191
   171.500      4.317      0.191
   172.000      4.319      0.191
   172.500      4.321      0.192
   173.000      4.322      0.192
   173.500      4.323      0.194
   174.000      4.323      0.194
   174.500      4.320      0.195
   175.000      4.321      0.194
   175.500      4.324      0.196
   176.000      4.324      0.196
   176.500      4.326      0.196
   177.000      4.325      0.199
   177.500      4.323      0.201
   178.000      4.323      0.200
   178.500      4.327      0.202
   179.000      4.327      0.202
   179.500      4.329      0.201
   180.000      4.330      0.203
   180.500      4.330      0.207
   181.000      4.326      0.209
   181.500      4.330      0.211
   182.000      4.331      0.211
   182.500      4.331      0.211
   183.000      4.334      0.210
   183.500      4.334      0.215
   184.000      4.330      0.222
   184.500      4.333      0.224
   185.000      4.335      0.224
   185.500      4.335      0.224
   186.000      4.335      0.224
   186.500      4.339      0.224
   187.000      4.340      0.234
   187.500      4.335      0.240
   188.000      4.339      0.242
   188.500      4.339      0.242
   189.000      4.339      0.242
   189.500      4.339      0.242
   190.000      4.344      0.245
   190.500      4.338      0.264
   191.000      4.344      0.267
   191.500      4.344      0.267
   192.000      4.344      0.267
   192.500      4.344      0.267
   193.000      4.344      0.267
   193.500      4.350      0.284
   194.000      4.349      0.298
   194.500      4.349      0.298
   195.000      4.349      0.298
   195.500      4.349      0.298
   196.000      4.349      0.298
   196.500      4.349      0.298
   197.000      4.355      0.335
   197.500      4.355      0.335
   198.000      4.355      0.335
   198.500      4.355      0.335
   199.000      4.355      0.335
   199.500      4.355      0.335
