     0.000      1.539      0.573
     0.500      3.103      0.188
     1.000      3.123      0.184
     1.500      3.189      0.142
     2.000      3.218      0.127
     2.500      3.267      0.098
     3.000      3.300      0.084
     3.500      3.334      0.067
     4.000      3.366      0.059
     4.500      3.393      0.048
     5.000      3.420      0.047
     5.500      3.443      0.042
     6.000      3.465      0.045
     6.500      3.485      0.043
     7.000      3.502      0.047
     7.500      3.519      0.046
     8.000      3.532      0.048
     8.500      3.546      0.047
     9.000      3.556      0.047
     9.500      3.567      0.047
    10.000      3.576      0.046
    10.500      3.584      0.045
    11.000      3.591      0.044
    11.500      3.598      0.043
    12.000      3.604      0.042
    12.500      3.609      0.041
    13.000      3.615      0.041
    13.500      3.619      0.041
    14.000      3.624      0.041
    14.500      3.628      0.041
    15.000      3.633      0.041
    15.500      3.637      0.041
    16.000      3.642      0.041
    16.500      3.646      0.041
    17.000      3.650      0.041
    17.500      3.655      0.040
    18.000      3.659      0.040
    18.500      3.664      0.040
    19.000      3.669      0.039
    19.500      3.673      0.039
    20.000      3.679      0.038
    20.500      3.684      0.038
    21.000      3.690      0.038
    21.500      3.696      0.038
    22.000      3.702      0.037
    22.500      3.709      0.037
    23.000      3.715      0.038
    23.500      3.723      0.038
    24.000      3.730      0.038
    24.500      3.738      0.038
    25.000      3.746      0.039
    25.500      3.756      0.039
    26.000      3.765      0.039
    26.500      3.775      0.040
    27.000      3.785      0.040
    27.500      3.795      0.041
    28.000      3.807      0.041
    28.500      3.819      0.042
    29.000      3.831      0.042
    29.500      3.845      0.043
    30.000      3.858      0.043
    30.500      3.873      0.044
    31.000      3.888      0.044
    31.500      3.904      0.045
    32.000      3.920      0.046
    32.500      3.937      0.047
    33.000      3.955      0.048
    33.500      3.973      0.051
    34.000      3.993      0.053
    34.500      4.011      0.057
    35.000      4.031      0.061
    35.500      4.050      0.065
    36.000      4.071      0.071
    36.500      4.093      0.075
    37.000      4.120      0.080
    37.500      4.144      0.085
    38.000      4.168      0.093
    38.500      4.191      0.101
    39.000      4.208      0.104
    39.500      4.471      0.208
    40.000      4.477      0.204
    40.500      4.480      0.198
    41.000      4.487      0.193
    41.500      4.490      0.188
    42.000      4.498      0.182
    42.500      4.506      0.174
    43.000      4.509      0.163
    43.500      4.510      0.154
    44.000      4.513      0.147
    44.500      4.514      0.139
    45.000      4.517      0.132
    45.500      4.521      0.126
    46.000      4.526      0.121
    46.500      4.531      0.119
    47.000      4.533      0.117
    47.500      4.531      0.113
    48.000      4.529      0.110
    48.500      4.527      0.105
    49.000      4.525      0.100
    49.500      4.524      0.096
    50.000      4.522      0.093
    50.500      4.520      0.091
    51.000      4.518      0.091
    51.500      4.515      0.090
    52.000      4.513      0.088
    52.500      4.512      0.088
    53.000      4.510      0.088
    53.500      4.508      0.089
    54.000      4.506      0.090
    54.500      4.504      0.091
    55.000      4.501      0.092
    55.500      4.499      0.093
    56.000      4.497      0.094
    56.500      4.495      0.095
    57.000      4.493      0.097
    57.500      4.491      0.099
    58.000      4.489      0.100
    58.500      4.486      0.102
    59.000      4.484      0.103
    59.500      4.482      0.104
    60.000      4.480      0.105
    60.500      4.478      0.107
    61.000      4.476      0.108
    61.500      4.473      0.109
    62.000      4.471      0.110
    62.500      4.469      0.111
    63.000      4.467      0.111
    63.500      4.465      0.111
    64.000      4.463      0.112
    64.500      4.460      0.113
    65.000      4.458      0.113
    65.500      4.456      0.113
    66.000      4.454      0.112
    66.500      4.451      0.112
    67.000      4.449      0.112
    67.500      4.447      0.112
    68.000      4.445      0.112
    68.500      4.443      0.111
    69.000      4.440      0.110
    69.500      4.438      0.109
    70.000      4.436      0.109
    70.500      4.434      0.108
    71.000      4.432      0.107
    71.500      4.430      0.106
    72.000      4.427      0.104
    72.500      4.425      0.103
    73.000      4.422      0.102
    73.500      4.421      0.101
    74.000      4.419      0.100
    74.500      4.417      0.098
    75.000      4.414      0.096
    75.500      4.411      0.095
    76.000      4.409      0.093
    76.500      4.407      0.092
    77.000      4.406      0.091
    77.500      4.404      0.089
    78.000      4.402      0.087
    78.500      4.399      0.085
    79.000      4.396      0.084
    79.500      4.394      0.083
    80.000      4.393      0.082
    80.500      4.392      0.081
    81.000      4.389      0.079
    81.500      4.387      0.078
    82.000      4.384      0.076
    82.500      4.382      0.076
    83.000      4.380      0.076
    83.500      4.379      0.075
    84.000      4.378      0.074
    84.500      4.375      0.074
    85.000      4.372      0.073
    85.500      4.370      0.073
    86.000      4.368      0.073
    86.500      4.367      0.074
    87.000      4.366      0.074
    87.500      4.364      0.074
    88.000      4.361      0.075
    88.500      4.358      0.075
    89.000      4.356      0.076
    89.500      4.355      0.077
    90.000      4.354      0.078
    90.500      4.353      0.080
    91.000      4.350      0.082
    91.500      4.348      0.083
    92.000      4.345      0.084
    92.500      4.344      0.086
    93.000      4.343      0.087
    93.500      4.343      0.089
    94.000      4.340      0.092
    94.500      4.338      0.094
    95.000      4.336      0.095
    95.500      4.334      0.097
    96.000      4.333      0.099
    96.500      4.332      0.100
    97.000      4.331      0.103
    97.500      4.329      0.106
    98.000      4.326      0.108
    98.500      4.325      0.110
    99.000      4.324      0.111
    99.500      4.323      0.113
   100.000      4.322      0.115
   100.500      4.320      0.119
   101.000      4.318      0.122
   101.500      4.316      0.123
   102.000      4.315      0.124
   102.500      4.314      0.126
   103.000      4.313      0.128
   103.500      4.312      0.132
   104.000      4.310      0.135
   104.500      4.308      0.137
   105.000      4.307      0.138
   105.500      4.306      0.139
   106.000      4.305      0.141
   106.500      4.304      0.144
   107.000      4.302      0.148
   107.500      4.300      0.150
   108.000      4.299      0.151
   108.500      4.298      0.152
   109.000      4.298      0.154
   109.500      4.297      0.156
   110.000      4.295      0.160
   110.500      4.293      0.163
   111.000      4.292      0.164
   111.500      4.291      0.165
   112.000      4.290      0.166
   112.500      4.290      0.169
   113.000      4.289      0.171
   113.500      4.287      0.175
   114.000      4.286      0.177
   114.500      4.285      0.178
   115.000      4.284      0.179
   115.500      4.283      0.180
   116.000      4.283      0.183
   116.500      4.281      0.186
   117.000      4.280      0.189
   117.500      4.279      0.190
   118.000      4.278      0.191
   118.500      4.278      0.192
   119.000      4.277      0.194
   119.500      4.276      0.197
   120.000      4.274      0.200
   120.500      4.273      0.202
   121.000      4.273      0.203
   121.500      4.272      0.203
   122.000      4.272      0.205
   122.500      4.271      0.207
   123.000      4.269      0.211
   123.500      4.268      0.213
   124.000      4.268      0.214
   124.500      4.267      0.214
   125.000      4.267      0.215
   125.500      4.266      0.218
   126.000      4.265      0.220
   126.500      4.264      0.223
   127.000      4.263      0.224
   127.500      4.263      0.225
   128.000      4.262      0.225
   128.500      4.262      0.227
   129.000      4.261      0.229
   129.500      4.260      0.232
   130.000      4.259      0.234
   130.500      4.259      0.235
   131.000      4.259      0.235
   131.500      4.258      0.236
   132.000      4.257      0.238
   132.500      4.256      0.240
   133.000      4.256      0.242
   133.500      4.255      0.243
   134.000      4.255      0.244
   134.500      4.255      0.245
   135.000      4.254      0.246
   135.500      4.253      0.248
   136.000      4.252      0.250
   136.500      4.252      0.251
   137.000      4.252      0.252
   137.500      4.252      0.252
   138.000      4.251      0.253
   138.500      4.250      0.254
   139.000      4.250      0.257
   139.500      4.250      0.258
   140.000      4.249      0.259
   140.500      4.249      0.259
   141.000      4.248      0.260
   141.500      4.248      0.261
   142.000      4.247      0.262
   142.500      4.247      0.264
   143.000      4.247      0.265
   143.500      4.247      0.265
   144.000      4.246      0.265
   144.500      4.246      0.266
   145.000      4.245      0.266
   145.500      4.245      0.268
   146.000      4.245      0.269
   146.500      4.245      0.270
   147.000      4.245      0.270
   147.500      4.244      0.270
   148.000      4.243      0.270
   148.500      4.244      0.271
   149.000      4.244      0.272
   149.500      4.243      0.273
   150.000      4.243      0.273
   150.500      4.243      0.273
   151.000      4.242      0.273
   151.500      4.242      0.273
   152.000      4.242      0.274
   152.500      4.242      0.275
   153.000      4.242      0.276
   153.500      4.242      0.275
   154.000      4.241      0.275
   154.500      4.241      0.274
   155.000      4.242      0.275
   155.500      4.241      0.276
   156.000      4.241      0.276
   156.500      4.241      0.276
   157.000      4.241      0.275
   157.500      4.241      0.275
   158.000      4.241      0.274
   158.500      4.241      0.274
   159.000      4.240      0.275
   159.500      4.241      0.275
   160.000      4.241      0.274
   160.500      4.240      0.274
   161.000      4.240      0.273
   161.500      4.241      0.272
   162.000      4.240      0.273
   162.500      4.240      0.273
   163.000      4.241      0.271
   163.500      4.240      0.271
   164.000      4.240      0.271
   164.500      4.240      0.269
   165.000      4.240      0.269
   165.500      4.240      0.269
   166.000      4.241      0.268
   166.500      4.241      0.267
   167.000      4.240      0.267
   167.500      4.240      0.266
   168.000      4.241      0.264
   168.500      4.240      0.264
   169.000      4.241      0.263
   169.500      4.241      0.262
   170.000      4.241      0.262
   170.500      4.241      0.262
   171.000      4.241      0.259
   171.500      4.241      0.258
   172.000      4.241      0.257
   172.500      4.242      0.256
   173.000      4.242      0.256
   173.500      4.242      0.256
   174.000      4.242      0.255
   174.500      4.242      0.251
   175.000      4.241      0.251
   175.500      4.243      0.250
   176.000      4.243      0.250
   176.500      4.243      0.251
   177.000      4.243      0.250
   177.500      4.243      0.246
   178.000      4.242      0.244
   178.500      4.244      0.245
   179.000      4.245      0.245
   179.500      4.245      0.245
   180.000      4.245      0.245
   180.500      4.244      0.245
   181.000      4.243      0.240
   181.500      4.246      0.241
   182.000      4.246      0.242
   182.500      4.246      0.242
   183.000      4.246      0.242
   183.500      4.246      0.242
   184.000      4.246      0.238
   184.500      4.247      0.240
   185.000      4.247      0.242
   185.500      4.247      0.242
   186.000      4.248      0.242
   186.500      4.248      0.242
   187.000      4.247      0.243
   187.500      4.246      0.240
   188.000      4.249      0.247
   188.500      4.249      0.247
   189.000      4.249      0.247
   189.500      4.250      0.247
   190.000      4.250      0.248
   190.500      4.247      0.247
   191.000      4.251      0.258
   191.500      4.251      0.258
   192.000      4.251      0.258
   192.500      4.251      0.258
   193.000      4.251      0.259
   193.500      4.251      0.262
   194.000      4.253      0.278
   194.500      4.253      0.278
   195.000      4.253      0.278
   195.500      4.253      0.278
   196.000      4.253      0.278
   196.500      4.254      0.278
   197.000      4.255      0.306
   197.500      4.255      0.306
   198.000      4.255      0.306
   198.500      4.255      0.306
   199.000      4.255      0.306
   199.500      4.255      0.306
