     0.000      1.432      0.353
     0.500      3.118      0.175
     1.000      3.169      0.164
     1.500      3.223      0.138
     2.000      3.262      0.120
     2.500      3.307      0.102
     3.000      3.340      0.087
     3.500      3.379      0.073
     4.000      3.404      0.067
     4.500      3.437      0.056
     5.000      3.460      0.051
     5.500      3.486      0.048
     6.000      3.506      0.043
     6.500      3.526      0.044
     7.000      3.544      0.042
     7.500      3.558      0.042
     8.000      3.573      0.042
     8.500      3.585      0.042
     9.000      3.597      0.043
     9.500      3.606      0.042
    10.000      3.616      0.043
    10.500      3.624      0.042
    11.000      3.631      0.043
    11.500      3.639      0.043
    12.000      3.645      0.043
    12.500      3.651      0.043
    13.000      3.657      0.043
    13.500      3.662      0.043
    14.000      3.667      0.043
    14.500      3.672      0.043
    15.000      3.677      0.043
    15.500      3.681      0.043
    16.000      3.686      0.043
    16.500      3.691      0.042
    17.000      3.695      0.043
    17.500      3.700      0.042
    18.000      3.704      0.042
    18.500      3.709      0.042
    19.000      3.713      0.041
    19.500      3.718      0.041
    20.000      3.722      0.041
    20.500      3.727      0.041
    21.000      3.732      0.041
    21.500      3.737      0.042
    22.000      3.743      0.042
    22.500      3.748      0.042
    23.000      3.754      0.043
    23.500      3.760      0.044
    24.000      3.766      0.045
    24.500      3.773      0.046
    25.000      3.780      0.047
    25.500      3.788      0.048
    26.000      3.795      0.049
    26.500      3.803      0.051
    27.000      3.812      0.053
    27.500      3.821      0.055
    28.000      3.830      0.056
    28.500      3.841      0.058
    29.000      3.852      0.060
    29.500      3.864      0.060
    30.000      3.878      0.061
    30.500      3.891      0.062
    31.000      3.904      0.065
    31.500      3.917      0.068
    32.000      3.932      0.071
    32.500      3.948      0.075
    33.000      3.966      0.078
    33.500      3.984      0.083
    34.000      4.005      0.087
    34.500      4.023      0.091
    35.000      4.042      0.099
    35.500      4.060      0.105
    36.000      4.388      0.154
    36.500      4.409      0.160
    37.000      4.431      0.163
    37.500      4.443      0.159
    38.000      4.452      0.154
    38.500      4.462      0.150
    39.000      4.471      0.149
    39.500      4.481      0.150
    40.000      4.489      0.150
    40.500      4.495      0.149
    41.000      4.502      0.149
    41.500      4.509      0.148
    42.000      4.513      0.145
    42.500      4.515      0.140
    43.000      4.515      0.135
    43.500      4.516      0.130
    44.000      4.517      0.126
    44.500      4.517      0.122
    45.000      4.518      0.119
    45.500      4.519      0.116
    46.000      4.520      0.113
    46.500      4.520      0.110
    47.000      4.520      0.108
    47.500      4.521      0.107
    48.000      4.522      0.105
    48.500      4.522      0.104
    49.000      4.522      0.101
    49.500      4.521      0.099
    50.000      4.519      0.096
    50.500      4.518      0.093
    51.000      4.517      0.090
    51.500      4.516      0.089
    52.000      4.515      0.087
    52.500      4.515      0.085
    53.000      4.513      0.084
    53.500      4.511      0.081
    54.000      4.510      0.079
    54.500      4.509      0.078
    55.000      4.507      0.078
    55.500      4.507      0.077
    56.000      4.506      0.076
    56.500      4.504      0.074
    57.000      4.501      0.073
    57.500      4.500      0.072
    58.000      4.499      0.072
    58.500      4.498      0.071
    59.000      4.497      0.071
    59.500      4.495      0.070
    60.000      4.492      0.069
    60.500      4.490      0.069
    61.000      4.489      0.068
    61.500      4.487      0.068
    62.000      4.486      0.068
    62.500      4.485      0.068
    63.000      4.482      0.068
    63.500      4.480      0.067
    64.000      4.478      0.067
    64.500      4.476      0.067
    65.000      4.475      0.067
    65.500      4.474      0.067
    66.000      4.471      0.067
    66.500      4.469      0.067
    67.000      4.467      0.067
    67.500      4.465      0.067
    68.000      4.463      0.067
    68.500      4.462      0.067
    69.000      4.460      0.067
    69.500      4.457      0.068
    70.000      4.455      0.068
    70.500      4.453      0.068
    71.000      4.451      0.068
    71.500      4.450      0.068
    72.000      4.448      0.069
    72.500      4.445      0.069
    73.000      4.442      0.070
    73.500      4.440      0.070
    74.000      4.438      0.071
    74.500      4.437      0.071
    75.000      4.435      0.072
    75.500      4.433      0.072
    76.000      4.430      0.073
    76.500      4.428      0.074
    77.000      4.426      0.075
    77.500      4.424      0.075
    78.000      4.422      0.076
    78.500      4.421      0.076
    79.000      4.418      0.077
    79.500      4.415      0.079
    80.000      4.413      0.080
    80.500      4.411      0.081
    81.000      4.410      0.081
    81.500      4.408      0.082
    82.000      4.406      0.083
    82.500      4.403      0.084
    83.000      4.401      0.085
    83.500      4.399      0.086
    84.000      4.397      0.088
    84.500      4.396      0.088
    85.000      4.394      0.089
    85.500      4.392      0.090
    86.000      4.389      0.092
    86.500      4.387      0.093
    87.000      4.385      0.094
    87.500      4.384      0.095
    88.000      4.383      0.095
    88.500      4.381      0.096
    89.000      4.378      0.098
    89.500      4.376      0.099
    90.000      4.374      0.100
    90.500      4.372      0.101
    91.000      4.371      0.102
    91.500      4.370      0.102
    92.000      4.368      0.103
    92.500      4.366      0.105
    93.000      4.364      0.105
    93.500      4.362      0.107
    94.000      4.361      0.107
    94.500      4.360      0.108
    95.000      4.359      0.108
    95.500      4.357      0.110
    96.000      4.355      0.111
    96.500      4.353      0.111
    97.000      4.352      0.112
    97.500      4.351      0.112
    98.000      4.350      0.113
    98.500      4.348      0.114
    99.000      4.346      0.115
    99.500      4.345      0.116
   100.000      4.343      0.116
   100.500      4.342      0.116
   101.000      4.342      0.117
   101.500      4.340      0.117
   102.000      4.339      0.118
   102.500      4.337      0.119
   103.000      4.336      0.119
   103.500      4.335      0.120
   104.000      4.334      0.120
   104.500      4.333      0.120
   105.000      4.332      0.121
   105.500      4.331      0.122
   106.000      4.330      0.122
   106.500      4.329      0.122
   107.000      4.328      0.122
   107.500      4.327      0.123
   108.000      4.326      0.123
   108.500      4.325      0.124
   109.000      4.324      0.125
   109.500      4.323      0.125
   110.000      4.322      0.125
   110.500      4.322      0.125
   111.000      4.321      0.125
   111.500      4.320      0.126
   112.000      4.319      0.127
   112.500      4.318      0.127
   113.000      4.318      0.127
   113.500      4.317      0.127
   114.000      4.316      0.127
   114.500      4.315      0.128
   115.000      4.315      0.129
   115.500      4.314      0.129
   116.000      4.314      0.129
   116.500      4.313      0.129
   117.000      4.313      0.129
   117.500      4.312      0.130
   118.000      4.311      0.131
   118.500      4.311      0.131
   119.000      4.311      0.132
   119.500      4.310      0.132
   120.000      4.310      0.132
   120.500      4.309      0.132
   121.000      4.308      0.133
   121.500      4.308      0.133
   122.000      4.308      0.134
   122.500      4.308      0.134
   123.000      4.308      0.135
   123.500      4.307      0.135
   124.000      4.306      0.136
   124.500      4.306      0.136
   125.000      4.306      0.137
   125.500      4.306      0.138
   126.000      4.306      0.138
   126.500      4.306      0.138
   127.000      4.305      0.139
   127.500      4.305      0.140
   128.000      4.305      0.140
   128.500      4.305      0.141
   129.000      4.305      0.142
   129.500      4.305      0.142
   130.000      4.304      0.143
   130.500      4.304      0.143
   131.000      4.304      0.144
   131.500      4.304      0.146
   132.000      4.304      0.146
   132.500      4.304      0.146
   133.000      4.304      0.147
   133.500      4.304      0.148
   134.000      4.304      0.149
   134.500      4.304      0.150
   135.000      4.304      0.151
   135.500      4.305      0.152
   136.000      4.304      0.152
   136.500      4.304      0.153
   137.000      4.305      0.154
   137.500      4.305      0.154
   138.000      4.306      0.156
   138.500      4.305      0.157
   139.000      4.305      0.158
   139.500      4.305      0.158
   140.000      4.306      0.159
   140.500      4.307      0.160
   141.000      4.307      0.161
   141.500      4.307      0.163
   142.000      4.307      0.164
   142.500      4.307      0.164
   143.000      4.307      0.165
   143.500      4.308      0.166
   144.000      4.309      0.167
   144.500      4.310      0.168
   145.000      4.309      0.170
   145.500      4.309      0.170
   146.000      4.309      0.171
   146.500      4.310      0.172
   147.000      4.311      0.173
   147.500      4.312      0.174
   148.000      4.313      0.175
   148.500      4.312      0.176
   149.000      4.311      0.177
   149.500      4.312      0.178
   150.000      4.313      0.179
   150.500      4.314      0.180
   151.000      4.315      0.181
   151.500      4.316      0.182
   152.000      4.315      0.184
   152.500      4.315      0.185
   153.000      4.315      0.185
   153.500      4.317      0.187
   154.000      4.318      0.187
   154.500      4.320      0.189
   155.000      4.320      0.189
   155.500      4.319      0.191
   156.000      4.319      0.191
   156.500      4.320      0.193
   157.000      4.321      0.194
   157.500      4.323      0.195
   158.000      4.324      0.195
   158.500      4.324      0.196
   159.000      4.323      0.198
   159.500      4.323      0.198
   160.000      4.325      0.200
   160.500      4.326      0.201
   161.000      4.329      0.202
   161.500      4.329      0.202
   162.000      4.328      0.203
   162.500      4.328      0.204
   163.000      4.328      0.205
   163.500      4.331      0.207
   164.000      4.332      0.208
   164.500      4.334      0.209
   165.000      4.333      0.210
   165.500      4.333      0.210
   166.000      4.333      0.211
   166.500      4.334      0.212
   167.000      4.337      0.214
   167.500      4.339      0.215
   168.000      4.339      0.216
   168.500      4.339      0.217
   169.000      4.339      0.217
   169.500      4.339      0.218
   170.000      4.341      0.220
   170.500      4.343      0.221
   171.000      4.345      0.222
   171.500      4.344      0.224
   172.000      4.344      0.224
   172.500      4.345      0.224
   173.000      4.345      0.225
   173.500      4.348      0.228
   174.000      4.351      0.229
   174.500      4.350      0.231
   175.000      4.350      0.232
   175.500      4.350      0.231
   176.000      4.351      0.231
   176.500      4.352      0.233
   177.000      4.356      0.236
   177.500      4.357      0.238
   178.000      4.356      0.240
   178.500      4.356      0.240
   179.000      4.357      0.239
   179.500      4.358      0.239
   180.000      4.361      0.243
   180.500      4.364      0.246
   181.000      4.363      0.250
   181.500      4.363      0.250
   182.000      4.364      0.250
   182.500      4.364      0.249
   183.000      4.365      0.250
   183.500      4.369      0.255
   184.000      4.370      0.259
   184.500      4.369      0.262
   185.000      4.370      0.262
   185.500      4.370      0.262
   186.000      4.371      0.261
   186.500      4.373      0.261
   187.000      4.379      0.269
   187.500      4.376      0.276
   188.000      4.377      0.276
   188.500      4.377      0.276
   189.000      4.377      0.276
   189.500      4.378      0.276
   190.000      4.384      0.279
   190.500      4.383      0.291
   191.000      4.384      0.293
   191.500      4.384      0.293
   192.000      4.384      0.293
   192.500      4.384      0.293
   193.000      4.385      0.293
   193.500      4.394      0.303
   194.000      4.392      0.314
   194.500      4.392      0.314
   195.000      4.392      0.314
   195.500      4.392      0.314
   196.000      4.392      0.314
   196.500      4.393      0.314
   197.000      4.399      0.339
   197.500      4.399      0.339
   198.000      4.399      0.339
   198.500      4.399      0.339
   199.000      4.399      0.339
   199.500      4.399      0.339
