     0.000      1.331      0.514
     0.500      3.095      0.199
     1.000      3.120      0.198
     1.500      3.174      0.162
     2.000      3.211      0.147
     2.500      3.249      0.120
     3.000      3.285      0.107
     3.500      3.314      0.089
     4.000      3.349      0.076
     4.500      3.373      0.066
     5.000      3.402      0.059
     5.500      3.424      0.052
     6.000      3.446      0.049
     6.500      3.466      0.047
     7.000      3.483      0.047
     7.500      3.500      0.046
     8.000      3.515      0.048
     8.500      3.527      0.047
     9.000      3.540      0.048
     9.500      3.550      0.049
    10.000      3.561      0.049
    10.500      3.569      0.050
    11.000      3.577      0.050
    11.500      3.585      0.050
    12.000      3.591      0.050
    12.500      3.598      0.050
    13.000      3.603      0.051
    13.500      3.609      0.051
    14.000      3.614      0.051
    14.500      3.619      0.051
    15.000      3.624      0.050
    15.500      3.628      0.050
    16.000      3.634      0.050
    16.500      3.638      0.049
    17.000      3.643      0.048
    17.500      3.649      0.047
    18.000      3.654      0.046
    18.500      3.659      0.045
    19.000      3.665      0.044
    19.500      3.670      0.043
    20.000      3.677      0.042
    20.500      3.683      0.040
    21.000      3.689      0.040
    21.500      3.696      0.038
    22.000      3.702      0.038
    22.500      3.710      0.037
    23.000      3.716      0.037
    23.500      3.725      0.037
    24.000      3.732      0.036
    24.500      3.741      0.037
    25.000      3.749      0.038
    25.500      3.758      0.038
    26.000      3.767      0.039
    26.500      3.776      0.040
    27.000      3.787      0.041
    27.500      3.797      0.042
    28.000      3.808      0.043
    28.500      3.820      0.045
    29.000      3.831      0.045
    29.500      3.844      0.047
    30.000      3.857      0.046
    30.500      3.869      0.047
    31.000      3.883      0.048
    31.500      3.896      0.049
    32.000      3.910      0.050
    32.500      3.923      0.052
    33.000      3.938      0.054
    33.500      3.952      0.056
    34.000      3.967      0.059
    34.500      3.983      0.062
    35.000      3.998      0.066
    35.500      4.015      0.070
    36.000      4.032      0.075
    36.500      4.049      0.078
    37.000      4.067      0.080
    37.500      4.084      0.081
    38.000      4.101      0.080
    38.500      4.113      0.074
    39.000      4.124      0.070
    39.500      4.138      0.069
    40.000      4.152      0.073
    40.500      4.167      0.078
    41.000      4.180      0.082
    41.500      4.192      0.085
    42.000      4.335      0.149
    42.500      4.352      0.150
    43.000      4.369      0.153
    43.500      4.388      0.157
    44.000      4.407      0.162
    44.500      4.426      0.166
    45.000      4.441      0.167
    45.500      4.457      0.168
    46.000      4.474      0.170
    46.500      4.489      0.171
    47.000      4.506      0.174
    47.500      4.520      0.176
    48.000      4.535      0.179
    48.500      4.548      0.181
    49.000      4.560      0.182
    49.500      4.561      0.179
    50.000      4.557      0.173
    50.500      4.552      0.166
    51.000      4.546      0.159
    51.500      4.541      0.152
    52.000      4.533      0.141
    52.500      4.528      0.135
    53.000      4.524      0.131
    53.500      4.519      0.127
    54.000      4.515      0.122
    54.500      4.510      0.117
    55.000      4.502      0.110
    55.500      4.498      0.106
    56.000      4.494      0.104
    56.500      4.490      0.102
    57.000      4.486      0.100
    57.500      4.481      0.097
    58.000      4.475      0.094
    58.500      4.471      0.092
    59.000      4.468      0.092
    59.500      4.464      0.091
    60.000      4.460      0.091
    60.500      4.456      0.090
    61.000      4.451      0.089
    61.500      4.447      0.089
    62.000      4.444      0.089
    62.500      4.441      0.089
    63.000      4.437      0.089
    63.500      4.433      0.089
    64.000      4.429      0.089
    64.500      4.425      0.090
    65.000      4.423      0.090
    65.500      4.420      0.090
    66.000      4.416      0.090
    66.500      4.413      0.090
    67.000      4.409      0.090
    67.500      4.406      0.091
    68.000      4.404      0.091
    68.500      4.401      0.091
    69.000      4.398      0.091
    69.500      4.395      0.090
    70.000      4.392      0.090
    70.500      4.389      0.091
    71.000      4.388      0.091
    71.500      4.385      0.091
    72.000      4.382      0.090
    72.500      4.379      0.090
    73.000      4.377      0.090
    73.500      4.375      0.090
    74.000      4.373      0.090
    74.500      4.370      0.090
    75.000      4.368      0.089
    75.500      4.366      0.089
    76.000      4.363      0.089
    76.500      4.362      0.088
    77.000      4.360      0.088
    77.500      4.358      0.089
    78.000      4.355      0.089
    78.500      4.353      0.089
    79.000      4.352      0.089
    79.500      4.350      0.088
    80.000      4.349      0.088
    80.500      4.347      0.089
    81.000      4.344      0.090
    81.500      4.342      0.090
    82.000      4.341      0.091
    82.500      4.340      0.091
    83.000      4.339      0.091
    83.500      4.337      0.092
    84.000      4.335      0.093
    84.500      4.333      0.094
    85.000      4.332      0.095
    85.500      4.331      0.096
    86.000      4.330      0.096
    86.500      4.329      0.097
    87.000      4.327      0.099
    87.500      4.324      0.101
    88.000      4.323      0.103
    88.500      4.323      0.104
    89.000      4.322      0.105
    89.500      4.321      0.106
    90.000      4.319      0.107
    90.500      4.317      0.110
    91.000      4.316      0.112
    91.500      4.315      0.113
    92.000      4.315      0.114
    92.500      4.314      0.116
    93.000      4.313      0.117
    93.500      4.310      0.119
    94.000      4.309      0.122
    94.500      4.308      0.123
    95.000      4.308      0.124
    95.500      4.307      0.126
    96.000      4.306      0.127
    96.500      4.304      0.129
    97.000      4.302      0.131
    97.500      4.301      0.133
    98.000      4.301      0.133
    98.500      4.300      0.135
    99.000      4.299      0.136
    99.500      4.297      0.137
   100.000      4.296      0.139
   100.500      4.294      0.141
   101.000      4.294      0.142
   101.500      4.293      0.142
   102.000      4.291      0.143
   102.500      4.290      0.144
   103.000      4.289      0.145
   103.500      4.287      0.147
   104.000      4.286      0.148
   104.500      4.285      0.148
   105.000      4.284      0.148
   105.500      4.282      0.149
   106.000      4.281      0.150
   106.500      4.279      0.151
   107.000      4.278      0.152
   107.500      4.278      0.152
   108.000      4.276      0.152
   108.500      4.275      0.152
   109.000      4.273      0.153
   109.500      4.272      0.153
   110.000      4.270      0.154
   110.500      4.270      0.155
   111.000      4.268      0.154
   111.500      4.267      0.154
   112.000      4.265      0.154
   112.500      4.263      0.154
   113.000      4.262      0.155
   113.500      4.261      0.155
   114.000      4.260      0.155
   114.500      4.259      0.155
   115.000      4.256      0.154
   115.500      4.255      0.154
   116.000      4.253      0.154
   116.500      4.252      0.154
   117.000      4.251      0.154
   117.500      4.250      0.154
   118.000      4.249      0.153
   118.500      4.246      0.152
   119.000      4.245      0.152
   119.500      4.243      0.152
   120.000      4.243      0.152
   120.500      4.242      0.152
   121.000      4.240      0.151
   121.500      4.239      0.151
   122.000      4.237      0.150
   122.500      4.235      0.149
   123.000      4.234      0.149
   123.500      4.233      0.149
   124.000      4.232      0.149
   124.500      4.230      0.148
   125.000      4.229      0.148
   125.500      4.227      0.147
   126.000      4.225      0.146
   126.500      4.224      0.146
   127.000      4.223      0.146
   127.500      4.222      0.145
   128.000      4.221      0.145
   128.500      4.219      0.145
   129.000      4.217      0.144
   129.500      4.215      0.143
   130.000      4.214      0.143
   130.500      4.213      0.143
   131.000      4.213      0.143
   131.500      4.211      0.143
   132.000      4.209      0.142
   132.500      4.207      0.141
   133.000      4.206      0.141
   133.500      4.205      0.141
   134.000      4.204      0.142
   134.500      4.204      0.142
   135.000      4.202      0.141
   135.500      4.199      0.141
   136.000      4.198      0.141
   136.500      4.196      0.141
   137.000      4.196      0.142
   137.500      4.196      0.142
   138.000      4.195      0.142
   138.500      4.192      0.142
   139.000      4.190      0.142
   139.500      4.189      0.143
   140.000      4.188      0.143
   140.500      4.188      0.144
   141.000      4.187      0.144
   141.500      4.186      0.144
   142.000      4.183      0.145
   142.500      4.181      0.147
   143.000      4.180      0.147
   143.500      4.180      0.147
   144.000      4.180      0.148
   144.500      4.179      0.148
   145.000      4.177      0.149
   145.500      4.175      0.152
   146.000      4.174      0.153
   146.500      4.173      0.153
   147.000      4.173      0.153
   147.500      4.172      0.154
   148.000      4.171      0.156
   148.500      4.170      0.158
   149.000      4.168      0.160
   149.500      4.167      0.160
   150.000      4.167      0.161
   150.500      4.166      0.161
   151.000      4.165      0.163
   151.500      4.164      0.166
   152.000      4.163      0.168
   152.500      4.162      0.169
   153.000      4.162      0.170
   153.500      4.161      0.171
   154.000      4.159      0.172
   154.500      4.159      0.176
   155.000      4.158      0.178
   155.500      4.158      0.179
   156.000      4.157      0.180
   156.500      4.156      0.181
   157.000      4.155      0.182
   157.500      4.154      0.186
   158.000      4.153      0.189
   158.500      4.154      0.189
   159.000      4.153      0.190
   159.500      4.153      0.193
   160.000      4.151      0.194
   160.500      4.150      0.197
   161.000      4.149      0.200
   161.500      4.150      0.202
   162.000      4.150      0.202
   162.500      4.150      0.204
   163.000      4.149      0.207
   163.500      4.147      0.210
   164.000      4.146      0.212
   164.500      4.147      0.214
   165.000      4.147      0.214
   165.500      4.148      0.215
   166.000      4.147      0.219
   166.500      4.146      0.223
   167.000      4.145      0.225
   167.500      4.144      0.226
   168.000      4.145      0.227
   168.500      4.146      0.228
   169.000      4.147      0.230
   169.500      4.145      0.235
   170.000      4.144      0.238
   170.500      4.143      0.238
   171.000      4.144      0.240
   171.500      4.144      0.241
   172.000      4.146      0.244
   172.500      4.146      0.247
   173.000      4.146      0.252
   173.500      4.144      0.251
   174.000      4.143      0.252
   174.500      4.144      0.254
   175.000      4.146      0.257
   175.500      4.147      0.260
   176.000      4.148      0.264
   176.500      4.147      0.265
   177.000      4.144      0.265
   177.500      4.145      0.268
   178.000      4.146      0.269
   178.500      4.148      0.273
   179.000      4.150      0.277
   179.500      4.150      0.278
   180.000      4.148      0.279
   180.500      4.146      0.280
   181.000      4.148      0.283
   181.500      4.151      0.287
   182.000      4.154      0.291
   182.500      4.154      0.291
   183.000      4.153      0.292
   183.500      4.150      0.293
   184.000      4.151      0.297
   184.500      4.155      0.301
   185.000      4.159      0.306
   185.500      4.159      0.306
   186.000      4.159      0.306
   186.500      4.158      0.307
   187.000      4.154      0.309
   187.500      4.158      0.315
   188.000      4.165      0.322
   188.500      4.165      0.322
   189.000      4.165      0.322
   189.500      4.165      0.322
   190.000      4.163      0.323
   190.500      4.163      0.330
   191.000      4.173      0.339
   191.500      4.173      0.339
   192.000      4.173      0.339
   192.500      4.173      0.339
   193.000      4.173      0.339
   193.500      4.168      0.344
   194.000      4.182      0.358
   194.500      4.182      0.358
   195.000      4.182      0.358
   195.500      4.182      0.358
   196.000      4.182      0.358
   196.500      4.182      0.358
   197.000      4.193      0.379
   197.500      4.193      0.379
   198.000      4.193      0.379
   198.500      4.193      0.379
   199.000      4.193      0.379
   199.500      4.193      0.379
