     0.000      1.537      0.540
     0.500      3.142      0.220
     1.000      3.165      0.200
     1.500      3.215      0.162
     2.000      3.250      0.139
     2.500      3.291      0.111
     3.000      3.325      0.089
     3.500      3.355      0.074
     4.000      3.384      0.059
     4.500      3.408      0.053
     5.000      3.431      0.048
     5.500      3.451      0.049
     6.000      3.468      0.050
     6.500      3.484      0.052
     7.000      3.499      0.055
     7.500      3.510      0.057
     8.000      3.522      0.059
     8.500      3.531      0.060
     9.000      3.540      0.061
     9.500      3.548      0.062
    10.000      3.555      0.062
    10.500      3.562      0.063
    11.000      3.569      0.061
    11.500      3.575      0.061
    12.000      3.581      0.060
    12.500      3.587      0.059
    13.000      3.592      0.059
    13.500      3.599      0.057
    14.000      3.604      0.056
    14.500      3.611      0.054
    15.000      3.616      0.053
    15.500      3.623      0.051
    16.000      3.629      0.049
    16.500      3.636      0.048
    17.000      3.643      0.047
    17.500      3.650      0.045
    18.000      3.657      0.044
    18.500      3.665      0.043
    19.000      3.673      0.043
    19.500      3.680      0.042
    20.000      3.689      0.042
    20.500      3.697      0.043
    21.000      3.707      0.044
    21.500      3.716      0.044
    22.000      3.726      0.046
    22.500      3.736      0.047
    23.000      3.747      0.049
    23.500      3.758      0.051
    24.000      3.769      0.053
    24.500      3.781      0.054
    25.000      3.794      0.056
    25.500      3.808      0.057
    26.000      3.823      0.057
    26.500      3.840      0.057
    27.000      3.857      0.056
    27.500      3.873      0.058
    28.000      3.889      0.059
    28.500      3.907      0.062
    29.000      3.925      0.063
    29.500      3.945      0.066
    30.000      3.964      0.068
    30.500      3.983      0.071
    31.000      4.003      0.075
    31.500      4.024      0.079
    32.000      4.048      0.081
    32.500      4.071      0.083
    33.000      4.099      0.085
    33.500      4.130      0.087
    34.000      4.162      0.087
    34.500      4.188      0.090
    35.000      4.217      0.094
    35.500      4.534      0.231
    36.000      4.546      0.223
    36.500      4.553      0.211
    37.000      4.558      0.194
    37.500      4.565      0.185
    38.000      4.573      0.177
    38.500      4.580      0.169
    39.000      4.584      0.165
    39.500      4.585      0.159
    40.000      4.587      0.150
    40.500      4.591      0.139
    41.000      4.593      0.133
    41.500      4.597      0.127
    42.000      4.602      0.123
    42.500      4.605      0.121
    43.000      4.605      0.118
    43.500      4.610      0.114
    44.000      4.614      0.110
    44.500      4.615      0.107
    45.000      4.615      0.103
    45.500      4.612      0.099
    46.000      4.608      0.096
    46.500      4.604      0.093
    47.000      4.602      0.089
    47.500      4.602      0.086
    48.000      4.600      0.083
    48.500      4.598      0.081
    49.000      4.593      0.078
    49.500      4.590      0.078
    50.000      4.586      0.077
    50.500      4.584      0.077
    51.000      4.583      0.076
    51.500      4.581      0.075
    52.000      4.578      0.075
    52.500      4.574      0.076
    53.000      4.571      0.077
    53.500      4.568      0.078
    54.000      4.567      0.079
    54.500      4.565      0.079
    55.000      4.562      0.080
    55.500      4.560      0.081
    56.000      4.557      0.082
    56.500      4.554      0.084
    57.000      4.552      0.085
    57.500      4.550      0.085
    58.000      4.548      0.086
    58.500      4.546      0.087
    59.000      4.543      0.088
    59.500      4.541      0.089
    60.000      4.539      0.090
    60.500      4.537      0.091
    61.000      4.535      0.091
    61.500      4.532      0.092
    62.000      4.530      0.092
    62.500      4.529      0.093
    63.000      4.527      0.094
    63.500      4.525      0.094
    64.000      4.523      0.094
    64.500      4.520      0.094
    65.000      4.518      0.094
    65.500      4.517      0.094
    66.000      4.516      0.094
    66.500      4.514      0.095
    67.000      4.512      0.095
    67.500      4.510      0.094
    68.000      4.507      0.093
    68.500      4.506      0.093
    69.000      4.505      0.093
    69.500      4.504      0.093
    70.000      4.502      0.093
    70.500      4.500      0.093
    71.000      4.498      0.092
    71.500      4.496      0.091
    72.000      4.494      0.090
    72.500      4.494      0.090
    73.000      4.493      0.090
    73.500      4.491      0.090
    74.000      4.489      0.090
    74.500      4.487      0.089
    75.000      4.486      0.088
    75.500      4.484      0.087
    76.000      4.483      0.087
    76.500      4.482      0.087
    77.000      4.480      0.087
    77.500      4.479      0.087
    78.000      4.478      0.087
    78.500      4.476      0.086
    79.000      4.475      0.086
    79.500      4.474      0.086
    80.000      4.473      0.086
    80.500      4.471      0.087
    81.000      4.470      0.087
    81.500      4.469      0.087
    82.000      4.467      0.086
    82.500      4.466      0.086
    83.000      4.466      0.087
    83.500      4.464      0.088
    84.000      4.463      0.089
    84.500      4.462      0.090
    85.000      4.461      0.090
    85.500      4.459      0.090
    86.000      4.458      0.090
    86.500      4.457      0.091
    87.000      4.456      0.093
    87.500      4.456      0.094
    88.000      4.454      0.095
    88.500      4.453      0.095
    89.000      4.451      0.096
    89.500      4.451      0.096
    90.000      4.450      0.098
    90.500      4.449      0.100
    91.000      4.448      0.101
    91.500      4.447      0.102
    92.000      4.445      0.102
    92.500      4.444      0.103
    93.000      4.444      0.104
    93.500      4.442      0.107
    94.000      4.442      0.108
    94.500      4.441      0.109
    95.000      4.439      0.109
    95.500      4.438      0.110
    96.000      4.437      0.111
    96.500      4.436      0.113
    97.000      4.435      0.114
    97.500      4.434      0.116
    98.000      4.433      0.117
    98.500      4.432      0.117
    99.000      4.430      0.118
    99.500      4.429      0.119
   100.000      4.428      0.121
   100.500      4.427      0.122
   101.000      4.427      0.123
   101.500      4.425      0.124
   102.000      4.424      0.124
   102.500      4.422      0.125
   103.000      4.421      0.126
   103.500      4.420      0.128
   104.000      4.420      0.129
   104.500      4.419      0.130
   105.000      4.417      0.131
   105.500      4.415      0.131
   106.000      4.414      0.132
   106.500      4.413      0.134
   107.000      4.413      0.135
   107.500      4.412      0.136
   108.000      4.411      0.136
   108.500      4.409      0.137
   109.000      4.407      0.137
   109.500      4.406      0.138
   110.000      4.405      0.140
   110.500      4.405      0.141
   111.000      4.404      0.142
   111.500      4.402      0.142
   112.000      4.400      0.142
   112.500      4.398      0.143
   113.000      4.398      0.144
   113.500      4.398      0.146
   114.000      4.397      0.147
   114.500      4.395      0.147
   115.000      4.393      0.147
   115.500      4.392      0.148
   116.000      4.390      0.148
   116.500      4.390      0.150
   117.000      4.390      0.151
   117.500      4.389      0.151
   118.000      4.387      0.151
   118.500      4.385      0.152
   119.000      4.383      0.153
   119.500      4.382      0.153
   120.000      4.383      0.155
   120.500      4.382      0.155
   121.000      4.380      0.155
   121.500      4.378      0.156
   122.000      4.377      0.156
   122.500      4.375      0.157
   123.000      4.375      0.158
   123.500      4.375      0.159
   124.000      4.374      0.159
   124.500      4.372      0.159
   125.000      4.370      0.159
   125.500      4.369      0.160
   126.000      4.368      0.161
   126.500      4.368      0.161
   127.000      4.368      0.162
   127.500      4.366      0.162
   128.000      4.364      0.163
   128.500      4.363      0.163
   129.000      4.361      0.164
   129.500      4.361      0.164
   130.000      4.361      0.164
   130.500      4.360      0.165
   131.000      4.358      0.165
   131.500      4.357      0.166
   132.000      4.356      0.166
   132.500      4.355      0.167
   133.000      4.354      0.167
   133.500      4.354      0.167
   134.000      4.353      0.168
   134.500      4.351      0.169
   135.000      4.350      0.169
   135.500      4.349      0.169
   136.000      4.348      0.169
   136.500      4.347      0.169
   137.000      4.347      0.169
   137.500      4.345      0.170
   138.000      4.344      0.171
   138.500      4.344      0.171
   139.000      4.343      0.170
   139.500      4.342      0.171
   140.000      4.341      0.171
   140.500      4.340      0.171
   141.000      4.339      0.173
   141.500      4.338      0.173
   142.000      4.338      0.172
   142.500      4.337      0.172
   143.000      4.336      0.172
   143.500      4.335      0.172
   144.000      4.334      0.173
   144.500      4.333      0.175
   145.000      4.334      0.174
   145.500      4.333      0.173
   146.000      4.332      0.173
   146.500      4.330      0.173
   147.000      4.330      0.174
   147.500      4.329      0.175
   148.000      4.329      0.176
   148.500      4.329      0.175
   149.000      4.328      0.173
   149.500      4.327      0.174
   150.000      4.326      0.173
   150.500      4.325      0.175
   151.000      4.325      0.176
   151.500      4.325      0.176
   152.000      4.325      0.174
   152.500      4.324      0.174
   153.000      4.322      0.174
   153.500      4.322      0.174
   154.000      4.322      0.175
   154.500      4.322      0.176
   155.000      4.322      0.175
   155.500      4.322      0.174
   156.000      4.320      0.173
   156.500      4.319      0.174
   157.000      4.319      0.174
   157.500      4.319      0.176
   158.000      4.320      0.176
   158.500      4.319      0.174
   159.000      4.319      0.174
   159.500      4.318      0.174
   160.000      4.317      0.173
   160.500      4.317      0.174
   161.000      4.318      0.175
   161.500      4.318      0.174
   162.000      4.317      0.174
   162.500      4.316      0.174
   163.000      4.316      0.174
   163.500      4.316      0.173
   164.000      4.316      0.174
   164.500      4.318      0.175
   165.000      4.317      0.173
   165.500      4.316      0.174
   166.000      4.315      0.174
   166.500      4.316      0.174
   167.000      4.316      0.174
   167.500      4.317      0.174
   168.000      4.317      0.173
   168.500      4.317      0.173
   169.000      4.316      0.175
   169.500      4.316      0.175
   170.000      4.316      0.175
   170.500      4.317      0.175
   171.000      4.319      0.176
   171.500      4.318      0.174
   172.000      4.317      0.175
   172.500      4.317      0.178
   173.000      4.318      0.178
   173.500      4.318      0.177
   174.000      4.320      0.177
   174.500      4.320      0.177
   175.000      4.320      0.178
   175.500      4.319      0.180
   176.000      4.320      0.182
   176.500      4.322      0.181
   177.000      4.322      0.181
   177.500      4.324      0.183
   178.000      4.323      0.183
   178.500      4.323      0.185
   179.000      4.322      0.186
   179.500      4.323      0.188
   180.000      4.325      0.189
   180.500      4.327      0.189
   181.000      4.328      0.192
   181.500      4.328      0.193
   182.000      4.327      0.195
   182.500      4.327      0.195
   183.000      4.329      0.197
   183.500      4.330      0.200
   184.000      4.332      0.205
   184.500      4.334      0.205
   185.000      4.333      0.208
   185.500      4.333      0.208
   186.000      4.333      0.208
   186.500      4.337      0.212
   187.000      4.339      0.217
   187.500      4.341      0.222
   188.000      4.340      0.225
   188.500      4.340      0.225
   189.000      4.340      0.225
   189.500      4.340      0.225
   190.000      4.343      0.236
   190.500      4.347      0.245
   191.000      4.349      0.247
   191.500      4.349      0.247
   192.000      4.349      0.247
   192.500      4.349      0.247
   193.000      4.349      0.247
   193.500      4.356      0.265
   194.000      4.358      0.275
   194.500      4.358      0.275
   195.000      4.358      0.275
   195.500      4.358      0.275
   196.000      4.358      0.275
   196.500      4.358      0.275
   197.000      4.369      0.308
   197.500      4.369      0.308
   198.000      4.369      0.308
   198.500      4.369      0.308
   199.000      4.369      0.308
   199.500      4.369      0.308
