     0.000      1.287      0.530
     0.500      3.217      0.147
     1.000      3.254      0.141
     1.500      3.279      0.121
     2.000      3.312      0.099
     2.500      3.331      0.091
     3.000      3.358      0.073
     3.500      3.377      0.067
     4.000      3.398      0.057
     4.500      3.416      0.051
     5.000      3.430      0.047
     5.500      3.447      0.044
     6.000      3.458      0.043
     6.500      3.472      0.042
     7.000      3.482      0.040
     7.500      3.492      0.041
     8.000      3.501      0.040
     8.500      3.508      0.040
     9.000      3.515      0.040
     9.500      3.522      0.039
    10.000      3.527      0.041
    10.500      3.533      0.040
    11.000      3.537      0.041
    11.500      3.542      0.041
    12.000      3.545      0.041
    12.500      3.550      0.041
    13.000      3.554      0.041
    13.500      3.558      0.041
    14.000      3.562      0.041
    14.500      3.566      0.040
    15.000      3.570      0.040
    15.500      3.574      0.039
    16.000      3.578      0.039
    16.500      3.582      0.038
    17.000      3.587      0.038
    17.500      3.592      0.037
    18.000      3.597      0.037
    18.500      3.603      0.037
    19.000      3.609      0.037
    19.500      3.615      0.038
    20.000      3.622      0.038
    20.500      3.630      0.039
    21.000      3.638      0.040
    21.500      3.646      0.041
    22.000      3.656      0.043
    22.500      3.665      0.044
    23.000      3.676      0.045
    23.500      3.687      0.047
    24.000      3.700      0.049
    24.500      3.713      0.051
    25.000      3.727      0.053
    25.500      3.741      0.055
    26.000      3.758      0.058
    26.500      3.774      0.060
    27.000      3.793      0.064
    27.500      3.811      0.068
    28.000      3.831      0.072
    28.500      3.853      0.076
    29.000      3.878      0.077
    29.500      3.908      0.074
    30.000      3.939      0.075
    30.500      3.969      0.078
    31.000      3.999      0.084
    31.500      4.026      0.086
    32.000      4.057      0.093
    32.500      4.092      0.096
    33.000      4.130      0.098
    33.500      4.164      0.105
    34.000      4.195      0.102
    34.500      4.224      0.084
    35.000      4.552      0.153
    35.500      4.559      0.150
    36.000      4.561      0.147
    36.500      4.565      0.143
    37.000      4.572      0.141
    37.500      4.579      0.134
    38.000      4.583      0.125
    38.500      4.592      0.123
    39.000      4.599      0.125
    39.500      4.605      0.126
    40.000      4.610      0.126
    40.500      4.614      0.124
    41.000      4.616      0.121
    41.500      4.617      0.116
    42.000      4.617      0.111
    42.500      4.618      0.108
    43.000      4.619      0.106
    43.500      4.617      0.104
    44.000      4.614      0.100
    44.500      4.612      0.097
    45.000      4.611      0.093
    45.500      4.609      0.090
    46.000      4.606      0.085
    46.500      4.601      0.081
    47.000      4.596      0.078
    47.500      4.591      0.076
    48.000      4.588      0.074
    48.500      4.586      0.072
    49.000      4.583      0.069
    49.500      4.580      0.066
    50.000      4.575      0.065
    50.500      4.570      0.065
    51.000      4.567      0.066
    51.500      4.564      0.066
    52.000      4.562      0.065
    52.500      4.559      0.064
    53.000      4.556      0.064
    53.500      4.551      0.064
    54.000      4.548      0.065
    54.500      4.544      0.067
    55.000      4.542      0.067
    55.500      4.539      0.067
    56.000      4.537      0.067
    56.500      4.533      0.067
    57.000      4.530      0.068
    57.500      4.527      0.068
    58.000      4.524      0.069
    58.500      4.521      0.069
    59.000      4.519      0.069
    59.500      4.516      0.069
    60.000      4.513      0.070
    60.500      4.511      0.070
    61.000      4.508      0.070
    61.500      4.505      0.069
    62.000      4.502      0.069
    62.500      4.500      0.069
    63.000      4.497      0.069
    63.500      4.496      0.068
    64.000      4.494      0.068
    64.500      4.490      0.067
    65.000      4.487      0.067
    65.500      4.485      0.066
    66.000      4.483      0.065
    66.500      4.481      0.065
    67.000      4.480      0.064
    67.500      4.478      0.063
    68.000      4.475      0.063
    68.500      4.472      0.062
    69.000      4.470      0.061
    69.500      4.468      0.060
    70.000      4.466      0.059
    70.500      4.466      0.058
    71.000      4.463      0.058
    71.500      4.460      0.057
    72.000      4.458      0.056
    72.500      4.456      0.055
    73.000      4.454      0.054
    73.500      4.454      0.054
    74.000      4.453      0.053
    74.500      4.451      0.054
    75.000      4.448      0.053
    75.500      4.446      0.052
    76.000      4.444      0.052
    76.500      4.443      0.052
    77.000      4.442      0.052
    77.500      4.441      0.052
    78.000      4.439      0.053
    78.500      4.437      0.054
    79.000      4.435      0.053
    79.500      4.433      0.053
    80.000      4.433      0.054
    80.500      4.432      0.055
    81.000      4.431      0.057
    81.500      4.429      0.058
    82.000      4.427      0.059
    82.500      4.426      0.059
    83.000      4.424      0.060
    83.500      4.424      0.061
    84.000      4.424      0.063
    84.500      4.423      0.065
    85.000      4.421      0.067
    85.500      4.419      0.068
    86.000      4.418      0.069
    86.500      4.417      0.070
    87.000      4.417      0.072
    87.500      4.416      0.074
    88.000      4.415      0.076
    88.500      4.414      0.078
    89.000      4.413      0.079
    89.500      4.411      0.080
    90.000      4.411      0.081
    90.500      4.411      0.083
    91.000      4.410      0.085
    91.500      4.409      0.087
    92.000      4.408      0.088
    92.500      4.407      0.089
    93.000      4.406      0.090
    93.500      4.405      0.092
    94.000      4.405      0.094
    94.500      4.405      0.095
    95.000      4.404      0.096
    95.500      4.403      0.098
    96.000      4.402      0.098
    96.500      4.401      0.100
    97.000      4.401      0.101
    97.500      4.400      0.103
    98.000      4.400      0.103
    98.500      4.399      0.105
    99.000      4.398      0.106
    99.500      4.398      0.106
   100.000      4.397      0.107
   100.500      4.396      0.109
   101.000      4.396      0.110
   101.500      4.396      0.110
   102.000      4.395      0.111
   102.500      4.394      0.112
   103.000      4.394      0.113
   103.500      4.393      0.114
   104.000      4.392      0.115
   104.500      4.392      0.116
   105.000      4.392      0.116
   105.500      4.392      0.118
   106.000      4.391      0.118
   106.500      4.390      0.119
   107.000      4.389      0.120
   107.500      4.389      0.121
   108.000      4.389      0.121
   108.500      4.389      0.122
   109.000      4.388      0.123
   109.500      4.388      0.123
   110.000      4.387      0.124
   110.500      4.386      0.125
   111.000      4.386      0.126
   111.500      4.386      0.126
   112.000      4.386      0.127
   112.500      4.386      0.128
   113.000      4.385      0.128
   113.500      4.384      0.129
   114.000      4.384      0.130
   114.500      4.384      0.131
   115.000      4.384      0.131
   115.500      4.384      0.132
   116.000      4.383      0.133
   116.500      4.382      0.134
   117.000      4.381      0.134
   117.500      4.381      0.135
   118.000      4.382      0.136
   118.500      4.382      0.137
   119.000      4.382      0.138
   119.500      4.381      0.138
   120.000      4.380      0.139
   120.500      4.379      0.140
   121.000      4.380      0.141
   121.500      4.380      0.142
   122.000      4.380      0.143
   122.500      4.380      0.144
   123.000      4.379      0.145
   123.500      4.378      0.145
   124.000      4.378      0.147
   124.500      4.378      0.147
   125.000      4.379      0.149
   125.500      4.379      0.149
   126.000      4.378      0.150
   126.500      4.378      0.152
   127.000      4.376      0.153
   127.500      4.377      0.154
   128.000      4.377      0.155
   128.500      4.377      0.156
   129.000      4.377      0.157
   129.500      4.377      0.158
   130.000      4.376      0.159
   130.500      4.375      0.160
   131.000      4.376      0.162
   131.500      4.376      0.162
   132.000      4.376      0.163
   132.500      4.376      0.165
   133.000      4.375      0.166
   133.500      4.374      0.167
   134.000      4.375      0.169
   134.500      4.375      0.170
   135.000      4.375      0.171
   135.500      4.375      0.172
   136.000      4.375      0.173
   136.500      4.375      0.175
   137.000      4.374      0.176
   137.500      4.374      0.177
   138.000      4.375      0.178
   138.500      4.374      0.179
   139.000      4.374      0.181
   139.500      4.374      0.183
   140.000      4.374      0.184
   140.500      4.373      0.185
   141.000      4.374      0.185
   141.500      4.374      0.187
   142.000      4.373      0.188
   142.500      4.374      0.190
   143.000      4.374      0.192
   143.500      4.373      0.193
   144.000      4.373      0.193
   144.500      4.373      0.194
   145.000      4.373      0.196
   145.500      4.373      0.197
   146.000      4.373      0.199
   146.500      4.374      0.201
   147.000      4.373      0.201
   147.500      4.373      0.201
   148.000      4.373      0.202
   148.500      4.373      0.204
   149.000      4.372      0.206
   149.500      4.373      0.208
   150.000      4.373      0.208
   150.500      4.373      0.208
   151.000      4.373      0.208
   151.500      4.372      0.210
   152.000      4.372      0.212
   152.500      4.372      0.214
   153.000      4.373      0.215
   153.500      4.373      0.215
   154.000      4.373      0.215
   154.500      4.372      0.216
   155.000      4.372      0.217
   155.500      4.371      0.220
   156.000      4.372      0.221
   156.500      4.373      0.221
   157.000      4.373      0.220
   157.500      4.373      0.220
   158.000      4.372      0.222
   158.500      4.371      0.224
   159.000      4.371      0.225
   159.500      4.373      0.226
   160.000      4.373      0.226
   160.500      4.373      0.225
   161.000      4.372      0.226
   161.500      4.371      0.227
   162.000      4.371      0.229
   162.500      4.371      0.229
   163.000      4.373      0.230
   163.500      4.373      0.229
   164.000      4.372      0.228
   164.500      4.372      0.230
   165.000      4.370      0.231
   165.500      4.371      0.232
   166.000      4.371      0.232
   166.500      4.373      0.233
   167.000      4.372      0.231
   167.500      4.372      0.231
   168.000      4.371      0.232
   168.500      4.370      0.233
   169.000      4.371      0.234
   169.500      4.371      0.234
   170.000      4.373      0.233
   170.500      4.372      0.231
   171.000      4.371      0.233
   171.500      4.370      0.234
   172.000      4.370      0.233
   172.500      4.371      0.234
   173.000      4.371      0.235
   173.500      4.372      0.232
   174.000      4.371      0.232
   174.500      4.370      0.233
   175.000      4.370      0.233
   175.500      4.370      0.233
   176.000      4.370      0.234
   176.500      4.371      0.233
   177.000      4.371      0.231
   177.500      4.371      0.232
   178.000      4.369      0.232
   178.500      4.369      0.232
   179.000      4.369      0.232
   179.500      4.370      0.233
   180.000      4.371      0.231
   180.500      4.370      0.232
   181.000      4.369      0.232
   181.500      4.369      0.231
   182.000      4.369      0.231
   182.500      4.369      0.231
   183.000      4.369      0.232
   183.500      4.369      0.232
   184.000      4.369      0.232
   184.500      4.368      0.232
   185.000      4.368      0.232
   185.500      4.368      0.232
   186.000      4.368      0.232
   186.500      4.368      0.231
   187.000      4.368      0.235
   187.500      4.367      0.234
   188.000      4.367      0.234
   188.500      4.367      0.234
   189.000      4.367      0.234
   189.500      4.367      0.234
   190.000      4.367      0.234
   190.500      4.366      0.241
   191.000      4.366      0.240
   191.500      4.366      0.240
   192.000      4.366      0.240
   192.500      4.366      0.240
   193.000      4.366      0.240
   193.500      4.365      0.253
   194.000      4.364      0.251
   194.500      4.364      0.251
   195.000      4.364      0.251
   195.500      4.364      0.251
   196.000      4.364      0.251
   196.500      4.364      0.251
   197.000      4.362      0.269
   197.500      4.362      0.269
   198.000      4.362      0.269
   198.500      4.362      0.269
   199.000      4.362      0.269
   199.500      4.362      0.269
