     0.000      1.233      0.399
     0.500      3.112      0.159
     1.000      3.143      0.164
     1.500      3.188      0.134
     2.000      3.214      0.122
     2.500      3.248      0.098
     3.000      3.276      0.090
     3.500      3.301      0.073
     4.000      3.329      0.066
     4.500      3.347      0.057
     5.000      3.372      0.052
     5.500      3.386      0.049
     6.000      3.408      0.045
     6.500      3.420      0.045
     7.000      3.438      0.043
     7.500      3.449      0.043
     8.000      3.463      0.043
     8.500      3.472      0.043
     9.000      3.483      0.042
     9.500      3.492      0.042
    10.000      3.500      0.041
    10.500      3.507      0.041
    11.000      3.514      0.040
    11.500      3.519      0.040
    12.000      3.525      0.039
    12.500      3.529      0.039
    13.000      3.534      0.039
    13.500      3.538      0.039
    14.000      3.542      0.039
    14.500      3.546      0.039
    15.000      3.549      0.039
    15.500      3.554      0.039
    16.000      3.557      0.038
    16.500      3.561      0.038
    17.000      3.564      0.037
    17.500      3.568      0.037
    18.000      3.571      0.036
    18.500      3.575      0.035
    19.000      3.578      0.034
    19.500      3.582      0.033
    20.000      3.586      0.032
    20.500      3.590      0.031
    21.000      3.594      0.030
    21.500      3.598      0.029
    22.000      3.603      0.028
    22.500      3.608      0.027
    23.000      3.613      0.027
    23.500      3.618      0.026
    24.000      3.624      0.026
    24.500      3.629      0.026
    25.000      3.636      0.026
    25.500      3.642      0.027
    26.000      3.649      0.028
    26.500      3.656      0.029
    27.000      3.664      0.031
    27.500      3.672      0.032
    28.000      3.681      0.034
    28.500      3.690      0.036
    29.000      3.700      0.038
    29.500      3.710      0.041
    30.000      3.720      0.043
    30.500      3.732      0.046
    31.000      3.743      0.048
    31.500      3.756      0.051
    32.000      3.769      0.054
    32.500      3.784      0.055
    33.000      3.800      0.056
    33.500      3.816      0.057
    34.000      3.833      0.059
    34.500      3.850      0.062
    35.000      3.869      0.065
    35.500      3.888      0.068
    36.000      3.908      0.071
    36.500      3.929      0.073
    37.000      3.955      0.074
    37.500      3.979      0.075
    38.000      4.008      0.074
    38.500      4.037      0.074
    39.000      4.071      0.071
    39.500      4.099      0.079
    40.000      4.131      0.085
    40.500      4.166      0.092
    41.000      4.485      0.247
    41.500      4.517      0.234
    42.000      4.543      0.220
    42.500      4.559      0.210
    43.000      4.573      0.197
    43.500      4.583      0.185
    44.000      4.590      0.174
    44.500      4.600      0.163
    45.000      4.608      0.153
    45.500      4.614      0.144
    46.000      4.616      0.137
    46.500      4.617      0.129
    47.000      4.616      0.121
    47.500      4.615      0.111
    48.000      4.615      0.100
    48.500      4.615      0.092
    49.000      4.615      0.087
    49.500      4.615      0.082
    50.000      4.613      0.078
    50.500      4.611      0.074
    51.000      4.610      0.070
    51.500      4.608      0.066
    52.000      4.608      0.063
    52.500      4.606      0.062
    53.000      4.604      0.062
    53.500      4.601      0.061
    54.000      4.598      0.063
    54.500      4.597      0.065
    55.000      4.596      0.066
    55.500      4.594      0.067
    56.000      4.592      0.069
    56.500      4.590      0.071
    57.000      4.587      0.074
    57.500      4.585      0.078
    58.000      4.583      0.081
    58.500      4.582      0.082
    59.000      4.580      0.084
    59.500      4.577      0.086
    60.000      4.575      0.088
    60.500      4.572      0.091
    61.000      4.570      0.094
    61.500      4.569      0.095
    62.000      4.567      0.096
    62.500      4.564      0.097
    63.000      4.562      0.099
    63.500      4.559      0.101
    64.000      4.557      0.102
    64.500      4.555      0.102
    65.000      4.553      0.103
    65.500      4.551      0.103
    66.000      4.549      0.103
    66.500      4.546      0.104
    67.000      4.544      0.104
    67.500      4.542      0.104
    68.000      4.539      0.103
    68.500      4.537      0.103
    69.000      4.535      0.103
    69.500      4.533      0.103
    70.000      4.531      0.102
    70.500      4.528      0.100
    71.000      4.525      0.099
    71.500      4.523      0.098
    72.000      4.521      0.097
    72.500      4.520      0.097
    73.000      4.517      0.096
    73.500      4.515      0.094
    74.000      4.511      0.091
    74.500      4.509      0.089
    75.000      4.507      0.089
    75.500      4.506      0.088
    76.000      4.504      0.087
    76.500      4.502      0.085
    77.000      4.498      0.082
    77.500      4.495      0.079
    78.000      4.493      0.078
    78.500      4.492      0.077
    79.000      4.491      0.076
    79.500      4.489      0.075
    80.000      4.485      0.074
    80.500      4.482      0.070
    81.000      4.479      0.068
    81.500      4.478      0.068
    82.000      4.477      0.067
    82.500      4.476      0.067
    83.000      4.473      0.067
    83.500      4.469      0.065
    84.000      4.466      0.062
    84.500      4.465      0.062
    85.000      4.464      0.063
    85.500      4.463      0.064
    86.000      4.461      0.065
    86.500      4.457      0.066
    87.000      4.454      0.065
    87.500      4.452      0.064
    88.000      4.451      0.065
    88.500      4.450      0.067
    89.000      4.449      0.069
    89.500      4.446      0.071
    90.000      4.442      0.072
    90.500      4.440      0.072
    91.000      4.439      0.073
    91.500      4.438      0.075
    92.000      4.437      0.078
    92.500      4.435      0.080
    93.000      4.432      0.082
    93.500      4.429      0.084
    94.000      4.427      0.085
    94.500      4.427      0.087
    95.000      4.426      0.090
    95.500      4.424      0.092
    96.000      4.422      0.094
    96.500      4.418      0.096
    97.000      4.416      0.098
    97.500      4.415      0.100
    98.000      4.415      0.102
    98.500      4.413      0.104
    99.000      4.411      0.106
    99.500      4.409      0.108
   100.000      4.406      0.111
   100.500      4.405      0.112
   101.000      4.404      0.114
   101.500      4.403      0.116
   102.000      4.401      0.118
   102.500      4.399      0.120
   103.000      4.396      0.122
   103.500      4.394      0.124
   104.000      4.393      0.126
   104.500      4.393      0.127
   105.000      4.391      0.129
   105.500      4.389      0.130
   106.000      4.387      0.132
   106.500      4.384      0.134
   107.000      4.384      0.136
   107.500      4.382      0.138
   108.000      4.382      0.139
   108.500      4.380      0.140
   109.000      4.378      0.142
   109.500      4.375      0.144
   110.000      4.374      0.146
   110.500      4.373      0.147
   111.000      4.372      0.148
   111.500      4.371      0.149
   112.000      4.369      0.151
   112.500      4.366      0.153
   113.000      4.364      0.155
   113.500      4.364      0.156
   114.000      4.363      0.157
   114.500      4.362      0.158
   115.000      4.360      0.160
   115.500      4.358      0.161
   116.000      4.356      0.163
   116.500      4.355      0.164
   117.000      4.354      0.165
   117.500      4.353      0.166
   118.000      4.352      0.167
   118.500      4.349      0.169
   119.000      4.347      0.171
   119.500      4.345      0.173
   120.000      4.345      0.173
   120.500      4.344      0.174
   121.000      4.343      0.175
   121.500      4.342      0.177
   122.000      4.339      0.178
   122.500      4.337      0.180
   123.000      4.337      0.180
   123.500      4.336      0.181
   124.000      4.335      0.183
   124.500      4.334      0.184
   125.000      4.331      0.185
   125.500      4.329      0.187
   126.000      4.328      0.188
   126.500      4.328      0.188
   127.000      4.327      0.189
   127.500      4.326      0.191
   128.000      4.324      0.192
   128.500      4.322      0.194
   129.000      4.320      0.195
   129.500      4.320      0.195
   130.000      4.319      0.196
   130.500      4.318      0.198
   131.000      4.317      0.199
   131.500      4.315      0.200
   132.000      4.313      0.202
   132.500      4.312      0.202
   133.000      4.311      0.203
   133.500      4.311      0.204
   134.000      4.309      0.206
   134.500      4.308      0.207
   135.000      4.306      0.208
   135.500      4.304      0.209
   136.000      4.304      0.209
   136.500      4.303      0.210
   137.000      4.302      0.212
   137.500      4.300      0.213
   138.000      4.299      0.214
   138.500      4.298      0.215
   139.000      4.297      0.216
   139.500      4.295      0.216
   140.000      4.295      0.218
   140.500      4.293      0.219
   141.000      4.292      0.220
   141.500      4.291      0.221
   142.000      4.290      0.222
   142.500      4.288      0.222
   143.000      4.287      0.223
   143.500      4.286      0.225
   144.000      4.285      0.225
   144.500      4.284      0.226
   145.000      4.283      0.227
   145.500      4.282      0.228
   146.000      4.280      0.228
   146.500      4.280      0.229
   147.000      4.278      0.230
   147.500      4.278      0.231
   148.000      4.277      0.232
   148.500      4.275      0.233
   149.000      4.274      0.233
   149.500      4.273      0.233
   150.000      4.272      0.234
   150.500      4.271      0.235
   151.000      4.271      0.236
   151.500      4.270      0.236
   152.000      4.268      0.237
   152.500      4.266      0.237
   153.000      4.265      0.238
   153.500      4.264      0.238
   154.000      4.264      0.239
   154.500      4.264      0.239
   155.000      4.262      0.240
   155.500      4.260      0.240
   156.000      4.259      0.241
   156.500      4.258      0.241
   157.000      4.257      0.241
   157.500      4.257      0.242
   158.000      4.256      0.242
   158.500      4.254      0.242
   159.000      4.253      0.242
   159.500      4.252      0.243
   160.000      4.251      0.243
   160.500      4.251      0.243
   161.000      4.250      0.243
   161.500      4.249      0.243
   162.000      4.247      0.243
   162.500      4.246      0.243
   163.000      4.245      0.243
   163.500      4.244      0.244
   164.000      4.244      0.244
   164.500      4.244      0.243
   165.000      4.241      0.243
   165.500      4.241      0.243
   166.000      4.239      0.243
   166.500      4.238      0.244
   167.000      4.237      0.243
   167.500      4.238      0.243
   168.000      4.236      0.242
   168.500      4.235      0.242
   169.000      4.233      0.242
   169.500      4.232      0.242
   170.000      4.231      0.242
   170.500      4.231      0.242
   171.000      4.232      0.241
   171.500      4.229      0.240
   172.000      4.228      0.240
   172.500      4.227      0.240
   173.000      4.226      0.241
   173.500      4.225      0.240
   174.000      4.226      0.239
   174.500      4.224      0.238
   175.000      4.223      0.237
   175.500      4.221      0.238
   176.000      4.220      0.239
   176.500      4.219      0.239
   177.000      4.218      0.238
   177.500      4.220      0.237
   178.000      4.218      0.235
   178.500      4.215      0.236
   179.000      4.214      0.238
   179.500      4.214      0.238
   180.000      4.212      0.237
   180.500      4.214      0.236
   181.000      4.212      0.235
   181.500      4.210      0.235
   182.000      4.208      0.237
   182.500      4.208      0.238
   183.000      4.208      0.238
   183.500      4.206      0.236
   184.000      4.208      0.237
   184.500      4.206      0.237
   185.000      4.203      0.239
   185.500      4.202      0.240
   186.000      4.202      0.240
   186.500      4.202      0.240
   187.000      4.202      0.241
   187.500      4.202      0.241
   188.000      4.197      0.246
   188.500      4.197      0.246
   189.000      4.197      0.246
   189.500      4.197      0.246
   190.000      4.194      0.246
   190.500      4.196      0.250
   191.000      4.191      0.257
   191.500      4.191      0.258
   192.000      4.191      0.258
   192.500      4.191      0.258
   193.000      4.191      0.258
   193.500      4.191      0.265
   194.000      4.186      0.276
   194.500      4.185      0.276
   195.000      4.185      0.276
   195.500      4.185      0.276
   196.000      4.185      0.276
   196.500      4.185      0.276
   197.000      4.180      0.302
   197.500      4.180      0.302
   198.000      4.180      0.302
   198.500      4.180      0.302
   199.000      4.180      0.302
   199.500      4.180      0.302
