     0.000      1.712      0.500
     0.500      2.979      0.168
     1.000      2.986      0.183
     1.500      3.048      0.166
     2.000      3.093      0.134
     2.500      3.138      0.125
     3.000      3.185      0.100
     3.500      3.220      0.094
     4.000      3.260      0.080
     4.500      3.294      0.073
     5.000      3.323      0.068
     5.500      3.355      0.063
     6.000      3.378      0.061
     6.500      3.406      0.059
     7.000      3.424      0.058
     7.500      3.447      0.057
     8.000      3.463      0.056
     8.500      3.481      0.055
     9.000      3.496      0.054
     9.500      3.510      0.053
    10.000      3.521      0.052
    10.500      3.532      0.051
    11.000      3.542      0.050
    11.500      3.551      0.050
    12.000      3.559      0.049
    12.500      3.566      0.049
    13.000      3.572      0.048
    13.500      3.579      0.048
    14.000      3.584      0.048
    14.500      3.590      0.048
    15.000      3.595      0.048
    15.500      3.600      0.048
    16.000      3.605      0.048
    16.500      3.610      0.048
    17.000      3.615      0.048
    17.500      3.620      0.047
    18.000      3.625      0.047
    18.500      3.631      0.046
    19.000      3.636      0.046
    19.500      3.641      0.045
    20.000      3.646      0.044
    20.500      3.652      0.043
    21.000      3.658      0.043
    21.500      3.664      0.042
    22.000      3.669      0.041
    22.500      3.676      0.041
    23.000      3.682      0.041
    23.500      3.689      0.040
    24.000      3.696      0.040
    24.500      3.704      0.040
    25.000      3.711      0.040
    25.500      3.719      0.041
    26.000      3.727      0.041
    26.500      3.736      0.042
    27.000      3.745      0.043
    27.500      3.755      0.043
    28.000      3.765      0.044
    28.500      3.775      0.044
    29.000      3.786      0.045
    29.500      3.798      0.046
    30.000      3.809      0.047
    30.500      3.822      0.047
    31.000      3.835      0.048
    31.500      3.849      0.049
    32.000      3.863      0.049
    32.500      3.878      0.051
    33.000      3.893      0.052
    33.500      3.909      0.055
    34.000      3.926      0.057
    34.500      3.942      0.060
    35.000      3.961      0.064
    35.500      3.979      0.068
    36.000      4.001      0.071
    36.500      4.022      0.074
    37.000      4.047      0.079
    37.500      4.071      0.083
    38.000      4.094      0.088
    38.500      4.116      0.093
    39.000      4.139      0.100
    39.500      4.159      0.106
    40.000      4.176      0.111
    40.500      4.190      0.115
    41.000      4.203      0.115
    41.500      4.217      0.115
    42.000      4.489      0.192
    42.500      4.505      0.188
    43.000      4.517      0.181
    43.500      4.526      0.173
    44.000      4.534      0.165
    44.500      4.540      0.158
    45.000      4.545      0.154
    45.500      4.549      0.150
    46.000      4.554      0.146
    46.500      4.558      0.141
    47.000      4.562      0.136
    47.500      4.565      0.131
    48.000      4.567      0.128
    48.500      4.568      0.127
    49.000      4.569      0.125
    49.500      4.572      0.124
    50.000      4.573      0.122
    50.500      4.575      0.121
    51.000      4.576      0.120
    51.500      4.575      0.119
    52.000      4.575      0.119
    52.500      4.574      0.118
    53.000      4.572      0.119
    53.500      4.571      0.120
    54.000      4.570      0.121
    54.500      4.569      0.121
    55.000      4.567      0.122
    55.500      4.566      0.123
    56.000      4.564      0.126
    56.500      4.562      0.128
    57.000      4.561      0.130
    57.500      4.560      0.132
    58.000      4.558      0.134
    58.500      4.556      0.136
    59.000      4.554      0.138
    59.500      4.552      0.141
    60.000      4.550      0.144
    60.500      4.548      0.146
    61.000      4.547      0.147
    61.500      4.545      0.149
    62.000      4.543      0.151
    62.500      4.540      0.154
    63.000      4.538      0.156
    63.500      4.536      0.158
    64.000      4.534      0.160
    64.500      4.532      0.161
    65.000      4.530      0.163
    65.500      4.528      0.165
    66.000      4.525      0.167
    66.500      4.522      0.169
    67.000      4.520      0.170
    67.500      4.518      0.171
    68.000      4.516      0.173
    68.500      4.514      0.174
    69.000      4.511      0.176
    69.500      4.508      0.178
    70.000      4.506      0.178
    70.500      4.503      0.179
    71.000      4.501      0.180
    71.500      4.499      0.181
    72.000      4.496      0.183
    72.500      4.493      0.184
    73.000      4.490      0.185
    73.500      4.488      0.185
    74.000      4.486      0.186
    74.500      4.483      0.187
    75.000      4.481      0.188
    75.500      4.478      0.189
    76.000      4.475      0.190
    76.500      4.472      0.190
    77.000      4.470      0.191
    77.500      4.467      0.192
    78.000      4.465      0.192
    78.500      4.462      0.193
    79.000      4.459      0.194
    79.500      4.456      0.195
    80.000      4.453      0.195
    80.500      4.451      0.196
    81.000      4.449      0.197
    81.500      4.446      0.197
    82.000      4.443      0.199
    82.500      4.440      0.199
    83.000      4.437      0.200
    83.500      4.435      0.200
    84.000      4.432      0.201
    84.500      4.430      0.202
    85.000      4.427      0.203
    85.500      4.424      0.204
    86.000      4.421      0.205
    86.500      4.418      0.205
    87.000      4.416      0.206
    87.500      4.414      0.207
    88.000      4.412      0.208
    88.500      4.408      0.209
    89.000      4.405      0.210
    89.500      4.403      0.211
    90.000      4.400      0.211
    90.500      4.398      0.212
    91.000      4.396      0.213
    91.500      4.394      0.214
    92.000      4.390      0.216
    92.500      4.388      0.217
    93.000      4.385      0.217
    93.500      4.383      0.218
    94.000      4.382      0.219
    94.500      4.379      0.220
    95.000      4.376      0.221
    95.500      4.373      0.222
    96.000      4.371      0.223
    96.500      4.369      0.224
    97.000      4.367      0.225
    97.500      4.365      0.226
    98.000      4.363      0.227
    98.500      4.360      0.228
    99.000      4.358      0.229
    99.500      4.356      0.230
   100.000      4.354      0.230
   100.500      4.352      0.231
   101.000      4.350      0.232
   101.500      4.347      0.233
   102.000      4.345      0.234
   102.500      4.343      0.235
   103.000      4.341      0.236
   103.500      4.339      0.236
   104.000      4.337      0.237
   104.500      4.335      0.238
   105.000      4.333      0.239
   105.500      4.331      0.240
   106.000      4.329      0.240
   106.500      4.327      0.241
   107.000      4.325      0.241
   107.500      4.323      0.242
   108.000      4.321      0.243
   108.500      4.319      0.244
   109.000      4.318      0.244
   109.500      4.316      0.245
   110.000      4.314      0.245
   110.500      4.312      0.245
   111.000      4.310      0.246
   111.500      4.309      0.247
   112.000      4.307      0.247
   112.500      4.305      0.248
   113.000      4.304      0.248
   113.500      4.302      0.248
   114.000      4.300      0.249
   114.500      4.298      0.249
   115.000      4.297      0.250
   115.500      4.295      0.250
   116.000      4.294      0.251
   116.500      4.292      0.251
   117.000      4.290      0.251
   117.500      4.289      0.251
   118.000      4.287      0.252
   118.500      4.286      0.252
   119.000      4.285      0.252
   119.500      4.283      0.252
   120.000      4.281      0.252
   120.500      4.279      0.253
   121.000      4.278      0.253
   121.500      4.277      0.253
   122.000      4.276      0.254
   122.500      4.274      0.254
   123.000      4.273      0.253
   123.500      4.271      0.254
   124.000      4.270      0.254
   124.500      4.269      0.254
   125.000      4.268      0.254
   125.500      4.266      0.254
   126.000      4.265      0.254
   126.500      4.263      0.254
   127.000      4.262      0.254
   127.500      4.261      0.254
   128.000      4.260      0.255
   128.500      4.259      0.255
   129.000      4.258      0.254
   129.500      4.256      0.254
   130.000      4.255      0.254
   130.500      4.254      0.254
   131.000      4.253      0.254
   131.500      4.252      0.255
   132.000      4.251      0.254
   132.500      4.250      0.254
   133.000      4.249      0.254
   133.500      4.248      0.254
   134.000      4.247      0.254
   134.500      4.246      0.254
   135.000      4.245      0.254
   135.500      4.244      0.253
   136.000      4.243      0.253
   136.500      4.242      0.253
   137.000      4.241      0.253
   137.500      4.241      0.253
   138.000      4.240      0.253
   138.500      4.238      0.252
   139.000      4.238      0.252
   139.500      4.237      0.252
   140.000      4.236      0.252
   140.500      4.235      0.252
   141.000      4.235      0.252
   141.500      4.234      0.251
   142.000      4.233      0.250
   142.500      4.232      0.250
   143.000      4.231      0.251
   143.500      4.231      0.251
   144.000      4.230      0.251
   144.500      4.230      0.250
   145.000      4.229      0.249
   145.500      4.228      0.248
   146.000      4.227      0.249
   146.500      4.227      0.249
   147.000      4.227      0.249
   147.500      4.226      0.248
   148.000      4.225      0.247
   148.500      4.225      0.246
   149.000      4.224      0.246
   149.500      4.224      0.247
   150.000      4.224      0.247
   150.500      4.223      0.247
   151.000      4.222      0.245
   151.500      4.222      0.244
   152.000      4.221      0.244
   152.500      4.221      0.244
   153.000      4.221      0.245
   153.500      4.221      0.245
   154.000      4.220      0.243
   154.500      4.219      0.242
   155.000      4.218      0.241
   155.500      4.218      0.241
   156.000      4.219      0.242
   156.500      4.219      0.242
   157.000      4.218      0.241
   157.500      4.218      0.239
   158.000      4.217      0.238
   158.500      4.217      0.238
   159.000      4.217      0.239
   159.500      4.218      0.239
   160.000      4.217      0.239
   160.500      4.216      0.237
   161.000      4.216      0.235
   161.500      4.215      0.235
   162.000      4.216      0.236
   162.500      4.217      0.236
   163.000      4.217      0.236
   163.500      4.216      0.235
   164.000      4.215      0.233
   164.500      4.214      0.232
   165.000      4.215      0.232
   165.500      4.216      0.233
   166.000      4.216      0.233
   166.500      4.216      0.232
   167.000      4.215      0.231
   167.500      4.214      0.229
   168.000      4.215      0.230
   168.500      4.216      0.231
   169.000      4.217      0.231
   169.500      4.217      0.230
   170.000      4.217      0.229
   170.500      4.215      0.228
   171.000      4.214      0.227
   171.500      4.216      0.229
   172.000      4.217      0.229
   172.500      4.218      0.228
   173.000      4.218      0.228
   173.500      4.217      0.227
   174.000      4.216      0.226
   174.500      4.217      0.227
   175.000      4.219      0.228
   175.500      4.219      0.227
   176.000      4.220      0.227
   176.500      4.220      0.227
   177.000      4.218      0.226
   177.500      4.217      0.227
   178.000      4.220      0.229
   178.500      4.221      0.228
   179.000      4.222      0.229
   179.500      4.222      0.229
   180.000      4.222      0.229
   180.500      4.219      0.229
   181.000      4.221      0.233
   181.500      4.224      0.232
   182.000      4.225      0.233
   182.500      4.225      0.233
   183.000      4.225      0.233
   183.500      4.223      0.233
   184.000      4.222      0.237
   184.500      4.226      0.240
   185.000      4.228      0.240
   185.500      4.228      0.241
   186.000      4.228      0.241
   186.500      4.228      0.241
   187.000      4.224      0.243
   187.500      4.229      0.251
   188.000      4.232      0.252
   188.500      4.232      0.252
   189.000      4.232      0.252
   189.500      4.232      0.252
   190.000      4.231      0.253
   190.500      4.231      0.266
   191.000      4.236      0.269
   191.500      4.236      0.269
   192.000      4.236      0.269
   192.500      4.236      0.269
   193.000      4.236      0.269
   193.500      4.232      0.275
   194.000      4.241      0.291
   194.500      4.241      0.292
   195.000      4.241      0.292
   195.500      4.241      0.292
   196.000      4.241      0.292
   196.500      4.241      0.292
   197.000      4.246      0.319
   197.500      4.246      0.319
   198.000      4.246      0.319
   198.500      4.246      0.319
   199.000      4.246      0.319
   199.500      4.246      0.319
