     0.000      1.549      0.478
     0.500      3.070      0.185
     1.000      3.106      0.174
     1.500      3.175      0.141
     2.000      3.211      0.121
     2.500      3.256      0.099
     3.000      3.295      0.084
     3.500      3.328      0.066
     4.000      3.361      0.058
     4.500      3.390      0.046
     5.000      3.415      0.041
     5.500      3.439      0.036
     6.000      3.458      0.035
     6.500      3.478      0.036
     7.000      3.493      0.036
     7.500      3.507      0.038
     8.000      3.519      0.038
     8.500      3.530      0.040
     9.000      3.539      0.039
     9.500      3.546      0.040
    10.000      3.553      0.040
    10.500      3.558      0.040
    11.000      3.563      0.041
    11.500      3.567      0.040
    12.000      3.571      0.040
    12.500      3.574      0.040
    13.000      3.578      0.040
    13.500      3.581      0.040
    14.000      3.584      0.040
    14.500      3.587      0.040
    15.000      3.590      0.039
    15.500      3.593      0.039
    16.000      3.597      0.038
    16.500      3.600      0.037
    17.000      3.604      0.036
    17.500      3.608      0.035
    18.000      3.612      0.034
    18.500      3.617      0.033
    19.000      3.621      0.032
    19.500      3.626      0.031
    20.000      3.632      0.030
    20.500      3.638      0.029
    21.000      3.643      0.029
    21.500      3.650      0.028
    22.000      3.657      0.029
    22.500      3.664      0.029
    23.000      3.672      0.030
    23.500      3.680      0.030
    24.000      3.689      0.032
    24.500      3.698      0.033
    25.000      3.708      0.035
    25.500      3.718      0.036
    26.000      3.729      0.037
    26.500      3.741      0.040
    27.000      3.753      0.041
    27.500      3.765      0.043
    28.000      3.779      0.045
    28.500      3.792      0.047
    29.000      3.808      0.049
    29.500      3.823      0.051
    30.000      3.839      0.054
    30.500      3.856      0.057
    31.000      3.874      0.060
    31.500      3.893      0.064
    32.000      3.912      0.067
    32.500      3.935      0.070
    33.000      3.957      0.073
    33.500      3.980      0.078
    34.000      4.005      0.080
    34.500      4.031      0.079
    35.000      4.057      0.081
    35.500      4.084      0.083
    36.000      4.110      0.081
    36.500      4.137      0.077
    37.000      4.156      0.069
    37.500      4.176      0.061
    38.000      4.197      0.059
    38.500      4.220      0.060
    39.000      4.521      0.156
    39.500      4.537      0.162
    40.000      4.542      0.165
    40.500      4.545      0.163
    41.000      4.546      0.161
    41.500      4.548      0.161
    42.000      4.550      0.160
    42.500      4.551      0.156
    43.000      4.549      0.152
    43.500      4.550      0.150
    44.000      4.550      0.147
    44.500      4.549      0.143
    45.000      4.546      0.137
    45.500      4.543      0.130
    46.000      4.538      0.123
    46.500      4.533      0.117
    47.000      4.529      0.112
    47.500      4.526      0.107
    48.000      4.523      0.103
    48.500      4.520      0.099
    49.000      4.516      0.095
    49.500      4.513      0.092
    50.000      4.511      0.090
    50.500      4.509      0.089
    51.000      4.506      0.087
    51.500      4.503      0.086
    52.000      4.500      0.084
    52.500      4.496      0.083
    53.000      4.493      0.081
    53.500      4.489      0.080
    54.000      4.487      0.081
    54.500      4.484      0.081
    55.000      4.482      0.081
    55.500      4.478      0.081
    56.000      4.476      0.081
    56.500      4.473      0.081
    57.000      4.471      0.082
    57.500      4.470      0.083
    58.000      4.468      0.083
    58.500      4.465      0.084
    59.000      4.463      0.085
    59.500      4.461      0.085
    60.000      4.460      0.086
    60.500      4.458      0.087
    61.000      4.457      0.087
    61.500      4.455      0.087
    62.000      4.454      0.088
    62.500      4.453      0.089
    63.000      4.452      0.089
    63.500      4.451      0.089
    64.000      4.450      0.089
    64.500      4.448      0.089
    65.000      4.447      0.090
    65.500      4.447      0.090
    66.000      4.446      0.090
    66.500      4.446      0.089
    67.000      4.445      0.089
    67.500      4.445      0.089
    68.000      4.444      0.089
    68.500      4.444      0.089
    69.000      4.443      0.088
    69.500      4.443      0.088
    70.000      4.443      0.087
    70.500      4.443      0.086
    71.000      4.443      0.086
    71.500      4.443      0.086
    72.000      4.443      0.085
    72.500      4.443      0.084
    73.000      4.443      0.083
    73.500      4.443      0.082
    74.000      4.443      0.082
    74.500      4.444      0.082
    75.000      4.444      0.082
    75.500      4.444      0.081
    76.000      4.445      0.080
    76.500      4.445      0.079
    77.000      4.446      0.079
    77.500      4.446      0.079
    78.000      4.447      0.079
    78.500      4.447      0.079
    79.000      4.448      0.078
    79.500      4.449      0.078
    80.000      4.449      0.078
    80.500      4.450      0.078
    81.000      4.451      0.079
    81.500      4.452      0.079
    82.000      4.452      0.080
    82.500      4.453      0.080
    83.000      4.454      0.081
    83.500      4.455      0.081
    84.000      4.455      0.082
    84.500      4.457      0.083
    85.000      4.457      0.085
    85.500      4.457      0.086
    86.000      4.459      0.087
    86.500      4.460      0.088
    87.000      4.460      0.089
    87.500      4.461      0.091
    88.000      4.462      0.093
    88.500      4.462      0.096
    89.000      4.464      0.098
    89.500      4.465      0.099
    90.000      4.465      0.100
    90.500      4.466      0.102
    91.000      4.467      0.105
    91.500      4.467      0.107
    92.000      4.468      0.110
    92.500      4.470      0.112
    93.000      4.470      0.113
    93.500      4.471      0.114
    94.000      4.471      0.117
    94.500      4.472      0.120
    95.000      4.472      0.123
    95.500      4.474      0.126
    96.000      4.474      0.127
    96.500      4.475      0.128
    97.000      4.475      0.130
    97.500      4.475      0.134
    98.000      4.476      0.137
    98.500      4.477      0.139
    99.000      4.478      0.142
    99.500      4.478      0.143
   100.000      4.478      0.144
   100.500      4.478      0.147
   101.000      4.479      0.150
   101.500      4.479      0.153
   102.000      4.480      0.155
   102.500      4.481      0.157
   103.000      4.480      0.158
   103.500      4.480      0.160
   104.000      4.481      0.163
   104.500      4.481      0.166
   105.000      4.482      0.168
   105.500      4.482      0.170
   106.000      4.483      0.171
   106.500      4.482      0.173
   107.000      4.482      0.176
   107.500      4.482      0.179
   108.000      4.482      0.180
   108.500      4.483      0.182
   109.000      4.484      0.184
   109.500      4.483      0.185
   110.000      4.482      0.188
   110.500      4.482      0.191
   111.000      4.482      0.192
   111.500      4.483      0.194
   112.000      4.483      0.196
   112.500      4.483      0.197
   113.000      4.482      0.199
   113.500      4.482      0.202
   114.000      4.482      0.204
   114.500      4.482      0.205
   115.000      4.482      0.207
   115.500      4.483      0.208
   116.000      4.482      0.210
   116.500      4.481      0.212
   117.000      4.480      0.214
   117.500      4.480      0.216
   118.000      4.481      0.217
   118.500      4.481      0.218
   119.000      4.481      0.220
   119.500      4.480      0.222
   120.000      4.479      0.224
   120.500      4.478      0.226
   121.000      4.478      0.227
   121.500      4.478      0.228
   122.000      4.479      0.229
   122.500      4.478      0.231
   123.000      4.476      0.233
   123.500      4.475      0.235
   124.000      4.475      0.236
   124.500      4.475      0.237
   125.000      4.475      0.237
   125.500      4.475      0.239
   126.000      4.474      0.241
   126.500      4.473      0.243
   127.000      4.472      0.244
   127.500      4.472      0.245
   128.000      4.472      0.245
   128.500      4.472      0.246
   129.000      4.471      0.248
   129.500      4.470      0.250
   130.000      4.468      0.251
   130.500      4.468      0.252
   131.000      4.467      0.253
   131.500      4.467      0.253
   132.000      4.467      0.254
   132.500      4.466      0.256
   133.000      4.464      0.257
   133.500      4.463      0.259
   134.000      4.462      0.259
   134.500      4.462      0.259
   135.000      4.462      0.260
   135.500      4.461      0.261
   136.000      4.460      0.262
   136.500      4.458      0.264
   137.000      4.457      0.265
   137.500      4.457      0.265
   138.000      4.457      0.265
   138.500      4.456      0.266
   139.000      4.455      0.267
   139.500      4.454      0.268
   140.000      4.452      0.269
   140.500      4.451      0.270
   141.000      4.451      0.270
   141.500      4.451      0.270
   142.000      4.449      0.270
   142.500      4.448      0.271
   143.000      4.446      0.272
   143.500      4.445      0.274
   144.000      4.445      0.273
   144.500      4.444      0.273
   145.000      4.444      0.273
   145.500      4.442      0.274
   146.000      4.440      0.274
   146.500      4.438      0.276
   147.000      4.438      0.276
   147.500      4.438      0.275
   148.000      4.437      0.275
   148.500      4.435      0.276
   149.000      4.434      0.276
   149.500      4.432      0.276
   150.000      4.431      0.278
   150.500      4.431      0.277
   151.000      4.430      0.276
   151.500      4.429      0.276
   152.000      4.426      0.277
   152.500      4.425      0.277
   153.000      4.424      0.278
   153.500      4.423      0.278
   154.000      4.423      0.277
   154.500      4.422      0.276
   155.000      4.419      0.277
   155.500      4.418      0.277
   156.000      4.417      0.277
   156.500      4.416      0.278
   157.000      4.415      0.277
   157.500      4.414      0.275
   158.000      4.412      0.276
   158.500      4.410      0.276
   159.000      4.408      0.276
   159.500      4.408      0.276
   160.000      4.408      0.275
   160.500      4.406      0.274
   161.000      4.404      0.273
   161.500      4.402      0.274
   162.000      4.400      0.274
   162.500      4.399      0.274
   163.000      4.400      0.273
   163.500      4.398      0.273
   164.000      4.396      0.272
   164.500      4.394      0.272
   165.000      4.392      0.272
   165.500      4.391      0.272
   166.000      4.391      0.270
   166.500      4.390      0.270
   167.000      4.388      0.270
   167.500      4.387      0.268
   168.000      4.384      0.269
   168.500      4.382      0.269
   169.000      4.382      0.268
   169.500      4.381      0.267
   170.000      4.380      0.267
   170.500      4.378      0.266
   171.000      4.376      0.266
   171.500      4.373      0.265
   172.000      4.372      0.266
   172.500      4.372      0.265
   173.000      4.371      0.265
   173.500      4.370      0.264
   174.000      4.368      0.263
   174.500      4.365      0.263
   175.000      4.363      0.264
   175.500      4.363      0.263
   176.000      4.361      0.264
   176.500      4.361      0.263
   177.000      4.360      0.262
   177.500      4.357      0.262
   178.000      4.353      0.262
   178.500      4.354      0.262
   179.000      4.352      0.263
   179.500      4.352      0.264
   180.000      4.352      0.262
   180.500      4.350      0.261
   181.000      4.345      0.261
   181.500      4.345      0.264
   182.000      4.342      0.265
   182.500      4.342      0.266
   183.000      4.342      0.266
   183.500      4.343      0.264
   184.000      4.337      0.263
   184.500      4.335      0.268
   185.000      4.333      0.270
   185.500      4.332      0.271
   186.000      4.332      0.271
   186.500      4.332      0.271
   187.000      4.331      0.269
   187.500      4.324      0.274
   188.000      4.323      0.279
   188.500      4.323      0.280
   189.000      4.323      0.280
   189.500      4.323      0.280
   190.000      4.325      0.278
   190.500      4.316      0.281
   191.000      4.314      0.293
   191.500      4.313      0.294
   192.000      4.313      0.294
   192.500      4.313      0.294
   193.000      4.313      0.294
   193.500      4.312      0.295
   194.000      4.304      0.313
   194.500      4.304      0.313
   195.000      4.304      0.313
   195.500      4.304      0.313
   196.000      4.304      0.313
   196.500      4.304      0.313
   197.000      4.295      0.338
   197.500      4.295      0.339
   198.000      4.295      0.339
   198.500      4.295      0.339
   199.000      4.295      0.339
   199.500      4.295      0.339
