     0.000      1.425      0.503
     0.500      3.087      0.156
     1.000      3.114      0.152
     1.500      3.169      0.125
     2.000      3.203      0.111
     2.500      3.240      0.091
     3.000      3.276      0.081
     3.500      3.306      0.066
     4.000      3.336      0.060
     4.500      3.363      0.050
     5.000      3.385      0.047
     5.500      3.411      0.041
     6.000      3.428      0.040
     6.500      3.449      0.039
     7.000      3.464      0.039
     7.500      3.480      0.039
     8.000      3.494      0.040
     8.500      3.506      0.040
     9.000      3.518      0.040
     9.500      3.527      0.040
    10.000      3.536      0.041
    10.500      3.544      0.040
    11.000      3.551      0.041
    11.500      3.557      0.040
    12.000      3.563      0.040
    12.500      3.568      0.040
    13.000      3.573      0.040
    13.500      3.578      0.040
    14.000      3.582      0.040
    14.500      3.586      0.040
    15.000      3.589      0.040
    15.500      3.594      0.040
    16.000      3.597      0.039
    16.500      3.601      0.039
    17.000      3.605      0.038
    17.500      3.608      0.038
    18.000      3.612      0.037
    18.500      3.616      0.036
    19.000      3.620      0.035
    19.500      3.625      0.034
    20.000      3.629      0.033
    20.500      3.633      0.032
    21.000      3.637      0.031
    21.500      3.643      0.030
    22.000      3.647      0.029
    22.500      3.652      0.029
    23.000      3.658      0.029
    23.500      3.663      0.028
    24.000      3.669      0.029
    24.500      3.675      0.029
    25.000      3.682      0.030
    25.500      3.688      0.031
    26.000      3.695      0.032
    26.500      3.703      0.033
    27.000      3.711      0.034
    27.500      3.719      0.035
    28.000      3.727      0.037
    28.500      3.737      0.038
    29.000      3.746      0.040
    29.500      3.756      0.042
    30.000      3.766      0.043
    30.500      3.777      0.045
    31.000      3.789      0.046
    31.500      3.802      0.047
    32.000      3.815      0.049
    32.500      3.828      0.050
    33.000      3.843      0.052
    33.500      3.858      0.053
    34.000      3.874      0.055
    34.500      3.890      0.057
    35.000      3.906      0.060
    35.500      3.922      0.063
    36.000      3.939      0.067
    36.500      3.956      0.070
    37.000      3.976      0.071
    37.500      3.998      0.072
    38.000      4.021      0.072
    38.500      4.045      0.074
    39.000      4.068      0.077
    39.500      4.094      0.079
    40.000      4.117      0.085
    40.500      4.140      0.088
    41.000      4.162      0.098
    41.500      4.186      0.106
    42.000      4.205      0.112
    42.500      4.556      0.169
    43.000      4.565      0.167
    43.500      4.574      0.165
    44.000      4.584      0.163
    44.500      4.594      0.160
    45.000      4.599      0.156
    45.500      4.600      0.152
    46.000      4.600      0.147
    46.500      4.598      0.142
    47.000      4.596      0.136
    47.500      4.597      0.133
    48.000      4.599      0.130
    48.500      4.600      0.128
    49.000      4.602      0.126
    49.500      4.601      0.123
    50.000      4.598      0.120
    50.500      4.595      0.115
    51.000      4.591      0.110
    51.500      4.589      0.107
    52.000      4.587      0.105
    52.500      4.586      0.104
    53.000      4.582      0.102
    53.500      4.578      0.101
    54.000      4.574      0.098
    54.500      4.572      0.097
    55.000      4.570      0.096
    55.500      4.568      0.096
    56.000      4.565      0.096
    56.500      4.562      0.096
    57.000      4.558      0.096
    57.500      4.555      0.095
    58.000      4.554      0.095
    58.500      4.552      0.096
    59.000      4.550      0.096
    59.500      4.547      0.097
    60.000      4.543      0.098
    60.500      4.541      0.098
    61.000      4.539      0.098
    61.500      4.538      0.098
    62.000      4.536      0.099
    62.500      4.533      0.099
    63.000      4.530      0.100
    63.500      4.527      0.101
    64.000      4.526      0.101
    64.500      4.524      0.101
    65.000      4.522      0.101
    65.500      4.520      0.101
    66.000      4.517      0.101
    66.500      4.515      0.102
    67.000      4.513      0.102
    67.500      4.512      0.101
    68.000      4.511      0.101
    68.500      4.508      0.100
    69.000      4.506      0.100
    69.500      4.504      0.101
    70.000      4.503      0.101
    70.500      4.501      0.100
    71.000      4.500      0.099
    71.500      4.498      0.098
    72.000      4.496      0.097
    72.500      4.494      0.097
    73.000      4.493      0.097
    73.500      4.492      0.097
    74.000      4.490      0.096
    74.500      4.488      0.094
    75.000      4.486      0.093
    75.500      4.485      0.093
    76.000      4.484      0.093
    76.500      4.483      0.092
    77.000      4.481      0.091
    77.500      4.480      0.089
    78.000      4.478      0.088
    78.500      4.477      0.087
    79.000      4.476      0.087
    79.500      4.475      0.087
    80.000      4.474      0.086
    80.500      4.472      0.085
    81.000      4.471      0.084
    81.500      4.470      0.083
    82.000      4.469      0.083
    82.500      4.468      0.082
    83.000      4.467      0.082
    83.500      4.466      0.081
    84.000      4.464      0.080
    84.500      4.463      0.080
    85.000      4.463      0.080
    85.500      4.462      0.080
    86.000      4.461      0.080
    86.500      4.460      0.080
    87.000      4.458      0.080
    87.500      4.458      0.080
    88.000      4.458      0.080
    88.500      4.457      0.080
    89.000      4.456      0.081
    89.500      4.455      0.081
    90.000      4.454      0.082
    90.500      4.453      0.083
    91.000      4.453      0.083
    91.500      4.453      0.083
    92.000      4.452      0.085
    92.500      4.451      0.085
    93.000      4.449      0.086
    93.500      4.449      0.088
    94.000      4.449      0.089
    94.500      4.449      0.089
    95.000      4.448      0.091
    95.500      4.447      0.092
    96.000      4.446      0.093
    96.500      4.445      0.095
    97.000      4.445      0.096
    97.500      4.445      0.097
    98.000      4.445      0.098
    98.500      4.444      0.100
    99.000      4.443      0.101
    99.500      4.442      0.103
   100.000      4.442      0.104
   100.500      4.443      0.105
   101.000      4.442      0.107
   101.500      4.442      0.108
   102.000      4.441      0.110
   102.500      4.440      0.111
   103.000      4.440      0.113
   103.500      4.440      0.114
   104.000      4.440      0.115
   104.500      4.440      0.116
   105.000      4.439      0.118
   105.500      4.438      0.120
   106.000      4.438      0.121
   106.500      4.439      0.122
   107.000      4.439      0.123
   107.500      4.439      0.125
   108.000      4.438      0.126
   108.500      4.437      0.128
   109.000      4.437      0.129
   109.500      4.437      0.130
   110.000      4.438      0.131
   110.500      4.438      0.132
   111.000      4.437      0.134
   111.500      4.436      0.136
   112.000      4.436      0.137
   112.500      4.436      0.138
   113.000      4.437      0.139
   113.500      4.437      0.140
   114.000      4.437      0.141
   114.500      4.436      0.143
   115.000      4.435      0.144
   115.500      4.435      0.145
   116.000      4.436      0.146
   116.500      4.436      0.147
   117.000      4.436      0.148
   117.500      4.436      0.150
   118.000      4.435      0.151
   118.500      4.435      0.152
   119.000      4.435      0.152
   119.500      4.436      0.153
   120.000      4.436      0.154
   120.500      4.436      0.156
   121.000      4.435      0.157
   121.500      4.435      0.158
   122.000      4.435      0.159
   122.500      4.436      0.159
   123.000      4.436      0.160
   123.500      4.436      0.161
   124.000      4.436      0.162
   124.500      4.435      0.163
   125.000      4.435      0.164
   125.500      4.435      0.165
   126.000      4.436      0.165
   126.500      4.436      0.166
   127.000      4.436      0.167
   127.500      4.436      0.168
   128.000      4.435      0.169
   128.500      4.435      0.170
   129.000      4.436      0.170
   129.500      4.436      0.171
   130.000      4.436      0.172
   130.500      4.436      0.172
   131.000      4.436      0.173
   131.500      4.435      0.174
   132.000      4.436      0.174
   132.500      4.436      0.175
   133.000      4.436      0.176
   133.500      4.436      0.176
   134.000      4.436      0.177
   134.500      4.436      0.177
   135.000      4.436      0.178
   135.500      4.436      0.178
   136.000      4.436      0.179
   136.500      4.436      0.179
   137.000      4.436      0.180
   137.500      4.436      0.180
   138.000      4.435      0.181
   138.500      4.435      0.181
   139.000      4.435      0.182
   139.500      4.435      0.182
   140.000      4.435      0.182
   140.500      4.435      0.183
   141.000      4.435      0.183
   141.500      4.435      0.184
   142.000      4.434      0.184
   142.500      4.434      0.184
   143.000      4.434      0.185
   143.500      4.435      0.185
   144.000      4.435      0.185
   144.500      4.434      0.186
   145.000      4.434      0.186
   145.500      4.433      0.186
   146.000      4.433      0.186
   146.500      4.433      0.187
   147.000      4.434      0.187
   147.500      4.433      0.187
   148.000      4.433      0.188
   148.500      4.432      0.188
   149.000      4.432      0.188
   149.500      4.432      0.188
   150.000      4.432      0.188
   150.500      4.432      0.188
   151.000      4.431      0.189
   151.500      4.430      0.189
   152.000      4.430      0.189
   152.500      4.429      0.189
   153.000      4.430      0.190
   153.500      4.429      0.189
   154.000      4.429      0.190
   154.500      4.428      0.190
   155.000      4.427      0.190
   155.500      4.427      0.190
   156.000      4.427      0.191
   156.500      4.427      0.191
   157.000      4.427      0.191
   157.500      4.425      0.191
   158.000      4.424      0.191
   158.500      4.424      0.192
   159.000      4.424      0.192
   159.500      4.423      0.192
   160.000      4.423      0.192
   160.500      4.422      0.193
   161.000      4.420      0.193
   161.500      4.419      0.193
   162.000      4.420      0.193
   162.500      4.419      0.194
   163.000      4.419      0.194
   163.500      4.417      0.195
   164.000      4.416      0.196
   164.500      4.415      0.195
   165.000      4.415      0.196
   165.500      4.415      0.196
   166.000      4.414      0.197
   166.500      4.412      0.198
   167.000      4.410      0.200
   167.500      4.410      0.199
   168.000      4.409      0.200
   168.500      4.409      0.200
   169.000      4.408      0.201
   169.500      4.406      0.203
   170.000      4.404      0.205
   170.500      4.404      0.205
   171.000      4.403      0.205
   171.500      4.403      0.206
   172.000      4.401      0.208
   172.500      4.400      0.210
   173.000      4.397      0.213
   173.500      4.396      0.213
   174.000      4.397      0.213
   174.500      4.395      0.215
   175.000      4.394      0.216
   175.500      4.392      0.219
   176.000      4.388      0.224
   176.500      4.388      0.224
   177.000      4.388      0.224
   177.500      4.386      0.225
   178.000      4.386      0.228
   178.500      4.383      0.232
   179.000      4.379      0.238
   179.500      4.378      0.238
   180.000      4.378      0.238
   180.500      4.379      0.238
   181.000      4.377      0.244
   181.500      4.374      0.248
   182.000      4.368      0.256
   182.500      4.367      0.257
   183.000      4.367      0.257
   183.500      4.367      0.257
   184.000      4.365      0.262
   184.500      4.363      0.270
   185.000      4.356      0.279
   185.500      4.355      0.279
   186.000      4.355      0.279
   186.500      4.355      0.279
   187.000      4.356      0.281
   187.500      4.352      0.293
   188.000      4.342      0.306
   188.500      4.342      0.307
   189.000      4.342      0.307
   189.500      4.342      0.307
   190.000      4.341      0.307
   190.500      4.340      0.320
   191.000      4.328      0.339
   191.500      4.327      0.340
   192.000      4.327      0.340
   192.500      4.327      0.340
   193.000      4.327      0.340
   193.500      4.328      0.344
   194.000      4.311      0.377
   194.500      4.311      0.377
   195.000      4.311      0.377
   195.500      4.311      0.377
   196.000      4.311      0.377
   196.500      4.311      0.377
   197.000      4.294      0.419
   197.500      4.293      0.420
   198.000      4.293      0.420
   198.500      4.293      0.420
   199.000      4.293      0.420
   199.500      4.293      0.420
