     0.000      1.175      0.451
     0.500      3.174      0.194
     1.000      3.211      0.193
     1.500      3.268      0.150
     2.000      3.293      0.138
     2.500      3.334      0.108
     3.000      3.361      0.097
     3.500      3.391      0.076
     4.000      3.417      0.067
     4.500      3.443      0.053
     5.000      3.463      0.047
     5.500      3.486      0.041
     6.000      3.502      0.040
     6.500      3.522      0.038
     7.000      3.534      0.039
     7.500      3.550      0.040
     8.000      3.561      0.042
     8.500      3.573      0.043
     9.000      3.583      0.044
     9.500      3.591      0.045
    10.000      3.599      0.045
    10.500      3.606      0.045
    11.000      3.612      0.046
    11.500      3.618      0.045
    12.000      3.623      0.045
    12.500      3.627      0.045
    13.000      3.631      0.045
    13.500      3.635      0.044
    14.000      3.639      0.044
    14.500      3.642      0.044
    15.000      3.646      0.044
    15.500      3.649      0.044
    16.000      3.652      0.043
    16.500      3.655      0.043
    17.000      3.659      0.042
    17.500      3.662      0.041
    18.000      3.666      0.040
    18.500      3.669      0.040
    19.000      3.673      0.039
    19.500      3.676      0.037
    20.000      3.680      0.037
    20.500      3.684      0.035
    21.000      3.688      0.035
    21.500      3.693      0.034
    22.000      3.697      0.033
    22.500      3.702      0.032
    23.000      3.707      0.032
    23.500      3.712      0.032
    24.000      3.717      0.032
    24.500      3.723      0.032
    25.000      3.729      0.033
    25.500      3.735      0.034
    26.000      3.742      0.035
    26.500      3.749      0.036
    27.000      3.757      0.038
    27.500      3.764      0.039
    28.000      3.772      0.041
    28.500      3.781      0.043
    29.000      3.790      0.045
    29.500      3.799      0.047
    30.000      3.809      0.050
    30.500      3.819      0.052
    31.000      3.830      0.054
    31.500      3.842      0.057
    32.000      3.854      0.059
    32.500      3.867      0.062
    33.000      3.880      0.064
    33.500      3.895      0.067
    34.000      3.910      0.070
    34.500      3.926      0.074
    35.000      3.942      0.077
    35.500      3.958      0.082
    36.000      3.976      0.085
    36.500      3.994      0.088
    37.000      4.014      0.091
    37.500      4.036      0.091
    38.000      4.059      0.089
    38.500      4.082      0.085
    39.000      4.105      0.081
    39.500      4.131      0.077
    40.000      4.159      0.071
    40.500      4.182      0.072
    41.000      4.525      0.194
    41.500      4.527      0.184
    42.000      4.529      0.176
    42.500      4.532      0.169
    43.000      4.537      0.161
    43.500      4.541      0.153
    44.000      4.546      0.147
    44.500      4.552      0.141
    45.000      4.556      0.137
    45.500      4.561      0.133
    46.000      4.567      0.129
    46.500      4.573      0.127
    47.000      4.579      0.125
    47.500      4.585      0.125
    48.000      4.590      0.126
    48.500      4.594      0.125
    49.000      4.595      0.123
    49.500      4.595      0.119
    50.000      4.596      0.115
    50.500      4.594      0.110
    51.000      4.592      0.106
    51.500      4.590      0.103
    52.000      4.588      0.099
    52.500      4.585      0.095
    53.000      4.583      0.090
    53.500      4.580      0.086
    54.000      4.578      0.084
    54.500      4.575      0.081
    55.000      4.573      0.080
    55.500      4.571      0.079
    56.000      4.568      0.078
    56.500      4.566      0.078
    57.000      4.564      0.078
    57.500      4.562      0.078
    58.000      4.560      0.079
    58.500      4.558      0.080
    59.000      4.556      0.081
    59.500      4.554      0.083
    60.000      4.552      0.085
    60.500      4.551      0.086
    61.000      4.549      0.087
    61.500      4.548      0.089
    62.000      4.546      0.091
    62.500      4.544      0.092
    63.000      4.542      0.094
    63.500      4.541      0.096
    64.000      4.541      0.097
    64.500      4.539      0.098
    65.000      4.538      0.100
    65.500      4.537      0.101
    66.000      4.535      0.103
    66.500      4.534      0.104
    67.000      4.533      0.105
    67.500      4.533      0.105
    68.000      4.532      0.106
    68.500      4.531      0.107
    69.000      4.530      0.108
    69.500      4.528      0.109
    70.000      4.528      0.109
    70.500      4.528      0.110
    71.000      4.527      0.110
    71.500      4.527      0.111
    72.000      4.526      0.111
    72.500      4.525      0.111
    73.000      4.524      0.112
    73.500      4.524      0.112
    74.000      4.524      0.112
    74.500      4.523      0.112
    75.000      4.523      0.112
    75.500      4.522      0.112
    76.000      4.521      0.112
    76.500      4.521      0.112
    77.000      4.521      0.112
    77.500      4.521      0.112
    78.000      4.521      0.112
    78.500      4.521      0.112
    79.000      4.520      0.113
    79.500      4.519      0.113
    80.000      4.519      0.112
    80.500      4.520      0.112
    81.000      4.520      0.112
    81.500      4.520      0.113
    82.000      4.519      0.113
    82.500      4.518      0.114
    83.000      4.518      0.114
    83.500      4.519      0.114
    84.000      4.519      0.114
    84.500      4.520      0.114
    85.000      4.519      0.115
    85.500      4.518      0.117
    86.000      4.518      0.117
    86.500      4.518      0.117
    87.000      4.519      0.118
    87.500      4.520      0.118
    88.000      4.520      0.120
    88.500      4.519      0.122
    89.000      4.518      0.123
    89.500      4.518      0.124
    90.000      4.518      0.124
    90.500      4.519      0.125
    91.000      4.520      0.126
    91.500      4.519      0.128
    92.000      4.518      0.131
    92.500      4.518      0.132
    93.000      4.518      0.133
    93.500      4.518      0.134
    94.000      4.519      0.135
    94.500      4.519      0.137
    95.000      4.518      0.140
    95.500      4.518      0.142
    96.000      4.517      0.143
    96.500      4.518      0.144
    97.000      4.518      0.146
    97.500      4.519      0.147
    98.000      4.518      0.150
    98.500      4.517      0.153
    99.000      4.516      0.154
    99.500      4.516      0.156
   100.000      4.517      0.157
   100.500      4.517      0.158
   101.000      4.517      0.160
   101.500      4.516      0.163
   102.000      4.515      0.165
   102.500      4.515      0.167
   103.000      4.514      0.168
   103.500      4.515      0.169
   104.000      4.515      0.171
   104.500      4.514      0.174
   105.000      4.513      0.176
   105.500      4.512      0.178
   106.000      4.511      0.179
   106.500      4.512      0.181
   107.000      4.512      0.182
   107.500      4.511      0.184
   108.000      4.510      0.187
   108.500      4.509      0.189
   109.000      4.508      0.190
   109.500      4.508      0.191
   110.000      4.508      0.193
   110.500      4.508      0.194
   111.000      4.507      0.197
   111.500      4.505      0.199
   112.000      4.504      0.201
   112.500      4.504      0.202
   113.000      4.503      0.203
   113.500      4.503      0.204
   114.000      4.502      0.206
   114.500      4.501      0.209
   115.000      4.500      0.211
   115.500      4.499      0.212
   116.000      4.499      0.213
   116.500      4.498      0.214
   117.000      4.498      0.216
   117.500      4.496      0.218
   118.000      4.495      0.220
   118.500      4.494      0.222
   119.000      4.493      0.223
   119.500      4.492      0.224
   120.000      4.492      0.226
   120.500      4.491      0.228
   121.000      4.489      0.229
   121.500      4.488      0.231
   122.000      4.487      0.232
   122.500      4.486      0.234
   123.000      4.486      0.235
   123.500      4.485      0.237
   124.000      4.483      0.238
   124.500      4.482      0.240
   125.000      4.481      0.241
   125.500      4.480      0.243
   126.000      4.479      0.244
   126.500      4.478      0.245
   127.000      4.477      0.247
   127.500      4.475      0.248
   128.000      4.475      0.250
   128.500      4.474      0.251
   129.000      4.472      0.252
   129.500      4.471      0.253
   130.000      4.469      0.255
   130.500      4.468      0.256
   131.000      4.467      0.258
   131.500      4.467      0.259
   132.000      4.465      0.260
   132.500      4.463      0.261
   133.000      4.461      0.263
   133.500      4.460      0.265
   134.000      4.460      0.265
   134.500      4.459      0.266
   135.000      4.458      0.268
   135.500      4.455      0.269
   136.000      4.453      0.271
   136.500      4.452      0.272
   137.000      4.451      0.273
   137.500      4.451      0.274
   138.000      4.450      0.275
   138.500      4.447      0.276
   139.000      4.445      0.277
   139.500      4.443      0.279
   140.000      4.443      0.280
   140.500      4.442      0.280
   141.000      4.442      0.281
   141.500      4.440      0.282
   142.000      4.436      0.284
   142.500      4.434      0.285
   143.000      4.434      0.287
   143.500      4.433      0.287
   144.000      4.433      0.287
   144.500      4.432      0.288
   145.000      4.428      0.290
   145.500      4.425      0.291
   146.000      4.424      0.292
   146.500      4.424      0.293
   147.000      4.424      0.293
   147.500      4.423      0.293
   148.000      4.420      0.294
   148.500      4.416      0.296
   149.000      4.415      0.297
   149.500      4.414      0.298
   150.000      4.414      0.298
   150.500      4.413      0.298
   151.000      4.411      0.299
   151.500      4.407      0.300
   152.000      4.405      0.302
   152.500      4.404      0.302
   153.000      4.404      0.302
   153.500      4.403      0.302
   154.000      4.402      0.302
   154.500      4.399      0.303
   155.000      4.395      0.305
   155.500      4.394      0.306
   156.000      4.394      0.306
   156.500      4.393      0.306
   157.000      4.392      0.306
   157.500      4.390      0.306
   158.000      4.386      0.307
   158.500      4.384      0.308
   159.000      4.383      0.309
   159.500      4.383      0.308
   160.000      4.382      0.308
   160.500      4.380      0.308
   161.000      4.378      0.308
   161.500      4.373      0.310
   162.000      4.373      0.310
   162.500      4.372      0.310
   163.000      4.371      0.310
   163.500      4.370      0.309
   164.000      4.368      0.309
   164.500      4.365      0.311
   165.000      4.363      0.312
   165.500      4.362      0.311
   166.000      4.361      0.310
   166.500      4.359      0.310
   167.000      4.358      0.310
   167.500      4.356      0.310
   168.000      4.352      0.312
   168.500      4.352      0.312
   169.000      4.350      0.311
   169.500      4.349      0.310
   170.000      4.348      0.310
   170.500      4.347      0.310
   171.000      4.343      0.312
   171.500      4.341      0.312
   172.000      4.340      0.311
   172.500      4.338      0.310
   173.000      4.337      0.309
   173.500      4.337      0.310
   174.000      4.335      0.310
   174.500      4.331      0.312
   175.000      4.330      0.310
   175.500      4.328      0.309
   176.000      4.326      0.309
   176.500      4.326      0.309
   177.000      4.326      0.310
   177.500      4.321      0.312
   178.000      4.320      0.311
   178.500      4.317      0.309
   179.000      4.315      0.309
   179.500      4.315      0.309
   180.000      4.315      0.310
   180.500      4.315      0.311
   181.000      4.310      0.312
   181.500      4.306      0.310
   182.000      4.305      0.311
   182.500      4.304      0.311
   183.000      4.304      0.311
   183.500      4.306      0.312
   184.000      4.300      0.315
   184.500      4.297      0.312
   185.000      4.295      0.315
   185.500      4.294      0.315
   186.000      4.294      0.315
   186.500      4.294      0.315
   187.000      4.295      0.317
   187.500      4.289      0.318
   188.000      4.285      0.322
   188.500      4.284      0.322
   189.000      4.284      0.322
   189.500      4.284      0.322
   190.000      4.285      0.323
   190.500      4.280      0.326
   191.000      4.275      0.332
   191.500      4.274      0.333
   192.000      4.274      0.333
   192.500      4.274      0.333
   193.000      4.274      0.333
   193.500      4.276      0.336
   194.000      4.266      0.348
   194.500      4.265      0.349
   195.000      4.265      0.349
   195.500      4.265      0.349
   196.000      4.265      0.349
   196.500      4.265      0.349
   197.000      4.257      0.370
   197.500      4.256      0.371
   198.000      4.256      0.371
   198.500      4.256      0.371
   199.000      4.256      0.371
   199.500      4.256      0.371
