     0.000      1.224      0.504
     0.500      3.143      0.179
     1.000      3.199      0.182
     1.500      3.249      0.142
     2.000      3.274      0.136
     2.500      3.307      0.108
     3.000      3.337      0.098
     3.500      3.360      0.082
     4.000      3.389      0.070
     4.500      3.408      0.062
     5.000      3.430      0.052
     5.500      3.450      0.049
     6.000      3.466      0.044
     6.500      3.484      0.041
     7.000      3.497      0.040
     7.500      3.511      0.039
     8.000      3.523      0.040
     8.500      3.533      0.039
     9.000      3.544      0.040
     9.500      3.552      0.040
    10.000      3.561      0.041
    10.500      3.568      0.041
    11.000      3.574      0.041
    11.500      3.581      0.041
    12.000      3.585      0.041
    12.500      3.591      0.041
    13.000      3.595      0.041
    13.500      3.600      0.041
    14.000      3.604      0.040
    14.500      3.608      0.040
    15.000      3.612      0.040
    15.500      3.616      0.040
    16.000      3.620      0.040
    16.500      3.624      0.039
    17.000      3.628      0.039
    17.500      3.633      0.038
    18.000      3.637      0.038
    18.500      3.642      0.037
    19.000      3.646      0.037
    19.500      3.651      0.036
    20.000      3.656      0.036
    20.500      3.662      0.036
    21.000      3.667      0.035
    21.500      3.673      0.035
    22.000      3.679      0.035
    22.500      3.684      0.035
    23.000      3.691      0.035
    23.500      3.698      0.035
    24.000      3.704      0.036
    24.500      3.712      0.036
    25.000      3.719      0.037
    25.500      3.727      0.037
    26.000      3.735      0.038
    26.500      3.744      0.038
    27.000      3.752      0.039
    27.500      3.762      0.040
    28.000      3.771      0.041
    28.500      3.782      0.041
    29.000      3.791      0.042
    29.500      3.803      0.043
    30.000      3.814      0.043
    30.500      3.825      0.044
    31.000      3.838      0.045
    31.500      3.850      0.045
    32.000      3.863      0.047
    32.500      3.877      0.047
    33.000      3.891      0.048
    33.500      3.906      0.050
    34.000      3.921      0.051
    34.500      3.938      0.053
    35.000      3.954      0.055
    35.500      3.971      0.059
    36.000      3.989      0.062
    36.500      4.007      0.065
    37.000      4.025      0.068
    37.500      4.046      0.071
    38.000      4.067      0.073
    38.500      4.089      0.073
    39.000      4.108      0.074
    39.500      4.130      0.077
    40.000      4.151      0.078
    40.500      4.170      0.078
    41.000      4.189      0.078
    41.500      4.206      0.076
    42.000      4.223      0.078
    42.500      4.240      0.080
    43.000      4.535      0.182
    43.500      4.546      0.177
    44.000      4.557      0.174
    44.500      4.567      0.167
    45.000      4.572      0.163
    45.500      4.576      0.158
    46.000      4.580      0.153
    46.500      4.584      0.149
    47.000      4.589      0.148
    47.500      4.595      0.146
    48.000      4.604      0.146
    48.500      4.610      0.145
    49.000      4.614      0.143
    49.500      4.617      0.141
    50.000      4.620      0.136
    50.500      4.622      0.132
    51.000      4.623      0.127
    51.500      4.624      0.123
    52.000      4.624      0.120
    52.500      4.624      0.117
    53.000      4.624      0.114
    53.500      4.624      0.111
    54.000      4.624      0.108
    54.500      4.623      0.106
    55.000      4.623      0.105
    55.500      4.623      0.104
    56.000      4.623      0.103
    56.500      4.622      0.102
    57.000      4.622      0.102
    57.500      4.621      0.102
    58.000      4.621      0.103
    58.500      4.620      0.103
    59.000      4.620      0.103
    59.500      4.620      0.104
    60.000      4.619      0.104
    60.500      4.618      0.105
    61.000      4.618      0.106
    61.500      4.617      0.107
    62.000      4.616      0.107
    62.500      4.616      0.108
    63.000      4.615      0.109
    63.500      4.614      0.110
    64.000      4.613      0.110
    64.500      4.612      0.111
    65.000      4.611      0.111
    65.500      4.611      0.112
    66.000      4.610      0.113
    66.500      4.609      0.113
    67.000      4.608      0.113
    67.500      4.606      0.113
    68.000      4.606      0.113
    68.500      4.605      0.114
    69.000      4.604      0.114
    69.500      4.603      0.114
    70.000      4.601      0.114
    70.500      4.600      0.114
    71.000      4.599      0.113
    71.500      4.598      0.113
    72.000      4.597      0.113
    72.500      4.596      0.113
    73.000      4.595      0.112
    73.500      4.593      0.112
    74.000      4.592      0.112
    74.500      4.591      0.112
    75.000      4.589      0.111
    75.500      4.588      0.111
    76.000      4.587      0.110
    76.500      4.585      0.111
    77.000      4.584      0.111
    77.500      4.583      0.110
    78.000      4.581      0.110
    78.500      4.580      0.109
    79.000      4.579      0.109
    79.500      4.577      0.109
    80.000      4.576      0.110
    80.500      4.574      0.110
    81.000      4.573      0.109
    81.500      4.572      0.109
    82.000      4.571      0.109
    82.500      4.569      0.110
    83.000      4.568      0.112
    83.500      4.566      0.112
    84.000      4.565      0.112
    84.500      4.563      0.112
    85.000      4.562      0.113
    85.500      4.561      0.114
    86.000      4.560      0.117
    86.500      4.558      0.118
    87.000      4.556      0.118
    87.500      4.555      0.119
    88.000      4.554      0.120
    88.500      4.552      0.122
    89.000      4.552      0.124
    89.500      4.550      0.126
    90.000      4.548      0.127
    90.500      4.547      0.129
    91.000      4.545      0.131
    91.500      4.544      0.132
    92.000      4.543      0.135
    92.500      4.542      0.137
    93.000      4.540      0.139
    93.500      4.539      0.141
    94.000      4.537      0.143
    94.500      4.536      0.145
    95.000      4.535      0.147
    95.500      4.535      0.150
    96.000      4.533      0.152
    96.500      4.531      0.154
    97.000      4.530      0.157
    97.500      4.529      0.159
    98.000      4.528      0.160
    98.500      4.527      0.163
    99.000      4.526      0.165
    99.500      4.524      0.168
   100.000      4.523      0.170
   100.500      4.522      0.172
   101.000      4.521      0.174
   101.500      4.520      0.175
   102.000      4.519      0.178
   102.500      4.518      0.181
   103.000      4.516      0.183
   103.500      4.515      0.185
   104.000      4.514      0.186
   104.500      4.514      0.188
   105.000      4.513      0.190
   105.500      4.512      0.192
   106.000      4.510      0.195
   106.500      4.509      0.197
   107.000      4.508      0.198
   107.500      4.507      0.199
   108.000      4.507      0.201
   108.500      4.506      0.203
   109.000      4.505      0.205
   109.500      4.503      0.208
   110.000      4.502      0.209
   110.500      4.501      0.210
   111.000      4.501      0.210
   111.500      4.500      0.213
   112.000      4.499      0.215
   112.500      4.498      0.217
   113.000      4.497      0.218
   113.500      4.496      0.219
   114.000      4.495      0.220
   114.500      4.494      0.221
   115.000      4.494      0.224
   115.500      4.493      0.225
   116.000      4.491      0.227
   116.500      4.490      0.227
   117.000      4.490      0.228
   117.500      4.489      0.229
   118.000      4.488      0.231
   118.500      4.487      0.233
   119.000      4.486      0.234
   119.500      4.485      0.235
   120.000      4.485      0.235
   120.500      4.484      0.236
   121.000      4.483      0.238
   121.500      4.482      0.239
   122.000      4.481      0.240
   122.500      4.480      0.241
   123.000      4.480      0.242
   123.500      4.479      0.242
   124.000      4.478      0.243
   124.500      4.477      0.244
   125.000      4.476      0.245
   125.500      4.476      0.246
   126.000      4.475      0.247
   126.500      4.474      0.247
   127.000      4.473      0.248
   127.500      4.472      0.249
   128.000      4.471      0.250
   128.500      4.471      0.251
   129.000      4.470      0.251
   129.500      4.469      0.252
   130.000      4.468      0.252
   130.500      4.467      0.253
   131.000      4.466      0.254
   131.500      4.466      0.254
   132.000      4.465      0.255
   132.500      4.464      0.255
   133.000      4.463      0.256
   133.500      4.462      0.256
   134.000      4.461      0.257
   134.500      4.461      0.257
   135.000      4.460      0.257
   135.500      4.460      0.258
   136.000      4.458      0.258
   136.500      4.457      0.259
   137.000      4.456      0.259
   137.500      4.456      0.260
   138.000      4.455      0.259
   138.500      4.455      0.260
   139.000      4.453      0.260
   139.500      4.452      0.260
   140.000      4.450      0.261
   140.500      4.450      0.261
   141.000      4.450      0.261
   141.500      4.450      0.261
   142.000      4.448      0.261
   142.500      4.446      0.261
   143.000      4.445      0.262
   143.500      4.445      0.262
   144.000      4.445      0.262
   144.500      4.444      0.261
   145.000      4.443      0.261
   145.500      4.441      0.262
   146.000      4.439      0.262
   146.500      4.439      0.262
   147.000      4.439      0.262
   147.500      4.439      0.262
   148.000      4.438      0.261
   148.500      4.436      0.261
   149.000      4.433      0.262
   149.500      4.432      0.262
   150.000      4.432      0.262
   150.500      4.433      0.261
   151.000      4.432      0.260
   151.500      4.430      0.260
   152.000      4.428      0.261
   152.500      4.426      0.261
   153.000      4.426      0.261
   153.500      4.426      0.260
   154.000      4.426      0.260
   154.500      4.424      0.258
   155.000      4.422      0.259
   155.500      4.419      0.260
   156.000      4.419      0.259
   156.500      4.419      0.259
   157.000      4.420      0.258
   157.500      4.418      0.257
   158.000      4.416      0.256
   158.500      4.412      0.258
   159.000      4.411      0.258
   159.500      4.411      0.257
   160.000      4.412      0.256
   160.500      4.412      0.255
   161.000      4.409      0.254
   161.500      4.406      0.255
   162.000      4.403      0.256
   162.500      4.403      0.255
   163.000      4.404      0.254
   163.500      4.404      0.254
   164.000      4.402      0.252
   164.500      4.399      0.252
   165.000      4.394      0.254
   165.500      4.394      0.253
   166.000      4.395      0.252
   166.500      4.396      0.252
   167.000      4.395      0.251
   167.500      4.392      0.250
   168.000      4.387      0.252
   168.500      4.385      0.252
   169.000      4.386      0.251
   169.500      4.387      0.250
   170.000      4.387      0.250
   170.500      4.385      0.249
   171.000      4.379      0.250
   171.500      4.374      0.252
   172.000      4.376      0.251
   172.500      4.377      0.250
   173.000      4.377      0.250
   173.500      4.376      0.250
   174.000      4.372      0.250
   174.500      4.364      0.254
   175.000      4.364      0.253
   175.500      4.366      0.252
   176.000      4.366      0.253
   176.500      4.366      0.253
   177.000      4.364      0.253
   177.500      4.357      0.255
   178.000      4.353      0.258
   178.500      4.354      0.257
   179.000      4.354      0.258
   179.500      4.354      0.258
   180.000      4.354      0.258
   180.500      4.349      0.259
   181.000      4.339      0.266
   181.500      4.342      0.266
   182.000      4.342      0.267
   182.500      4.342      0.267
   183.000      4.342      0.267
   183.500      4.341      0.268
   184.000      4.329      0.276
   184.500      4.328      0.279
   185.000      4.329      0.282
   185.500      4.329      0.282
   186.000      4.329      0.282
   186.500      4.329      0.282
   187.000      4.322      0.286
   187.500      4.313      0.298
   188.000      4.314      0.302
   188.500      4.314      0.302
   189.000      4.314      0.302
   189.500      4.314      0.302
   190.000      4.314      0.302
   190.500      4.296      0.320
   191.000      4.299      0.328
   191.500      4.299      0.328
   192.000      4.299      0.328
   192.500      4.299      0.328
   193.000      4.299      0.328
   193.500      4.291      0.336
   194.000      4.283      0.361
   194.500      4.283      0.361
   195.000      4.283      0.361
   195.500      4.283      0.361
   196.000      4.283      0.361
   196.500      4.283      0.361
   197.000      4.265      0.400
   197.500      4.266      0.401
   198.000      4.266      0.401
   198.500      4.266      0.401
   199.000      4.266      0.401
