   0.00000    1.36083
   0.50000    2.90470
   1.00000    3.24394
   1.50000    3.14841
   2.00000    3.12931
   2.50000    3.15667
   3.00000    3.20397
   3.50000    3.23406
   4.00000    3.27546
   4.50000    3.29025
   5.00000    3.31423
   5.50000    3.33606
   6.00000    3.35498
   6.50000    3.38243
   7.00000    3.39795
   7.50000    3.41056
   8.00000    3.41400
   8.50000    3.42704
   9.00000    3.44240
   9.50000    3.46399
  10.00000    3.47637
  10.50000    3.48597
  11.00000    3.50116
  11.50000    3.51844
  12.00000    3.52057
  12.50000    3.52706
  13.00000    3.53173
  13.50000    3.55089
  14.00000    3.55054
  14.50000    3.56265
  15.00000    3.57079
  15.50000    3.58492
  16.00000    3.59120
  16.50000    3.61232
  17.00000    3.64212
  17.50000    3.66386
  18.00000    3.67523
  18.50000    3.67366
  19.00000    3.67757
  19.50000    3.68307
  20.00000    3.70888
  20.50000    3.73902
  21.00000    3.73831
  21.50000    3.73691
  22.00000    3.76215
  22.50000    3.82420
  23.00000    3.87218
  23.50000    3.89410
  24.00000    3.91023
  24.50000    3.94571
  25.00000    4.00452
  25.50000    4.11243
  26.00000    4.23801
  26.50000    4.33010
  27.00000    4.34419
  27.50000    4.36298
  28.00000    4.39511
  28.50000    4.43633
  29.00000    4.45990
  29.50000    4.47806
  30.00000    4.50550
  30.50000    4.53479
  31.00000    4.54690
  31.50000    4.55318
  32.00000    4.56186
  32.50000    4.56468
  33.00000    4.55408
  33.50000    4.53788
  34.00000    4.53698
  34.50000    4.53226
  35.00000    4.52136
  35.50000    4.49026
  36.00000    4.48033
  36.50000    4.47591
  37.00000    4.46092
  37.50000    4.44072
  38.00000    4.43866
  38.50000    4.44822
  39.00000    4.44173
  39.50000    4.43591
  40.00000    4.42720
  40.50000    4.41744
  41.00000    4.40704
  41.50000    4.40666
  42.00000    4.41559
  42.50000    4.42529
  43.00000    4.43011
  43.50000    4.42879
  44.00000    4.43701
  44.50000    4.44635
  45.00000    4.44234
  45.50000    4.42624
  46.00000    4.40153
  46.50000    4.39936
  47.00000    4.40371
  47.50000    4.41036
  48.00000    4.40768
  48.50000    4.40046
  49.00000    4.39890
  49.50000    4.39490
  50.00000    4.40442
  50.50000    4.39406
  51.00000    4.39317
  51.50000    4.40195
  52.00000    4.41052
  52.50000    4.41088
  53.00000    4.39855
  53.50000    4.39246
  54.00000    4.38551
  54.50000    4.40336
  55.00000    4.41279
  55.50000    4.40246
  56.00000    4.39356
  56.50000    4.40296
  57.00000    4.40921
  57.50000    4.40408
  58.00000    4.41199
  58.50000    4.41176
  59.00000    4.40553
  59.50000    4.40233
  60.00000    4.41755
  60.50000    4.41698
  61.00000    4.41200
  61.50000    4.40401
  62.00000    4.40564
  62.50000    4.39363
  63.00000    4.38988
  63.50000    4.39237
  64.00000    4.40138
  64.50000    4.40488
  65.00000    4.41067
  65.50000    4.40111
  66.00000    4.38389
  66.50000    4.37208
  67.00000    4.38192
  67.50000    4.38539
  68.00000    4.38307
  68.50000    4.37036
  69.00000    4.37335
  69.50000    4.36959
  70.00000    4.36954
  70.50000    4.36513
  71.00000    4.36560
  71.50000    4.36388
  72.00000    4.36577
  72.50000    4.36418
  73.00000    4.36415
  73.50000    4.35807
  74.00000    4.35361
  74.50000    4.35569
  75.00000    4.36505
  75.50000    4.36119
  76.00000    4.35183
  76.50000    4.34616
  77.00000    4.34201
  77.50000    4.33636
  78.00000    4.34112
  78.50000    4.35424
  79.00000    4.36275
  79.50000    4.35308
  80.00000    4.34141
  80.50000    4.35058
  81.00000    4.35824
  81.50000    4.35806
  82.00000    4.35009
  82.50000    4.35468
  83.00000    4.34924
  83.50000    4.34578
  84.00000    4.34559
  84.50000    4.34605
  85.00000    4.34030
  85.50000    4.33702
  86.00000    4.33858
  86.50000    4.33797
  87.00000    4.33873
  87.50000    4.33789
  88.00000    4.34532
  88.50000    4.34737
  89.00000    4.34682
  89.50000    4.33427
  90.00000    4.34401
  90.50000    4.35011
  91.00000    4.35204
  91.50000    4.34425
  92.00000    4.34012
  92.50000    4.33554
  93.00000    4.32910
  93.50000    4.33281
  94.00000    4.33941
  94.50000    4.34378
  95.00000    4.33504
  95.50000    4.32702
  96.00000    4.33323
  96.50000    4.32940
  97.00000    4.33499
  97.50000    4.32017
  98.00000    4.32580
  98.50000    4.31815
  99.00000    4.32515
  99.50000    4.31542
 100.00000    4.33280
 100.50000    4.33831
 101.00000    4.33663
 101.50000    4.31642
 102.00000    4.31992
 102.50000    4.31264
 103.00000    4.31524
 103.50000    4.31266
 104.00000    4.32519
 104.50000    4.31765
 105.00000    4.31230
 105.50000    4.31747
 106.00000    4.32441
 106.50000    4.32205
 107.00000    4.31421
 107.50000    4.31387
 108.00000    4.31490
 108.50000    4.31168
 109.00000    4.29859
 109.50000    4.29810
 110.00000    4.30571
 110.50000    4.30647
 111.00000    4.29367
 111.50000    4.29028
 112.00000    4.29808
 112.50000    4.30087
 113.00000    4.30693
 113.50000    4.30228
 114.00000    4.29655
 114.50000    4.29197
 115.00000    4.29933
 115.50000    4.29807
 116.00000    4.29379
 116.50000    4.29623
 117.00000    4.29844
 117.50000    4.30321
 118.00000    4.29529
 118.50000    4.28851
 119.00000    4.28348
 119.50000    4.27990
 120.00000    4.27396
 120.50000    4.27820
 121.00000    4.28563
 121.50000    4.28516
 122.00000    4.27795
 122.50000    4.28392
 123.00000    4.28897
 123.50000    4.28481
 124.00000    4.28245
 124.50000    4.27770
 125.00000    4.27563
 125.50000    4.27304
 126.00000    4.27683
 126.50000    4.27260
 127.00000    4.26839
 127.50000    4.27135
 128.00000    4.27380
 128.50000    4.28221
 129.00000    4.28954
 129.50000    4.28527
 130.00000    4.28098
 130.50000    4.27342
 131.00000    4.27162
 131.50000    4.26920
 132.00000    4.27176
 132.50000    4.27369
 133.00000    4.27022
 133.50000    4.26489
 134.00000    4.26407
 134.50000    4.26542
 135.00000    4.26110
 135.50000    4.26083
 136.00000    4.26752
 136.50000    4.26883
 137.00000    4.27015
 137.50000    4.26698
 138.00000    4.26513
 138.50000    4.26913
 139.00000    4.27267
 139.50000    4.25677
 140.00000    4.24750
 140.50000    4.25046
 141.00000    4.25578
 141.50000    4.25494
 142.00000    4.25077
 142.50000    4.25535
 143.00000    4.25599
 143.50000    4.26428
 144.00000    4.26257
 144.50000    4.26891
 145.00000    4.26916
 145.50000    4.26277
 146.00000    4.25831
 146.50000    4.25639
 147.00000    4.27405
 147.50000    4.27122
 148.00000    4.27662
 148.50000    4.26417
 149.00000    4.26288
 149.50000    4.24916
 150.00000    4.26499
