   0.00000    1.37778
   0.50000    3.14180
   1.00000    3.37494
   1.50000    3.22314
   2.00000    3.25275
   2.50000    3.29019
   3.00000    3.33031
   3.50000    3.38589
   4.00000    3.39970
   4.50000    3.39954
   5.00000    3.40186
   5.50000    3.41530
   6.00000    3.42662
   6.50000    3.44320
   7.00000    3.44995
   7.50000    3.45747
   8.00000    3.46747
   8.50000    3.46489
   9.00000    3.46801
   9.50000    3.46870
  10.00000    3.47570
  10.50000    3.47746
  11.00000    3.48476
  11.50000    3.49109
  12.00000    3.49200
  12.50000    3.48958
  13.00000    3.49186
  13.50000    3.49793
  14.00000    3.49679
  14.50000    3.48813
  15.00000    3.49578
  15.50000    3.50138
  16.00000    3.50914
  16.50000    3.49903
  17.00000    3.50342
  17.50000    3.50143
  18.00000    3.51303
  18.50000    3.51233
  19.00000    3.51392
  19.50000    3.51031
  20.00000    3.50937
  20.50000    3.51553
  21.00000    3.51757
  21.50000    3.52092
  22.00000    3.52164
  22.50000    3.52975
  23.00000    3.53449
  23.50000    3.53795
  24.00000    3.53976
  24.50000    3.55708
  25.00000    3.58054
  25.50000    3.60760
  26.00000    3.63341
  26.50000    3.66327
  27.00000    3.68614
  27.50000    3.70443
  28.00000    3.72751
  28.50000    3.76576
  29.00000    3.80188
  29.50000    3.82353
  30.00000    3.84520
  30.50000    3.86752
  31.00000    3.92100
  31.50000    3.99909
  32.00000    4.08140
  32.50000    4.11552
  33.00000    4.15537
  33.50000    4.20482
  34.00000    4.26625
  34.50000    4.32540
  35.00000    4.37608
  35.50000    4.42296
  36.00000    4.46789
  36.50000    4.50060
  37.00000    4.50658
  37.50000    4.50202
  38.00000    4.49338
  38.50000    4.49218
  39.00000    4.50182
  39.50000    4.50053
  40.00000    4.49105
  40.50000    4.46275
  41.00000    4.43994
  41.50000    4.43902
  42.00000    4.46091
  42.50000    4.46549
  43.00000    4.46373
  43.50000    4.46949
  44.00000    4.46928
  44.50000    4.45938
  45.00000    4.44461
  45.50000    4.43393
  46.00000    4.41854
  46.50000    4.40688
  47.00000    4.39755
  47.50000    4.40184
  48.00000    4.39968
  48.50000    4.39792
  49.00000    4.39920
  49.50000    4.41552
  50.00000    4.42542
  50.50000    4.43656
  51.00000    4.44242
  51.50000    4.45326
  52.00000    4.45923
  52.50000    4.46630
  53.00000    4.45595
  53.50000    4.45381
  54.00000    4.45559
  54.50000    4.45953
  55.00000    4.45529
  55.50000    4.45717
  56.00000    4.45645
  56.50000    4.45678
  57.00000    4.45917
  57.50000    4.45944
  58.00000    4.45673
  58.50000    4.45463
  59.00000    4.45912
  59.50000    4.46975
  60.00000    4.47414
  60.50000    4.47060
  61.00000    4.46999
  61.50000    4.46883
  62.00000    4.46210
  62.50000    4.45789
  63.00000    4.46195
  63.50000    4.46455
  64.00000    4.46095
  64.50000    4.45669
  65.00000    4.45587
  65.50000    4.45803
  66.00000    4.45394
  66.50000    4.45050
  67.00000    4.44884
  67.50000    4.45294
  68.00000    4.45631
  68.50000    4.45203
  69.00000    4.44607
  69.50000    4.44270
  70.00000    4.44234
  70.50000    4.43427
  71.00000    4.42342
  71.50000    4.42090
  72.00000    4.43070
  72.50000    4.42934
  73.00000    4.40981
  73.50000    4.40163
  74.00000    4.40345
  74.50000    4.41266
  75.00000    4.41196
  75.50000    4.41290
  76.00000    4.40818
  76.50000    4.40824
  77.00000    4.40509
  77.50000    4.40861
  78.00000    4.40680
  78.50000    4.39917
  79.00000    4.39737
  79.50000    4.40082
  80.00000    4.39445
  80.50000    4.38385
  81.00000    4.39038
  81.50000    4.39116
  82.00000    4.39699
  82.50000    4.39367
  83.00000    4.40256
  83.50000    4.38835
  84.00000    4.38401
  84.50000    4.37907
  85.00000    4.38547
  85.50000    4.38204
  86.00000    4.39302
  86.50000    4.38648
  87.00000    4.37975
  87.50000    4.37055
  88.00000    4.38260
  88.50000    4.37519
  89.00000    4.37818
  89.50000    4.38205
  90.00000    4.38291
  90.50000    4.37498
  91.00000    4.37128
  91.50000    4.37596
  92.00000    4.36837
  92.50000    4.37035
  93.00000    4.37059
  93.50000    4.37844
  94.00000    4.37715
  94.50000    4.37896
  95.00000    4.37096
  95.50000    4.36505
  96.00000    4.36007
  96.50000    4.36049
  97.00000    4.36444
  97.50000    4.36739
  98.00000    4.36849
  98.50000    4.36016
  99.00000    4.36155
  99.50000    4.36706
 100.00000    4.37217
 100.50000    4.36512
 101.00000    4.36088
 101.50000    4.35912
 102.00000    4.35893
 102.50000    4.35671
 103.00000    4.35906
 103.50000    4.35946
 104.00000    4.36006
 104.50000    4.36082
 105.00000    4.36224
 105.50000    4.36559
 106.00000    4.36021
 106.50000    4.35553
 107.00000    4.34596
 107.50000    4.34425
 108.00000    4.34981
 108.50000    4.35779
 109.00000    4.35816
 109.50000    4.35625
 110.00000    4.35685
 110.50000    4.35142
 111.00000    4.33958
 111.50000    4.34312
 112.00000    4.34592
 112.50000    4.34723
 113.00000    4.34421
 113.50000    4.34645
 114.00000    4.34032
 114.50000    4.33909
 115.00000    4.33861
 115.50000    4.34072
 116.00000    4.34301
 116.50000    4.34454
 117.00000    4.33865
 117.50000    4.33647
 118.00000    4.33742
 118.50000    4.34064
 119.00000    4.34110
 119.50000    4.34186
 120.00000    4.33340
 120.50000    4.33722
 121.00000    4.33682
 121.50000    4.33817
 122.00000    4.33838
 122.50000    4.34436
 123.00000    4.34165
 123.50000    4.34003
 124.00000    4.34371
 124.50000    4.33800
 125.00000    4.33823
 125.50000    4.34319
 126.00000    4.33907
 126.50000    4.32519
 127.00000    4.32497
 127.50000    4.33543
 128.00000    4.34594
 128.50000    4.34109
 129.00000    4.33060
 129.50000    4.31962
 130.00000    4.32069
 130.50000    4.32745
 131.00000    4.32831
 131.50000    4.32999
 132.00000    4.32425
 132.50000    4.33030
 133.00000    4.32935
 133.50000    4.33518
 134.00000    4.33112
 134.50000    4.32829
 135.00000    4.32730
 135.50000    4.32614
 136.00000    4.33036
 136.50000    4.32890
 137.00000    4.31987
 137.50000    4.30845
 138.00000    4.31942
 138.50000    4.33482
 139.00000    4.33436
 139.50000    4.33070
 140.00000    4.32695
 140.50000    4.32927
 141.00000    4.33265
 141.50000    4.33454
 142.00000    4.33000
 142.50000    4.33444
 143.00000    4.33519
 143.50000    4.33192
 144.00000    4.32947
 144.50000    4.33843
 145.00000    4.34413
 145.50000    4.34709
 146.00000    4.33979
 146.50000    4.33408
 147.00000    4.33753
 147.50000    4.34348
 148.00000    4.34454
 148.50000    4.33573
 149.00000    4.33363
 149.50000    4.33629
 150.00000    4.34928
