   0.00000    1.49513
   0.50000    2.95985
   1.00000    3.33757
   1.50000    3.33158
   2.00000    3.36887
   2.50000    3.39882
   3.00000    3.42209
   3.50000    3.44846
   4.00000    3.46095
   4.50000    3.46522
   5.00000    3.46987
   5.50000    3.47501
   6.00000    3.48004
   6.50000    3.47856
   7.00000    3.49003
   7.50000    3.49886
   8.00000    3.50143
   8.50000    3.50234
   9.00000    3.50295
   9.50000    3.52022
  10.00000    3.52464
  10.50000    3.52951
  11.00000    3.52866
  11.50000    3.53928
  12.00000    3.54450
  12.50000    3.54290
  13.00000    3.53965
  13.50000    3.54299
  14.00000    3.55088
  14.50000    3.55366
  15.00000    3.55490
  15.50000    3.56211
  16.00000    3.55961
  16.50000    3.56580
  17.00000    3.56358
  17.50000    3.57424
  18.00000    3.57103
  18.50000    3.58237
  19.00000    3.57950
  19.50000    3.58428
  20.00000    3.58771
  20.50000    3.59471
  21.00000    3.59735
  21.50000    3.60349
  22.00000    3.60900
  22.50000    3.60614
  23.00000    3.60269
  23.50000    3.61125
  24.00000    3.63216
  24.50000    3.63399
  25.00000    3.63005
  25.50000    3.62511
  26.00000    3.62870
  26.50000    3.61857
  27.00000    3.62357
  27.50000    3.62444
  28.00000    3.63082
  28.50000    3.64113
  29.00000    3.63541
  29.50000    3.61019
  30.00000    3.58377
  30.50000    3.57065
  31.00000    3.56095
  31.50000    3.55331
  32.00000    3.55601
  32.50000    3.56417
  33.00000    3.57585
  33.50000    3.59293
  34.00000    3.63412
  34.50000    3.69595
  35.00000    3.75813
  35.50000    3.83458
  36.00000    3.89511
  36.50000    3.93135
  37.00000    3.94963
  37.50000    3.98232
  38.00000    4.02595
  38.50000    4.05984
  39.00000    4.08258
  39.50000    4.11256
  40.00000    4.15137
  40.50000    4.17723
  41.00000    4.18924
  41.50000    4.20115
  42.00000    4.21081
  42.50000    4.22314
  43.00000    4.24117
  43.50000    4.24939
  44.00000    4.25049
  44.50000    4.24802
  45.00000    4.25269
  45.50000    4.25932
  46.00000    4.26666
  46.50000    4.26957
  47.00000    4.27130
  47.50000    4.27456
  48.00000    4.28002
  48.50000    4.29218
  49.00000    4.30791
  49.50000    4.31651
  50.00000    4.32393
  50.50000    4.34094
  51.00000    4.36311
  51.50000    4.36777
  52.00000    4.38065
  52.50000    4.38821
  53.00000    4.40269
  53.50000    4.40316
  54.00000    4.40796
  54.50000    4.40906
  55.00000    4.41706
  55.50000    4.41520
  56.00000    4.41182
  56.50000    4.42234
  57.00000    4.43125
  57.50000    4.42654
  58.00000    4.42480
  58.50000    4.42455
  59.00000    4.42190
  59.50000    4.41205
  60.00000    4.42231
  60.50000    4.41743
  61.00000    4.42158
  61.50000    4.41723
  62.00000    4.42065
  62.50000    4.40918
  63.00000    4.41396
  63.50000    4.42463
  64.00000    4.43138
  64.50000    4.42599
  65.00000    4.41760
  65.50000    4.42063
  66.00000    4.42867
  66.50000    4.43714
  67.00000    4.43341
  67.50000    4.43528
  68.00000    4.43251
  68.50000    4.43153
  69.00000    4.43114
  69.50000    4.42783
  70.00000    4.42400
  70.50000    4.41903
  71.00000    4.41041
  71.50000    4.40238
  72.00000    4.40095
  72.50000    4.41055
  73.00000    4.40791
  73.50000    4.40416
  74.00000    4.39540
  74.50000    4.38893
  75.00000    4.38287
  75.50000    4.39011
  76.00000    4.39212
  76.50000    4.39687
  77.00000    4.39615
  77.50000    4.39362
  78.00000    4.38244
  78.50000    4.38407
  79.00000    4.38511
  79.50000    4.38054
  80.00000    4.37672
  80.50000    4.36850
  81.00000    4.36745
  81.50000    4.36952
  82.00000    4.36653
  82.50000    4.34934
  83.00000    4.35340
  83.50000    4.35860
  84.00000    4.36432
  84.50000    4.35811
  85.00000    4.35333
  85.50000    4.34688
  86.00000    4.34607
  86.50000    4.34430
  87.00000    4.33194
  87.50000    4.33000
  88.00000    4.33127
  88.50000    4.33606
  89.00000    4.33032
  89.50000    4.32594
  90.00000    4.32172
  90.50000    4.31945
  91.00000    4.31435
  91.50000    4.30756
  92.00000    4.31204
  92.50000    4.31606
  93.00000    4.31363
  93.50000    4.29737
  94.00000    4.29446
  94.50000    4.29983
  95.00000    4.30389
  95.50000    4.29955
  96.00000    4.30133
  96.50000    4.30607
  97.00000    4.29771
  97.50000    4.28110
  98.00000    4.27436
  98.50000    4.27933
  99.00000    4.28064
  99.50000    4.27862
 100.00000    4.27885
 100.50000    4.28003
 101.00000    4.26970
 101.50000    4.27214
 102.00000    4.27043
 102.50000    4.26810
 103.00000    4.25938
 103.50000    4.25873
 104.00000    4.26060
 104.50000    4.26255
 105.00000    4.25822
 105.50000    4.24273
 106.00000    4.24037
 106.50000    4.23908
 107.00000    4.24218
 107.50000    4.23810
 108.00000    4.24265
 108.50000    4.24742
 109.00000    4.25006
 109.50000    4.24108
 110.00000    4.23951
 110.50000    4.23953
 111.00000    4.24178
 111.50000    4.24394
 112.00000    4.24568
 112.50000    4.24191
 113.00000    4.23565
 113.50000    4.23479
 114.00000    4.23325
 114.50000    4.23070
 115.00000    4.23200
 115.50000    4.23130
 116.00000    4.22663
 116.50000    4.22518
 117.00000    4.22599
 117.50000    4.23185
 118.00000    4.22743
 118.50000    4.22250
 119.00000    4.22042
 119.50000    4.22687
 120.00000    4.23011
 120.50000    4.22293
 121.00000    4.22940
 121.50000    4.22491
 122.00000    4.22306
 122.50000    4.22146
 123.00000    4.22625
 123.50000    4.21894
 124.00000    4.21691
 124.50000    4.22353
 125.00000    4.23109
 125.50000    4.23223
 126.00000    4.23171
 126.50000    4.22733
 127.00000    4.22374
 127.50000    4.22339
 128.00000    4.22387
 128.50000    4.22554
 129.00000    4.22626
 129.50000    4.23269
 130.00000    4.23361
 130.50000    4.22830
 131.00000    4.22361
 131.50000    4.23189
 132.00000    4.23689
 132.50000    4.22859
 133.00000    4.22332
 133.50000    4.22510
 134.00000    4.22951
 134.50000    4.23018
 135.00000    4.23474
 135.50000    4.23092
 136.00000    4.22726
 136.50000    4.22238
 137.00000    4.22522
 137.50000    4.22866
 138.00000    4.22925
 138.50000    4.23458
 139.00000    4.23529
 139.50000    4.23790
 140.00000    4.23803
 140.50000    4.23914
 141.00000    4.23883
 141.50000    4.24030
 142.00000    4.24958
 142.50000    4.25111
 143.00000    4.25774
 143.50000    4.25010
 144.00000    4.24872
 144.50000    4.24151
 145.00000    4.24217
 145.50000    4.24234
 146.00000    4.24635
 146.50000    4.25608
 147.00000    4.25570
 147.50000    4.25741
 148.00000    4.25690
 148.50000    4.26495
 149.00000    4.26176
 149.50000    4.25653
 150.00000    4.26261
