   0.00000    1.27473
   0.50000    3.27300
   1.00000    3.56730
   1.50000    3.37979
   2.00000    3.38490
   2.50000    3.38333
   3.00000    3.37434
   3.50000    3.38194
   4.00000    3.41923
   4.50000    3.46031
   5.00000    3.48451
   5.50000    3.49776
   6.00000    3.51015
   6.50000    3.52055
   7.00000    3.52773
   7.50000    3.53377
   8.00000    3.53354
   8.50000    3.53155
   9.00000    3.53692
   9.50000    3.53274
  10.00000    3.53274
  10.50000    3.52996
  11.00000    3.53491
  11.50000    3.53781
  12.00000    3.54139
  12.50000    3.53739
  13.00000    3.53518
  13.50000    3.53726
  14.00000    3.53872
  14.50000    3.53716
  15.00000    3.53736
  15.50000    3.53935
  16.00000    3.53609
  16.50000    3.53617
  17.00000    3.53620
  17.50000    3.54617
  18.00000    3.54666
  18.50000    3.54832
  19.00000    3.54636
  19.50000    3.55717
  20.00000    3.56421
  20.50000    3.56766
  21.00000    3.57011
  21.50000    3.58413
  22.00000    3.60034
  22.50000    3.60934
  23.00000    3.61808
  23.50000    3.62954
  24.00000    3.63921
  24.50000    3.65392
  25.00000    3.67072
  25.50000    3.72148
  26.00000    3.81479
  26.50000    3.90646
  27.00000    3.95307
  27.50000    4.01180
  28.00000    4.08869
  28.50000    4.14837
  29.00000    4.17746
  29.50000    4.20721
  30.00000    4.22705
  30.50000    4.24169
  31.00000    4.26506
  31.50000    4.28636
  32.00000    4.30502
  32.50000    4.32276
  33.00000    4.34311
  33.50000    4.37408
  34.00000    4.40245
  34.50000    4.43928
  35.00000    4.45573
  35.50000    4.46636
  36.00000    4.47088
  36.50000    4.48374
  37.00000    4.48857
  37.50000    4.48245
  38.00000    4.47638
  38.50000    4.47047
  39.00000    4.46875
  39.50000    4.46362
  40.00000    4.45180
  40.50000    4.44693
  41.00000    4.44842
  41.50000    4.45080
  42.00000    4.43706
  42.50000    4.42206
  43.00000    4.41431
  43.50000    4.41244
  44.00000    4.41171
  44.50000    4.40143
  45.00000    4.39653
  45.50000    4.39552
  46.00000    4.39636
  46.50000    4.39622
  47.00000    4.39636
  47.50000    4.40130
  48.00000    4.40060
  48.50000    4.40292
  49.00000    4.39400
  49.50000    4.38885
  50.00000    4.38201
  50.50000    4.37594
  51.00000    4.37381
  51.50000    4.37147
  52.00000    4.36433
  52.50000    4.35069
  53.00000    4.34537
  53.50000    4.34145
  54.00000    4.33866
  54.50000    4.34688
  55.00000    4.34593
  55.50000    4.34866
  56.00000    4.34279
  56.50000    4.34289
  57.00000    4.33335
  57.50000    4.33296
  58.00000    4.32972
  58.50000    4.33404
  59.00000    4.33608
  59.50000    4.32899
  60.00000    4.32044
  60.50000    4.32246
  61.00000    4.32769
  61.50000    4.31836
  62.00000    4.31538
  62.50000    4.31570
  63.00000    4.31391
  63.50000    4.30839
  64.00000    4.30603
  64.50000    4.31175
  65.00000    4.31511
  65.50000    4.31471
  66.00000    4.31063
  66.50000    4.31073
  67.00000    4.30481
  67.50000    4.29950
  68.00000    4.29885
  68.50000    4.29952
  69.00000    4.29198
  69.50000    4.29181
  70.00000    4.28809
  70.50000    4.28557
  71.00000    4.28397
  71.50000    4.28206
  72.00000    4.27882
  72.50000    4.27670
  73.00000    4.28424
  73.50000    4.28312
  74.00000    4.28465
  74.50000    4.27959
  75.00000    4.27942
  75.50000    4.28066
  76.00000    4.27903
  76.50000    4.27571
  77.00000    4.27142
  77.50000    4.27916
  78.00000    4.28049
  78.50000    4.28185
  79.00000    4.27700
  79.50000    4.27375
  80.00000    4.27070
  80.50000    4.26966
  81.00000    4.27042
  81.50000    4.26995
  82.00000    4.26885
  82.50000    4.26937
  83.00000    4.26891
  83.50000    4.27077
  84.00000    4.27188
  84.50000    4.27962
  85.00000    4.27691
  85.50000    4.27251
  86.00000    4.27149
  86.50000    4.27648
  87.00000    4.27548
  87.50000    4.27212
  88.00000    4.27414
  88.50000    4.27523
  89.00000    4.27427
  89.50000    4.26935
  90.00000    4.26720
  90.50000    4.27228
  91.00000    4.27718
  91.50000    4.26806
  92.00000    4.26357
  92.50000    4.26641
  93.00000    4.27884
  93.50000    4.27857
  94.00000    4.27549
  94.50000    4.26725
  95.00000    4.26929
  95.50000    4.27854
  96.00000    4.28489
  96.50000    4.27934
  97.00000    4.27512
  97.50000    4.27545
  98.00000    4.28237
  98.50000    4.27184
  99.00000    4.26771
  99.50000    4.26692
 100.00000    4.27578
 100.50000    4.27367
 101.00000    4.27072
 101.50000    4.27033
 102.00000    4.26760
 102.50000    4.26783
 103.00000    4.27005
 103.50000    4.27566
 104.00000    4.27256
 104.50000    4.27230
 105.00000    4.26743
 105.50000    4.26190
 106.00000    4.25979
 106.50000    4.26610
 107.00000    4.26853
 107.50000    4.26821
 108.00000    4.26769
 108.50000    4.26787
 109.00000    4.26795
 109.50000    4.26853
 110.00000    4.26999
 110.50000    4.27603
 111.00000    4.27735
 111.50000    4.27366
 112.00000    4.27026
 112.50000    4.27728
 113.00000    4.28015
 113.50000    4.27887
 114.00000    4.27551
 114.50000    4.27595
 115.00000    4.27773
 115.50000    4.27387
 116.00000    4.27146
 116.50000    4.26590
 117.00000    4.27223
 117.50000    4.27484
 118.00000    4.27626
 118.50000    4.27673
 119.00000    4.27775
 119.50000    4.28099
 120.00000    4.28141
 120.50000    4.28528
 121.00000    4.28141
 121.50000    4.27935
 122.00000    4.27375
 122.50000    4.26829
 123.00000    4.26697
 123.50000    4.27232
 124.00000    4.27289
 124.50000    4.27856
 125.00000    4.28082
 125.50000    4.28304
 126.00000    4.28180
 126.50000    4.28268
 127.00000    4.27934
 127.50000    4.27711
 128.00000    4.27724
 128.50000    4.27632
 129.00000    4.27979
 129.50000    4.28141
 130.00000    4.27744
 130.50000    4.27437
 131.00000    4.28284
 131.50000    4.28751
 132.00000    4.28377
 132.50000    4.28165
 133.00000    4.28342
 133.50000    4.28576
 134.00000    4.28385
 134.50000    4.28939
 135.00000    4.28520
 135.50000    4.28619
 136.00000    4.28239
 136.50000    4.28728
 137.00000    4.28536
 137.50000    4.28731
 138.00000    4.28643
 138.50000    4.29400
 139.00000    4.29285
 139.50000    4.28926
 140.00000    4.28677
 140.50000    4.29541
 141.00000    4.28951
 141.50000    4.28574
 142.00000    4.29153
 142.50000    4.29706
 143.00000    4.29578
 143.50000    4.29188
 144.00000    4.29910
 144.50000    4.29790
 145.00000    4.29696
 145.50000    4.29683
 146.00000    4.30424
 146.50000    4.30681
 147.00000    4.30527
 147.50000    4.30416
 148.00000    4.30312
 148.50000    4.30359
 149.00000    4.30421
 149.50000    4.30579
 150.00000    4.31250
