   0.00000    1.38891
   0.50000    3.10097
   1.00000    3.46270
   1.50000    3.35784
   2.00000    3.37124
   2.50000    3.37447
   3.00000    3.39095
   3.50000    3.40638
   4.00000    3.46664
   4.50000    3.52607
   5.00000    3.56134
   5.50000    3.57210
   6.00000    3.57989
   6.50000    3.59156
   7.00000    3.61531
   7.50000    3.62523
   8.00000    3.61635
   8.50000    3.60142
   9.00000    3.61863
   9.50000    3.62590
  10.00000    3.63268
  10.50000    3.62834
  11.00000    3.62955
  11.50000    3.62585
  12.00000    3.63890
  12.50000    3.65031
  13.00000    3.64944
  13.50000    3.64727
  14.00000    3.64551
  14.50000    3.64482
  15.00000    3.63958
  15.50000    3.64664
  16.00000    3.64269
  16.50000    3.64644
  17.00000    3.64433
  17.50000    3.65865
  18.00000    3.65833
  18.50000    3.66457
  19.00000    3.66086
  19.50000    3.66502
  20.00000    3.67419
  20.50000    3.70818
  21.00000    3.71930
  21.50000    3.72169
  22.00000    3.73143
  22.50000    3.77565
  23.00000    3.81362
  23.50000    3.82660
  24.00000    3.82806
  24.50000    3.84546
  25.00000    3.86858
  25.50000    3.94911
  26.00000    4.03589
  26.50000    4.11462
  27.00000    4.10518
  27.50000    4.12497
  28.00000    4.17293
  28.50000    4.23843
  29.00000    4.27643
  29.50000    4.31171
  30.00000    4.34031
  30.50000    4.36449
  31.00000    4.39277
  31.50000    4.43010
  32.00000    4.45084
  32.50000    4.47107
  33.00000    4.49252
  33.50000    4.52298
  34.00000    4.55291
  34.50000    4.59211
  35.00000    4.62491
  35.50000    4.63570
  36.00000    4.63139
  36.50000    4.63142
  37.00000    4.62390
  37.50000    4.61799
  38.00000    4.60968
  38.50000    4.60628
  39.00000    4.60972
  39.50000    4.60983
  40.00000    4.59011
  40.50000    4.57891
  41.00000    4.57456
  41.50000    4.57658
  42.00000    4.56509
  42.50000    4.58655
  43.00000    4.60798
  43.50000    4.61708
  44.00000    4.60862
  44.50000    4.60073
  45.00000    4.60148
  45.50000    4.60664
  46.00000    4.61611
  46.50000    4.62017
  47.00000    4.60423
  47.50000    4.59995
  48.00000    4.58429
  48.50000    4.58892
  49.00000    4.57300
  49.50000    4.56931
  50.00000    4.56499
  50.50000    4.57002
  51.00000    4.56307
  51.50000    4.54925
  52.00000    4.53190
  52.50000    4.52100
  53.00000    4.51497
  53.50000    4.51884
  54.00000    4.51658
  54.50000    4.52585
  55.00000    4.51789
  55.50000    4.51943
  56.00000    4.50020
  56.50000    4.49270
  57.00000    4.48661
  57.50000    4.49570
  58.00000    4.49535
  58.50000    4.49650
  59.00000    4.49864
  59.50000    4.49390
  60.00000    4.48953
  60.50000    4.48606
  61.00000    4.48421
  61.50000    4.47015
  62.00000    4.46726
  62.50000    4.46870
  63.00000    4.47622
  63.50000    4.47293
  64.00000    4.46492
  64.50000    4.45056
  65.00000    4.44743
  65.50000    4.46024
  66.00000    4.46492
  66.50000    4.45596
  67.00000    4.43924
  67.50000    4.44960
  68.00000    4.45454
  68.50000    4.44866
  69.00000    4.43385
  69.50000    4.43764
  70.00000    4.42929
  70.50000    4.42729
  71.00000    4.42190
  71.50000    4.41509
  72.00000    4.38980
  72.50000    4.40636
  73.00000    4.41655
  73.50000    4.41480
  74.00000    4.40228
  74.50000    4.39954
  75.00000    4.39679
  75.50000    4.39148
  76.00000    4.39631
  76.50000    4.39315
  77.00000    4.39497
  77.50000    4.39975
  78.00000    4.40642
  78.50000    4.40464
  79.00000    4.39321
  79.50000    4.39371
  80.00000    4.40091
  80.50000    4.39927
  81.00000    4.38652
  81.50000    4.38979
  82.00000    4.38139
  82.50000    4.38227
  83.00000    4.38314
  83.50000    4.40231
  84.00000    4.38150
  84.50000    4.37747
  85.00000    4.37529
  85.50000    4.39440
  86.00000    4.39392
  86.50000    4.39319
  87.00000    4.37696
  87.50000    4.38077
  88.00000    4.39327
  88.50000    4.39412
  89.00000    4.37164
  89.50000    4.37894
  90.00000    4.38293
  90.50000    4.39666
  91.00000    4.39016
  91.50000    4.38515
  92.00000    4.37225
  92.50000    4.37790
  93.00000    4.39369
  93.50000    4.39651
  94.00000    4.38858
  94.50000    4.37564
  95.00000    4.37671
  95.50000    4.38810
  96.00000    4.39799
  96.50000    4.38191
  97.00000    4.37482
  97.50000    4.38073
  98.00000    4.39491
  98.50000    4.39222
  99.00000    4.39377
  99.50000    4.39049
 100.00000    4.37268
 100.50000    4.37448
 101.00000    4.37539
 101.50000    4.37858
 102.00000    4.36675
 102.50000    4.37164
 103.00000    4.37576
 103.50000    4.38054
 104.00000    4.36727
 104.50000    4.37192
 105.00000    4.36465
 105.50000    4.36022
 106.00000    4.35591
 106.50000    4.36744
 107.00000    4.37304
 107.50000    4.37435
 108.00000    4.37706
 108.50000    4.36382
 109.00000    4.36294
 109.50000    4.36961
 110.00000    4.37681
 110.50000    4.36885
 111.00000    4.35968
 111.50000    4.36474
 112.00000    4.37647
 112.50000    4.37367
 113.00000    4.35633
 113.50000    4.34961
 114.00000    4.35715
 114.50000    4.36168
 115.00000    4.35792
 115.50000    4.35877
 116.00000    4.35890
 116.50000    4.36219
 117.00000    4.35783
 117.50000    4.36646
 118.00000    4.36726
 118.50000    4.36828
 119.00000    4.35594
 119.50000    4.35082
 120.00000    4.34850
 120.50000    4.35511
 121.00000    4.36947
 121.50000    4.36430
 122.00000    4.35899
 122.50000    4.35942
 123.00000    4.36744
 123.50000    4.35810
 124.00000    4.35009
 124.50000    4.35918
 125.00000    4.36948
 125.50000    4.35646
 126.00000    4.35088
 126.50000    4.34475
 127.00000    4.34921
 127.50000    4.33445
 128.00000    4.34312
 128.50000    4.33837
 129.00000    4.34176
 129.50000    4.33688
 130.00000    4.34282
 130.50000    4.33950
 131.00000    4.35238
 131.50000    4.35040
 132.00000    4.35456
 132.50000    4.34553
 133.00000    4.34940
 133.50000    4.34613
 134.00000    4.34191
 134.50000    4.34993
 135.00000    4.34365
 135.50000    4.34843
 136.00000    4.32926
 136.50000    4.33287
 137.00000    4.33020
 137.50000    4.32956
 138.00000    4.32687
 138.50000    4.33387
 139.00000    4.34313
 139.50000    4.32600
 140.00000    4.32500
 140.50000    4.33817
 141.00000    4.33456
 141.50000    4.32886
 142.00000    4.33548
 142.50000    4.35233
 143.00000    4.34940
 143.50000    4.33809
 144.00000    4.34059
 144.50000    4.33904
 145.00000    4.34422
 145.50000    4.33057
 146.00000    4.33997
 146.50000    4.34784
 147.00000    4.34901
 147.50000    4.34274
 148.00000    4.33987
 148.50000    4.33728
 149.00000    4.33314
 149.50000    4.34321
 150.00000    4.36208
