   0.00000    1.43382
   0.50000    3.12571
   1.00000    3.41875
   1.50000    3.33751
   2.00000    3.42961
   2.50000    3.44680
   3.00000    3.43561
   3.50000    3.43304
   4.00000    3.44697
   4.50000    3.46943
   5.00000    3.46873
   5.50000    3.46052
   6.00000    3.44804
   6.50000    3.45167
   7.00000    3.45740
   7.50000    3.46724
   8.00000    3.46332
   8.50000    3.46692
   9.00000    3.48390
   9.50000    3.49573
  10.00000    3.49158
  10.50000    3.49382
  11.00000    3.50851
  11.50000    3.51432
  12.00000    3.50947
  12.50000    3.51817
  13.00000    3.52236
  13.50000    3.51703
  14.00000    3.52269
  14.50000    3.54114
  15.00000    3.55853
  15.50000    3.56636
  16.00000    3.57060
  16.50000    3.56898
  17.00000    3.56999
  17.50000    3.58211
  18.00000    3.58157
  18.50000    3.59144
  19.00000    3.58867
  19.50000    3.59545
  20.00000    3.60281
  20.50000    3.62575
  21.00000    3.63474
  21.50000    3.63751
  22.00000    3.64722
  22.50000    3.64680
  23.00000    3.64769
  23.50000    3.65903
  24.00000    3.66902
  24.50000    3.66460
  25.00000    3.66139
  25.50000    3.67568
  26.00000    3.68893
  26.50000    3.69148
  27.00000    3.69038
  27.50000    3.69795
  28.00000    3.71803
  28.50000    3.73927
  29.00000    3.74709
  29.50000    3.73242
  30.00000    3.69867
  30.50000    3.68375
  31.00000    3.69478
  31.50000    3.69747
  32.00000    3.69621
  32.50000    3.71218
  33.00000    3.73367
  33.50000    3.76409
  34.00000    3.83076
  34.50000    3.93059
  35.00000    4.00111
  35.50000    4.06453
  36.00000    4.11924
  36.50000    4.15834
  37.00000    4.18162
  37.50000    4.20357
  38.00000    4.23400
  38.50000    4.25540
  39.00000    4.29851
  39.50000    4.33374
  40.00000    4.36658
  40.50000    4.37062
  41.00000    4.37764
  41.50000    4.39560
  42.00000    4.41928
  42.50000    4.43017
  43.00000    4.44039
  43.50000    4.44735
  44.00000    4.44010
  44.50000    4.42524
  45.00000    4.42149
  45.50000    4.43233
  46.00000    4.44677
  46.50000    4.46095
  47.00000    4.46085
  47.50000    4.45954
  48.00000    4.44483
  48.50000    4.44455
  49.00000    4.44699
  49.50000    4.45561
  50.00000    4.44747
  50.50000    4.46564
  51.00000    4.46556
  51.50000    4.47741
  52.00000    4.48469
  52.50000    4.50951
  53.00000    4.49691
  53.50000    4.50930
  54.00000    4.52160
  54.50000    4.53118
  55.00000    4.52003
  55.50000    4.52549
  56.00000    4.52717
  56.50000    4.52864
  57.00000    4.53608
  57.50000    4.54554
  58.00000    4.55047
  58.50000    4.55390
  59.00000    4.55320
  59.50000    4.55275
  60.00000    4.54967
  60.50000    4.55686
  61.00000    4.56198
  61.50000    4.56100
  62.00000    4.55701
  62.50000    4.56396
  63.00000    4.57147
  63.50000    4.57007
  64.00000    4.56133
  64.50000    4.56071
  65.00000    4.56824
  65.50000    4.57559
  66.00000    4.57709
  66.50000    4.57378
  67.00000    4.58081
  67.50000    4.57371
  68.00000    4.56873
  68.50000    4.55487
  69.00000    4.55972
  69.50000    4.55981
  70.00000    4.55053
  70.50000    4.54679
  71.00000    4.54082
  71.50000    4.53801
  72.00000    4.52551
  72.50000    4.53280
  73.00000    4.52860
  73.50000    4.52622
  74.00000    4.52652
  74.50000    4.52554
  75.00000    4.52635
  75.50000    4.52652
  76.00000    4.51980
  76.50000    4.51173
  77.00000    4.51228
  77.50000    4.51891
  78.00000    4.52564
  78.50000    4.51924
  79.00000    4.50505
  79.50000    4.49146
  80.00000    4.49131
  80.50000    4.49085
  81.00000    4.49219
  81.50000    4.49579
  82.00000    4.49108
  82.50000    4.48047
  83.00000    4.48781
  83.50000    4.49281
  84.00000    4.48147
  84.50000    4.46318
  85.00000    4.46779
  85.50000    4.47014
  86.00000    4.46005
  86.50000    4.45524
  87.00000    4.45087
  87.50000    4.45808
  88.00000    4.45469
  88.50000    4.45919
  89.00000    4.44994
  89.50000    4.45783
  90.00000    4.45188
  90.50000    4.44565
  91.00000    4.43555
  91.50000    4.43847
  92.00000    4.43179
  92.50000    4.41795
  93.00000    4.41552
  93.50000    4.42326
  94.00000    4.42740
  94.50000    4.41535
  95.00000    4.41493
  95.50000    4.41023
  96.00000    4.41230
  96.50000    4.40224
  97.00000    4.40711
  97.50000    4.40418
  98.00000    4.40333
  98.50000    4.39184
  99.00000    4.39347
  99.50000    4.40286
 100.00000    4.40549
 100.50000    4.39468
 101.00000    4.38729
 101.50000    4.38847
 102.00000    4.38188
 102.50000    4.37964
 103.00000    4.37625
 103.50000    4.37987
 104.00000    4.38022
 104.50000    4.37831
 105.00000    4.37328
 105.50000    4.36966
 106.00000    4.36670
 106.50000    4.35951
 107.00000    4.35874
 107.50000    4.37084
 108.00000    4.36573
 108.50000    4.35834
 109.00000    4.35002
 109.50000    4.35250
 110.00000    4.35229
 110.50000    4.35759
 111.00000    4.35515
 111.50000    4.34767
 112.00000    4.33654
 112.50000    4.33140
 113.00000    4.32682
 113.50000    4.32812
 114.00000    4.32583
 114.50000    4.33134
 115.00000    4.33439
 115.50000    4.32696
 116.00000    4.31934
 116.50000    4.32767
 117.00000    4.33414
 117.50000    4.32821
 118.00000    4.32031
 118.50000    4.32189
 119.00000    4.31806
 119.50000    4.31061
 120.00000    4.31396
 120.50000    4.32129
 121.00000    4.33914
 121.50000    4.33070
 122.00000    4.32441
 122.50000    4.30734
 123.00000    4.31516
 123.50000    4.31462
 124.00000    4.31421
 124.50000    4.31078
 125.00000    4.30440
 125.50000    4.29770
 126.00000    4.29257
 126.50000    4.30537
 127.00000    4.30606
 127.50000    4.30043
 128.00000    4.30057
 128.50000    4.30552
 129.00000    4.29952
 129.50000    4.30259
 130.00000    4.30632
 130.50000    4.30705
 131.00000    4.30173
 131.50000    4.31117
 132.00000    4.30314
 132.50000    4.30226
 133.00000    4.30441
 133.50000    4.31599
 134.00000    4.31349
 134.50000    4.30968
 135.00000    4.30310
 135.50000    4.30192
 136.00000    4.30691
 136.50000    4.30645
 137.00000    4.30449
 137.50000    4.30434
 138.00000    4.30603
 138.50000    4.31103
 139.00000    4.31254
 139.50000    4.31454
 140.00000    4.31524
 140.50000    4.31227
 141.00000    4.31830
 141.50000    4.32480
 142.00000    4.33058
 142.50000    4.31691
 143.00000    4.31020
 143.50000    4.30675
 144.00000    4.31249
 144.50000    4.32033
 145.00000    4.33702
 145.50000    4.34339
 146.00000    4.34002
 146.50000    4.33356
 147.00000    4.33248
 147.50000    4.32956
 148.00000    4.32933
 148.50000    4.33724
 149.00000    4.33375
 149.50000    4.33249
 150.00000    4.34459
