   0.00000    1.39991
   0.50000    3.24186
   1.00000    3.48998
   1.50000    3.27017
   2.00000    3.23407
   2.50000    3.22101
   3.00000    3.25088
   3.50000    3.29024
   4.00000    3.31736
   4.50000    3.32529
   5.00000    3.34154
   5.50000    3.36327
   6.00000    3.37756
   6.50000    3.38818
   7.00000    3.39733
   7.50000    3.40482
   8.00000    3.41287
   8.50000    3.41940
   9.00000    3.42218
   9.50000    3.42519
  10.00000    3.43399
  10.50000    3.44208
  11.00000    3.44247
  11.50000    3.45123
  12.00000    3.45239
  12.50000    3.45589
  13.00000    3.45866
  13.50000    3.46487
  14.00000    3.46570
  14.50000    3.46792
  15.00000    3.47354
  15.50000    3.47448
  16.00000    3.47778
  16.50000    3.47787
  17.00000    3.48118
  17.50000    3.48666
  18.00000    3.49419
  18.50000    3.50640
  19.00000    3.51043
  19.50000    3.51444
  20.00000    3.51802
  20.50000    3.52796
  21.00000    3.53274
  21.50000    3.54630
  22.00000    3.56250
  22.50000    3.57154
  23.00000    3.57557
  23.50000    3.59254
  24.00000    3.61408
  24.50000    3.62622
  25.00000    3.63086
  25.50000    3.65109
  26.00000    3.68096
  26.50000    3.69909
  27.00000    3.71200
  27.50000    3.73715
  28.00000    3.78235
  28.50000    3.85188
  29.00000    3.90808
  29.50000    3.94711
  30.00000    3.99623
  30.50000    4.06079
  31.00000    4.11694
  31.50000    4.16129
  32.00000    4.20095
  32.50000    4.21358
  33.00000    4.21646
  33.50000    4.22514
  34.00000    4.22908
  34.50000    4.23379
  35.00000    4.23812
  35.50000    4.26346
  36.00000    4.29154
  36.50000    4.31168
  37.00000    4.31421
  37.50000    4.31000
  38.00000    4.30985
  38.50000    4.31664
  39.00000    4.32258
  39.50000    4.32173
  40.00000    4.32164
  40.50000    4.31446
  41.00000    4.29737
  41.50000    4.28815
  42.00000    4.29103
  42.50000    4.29067
  43.00000    4.28636
  43.50000    4.29015
  44.00000    4.29290
  44.50000    4.28915
  45.00000    4.27430
  45.50000    4.26761
  46.00000    4.25771
  46.50000    4.25128
  47.00000    4.24403
  47.50000    4.24993
  48.00000    4.25427
  48.50000    4.26639
  49.00000    4.27715
  49.50000    4.28845
  50.00000    4.28894
  50.50000    4.29364
  51.00000    4.30105
  51.50000    4.30830
  52.00000    4.31012
  52.50000    4.31024
  53.00000    4.31037
  53.50000    4.30258
  54.00000    4.30553
  54.50000    4.31222
  55.00000    4.31724
  55.50000    4.31424
  56.00000    4.31396
  56.50000    4.31568
  57.00000    4.31171
  57.50000    4.31064
  58.00000    4.31460
  58.50000    4.31445
  59.00000    4.30775
  59.50000    4.30839
  60.00000    4.31565
  60.50000    4.30845
  61.00000    4.30143
  61.50000    4.30183
  62.00000    4.30649
  62.50000    4.30697
  63.00000    4.31407
  63.50000    4.32069
  64.00000    4.31715
  64.50000    4.31485
  65.00000    4.31773
  65.50000    4.32171
  66.00000    4.32283
  66.50000    4.32144
  67.00000    4.32291
  67.50000    4.32420
  68.00000    4.32275
  68.50000    4.31861
  69.00000    4.32168
  69.50000    4.32062
  70.00000    4.31591
  70.50000    4.31143
  71.00000    4.30633
  71.50000    4.29608
  72.00000    4.30224
  72.50000    4.30780
  73.00000    4.30045
  73.50000    4.29547
  74.00000    4.29637
  74.50000    4.29998
  75.00000    4.29949
  75.50000    4.30678
  76.00000    4.30018
  76.50000    4.29904
  77.00000    4.30569
  77.50000    4.31285
  78.00000    4.30851
  78.50000    4.30541
  79.00000    4.30079
  79.50000    4.29419
  80.00000    4.29146
  80.50000    4.29054
  81.00000    4.28947
  81.50000    4.29438
  82.00000    4.30069
  82.50000    4.29517
  83.00000    4.29884
  83.50000    4.29270
  84.00000    4.28789
  84.50000    4.28073
  85.00000    4.28759
  85.50000    4.28662
  86.00000    4.29257
  86.50000    4.28865
  87.00000    4.28041
  87.50000    4.27195
  88.00000    4.27625
  88.50000    4.27892
  89.00000    4.28829
  89.50000    4.29312
  90.00000    4.29035
  90.50000    4.28099
  91.00000    4.27889
  91.50000    4.27768
  92.00000    4.27609
  92.50000    4.27398
  93.00000    4.26840
  93.50000    4.26009
  94.00000    4.26129
  94.50000    4.26967
  95.00000    4.27295
  95.50000    4.27445
  96.00000    4.26974
  96.50000    4.26626
  97.00000    4.26534
  97.50000    4.26315
  98.00000    4.25856
  98.50000    4.25009
  99.00000    4.24911
  99.50000    4.25101
 100.00000    4.25826
 100.50000    4.25249
 101.00000    4.24484
 101.50000    4.24480
 102.00000    4.24704
 102.50000    4.24488
 103.00000    4.24701
 103.50000    4.24614
 104.00000    4.24599
 104.50000    4.24586
 105.00000    4.24899
 105.50000    4.24085
 106.00000    4.23191
 106.50000    4.23491
 107.00000    4.23892
 107.50000    4.23197
 108.00000    4.22531
 108.50000    4.22980
 109.00000    4.22882
 109.50000    4.22574
 110.00000    4.22625
 110.50000    4.22990
 111.00000    4.22281
 111.50000    4.22453
 112.00000    4.22102
 112.50000    4.22180
 113.00000    4.22144
 113.50000    4.22277
 114.00000    4.21155
 114.50000    4.20896
 115.00000    4.21152
 115.50000    4.21265
 116.00000    4.21210
 116.50000    4.21376
 117.00000    4.20907
 117.50000    4.20720
 118.00000    4.20721
 118.50000    4.20641
 119.00000    4.20496
 119.50000    4.20412
 120.00000    4.19595
 120.50000    4.19565
 121.00000    4.20205
 121.50000    4.20122
 122.00000    4.19312
 122.50000    4.19042
 123.00000    4.19069
 123.50000    4.18813
 124.00000    4.18480
 124.50000    4.18103
 125.00000    4.18112
 125.50000    4.18265
 126.00000    4.18576
 126.50000    4.18209
 127.00000    4.18046
 127.50000    4.18448
 128.00000    4.18873
 128.50000    4.18444
 129.00000    4.17110
 129.50000    4.16848
 130.00000    4.17573
 130.50000    4.17792
 131.00000    4.17210
 131.50000    4.17067
 132.00000    4.17455
 132.50000    4.17236
 133.00000    4.17144
 133.50000    4.17048
 134.00000    4.17142
 134.50000    4.16441
 135.00000    4.16176
 135.50000    4.15820
 136.00000    4.16623
 136.50000    4.16581
 137.00000    4.16281
 137.50000    4.15346
 138.00000    4.15499
 138.50000    4.16650
 139.00000    4.16991
 139.50000    4.17021
 140.00000    4.16635
 140.50000    4.16471
 141.00000    4.15651
 141.50000    4.16036
 142.00000    4.16384
 142.50000    4.16963
 143.00000    4.16554
 143.50000    4.16570
 144.00000    4.16890
 144.50000    4.17195
 145.00000    4.17135
 145.50000    4.16682
 146.00000    4.16833
 146.50000    4.16752
 147.00000    4.17396
 147.50000    4.17320
 148.00000    4.17573
 148.50000    4.17637
 149.00000    4.17558
 149.50000    4.17035
 150.00000    4.17944
