   0.00000    1.44096
   0.50000    3.30148
   1.00000    3.55313
   1.50000    3.35137
   2.00000    3.34967
   2.50000    3.36765
   3.00000    3.38369
   3.50000    3.41176
   4.00000    3.44341
   4.50000    3.48241
   5.00000    3.48909
   5.50000    3.48906
   6.00000    3.48736
   6.50000    3.49515
   7.00000    3.50827
   7.50000    3.51108
   8.00000    3.49844
   8.50000    3.50029
   9.00000    3.52779
   9.50000    3.53990
  10.00000    3.53385
  10.50000    3.53857
  11.00000    3.55055
  11.50000    3.55971
  12.00000    3.56528
  12.50000    3.56715
  13.00000    3.56457
  13.50000    3.56833
  14.00000    3.57686
  14.50000    3.57664
  15.00000    3.57922
  15.50000    3.58209
  16.00000    3.59969
  16.50000    3.61278
  17.00000    3.62191
  17.50000    3.63856
  18.00000    3.63647
  18.50000    3.63185
  19.00000    3.63050
  19.50000    3.64969
  20.00000    3.64814
  20.50000    3.66391
  21.00000    3.67905
  21.50000    3.69547
  22.00000    3.70396
  22.50000    3.72619
  23.00000    3.75515
  23.50000    3.78050
  24.00000    3.80506
  24.50000    3.80664
  25.00000    3.81109
  25.50000    3.82465
  26.00000    3.84890
  26.50000    3.86952
  27.00000    3.86905
  27.50000    3.90377
  28.00000    3.96173
  28.50000    4.02224
  29.00000    4.05297
  29.50000    4.07964
  30.00000    4.09830
  30.50000    4.12827
  31.00000    4.16138
  31.50000    4.20059
  32.00000    4.22705
  32.50000    4.26162
  33.00000    4.28735
  33.50000    4.31086
  34.00000    4.33071
  34.50000    4.36967
  35.00000    4.41330
  35.50000    4.44381
  36.00000    4.46525
  36.50000    4.47440
  37.00000    4.47410
  37.50000    4.48231
  38.00000    4.49643
  38.50000    4.50932
  39.00000    4.51210
  39.50000    4.51774
  40.00000    4.52155
  40.50000    4.53180
  41.00000    4.53432
  41.50000    4.52656
  42.00000    4.53696
  42.50000    4.54943
  43.00000    4.55895
  43.50000    4.54994
  44.00000    4.54192
  44.50000    4.53438
  45.00000    4.52245
  45.50000    4.51016
  46.00000    4.50226
  46.50000    4.50980
  47.00000    4.52142
  47.50000    4.53000
  48.00000    4.52259
  48.50000    4.51502
  49.00000    4.50142
  49.50000    4.50712
  50.00000    4.50816
  50.50000    4.50848
  51.00000    4.49165
  51.50000    4.48393
  52.00000    4.47860
  52.50000    4.47767
  53.00000    4.48349
  53.50000    4.48200
  54.00000    4.47266
  54.50000    4.47236
  55.00000    4.47490
  55.50000    4.47461
  56.00000    4.45540
  56.50000    4.44839
  57.00000    4.44051
  57.50000    4.44286
  58.00000    4.44166
  58.50000    4.45262
  59.00000    4.45376
  59.50000    4.45229
  60.00000    4.45289
  60.50000    4.44396
  61.00000    4.43590
  61.50000    4.43554
  62.00000    4.45214
  62.50000    4.45802
  63.00000    4.46066
  63.50000    4.45524
  64.00000    4.45765
  64.50000    4.45750
  65.00000    4.45442
  65.50000    4.45571
  66.00000    4.44256
  66.50000    4.44476
  67.00000    4.44616
  67.50000    4.46107
  68.00000    4.43888
  68.50000    4.43620
  69.00000    4.43489
  69.50000    4.43809
  70.00000    4.42252
  70.50000    4.41483
  71.00000    4.40713
  71.50000    4.41706
  72.00000    4.42123
  72.50000    4.42063
  73.00000    4.41357
  73.50000    4.41430
  74.00000    4.41599
  74.50000    4.40805
  75.00000    4.41221
  75.50000    4.41055
  76.00000    4.41874
  76.50000    4.42049
  77.00000    4.41547
  77.50000    4.40503
  78.00000    4.40695
  78.50000    4.40720
  79.00000    4.40223
  79.50000    4.39187
  80.00000    4.39311
  80.50000    4.38321
  81.00000    4.37516
  81.50000    4.36746
  82.00000    4.37194
  82.50000    4.37272
  83.00000    4.38127
  83.50000    4.38128
  84.00000    4.36843
  84.50000    4.35600
  85.00000    4.36152
  85.50000    4.36353
  86.00000    4.35809
  86.50000    4.36034
  87.00000    4.35409
  87.50000    4.35660
  88.00000    4.35557
  88.50000    4.36185
  89.00000    4.34459
  89.50000    4.34105
  90.00000    4.33873
  90.50000    4.34626
  91.00000    4.33761
  91.50000    4.34012
  92.00000    4.33657
  92.50000    4.33636
  93.00000    4.33157
  93.50000    4.32812
  94.00000    4.32538
  94.50000    4.32498
  95.00000    4.32016
  95.50000    4.31026
  96.00000    4.31251
  96.50000    4.30699
  97.00000    4.30606
  97.50000    4.29944
  98.00000    4.30321
  98.50000    4.30319
  99.00000    4.31544
  99.50000    4.31362
 100.00000    4.30764
 100.50000    4.30278
 101.00000    4.29634
 101.50000    4.29199
 102.00000    4.29613
 102.50000    4.29425
 103.00000    4.28697
 103.50000    4.27378
 104.00000    4.27678
 104.50000    4.27220
 105.00000    4.26616
 105.50000    4.26022
 106.00000    4.26574
 106.50000    4.25792
 107.00000    4.25953
 107.50000    4.26546
 108.00000    4.27055
 108.50000    4.26492
 109.00000    4.25945
 109.50000    4.24858
 110.00000    4.24313
 110.50000    4.25038
 111.00000    4.24685
 111.50000    4.24202
 112.00000    4.24492
 112.50000    4.24512
 113.00000    4.23968
 113.50000    4.23558
 114.00000    4.24444
 114.50000    4.25167
 115.00000    4.23984
 115.50000    4.22548
 116.00000    4.22216
 116.50000    4.24073
 117.00000    4.23215
 117.50000    4.22851
 118.00000    4.22392
 118.50000    4.23307
 119.00000    4.22249
 119.50000    4.21160
 120.00000    4.21471
 120.50000    4.22915
 121.00000    4.24042
 121.50000    4.22800
 122.00000    4.22877
 122.50000    4.22741
 123.00000    4.23321
 123.50000    4.22433
 124.00000    4.22023
 124.50000    4.21171
 125.00000    4.20259
 125.50000    4.19696
 126.00000    4.20201
 126.50000    4.20387
 127.00000    4.20622
 127.50000    4.20656
 128.00000    4.20949
 128.50000    4.20738
 129.00000    4.21922
 129.50000    4.22957
 130.00000    4.21389
 130.50000    4.19722
 131.00000    4.19725
 131.50000    4.20509
 132.00000    4.20670
 132.50000    4.20313
 133.00000    4.20277
 133.50000    4.20241
 134.00000    4.20700
 134.50000    4.20724
 135.00000    4.20619
 135.50000    4.20885
 136.00000    4.20347
 136.50000    4.20533
 137.00000    4.20818
 137.50000    4.19992
 138.00000    4.18881
 138.50000    4.18814
 139.00000    4.21111
 139.50000    4.20391
 140.00000    4.20379
 140.50000    4.20353
 141.00000    4.21473
 141.50000    4.21605
 142.00000    4.22287
 142.50000    4.21915
 143.00000    4.21059
 143.50000    4.20044
 144.00000    4.21120
 144.50000    4.21028
 145.00000    4.21688
 145.50000    4.20885
 146.00000    4.21249
 146.50000    4.21926
 147.00000    4.23170
 147.50000    4.23412
 148.00000    4.23728
 148.50000    4.22942
 149.00000    4.21994
 149.50000    4.20711
 150.00000    4.22558
