   0.00000    1.31596
   0.50000    3.08733
   1.00000    3.40972
   1.50000    3.31174
   2.00000    3.36582
   2.50000    3.39857
   3.00000    3.41875
   3.50000    3.44067
   4.00000    3.46579
   4.50000    3.48725
   5.00000    3.48655
   5.50000    3.48567
   6.00000    3.49850
   6.50000    3.51179
   7.00000    3.52154
   7.50000    3.53314
   8.00000    3.53273
   8.50000    3.53074
   9.00000    3.53878
   9.50000    3.54169
  10.00000    3.54059
  10.50000    3.54583
  11.00000    3.55843
  11.50000    3.56701
  12.00000    3.56814
  12.50000    3.56793
  13.00000    3.56830
  13.50000    3.57551
  14.00000    3.57511
  14.50000    3.58009
  15.00000    3.59468
  15.50000    3.60292
  16.00000    3.60500
  16.50000    3.60815
  17.00000    3.62111
  17.50000    3.63584
  18.00000    3.64666
  18.50000    3.65445
  19.00000    3.65598
  19.50000    3.66109
  20.00000    3.67264
  20.50000    3.68942
  21.00000    3.69946
  21.50000    3.71084
  22.00000    3.72085
  22.50000    3.74279
  23.00000    3.77230
  23.50000    3.79123
  24.00000    3.79024
  24.50000    3.76550
  25.00000    3.74515
  25.50000    3.73511
  26.00000    3.76631
  26.50000    3.78092
  27.00000    3.78978
  27.50000    3.83499
  28.00000    3.90995
  28.50000    3.97378
  29.00000    4.00177
  29.50000    4.03071
  30.00000    4.03167
  30.50000    4.05093
  31.00000    4.08529
  31.50000    4.13779
  32.00000    4.16942
  32.50000    4.20899
  33.00000    4.23834
  33.50000    4.30619
  34.00000    4.35154
  34.50000    4.41293
  35.00000    4.43949
  35.50000    4.46306
  36.00000    4.46575
  36.50000    4.48698
  37.00000    4.50588
  37.50000    4.50941
  38.00000    4.51270
  38.50000    4.50374
  39.00000    4.50278
  39.50000    4.49735
  40.00000    4.48585
  40.50000    4.46884
  41.00000    4.46736
  41.50000    4.47043
  42.00000    4.46438
  42.50000    4.45505
  43.00000    4.45362
  43.50000    4.44522
  44.00000    4.43754
  44.50000    4.42529
  45.00000    4.43019
  45.50000    4.42440
  46.00000    4.43227
  46.50000    4.43266
  47.00000    4.44319
  47.50000    4.44545
  48.00000    4.45360
  48.50000    4.45607
  49.00000    4.44849
  49.50000    4.44914
  50.00000    4.45949
  50.50000    4.46339
  51.00000    4.45709
  51.50000    4.45758
  52.00000    4.46467
  52.50000    4.46014
  53.00000    4.45114
  53.50000    4.44956
  54.00000    4.45535
  54.50000    4.46870
  55.00000    4.46440
  55.50000    4.47238
  56.00000    4.46293
  56.50000    4.46217
  57.00000    4.46081
  57.50000    4.46804
  58.00000    4.46529
  58.50000    4.45661
  59.00000    4.47355
  59.50000    4.46166
  60.00000    4.45916
  60.50000    4.45076
  61.00000    4.46411
  61.50000    4.45202
  62.00000    4.44942
  62.50000    4.44964
  63.00000    4.44888
  63.50000    4.44289
  64.00000    4.42753
  64.50000    4.43014
  65.00000    4.43181
  65.50000    4.43789
  66.00000    4.42623
  66.50000    4.43432
  67.00000    4.42743
  67.50000    4.42422
  68.00000    4.41834
  68.50000    4.41613
  69.00000    4.40682
  69.50000    4.41454
  70.00000    4.41973
  70.50000    4.41896
  71.00000    4.41240
  71.50000    4.41620
  72.00000    4.41271
  72.50000    4.41411
  73.00000    4.42124
  73.50000    4.42017
  74.00000    4.41676
  74.50000    4.40334
  75.00000    4.41130
  75.50000    4.41118
  76.00000    4.40953
  76.50000    4.40159
  77.00000    4.40856
  77.50000    4.40836
  78.00000    4.39355
  78.50000    4.39378
  79.00000    4.39445
  79.50000    4.39960
  80.00000    4.39325
  80.50000    4.39703
  81.00000    4.39696
  81.50000    4.39893
  82.00000    4.39633
  82.50000    4.39256
  83.00000    4.39104
  83.50000    4.38959
  84.00000    4.39249
  84.50000    4.39445
  85.00000    4.39268
  85.50000    4.39180
  86.00000    4.39204
  86.50000    4.38685
  87.00000    4.37289
  87.50000    4.37095
  88.00000    4.37661
  88.50000    4.38110
  89.00000    4.36975
  89.50000    4.36331
  90.00000    4.36532
  90.50000    4.37790
  91.00000    4.38092
  91.50000    4.37295
  92.00000    4.36902
  92.50000    4.36440
  93.00000    4.36965
  93.50000    4.36978
  94.00000    4.37373
  94.50000    4.36198
  95.00000    4.35637
  95.50000    4.36486
  96.00000    4.37946
  96.50000    4.37387
  97.00000    4.36913
  97.50000    4.36148
  98.00000    4.36523
  98.50000    4.35190
  99.00000    4.35574
  99.50000    4.35755
 100.00000    4.36237
 100.50000    4.35290
 101.00000    4.35147
 101.50000    4.35294
 102.00000    4.35835
 102.50000    4.36073
 103.00000    4.36402
 103.50000    4.36115
 104.00000    4.35503
 104.50000    4.35367
 105.00000    4.34999
 105.50000    4.34458
 106.00000    4.33804
 106.50000    4.33609
 107.00000    4.34055
 107.50000    4.34626
 108.00000    4.35127
 108.50000    4.34395
 109.00000    4.34988
 109.50000    4.34982
 110.00000    4.34800
 110.50000    4.33696
 111.00000    4.33681
 111.50000    4.33819
 112.00000    4.34004
 112.50000    4.33388
 113.00000    4.32922
 113.50000    4.33829
 114.00000    4.35186
 114.50000    4.35339
 115.00000    4.34699
 115.50000    4.34372
 116.00000    4.33980
 116.50000    4.34119
 117.00000    4.34250
 117.50000    4.35562
 118.00000    4.34809
 118.50000    4.34463
 119.00000    4.34048
 119.50000    4.34228
 120.00000    4.33594
 120.50000    4.34103
 121.00000    4.34947
 121.50000    4.35041
 122.00000    4.34568
 122.50000    4.34819
 123.00000    4.35203
 123.50000    4.34435
 124.00000    4.34143
 124.50000    4.34863
 125.00000    4.35015
 125.50000    4.34727
 126.00000    4.34693
 126.50000    4.34879
 127.00000    4.33804
 127.50000    4.34582
 128.00000    4.35784
 128.50000    4.36273
 129.00000    4.35024
 129.50000    4.33899
 130.00000    4.34197
 130.50000    4.34728
 131.00000    4.35693
 131.50000    4.35758
 132.00000    4.35939
 132.50000    4.35635
 133.00000    4.34599
 133.50000    4.34704
 134.00000    4.35243
 134.50000    4.36811
 135.00000    4.35810
 135.50000    4.35594
 136.00000    4.35171
 136.50000    4.36365
 137.00000    4.36490
 137.50000    4.35491
 138.00000    4.34889
 138.50000    4.36077
 139.00000    4.37377
 139.50000    4.37124
 140.00000    4.37015
 140.50000    4.37822
 141.00000    4.36484
 141.50000    4.36206
 142.00000    4.36488
 142.50000    4.37383
 143.00000    4.35918
 143.50000    4.35587
 144.00000    4.36906
 144.50000    4.37450
 145.00000    4.37601
 145.50000    4.37485
 146.00000    4.38710
 146.50000    4.38939
 147.00000    4.39069
 147.50000    4.39411
 148.00000    4.38557
 148.50000    4.37986
 149.00000    4.37899
 149.50000    4.38911
 150.00000    4.38235
