   0.00000    1.46662
   0.50000    3.14820
   1.00000    3.40257
   1.50000    3.23734
   2.00000    3.23210
   2.50000    3.20839
   3.00000    3.20654
   3.50000    3.22659
   4.00000    3.26149
   4.50000    3.28122
   5.00000    3.28714
   5.50000    3.29162
   6.00000    3.30109
   6.50000    3.31005
   7.00000    3.31323
   7.50000    3.32027
   8.00000    3.32363
   8.50000    3.32596
   9.00000    3.33263
   9.50000    3.33828
  10.00000    3.33798
  10.50000    3.34531
  11.00000    3.35798
  11.50000    3.35767
  12.00000    3.35542
  12.50000    3.36201
  13.00000    3.37049
  13.50000    3.37188
  14.00000    3.37334
  14.50000    3.37943
  15.00000    3.38426
  15.50000    3.38378
  16.00000    3.38815
  16.50000    3.39279
  17.00000    3.40044
  17.50000    3.40677
  18.00000    3.41199
  18.50000    3.41328
  19.00000    3.41955
  19.50000    3.43024
  20.00000    3.43448
  20.50000    3.43565
  21.00000    3.44620
  21.50000    3.45938
  22.00000    3.46772
  22.50000    3.47962
  23.00000    3.49003
  23.50000    3.49427
  24.00000    3.49283
  24.50000    3.49361
  25.00000    3.49429
  25.50000    3.51056
  26.00000    3.53376
  26.50000    3.55458
  27.00000    3.58169
  27.50000    3.61246
  28.00000    3.63916
  28.50000    3.66088
  29.00000    3.67968
  29.50000    3.68271
  30.00000    3.68419
  30.50000    3.69778
  31.00000    3.71754
  31.50000    3.73546
  32.00000    3.74384
  32.50000    3.74587
  33.00000    3.74204
  33.50000    3.73979
  34.00000    3.73775
  34.50000    3.73574
  35.00000    3.74256
  35.50000    3.77512
  36.00000    3.81256
  36.50000    3.84568
  37.00000    3.87295
  37.50000    3.89669
  38.00000    3.90711
  38.50000    3.91604
  39.00000    3.93398
  39.50000    3.95285
  40.00000    3.96652
  40.50000    3.97849
  41.00000    3.99420
  41.50000    4.00738
  42.00000    4.01140
  42.50000    4.02338
  43.00000    4.04010
  43.50000    4.04968
  44.00000    4.05974
  44.50000    4.06691
  45.00000    4.07014
  45.50000    4.06748
  46.00000    4.07178
  46.50000    4.06860
  47.00000    4.06825
  47.50000    4.07118
  48.00000    4.07790
  48.50000    4.08226
  49.00000    4.10081
  49.50000    4.11576
  50.00000    4.12413
  50.50000    4.12851
  51.00000    4.14660
  51.50000    4.15829
  52.00000    4.16265
  52.50000    4.15555
  53.00000    4.15425
  53.50000    4.15677
  54.00000    4.16667
  54.50000    4.17056
  55.00000    4.18037
  55.50000    4.18501
  56.00000    4.18751
  56.50000    4.18659
  57.00000    4.19281
  57.50000    4.20247
  58.00000    4.21161
  58.50000    4.22010
  59.00000    4.21774
  59.50000    4.21946
  60.00000    4.23007
  60.50000    4.24382
  61.00000    4.24795
  61.50000    4.24179
  62.00000    4.23461
  62.50000    4.22982
  63.00000    4.23929
  63.50000    4.25323
  64.00000    4.25175
  64.50000    4.24686
  65.00000    4.24634
  65.50000    4.25830
  66.00000    4.25735
  66.50000    4.25976
  67.00000    4.25928
  67.50000    4.26487
  68.00000    4.26896
  68.50000    4.27371
  69.00000    4.27949
  69.50000    4.28538
  70.00000    4.28920
  70.50000    4.28393
  71.00000    4.27964
  71.50000    4.27859
  72.00000    4.28784
  72.50000    4.29529
  73.00000    4.29731
  73.50000    4.29068
  74.00000    4.29041
  74.50000    4.29628
  75.00000    4.29529
  75.50000    4.29143
  76.00000    4.28967
  76.50000    4.29822
  77.00000    4.29813
  77.50000    4.30011
  78.00000    4.29935
  78.50000    4.29867
  79.00000    4.29099
  79.50000    4.29572
  80.00000    4.29753
  80.50000    4.30300
  81.00000    4.30532
  81.50000    4.30479
  82.00000    4.30222
  82.50000    4.29566
  83.00000    4.30182
  83.50000    4.29846
  84.00000    4.29857
  84.50000    4.29636
  85.00000    4.29481
  85.50000    4.29244
  86.00000    4.29229
  86.50000    4.29424
  87.00000    4.29220
  87.50000    4.28246
  88.00000    4.28435
  88.50000    4.29251
  89.00000    4.29960
  89.50000    4.29345
  90.00000    4.28753
  90.50000    4.28997
  91.00000    4.28875
  91.50000    4.28419
  92.00000    4.28244
  92.50000    4.27876
  93.00000    4.27700
  93.50000    4.27406
  94.00000    4.27599
  94.50000    4.27229
  95.00000    4.26596
  95.50000    4.26735
  96.00000    4.27423
  96.50000    4.27431
  97.00000    4.26977
  97.50000    4.26209
  98.00000    4.26215
  98.50000    4.26382
  99.00000    4.26804
  99.50000    4.26235
 100.00000    4.25887
 100.50000    4.25383
 101.00000    4.25262
 101.50000    4.24609
 102.00000    4.24784
 102.50000    4.24790
 103.00000    4.25149
 103.50000    4.24954
 104.00000    4.24994
 104.50000    4.24698
 105.00000    4.23780
 105.50000    4.23485
 106.00000    4.23545
 106.50000    4.23926
 107.00000    4.22986
 107.50000    4.23117
 108.00000    4.22987
 108.50000    4.22784
 109.00000    4.21643
 109.50000    4.21632
 110.00000    4.22244
 110.50000    4.22473
 111.00000    4.21991
 111.50000    4.21365
 112.00000    4.21618
 112.50000    4.21462
 113.00000    4.21155
 113.50000    4.21094
 114.00000    4.21457
 114.50000    4.20708
 115.00000    4.20290
 115.50000    4.20936
 116.00000    4.21350
 116.50000    4.20487
 117.00000    4.19184
 117.50000    4.19118
 118.00000    4.19580
 118.50000    4.20067
 119.00000    4.19689
 119.50000    4.19851
 120.00000    4.19613
 120.50000    4.19146
 121.00000    4.18597
 121.50000    4.18654
 122.00000    4.18674
 122.50000    4.18298
 123.00000    4.18223
 123.50000    4.17801
 124.00000    4.18044
 124.50000    4.17792
 125.00000    4.17454
 125.50000    4.17303
 126.00000    4.17466
 126.50000    4.17540
 127.00000    4.16824
 127.50000    4.16790
 128.00000    4.16687
 128.50000    4.16707
 129.00000    4.16372
 129.50000    4.15450
 130.00000    4.15208
 130.50000    4.15265
 131.00000    4.16083
 131.50000    4.15765
 132.00000    4.16076
 132.50000    4.15760
 133.00000    4.15571
 133.50000    4.15472
 134.00000    4.15636
 134.50000    4.15445
 135.00000    4.15249
 135.50000    4.15018
 136.00000    4.14484
 136.50000    4.14530
 137.00000    4.14901
 137.50000    4.14878
 138.00000    4.14847
 138.50000    4.14626
 139.00000    4.14491
 139.50000    4.15027
 140.00000    4.15104
 140.50000    4.14722
 141.00000    4.13996
 141.50000    4.14920
 142.00000    4.14906
 142.50000    4.14723
 143.00000    4.14184
 143.50000    4.14762
 144.00000    4.15107
 144.50000    4.15574
 145.00000    4.15791
 145.50000    4.15845
 146.00000    4.15499
 146.50000    4.15659
 147.00000    4.15405
 147.50000    4.15361
 148.00000    4.15197
 148.50000    4.15642
 149.00000    4.15540
 149.50000    4.15476
 150.00000    4.15665
