   0.00000    1.51904
   0.50000    3.04165
   1.00000    3.34553
   1.50000    3.26148
   2.00000    3.29459
   2.50000    3.31288
   3.00000    3.32263
   3.50000    3.32657
   4.00000    3.35088
   4.50000    3.38331
   5.00000    3.40263
   5.50000    3.40629
   6.00000    3.41752
   6.50000    3.43341
   7.00000    3.44240
   7.50000    3.43909
   8.00000    3.44479
   8.50000    3.45354
   9.00000    3.45717
   9.50000    3.46093
  10.00000    3.46369
  10.50000    3.46915
  11.00000    3.47232
  11.50000    3.48085
  12.00000    3.48937
  12.50000    3.49161
  13.00000    3.49279
  13.50000    3.49793
  14.00000    3.50519
  14.50000    3.50593
  15.00000    3.50911
  15.50000    3.51144
  16.00000    3.50955
  16.50000    3.51247
  17.00000    3.51774
  17.50000    3.52434
  18.00000    3.52753
  18.50000    3.52736
  19.00000    3.52991
  19.50000    3.53387
  20.00000    3.53799
  20.50000    3.53609
  21.00000    3.54143
  21.50000    3.54703
  22.00000    3.54874
  22.50000    3.54710
  23.00000    3.54828
  23.50000    3.54884
  24.00000    3.54726
  24.50000    3.54312
  25.00000    3.54091
  25.50000    3.53936
  26.00000    3.54455
  26.50000    3.54482
  27.00000    3.54343
  27.50000    3.53956
  28.00000    3.54089
  28.50000    3.54012
  29.00000    3.54640
  29.50000    3.55995
  30.00000    3.57345
  30.50000    3.58050
  31.00000    3.58650
  31.50000    3.59126
  32.00000    3.60232
  32.50000    3.61101
  33.00000    3.61579
  33.50000    3.61663
  34.00000    3.64037
  34.50000    3.66954
  35.00000    3.69775
  35.50000    3.73745
  36.00000    3.79081
  36.50000    3.83678
  37.00000    3.87641
  37.50000    3.91723
  38.00000    3.94738
  38.50000    3.97451
  39.00000    4.00335
  39.50000    4.03869
  40.00000    4.06831
  40.50000    4.09736
  41.00000    4.11846
  41.50000    4.13655
  42.00000    4.14465
  42.50000    4.14979
  43.00000    4.15125
  43.50000    4.15034
  44.00000    4.15143
  44.50000    4.15920
  45.00000    4.16779
  45.50000    4.18072
  46.00000    4.19854
  46.50000    4.21338
  47.00000    4.21892
  47.50000    4.22687
  48.00000    4.23666
  48.50000    4.24315
  49.00000    4.25228
  49.50000    4.26394
  50.00000    4.27615
  50.50000    4.27938
  51.00000    4.28880
  51.50000    4.29437
  52.00000    4.29814
  52.50000    4.29406
  53.00000    4.29268
  53.50000    4.29154
  54.00000    4.28692
  54.50000    4.28836
  55.00000    4.29004
  55.50000    4.29163
  56.00000    4.28345
  56.50000    4.27876
  57.00000    4.27896
  57.50000    4.27974
  58.00000    4.27814
  58.50000    4.27629
  59.00000    4.27658
  59.50000    4.27165
  60.00000    4.27033
  60.50000    4.27237
  61.00000    4.27094
  61.50000    4.26586
  62.00000    4.26587
  62.50000    4.26958
  63.00000    4.26871
  63.50000    4.26408
  64.00000    4.26094
  64.50000    4.26069
  65.00000    4.25829
  65.50000    4.25085
  66.00000    4.25150
  66.50000    4.25467
  67.00000    4.25931
  67.50000    4.25667
  68.00000    4.25606
  68.50000    4.25658
  69.00000    4.25850
  69.50000    4.25212
  70.00000    4.24662
  70.50000    4.24751
  71.00000    4.25167
  71.50000    4.25081
  72.00000    4.25063
  72.50000    4.25246
  73.00000    4.25506
  73.50000    4.25855
  74.00000    4.25612
  74.50000    4.25026
  75.00000    4.24923
  75.50000    4.25317
  76.00000    4.25149
  76.50000    4.24836
  77.00000    4.24679
  77.50000    4.24958
  78.00000    4.24800
  78.50000    4.25139
  79.00000    4.24978
  79.50000    4.25076
  80.00000    4.25033
  80.50000    4.25092
  81.00000    4.24867
  81.50000    4.24673
  82.00000    4.24946
  82.50000    4.24864
  83.00000    4.24601
  83.50000    4.24568
  84.00000    4.24907
  84.50000    4.25041
  85.00000    4.25293
  85.50000    4.25506
  86.00000    4.25381
  86.50000    4.24687
  87.00000    4.24497
  87.50000    4.24841
  88.00000    4.25396
  88.50000    4.25329
  89.00000    4.24961
  89.50000    4.24863
  90.00000    4.25149
  90.50000    4.25367
  91.00000    4.25549
  91.50000    4.25935
  92.00000    4.26655
  92.50000    4.26983
  93.00000    4.26427
  93.50000    4.26029
  94.00000    4.26000
  94.50000    4.26151
  95.00000    4.26515
  95.50000    4.26881
  96.00000    4.27105
  96.50000    4.26855
  97.00000    4.27039
  97.50000    4.27260
  98.00000    4.27458
  98.50000    4.27575
  99.00000    4.27546
  99.50000    4.28022
 100.00000    4.28004
 100.50000    4.28128
 101.00000    4.28204
 101.50000    4.28764
 102.00000    4.28880
 102.50000    4.28870
 103.00000    4.28661
 103.50000    4.29156
 104.00000    4.29007
 104.50000    4.29172
 105.00000    4.29324
 105.50000    4.29600
 106.00000    4.29658
 106.50000    4.29742
 107.00000    4.29959
 107.50000    4.30294
 108.00000    4.31158
 108.50000    4.31020
 109.00000    4.30638
 109.50000    4.30858
 110.00000    4.31410
 110.50000    4.31722
 111.00000    4.32159
 111.50000    4.32767
 112.00000    4.32823
 112.50000    4.33166
 113.00000    4.33129
 113.50000    4.33173
 114.00000    4.33116
 114.50000    4.33592
 115.00000    4.33748
 115.50000    4.34106
 116.00000    4.34631
 116.50000    4.35273
 117.00000    4.35098
 117.50000    4.35199
 118.00000    4.35004
 118.50000    4.35593
 119.00000    4.35838
 119.50000    4.36558
 120.00000    4.36521
 120.50000    4.36545
 121.00000    4.36372
 121.50000    4.36777
 122.00000    4.37191
 122.50000    4.37623
 123.00000    4.38043
 123.50000    4.38475
 124.00000    4.38580
 124.50000    4.38546
 125.00000    4.39070
 125.50000    4.39923
 126.00000    4.40478
 126.50000    4.40352
 127.00000    4.39971
 127.50000    4.40131
 128.00000    4.40753
 128.50000    4.41200
 129.00000    4.41339
 129.50000    4.41848
 130.00000    4.42284
 130.50000    4.42583
 131.00000    4.42614
 131.50000    4.42367
 132.00000    4.42627
 132.50000    4.43252
 133.00000    4.43441
 133.50000    4.43627
 134.00000    4.44057
 134.50000    4.44438
 135.00000    4.44455
 135.50000    4.45009
 136.00000    4.44946
 136.50000    4.45297
 137.00000    4.45757
 137.50000    4.46012
 138.00000    4.46121
 138.50000    4.46765
 139.00000    4.47001
 139.50000    4.46774
 140.00000    4.46757
 140.50000    4.47129
 141.00000    4.47450
 141.50000    4.48020
 142.00000    4.48157
 142.50000    4.48184
 143.00000    4.48098
 143.50000    4.48486
 144.00000    4.48846
 144.50000    4.49347
 145.00000    4.49017
 145.50000    4.49569
 146.00000    4.49571
 146.50000    4.49840
 147.00000    4.49541
 147.50000    4.50191
 148.00000    4.50425
 148.50000    4.50373
 149.00000    4.50598
 149.50000    4.51119
 150.00000    4.51832
