   0.00000    1.44703
   0.50000    3.19374
   1.00000    3.46462
   1.50000    3.34973
   2.00000    3.42262
   2.50000    3.45787
   3.00000    3.46442
   3.50000    3.46572
   4.00000    3.48476
   4.50000    3.51568
   5.00000    3.53467
   5.50000    3.52780
   6.00000    3.53645
   6.50000    3.54521
   7.00000    3.55377
   7.50000    3.54872
   8.00000    3.53949
   8.50000    3.54344
   9.00000    3.56024
   9.50000    3.55892
  10.00000    3.54683
  10.50000    3.53977
  11.00000    3.54513
  11.50000    3.55100
  12.00000    3.56511
  12.50000    3.56280
  13.00000    3.54773
  13.50000    3.54424
  14.00000    3.55475
  14.50000    3.56474
  15.00000    3.56944
  15.50000    3.57496
  16.00000    3.57673
  16.50000    3.57756
  17.00000    3.58759
  17.50000    3.61119
  18.00000    3.62437
  18.50000    3.62314
  19.00000    3.61462
  19.50000    3.61095
  20.00000    3.61479
  20.50000    3.63952
  21.00000    3.64935
  21.50000    3.65887
  22.00000    3.66053
  22.50000    3.67507
  23.00000    3.68919
  23.50000    3.72485
  24.00000    3.75273
  24.50000    3.74157
  25.00000    3.73259
  25.50000    3.74216
  26.00000    3.75063
  26.50000    3.73081
  27.00000    3.72263
  27.50000    3.76354
  28.00000    3.82109
  28.50000    3.88009
  29.00000    3.94219
  29.50000    4.00603
  30.00000    4.04623
  30.50000    4.06708
  31.00000    4.09851
  31.50000    4.12674
  32.00000    4.16510
  32.50000    4.21198
  33.00000    4.26946
  33.50000    4.33214
  34.00000    4.38784
  34.50000    4.45058
  35.00000    4.48833
  35.50000    4.52183
  36.00000    4.53766
  36.50000    4.55105
  37.00000    4.56032
  37.50000    4.57179
  38.00000    4.57609
  38.50000    4.55805
  39.00000    4.56229
  39.50000    4.57085
  40.00000    4.57010
  40.50000    4.55082
  41.00000    4.55008
  41.50000    4.55086
  42.00000    4.55459
  42.50000    4.55665
  43.00000    4.57061
  43.50000    4.57159
  44.00000    4.56056
  44.50000    4.54921
  45.00000    4.53647
  45.50000    4.51982
  46.00000    4.50640
  46.50000    4.50580
  47.00000    4.49719
  47.50000    4.50377
  48.00000    4.50792
  48.50000    4.50983
  49.00000    4.49453
  49.50000    4.49995
  50.00000    4.51556
  50.50000    4.52556
  51.00000    4.52420
  51.50000    4.51378
  52.00000    4.51834
  52.50000    4.51445
  53.00000    4.51872
  53.50000    4.52293
  54.00000    4.52276
  54.50000    4.52865
  55.00000    4.53524
  55.50000    4.55011
  56.00000    4.54641
  56.50000    4.52658
  57.00000    4.51895
  57.50000    4.52227
  58.00000    4.53299
  58.50000    4.52117
  59.00000    4.50648
  59.50000    4.50055
  60.00000    4.49874
  60.50000    4.50017
  61.00000    4.50038
  61.50000    4.50174
  62.00000    4.49289
  62.50000    4.49240
  63.00000    4.49504
  63.50000    4.49338
  64.00000    4.48968
  64.50000    4.50385
  65.00000    4.50694
  65.50000    4.51231
  66.00000    4.51349
  66.50000    4.50941
  67.00000    4.49793
  67.50000    4.49165
  68.00000    4.49385
  68.50000    4.48707
  69.00000    4.49098
  69.50000    4.50018
  70.00000    4.50566
  70.50000    4.50310
  71.00000    4.48795
  71.50000    4.48023
  72.00000    4.48162
  72.50000    4.49602
  73.00000    4.50052
  73.50000    4.50003
  74.00000    4.50204
  74.50000    4.50488
  75.00000    4.51114
  75.50000    4.50615
  76.00000    4.50109
  76.50000    4.50117
  77.00000    4.50312
  77.50000    4.50663
  78.00000    4.50958
  78.50000    4.50627
  79.00000    4.50213
  79.50000    4.50349
  80.00000    4.50390
  80.50000    4.49276
  81.00000    4.48385
  81.50000    4.48770
  82.00000    4.49217
  82.50000    4.49724
  83.00000    4.50023
  83.50000    4.50724
  84.00000    4.50381
  84.50000    4.49686
  85.00000    4.49885
  85.50000    4.49416
  86.00000    4.49413
  86.50000    4.50161
  87.00000    4.50012
  87.50000    4.49424
  88.00000    4.49986
  88.50000    4.51486
  89.00000    4.50561
  89.50000    4.50954
  90.00000    4.51400
  90.50000    4.50887
  91.00000    4.49841
  91.50000    4.49875
  92.00000    4.50176
  92.50000    4.49726
  93.00000    4.49831
  93.50000    4.48943
  94.00000    4.48736
  94.50000    4.47696
  95.00000    4.47722
  95.50000    4.48208
  96.00000    4.49893
  96.50000    4.48903
  97.00000    4.48021
  97.50000    4.47326
  98.00000    4.48674
  98.50000    4.48040
  99.00000    4.48054
  99.50000    4.48005
 100.00000    4.47996
 100.50000    4.47433
 101.00000    4.46539
 101.50000    4.47587
 102.00000    4.47914
 102.50000    4.47360
 103.00000    4.46162
 103.50000    4.46490
 104.00000    4.46957
 104.50000    4.47173
 105.00000    4.46185
 105.50000    4.44341
 106.00000    4.43051
 106.50000    4.42957
 107.00000    4.43695
 107.50000    4.43905
 108.00000    4.44536
 108.50000    4.43902
 109.00000    4.44130
 109.50000    4.44634
 110.00000    4.45005
 110.50000    4.45072
 111.00000    4.44346
 111.50000    4.43776
 112.00000    4.43531
 112.50000    4.43962
 113.00000    4.43718
 113.50000    4.41666
 114.00000    4.41964
 114.50000    4.43398
 115.00000    4.43253
 115.50000    4.41858
 116.00000    4.41112
 116.50000    4.42494
 117.00000    4.41924
 117.50000    4.41889
 118.00000    4.40889
 118.50000    4.41057
 119.00000    4.40842
 119.50000    4.40697
 120.00000    4.40389
 120.50000    4.40768
 121.00000    4.40793
 121.50000    4.39937
 122.00000    4.40238
 122.50000    4.40400
 123.00000    4.39908
 123.50000    4.38514
 124.00000    4.38953
 124.50000    4.38193
 125.00000    4.36982
 125.50000    4.36416
 126.00000    4.36622
 126.50000    4.36515
 127.00000    4.37648
 127.50000    4.38053
 128.00000    4.36933
 128.50000    4.35866
 129.00000    4.35827
 129.50000    4.37189
 130.00000    4.37438
 130.50000    4.37894
 131.00000    4.37003
 131.50000    4.37375
 132.00000    4.36525
 132.50000    4.35409
 133.00000    4.35694
 133.50000    4.35810
 134.00000    4.35159
 134.50000    4.34969
 135.00000    4.34881
 135.50000    4.34936
 136.00000    4.34707
 136.50000    4.34881
 137.00000    4.35173
 137.50000    4.35079
 138.00000    4.34486
 138.50000    4.34328
 139.00000    4.35965
 139.50000    4.35447
 140.00000    4.34286
 140.50000    4.34534
 141.00000    4.34418
 141.50000    4.34467
 142.00000    4.34141
 142.50000    4.35167
 143.00000    4.33585
 143.50000    4.33742
 144.00000    4.33941
 144.50000    4.34588
 145.00000    4.33497
 145.50000    4.33846
 146.00000    4.34092
 146.50000    4.34688
 147.00000    4.34174
 147.50000    4.33678
 148.00000    4.33265
 148.50000    4.34091
 149.00000    4.33744
 149.50000    4.32400
 150.00000    4.33490
