   0.00000    1.26779
   0.50000    2.32080
   1.00000    2.87330
   1.50000    3.12003
   2.00000    3.22372
   2.50000    3.24857
   3.00000    3.27979
   3.50000    3.32717
   4.00000    3.35549
   4.50000    3.38271
   5.00000    3.39844
   5.50000    3.42088
   6.00000    3.44296
   6.50000    3.47162
   7.00000    3.47951
   7.50000    3.49307
   8.00000    3.50670
   8.50000    3.52516
   9.00000    3.52073
   9.50000    3.52187
  10.00000    3.50898
  10.50000    3.50367
  11.00000    3.51817
  11.50000    3.53648
  12.00000    3.54182
  12.50000    3.53358
  13.00000    3.52909
  13.50000    3.53150
  14.00000    3.54178
  14.50000    3.56400
  15.00000    3.55978
  15.50000    3.56527
  16.00000    3.55966
  16.50000    3.56062
  17.00000    3.55779
  17.50000    3.56973
  18.00000    3.58072
  18.50000    3.59032
  19.00000    3.59832
  19.50000    3.60044
  20.00000    3.60965
  20.50000    3.61484
  21.00000    3.62192
  21.50000    3.63726
  22.00000    3.65828
  22.50000    3.67915
  23.00000    3.72012
  23.50000    3.76522
  24.00000    3.80269
  24.50000    3.82578
  25.00000    3.87713
  25.50000    3.91796
  26.00000    3.98171
  26.50000    4.04118
  27.00000    4.12016
  27.50000    4.17610
  28.00000    4.23043
  28.50000    4.25078
  29.00000    4.25909
  29.50000    4.28513
  30.00000    4.34608
  30.50000    4.37405
  31.00000    4.38318
  31.50000    4.39545
  32.00000    4.45052
  32.50000    4.47691
  33.00000    4.49880
  33.50000    4.51527
  34.00000    4.52860
  34.50000    4.51527
  35.00000    4.49942
  35.50000    4.49952
  36.00000    4.49461
  36.50000    4.48296
  37.00000    4.48076
  37.50000    4.44816
  38.00000    4.42062
  38.50000    4.39508
  39.00000    4.39053
  39.50000    4.37206
  40.00000    4.36758
  40.50000    4.36752
  41.00000    4.37288
  41.50000    4.37377
  42.00000    4.37212
  42.50000    4.36819
  43.00000    4.38700
  43.50000    4.40754
  44.00000    4.45434
  44.50000    4.45841
  45.00000    4.44922
  45.50000    4.44511
  46.00000    4.45331
  46.50000    4.44574
  47.00000    4.43787
  47.50000    4.44929
  48.00000    4.45098
  48.50000    4.47222
  49.00000    4.48184
  49.50000    4.47264
  50.00000    4.46159
  50.50000    4.46230
  51.00000    4.46663
  51.50000    4.46607
  52.00000    4.46238
  52.50000    4.45184
  53.00000    4.42779
  53.50000    4.41029
  54.00000    4.40058
  54.50000    4.41425
  55.00000    4.42769
  55.50000    4.42825
  56.00000    4.42567
  56.50000    4.42591
  57.00000    4.42371
  57.50000    4.41370
  58.00000    4.40323
  58.50000    4.39209
  59.00000    4.37683
  59.50000    4.36910
  60.00000    4.37223
  60.50000    4.37369
  61.00000    4.36484
  61.50000    4.35216
  62.00000    4.34410
  62.50000    4.34475
  63.00000    4.35297
  63.50000    4.36069
  64.00000    4.36339
  64.50000    4.35869
  65.00000    4.34419
  65.50000    4.33694
  66.00000    4.35237
  66.50000    4.34715
  67.00000    4.33478
  67.50000    4.33711
  68.00000    4.35756
  68.50000    4.35426
  69.00000    4.34994
  69.50000    4.33231
  70.00000    4.32230
  70.50000    4.31898
  71.00000    4.34060
  71.50000    4.33986
  72.00000    4.34111
  72.50000    4.34193
  73.00000    4.35323
  73.50000    4.35335
  74.00000    4.35094
  74.50000    4.36104
  75.00000    4.37106
  75.50000    4.36743
  76.00000    4.35133
  76.50000    4.36324
  77.00000    4.38431
  77.50000    4.39123
  78.00000    4.37899
  78.50000    4.37934
  79.00000    4.39250
  79.50000    4.38967
  80.00000    4.39254
  80.50000    4.38302
  81.00000    4.39820
  81.50000    4.40089
  82.00000    4.42602
  82.50000    4.42812
  83.00000    4.42045
  83.50000    4.41368
  84.00000    4.42393
  84.50000    4.44376
  85.00000    4.44964
  85.50000    4.45533
  86.00000    4.45440
  86.50000    4.46584
  87.00000    4.47497
  87.50000    4.48021
  88.00000    4.47769
  88.50000    4.48666
  89.00000    4.49704
  89.50000    4.49578
  90.00000    4.49079
  90.50000    4.48293
  91.00000    4.48402
  91.50000    4.49522
  92.00000    4.50842
  92.50000    4.51052
  93.00000    4.50469
  93.50000    4.51159
  94.00000    4.51085
  94.50000    4.51642
  95.00000    4.52204
  95.50000    4.53363
  96.00000    4.53456
  96.50000    4.54583
  97.00000    4.56014
  97.50000    4.56815
  98.00000    4.56073
  98.50000    4.54165
  99.00000    4.52823
  99.50000    4.53794
 100.00000    4.56028
 100.50000    4.57576
 101.00000    4.57865
 101.50000    4.57402
 102.00000    4.55956
 102.50000    4.55122
 103.00000    4.56554
 103.50000    4.58418
 104.00000    4.59921
 104.50000    4.60590
 105.00000    4.59791
 105.50000    4.58479
 106.00000    4.57542
 106.50000    4.58861
 107.00000    4.59717
 107.50000    4.59811
 108.00000    4.60137
 108.50000    4.61031
 109.00000    4.61614
 109.50000    4.62047
 110.00000    4.62680
 110.50000    4.62680
 111.00000    4.62272
 111.50000    4.61988
 112.00000    4.61655
 112.50000    4.62661
 113.00000    4.64338
 113.50000    4.64596
 114.00000    4.62777
 114.50000    4.61902
 115.00000    4.62940
 115.50000    4.64341
 116.00000    4.63514
 116.50000    4.64208
 117.00000    4.64026
 117.50000    4.64284
 118.00000    4.64782
 118.50000    4.65670
 119.00000    4.65230
 119.50000    4.64317
 120.00000    4.64375
 120.50000    4.64663
 121.00000    4.66145
 121.50000    4.66903
 122.00000    4.65308
 122.50000    4.64698
 123.00000    4.64640
 123.50000    4.66064
 124.00000    4.65948
 124.50000    4.65932
 125.00000    4.65322
 125.50000    4.65562
 126.00000    4.65891
 126.50000    4.65656
 127.00000    4.65619
 127.50000    4.67436
 128.00000    4.68132
 128.50000    4.67880
 129.00000    4.66757
 129.50000    4.67691
 130.00000    4.67226
 130.50000    4.67090
 131.00000    4.66448
 131.50000    4.66985
 132.00000    4.67092
 132.50000    4.67798
 133.00000    4.67350
 133.50000    4.68357
 134.00000    4.67832
 134.50000    4.67337
 135.00000    4.65785
 135.50000    4.65856
 136.00000    4.66039
 136.50000    4.66741
 137.00000    4.67086
 137.50000    4.66254
 138.00000    4.65792
 138.50000    4.66320
 139.00000    4.66994
 139.50000    4.68054
 140.00000    4.67619
 140.50000    4.67054
 141.00000    4.65518
 141.50000    4.66334
 142.00000    4.66201
 142.50000    4.66689
 143.00000    4.66205
 143.50000    4.66748
 144.00000    4.66310
 144.50000    4.65354
 145.00000    4.64878
 145.50000    4.64871
 146.00000    4.65671
 146.50000    4.66420
 147.00000    4.67590
 147.50000    4.66938
 148.00000    4.66088
 148.50000    4.65224
 149.00000    4.65930
 149.50000    4.66402
 150.00000    4.65485
