   0.00000    1.38546
   0.50000    3.15747
   1.00000    3.48228
   1.50000    3.36398
   2.00000    3.40238
   2.50000    3.41069
   3.00000    3.42192
   3.50000    3.45042
   4.00000    3.48102
   4.50000    3.49518
   5.00000    3.48584
   5.50000    3.48930
   6.00000    3.49944
   6.50000    3.51286
   7.00000    3.51796
   7.50000    3.51430
   8.00000    3.50998
   8.50000    3.52386
   9.00000    3.54318
   9.50000    3.54481
  10.00000    3.53622
  10.50000    3.54747
  11.00000    3.56200
  11.50000    3.57320
  12.00000    3.57333
  12.50000    3.57354
  13.00000    3.57314
  13.50000    3.58608
  14.00000    3.59293
  14.50000    3.59106
  15.00000    3.60305
  15.50000    3.60325
  16.00000    3.61411
  16.50000    3.62387
  17.00000    3.64605
  17.50000    3.65775
  18.00000    3.66464
  18.50000    3.66166
  19.00000    3.65711
  19.50000    3.66624
  20.00000    3.68022
  20.50000    3.70305
  21.00000    3.71044
  21.50000    3.71301
  22.00000    3.71865
  22.50000    3.76031
  23.00000    3.79569
  23.50000    3.80441
  24.00000    3.78970
  24.50000    3.76054
  25.00000    3.73354
  25.50000    3.71088
  26.00000    3.69481
  26.50000    3.67660
  27.00000    3.66825
  27.50000    3.72046
  28.00000    3.78647
  28.50000    3.85437
  29.00000    3.88434
  29.50000    3.91485
  30.00000    3.93078
  30.50000    3.96051
  31.00000    3.99727
  31.50000    4.04166
  32.00000    4.08021
  32.50000    4.12894
  33.00000    4.16483
  33.50000    4.22599
  34.00000    4.27347
  34.50000    4.33601
  35.00000    4.37980
  35.50000    4.42680
  36.00000    4.45854
  36.50000    4.48232
  37.00000    4.49697
  37.50000    4.50793
  38.00000    4.52641
  38.50000    4.54086
  39.00000    4.54647
  39.50000    4.54320
  40.00000    4.52576
  40.50000    4.51919
  41.00000    4.52417
  41.50000    4.53901
  42.00000    4.53909
  42.50000    4.53116
  43.00000    4.52932
  43.50000    4.52934
  44.00000    4.52451
  44.50000    4.51259
  45.00000    4.50875
  45.50000    4.49846
  46.00000    4.50878
  46.50000    4.50582
  47.00000    4.50863
  47.50000    4.50940
  48.00000    4.52180
  48.50000    4.51149
  49.00000    4.50356
  49.50000    4.50707
  50.00000    4.52101
  50.50000    4.52325
  51.00000    4.52218
  51.50000    4.51893
  52.00000    4.52652
  52.50000    4.52481
  53.00000    4.50760
  53.50000    4.50162
  54.00000    4.51160
  54.50000    4.52188
  55.00000    4.51297
  55.50000    4.51946
  56.00000    4.51120
  56.50000    4.50893
  57.00000    4.50639
  57.50000    4.51302
  58.00000    4.49788
  58.50000    4.49118
  59.00000    4.50213
  59.50000    4.49873
  60.00000    4.49767
  60.50000    4.48446
  61.00000    4.48995
  61.50000    4.47948
  62.00000    4.48138
  62.50000    4.47038
  63.00000    4.47486
  63.50000    4.46800
  64.00000    4.45431
  64.50000    4.45911
  65.00000    4.46735
  65.50000    4.46210
  66.00000    4.43915
  66.50000    4.45687
  67.00000    4.45941
  67.50000    4.45795
  68.00000    4.44309
  68.50000    4.44932
  69.00000    4.44758
  69.50000    4.44060
  70.00000    4.44223
  70.50000    4.44665
  71.00000    4.44815
  71.50000    4.44323
  72.00000    4.45327
  72.50000    4.45874
  73.00000    4.46006
  73.50000    4.44202
  74.00000    4.43333
  74.50000    4.42582
  75.00000    4.43296
  75.50000    4.43277
  76.00000    4.43805
  76.50000    4.43433
  77.00000    4.43001
  77.50000    4.41987
  78.00000    4.40852
  78.50000    4.41191
  79.00000    4.41594
  79.50000    4.41414
  80.00000    4.41074
  80.50000    4.41622
  81.00000    4.41338
  81.50000    4.40663
  82.00000    4.40409
  82.50000    4.39734
  83.00000    4.39978
  83.50000    4.38801
  84.00000    4.38622
  84.50000    4.37825
  85.00000    4.38863
  85.50000    4.38143
  86.00000    4.38169
  86.50000    4.37411
  87.00000    4.36354
  87.50000    4.35368
  88.00000    4.35534
  88.50000    4.36125
  89.00000    4.34777
  89.50000    4.33906
  90.00000    4.33828
  90.50000    4.35406
  91.00000    4.34393
  91.50000    4.34542
  92.00000    4.34286
  92.50000    4.34375
  93.00000    4.33171
  93.50000    4.32611
  94.00000    4.32609
  94.50000    4.32420
  95.00000    4.33185
  95.50000    4.32971
  96.00000    4.33475
  96.50000    4.32980
  97.00000    4.33663
  97.50000    4.32070
  98.00000    4.32200
  98.50000    4.31771
  99.00000    4.33320
  99.50000    4.31856
 100.00000    4.31365
 100.50000    4.30406
 101.00000    4.30842
 101.50000    4.30567
 102.00000    4.31770
 102.50000    4.31489
 103.00000    4.31164
 103.50000    4.29180
 104.00000    4.30202
 104.50000    4.30321
 105.00000    4.30093
 105.50000    4.28303
 106.00000    4.28177
 106.50000    4.27947
 107.00000    4.29298
 107.50000    4.30266
 108.00000    4.30348
 108.50000    4.28318
 109.00000    4.29001
 109.50000    4.29225
 110.00000    4.28896
 110.50000    4.27468
 111.00000    4.27683
 111.50000    4.28095
 112.00000    4.28142
 112.50000    4.27292
 113.00000    4.26429
 113.50000    4.27134
 114.00000    4.28970
 114.50000    4.29169
 115.00000    4.27856
 115.50000    4.27439
 116.00000    4.27055
 116.50000    4.27419
 117.00000    4.27040
 117.50000    4.26971
 118.00000    4.26491
 118.50000    4.27898
 119.00000    4.27839
 119.50000    4.27000
 120.00000    4.26300
 120.50000    4.26796
 121.00000    4.27535
 121.50000    4.28377
 122.00000    4.28846
 122.50000    4.28576
 123.00000    4.28982
 123.50000    4.29042
 124.00000    4.28334
 124.50000    4.28154
 125.00000    4.27364
 125.50000    4.27498
 126.00000    4.26584
 126.50000    4.27466
 127.00000    4.27336
 127.50000    4.28160
 128.00000    4.28276
 128.50000    4.28472
 129.00000    4.28421
 129.50000    4.28488
 130.00000    4.28882
 130.50000    4.28336
 131.00000    4.28109
 131.50000    4.27735
 132.00000    4.28170
 132.50000    4.27758
 133.00000    4.27552
 133.50000    4.28190
 134.00000    4.29622
 134.50000    4.30352
 135.00000    4.29454
 135.50000    4.29347
 136.00000    4.28974
 136.50000    4.29863
 137.00000    4.30592
 137.50000    4.30005
 138.00000    4.28709
 138.50000    4.28592
 139.00000    4.29577
 139.50000    4.29340
 140.00000    4.29840
 140.50000    4.30932
 141.00000    4.31280
 141.50000    4.31076
 142.00000    4.31437
 142.50000    4.31412
 143.00000    4.31088
 143.50000    4.30436
 144.00000    4.30741
 144.50000    4.30525
 145.00000    4.31469
 145.50000    4.31801
 146.00000    4.31915
 146.50000    4.32401
 147.00000    4.32428
 147.50000    4.32155
 148.00000    4.32447
 148.50000    4.31856
 149.00000    4.31910
 149.50000    4.32266
 150.00000    4.33543
