   0.00000    1.54507
   0.50000    3.06887
   1.00000    3.33641
   1.50000    3.25523
   2.00000    3.27753
   2.50000    3.27779
   3.00000    3.26229
   3.50000    3.29710
   4.00000    3.33903
   4.50000    3.33364
   5.00000    3.31361
   5.50000    3.31682
   6.00000    3.33308
   6.50000    3.34692
   7.00000    3.34460
   7.50000    3.34545
   8.00000    3.35181
   8.50000    3.37153
   9.00000    3.37894
   9.50000    3.37288
  10.00000    3.36418
  10.50000    3.37061
  11.00000    3.37714
  11.50000    3.38209
  12.00000    3.38400
  12.50000    3.38466
  13.00000    3.38600
  13.50000    3.39061
  14.00000    3.39298
  14.50000    3.38894
  15.00000    3.39168
  15.50000    3.39283
  16.00000    3.39589
  16.50000    3.40601
  17.00000    3.41388
  17.50000    3.41895
  18.00000    3.41939
  18.50000    3.42234
  19.00000    3.42518
  19.50000    3.43191
  20.00000    3.43756
  20.50000    3.43895
  21.00000    3.44038
  21.50000    3.43694
  22.00000    3.44418
  22.50000    3.44914
  23.00000    3.45397
  23.50000    3.45813
  24.00000    3.47793
  24.50000    3.50193
  25.00000    3.51589
  25.50000    3.50907
  26.00000    3.49559
  26.50000    3.49123
  27.00000    3.49497
  27.50000    3.48218
  28.00000    3.47580
  28.50000    3.48254
  29.00000    3.49945
  29.50000    3.49813
  30.00000    3.49995
  30.50000    3.51376
  31.00000    3.53098
  31.50000    3.53831
  32.00000    3.54913
  32.50000    3.54425
  33.00000    3.55932
  33.50000    3.57818
  34.00000    3.60837
  34.50000    3.60810
  35.00000    3.63118
  35.50000    3.67186
  36.00000    3.72724
  36.50000    3.77934
  37.00000    3.80635
  37.50000    3.80906
  38.00000    3.80120
  38.50000    3.79847
  39.00000    3.79943
  39.50000    3.79813
  40.00000    3.79308
  40.50000    3.79012
  41.00000    3.79662
  41.50000    3.80978
  42.00000    3.81263
  42.50000    3.82472
  43.00000    3.83106
  43.50000    3.85271
  44.00000    3.88022
  44.50000    3.90302
  45.00000    3.91461
  45.50000    3.93444
  46.00000    3.95699
  46.50000    3.95079
  47.00000    3.94049
  47.50000    3.94516
  48.00000    3.96986
  48.50000    3.98664
  49.00000    4.02936
  49.50000    4.08384
  50.00000    4.12660
  50.50000    4.15360
  51.00000    4.18503
  51.50000    4.20754
  52.00000    4.20735
  52.50000    4.20333
  53.00000    4.21145
  53.50000    4.22283
  54.00000    4.22882
  54.50000    4.23878
  55.00000    4.24647
  55.50000    4.24612
  56.00000    4.24261
  56.50000    4.25493
  57.00000    4.26906
  57.50000    4.27274
  58.00000    4.28339
  58.50000    4.29432
  59.00000    4.29813
  59.50000    4.28132
  60.00000    4.28469
  60.50000    4.30114
  61.00000    4.30724
  61.50000    4.29366
  62.00000    4.28998
  62.50000    4.29255
  63.00000    4.29745
  63.50000    4.30087
  64.00000    4.28958
  64.50000    4.28373
  65.00000    4.29543
  65.50000    4.31915
  66.00000    4.32294
  66.50000    4.32499
  67.00000    4.32069
  67.50000    4.32059
  68.00000    4.32409
  68.50000    4.32800
  69.00000    4.33888
  69.50000    4.35396
  70.00000    4.37238
  70.50000    4.37539
  71.00000    4.37721
  71.50000    4.37698
  72.00000    4.38865
  72.50000    4.40699
  73.00000    4.41141
  73.50000    4.41779
  74.00000    4.42404
  74.50000    4.43268
  75.00000    4.43123
  75.50000    4.44336
  76.00000    4.44009
  76.50000    4.43423
  77.00000    4.42874
  77.50000    4.45033
  78.00000    4.46717
  78.50000    4.46674
  79.00000    4.45121
  79.50000    4.44889
  80.00000    4.45816
  80.50000    4.47122
  81.00000    4.48010
  81.50000    4.47650
  82.00000    4.46314
  82.50000    4.46737
  83.00000    4.47280
  83.50000    4.48011
  84.00000    4.48127
  84.50000    4.48998
  85.00000    4.48123
  85.50000    4.48343
  86.00000    4.48501
  86.50000    4.49221
  87.00000    4.49178
  87.50000    4.49239
  88.00000    4.49267
  88.50000    4.50024
  89.00000    4.49869
  89.50000    4.49715
  90.00000    4.49706
  90.50000    4.50926
  91.00000    4.51180
  91.50000    4.51002
  92.00000    4.50634
  92.50000    4.50199
  93.00000    4.50318
  93.50000    4.50384
  94.00000    4.50585
  94.50000    4.50769
  95.00000    4.50462
  95.50000    4.50695
  96.00000    4.51908
  96.50000    4.51851
  97.00000    4.51848
  97.50000    4.50958
  98.00000    4.51594
  98.50000    4.50741
  99.00000    4.51378
  99.50000    4.50953
 100.00000    4.51402
 100.50000    4.51724
 101.00000    4.52098
 101.50000    4.50924
 102.00000    4.50794
 102.50000    4.51333
 103.00000    4.52027
 103.50000    4.50975
 104.00000    4.50767
 104.50000    4.51724
 105.00000    4.50562
 105.50000    4.49452
 106.00000    4.49393
 106.50000    4.51777
 107.00000    4.50761
 107.50000    4.51148
 108.00000    4.50534
 108.50000    4.50244
 109.00000    4.48768
 109.50000    4.49429
 110.00000    4.50855
 110.50000    4.51565
 111.00000    4.51551
 111.50000    4.50985
 112.00000    4.50742
 112.50000    4.50783
 113.00000    4.50750
 113.50000    4.49863
 114.00000    4.49418
 114.50000    4.50641
 115.00000    4.51189
 115.50000    4.51067
 116.00000    4.51076
 116.50000    4.50844
 117.00000    4.49934
 117.50000    4.49930
 118.00000    4.50248
 118.50000    4.49997
 119.00000    4.48914
 119.50000    4.49386
 120.00000    4.49872
 120.50000    4.50590
 121.00000    4.50364
 121.50000    4.49804
 122.00000    4.48403
 122.50000    4.47778
 123.00000    4.48849
 123.50000    4.48927
 124.00000    4.48233
 124.50000    4.47865
 125.00000    4.48088
 125.50000    4.48643
 126.00000    4.48280
 126.50000    4.48180
 127.00000    4.47989
 127.50000    4.47490
 128.00000    4.46160
 128.50000    4.46299
 129.00000    4.47035
 129.50000    4.47359
 130.00000    4.47090
 130.50000    4.47163
 131.00000    4.46361
 131.50000    4.46901
 132.00000    4.47211
 132.50000    4.47129
 133.00000    4.45977
 133.50000    4.46228
 134.00000    4.46382
 134.50000    4.46450
 135.00000    4.46379
 135.50000    4.45751
 136.00000    4.44815
 136.50000    4.44215
 137.00000    4.44774
 137.50000    4.44845
 138.00000    4.45497
 138.50000    4.45375
 139.00000    4.45969
 139.50000    4.45045
 140.00000    4.44819
 140.50000    4.44871
 141.00000    4.44554
 141.50000    4.43626
 142.00000    4.43457
 142.50000    4.44696
 143.00000    4.44553
 143.50000    4.45112
 144.00000    4.45688
 144.50000    4.44969
 145.00000    4.43285
 145.50000    4.44111
 146.00000    4.45583
 146.50000    4.45252
 147.00000    4.43785
 147.50000    4.43939
 148.00000    4.44645
 148.50000    4.45008
 149.00000    4.45207
 149.50000    4.45016
 150.00000    4.44033
