   0.00000    1.57207
   0.50000    2.92169
   1.00000    3.17209
   1.50000    3.13566
   2.00000    3.27793
   2.50000    3.43884
   3.00000    3.54411
   3.50000    3.56660
   4.00000    3.54329
   4.50000    3.52955
   5.00000    3.52488
   5.50000    3.52374
   6.00000    3.51550
   6.50000    3.50548
   7.00000    3.49872
   7.50000    3.49643
   8.00000    3.49547
   8.50000    3.49838
   9.00000    3.50076
   9.50000    3.50396
  10.00000    3.50474
  10.50000    3.50376
  11.00000    3.49949
  11.50000    3.50125
  12.00000    3.50366
  12.50000    3.50843
  13.00000    3.50430
  13.50000    3.51164
  14.00000    3.51306
  14.50000    3.51081
  15.00000    3.50604
  15.50000    3.51294
  16.00000    3.51261
  16.50000    3.50715
  17.00000    3.51692
  17.50000    3.53033
  18.00000    3.53852
  18.50000    3.53798
  19.00000    3.54040
  19.50000    3.53924
  20.00000    3.54227
  20.50000    3.54506
  21.00000    3.55098
  21.50000    3.56781
  22.00000    3.57847
  22.50000    3.57658
  23.00000    3.57645
  23.50000    3.59181
  24.00000    3.60956
  24.50000    3.61601
  25.00000    3.61798
  25.50000    3.62222
  26.00000    3.63565
  26.50000    3.64102
  27.00000    3.64357
  27.50000    3.65544
  28.00000    3.68019
  28.50000    3.70443
  29.00000    3.73658
  29.50000    3.77365
  30.00000    3.80510
  30.50000    3.82966
  31.00000    3.85567
  31.50000    3.88646
  32.00000    3.91863
  32.50000    3.94724
  33.00000    3.95999
  33.50000    3.97712
  34.00000    4.00978
  34.50000    4.05415
  35.00000    4.07938
  35.50000    4.09290
  36.00000    4.09985
  36.50000    4.10727
  37.00000    4.11357
  37.50000    4.12397
  38.00000    4.11911
  38.50000    4.10718
  39.00000    4.10063
  39.50000    4.10792
  40.00000    4.10338
  40.50000    4.10623
  41.00000    4.10539
  41.50000    4.09752
  42.00000    4.08370
  42.50000    4.06158
  43.00000    4.05417
  43.50000    4.04867
  44.00000    4.04739
  44.50000    4.03993
  45.00000    4.04612
  45.50000    4.05957
  46.00000    4.09106
  46.50000    4.14225
  47.00000    4.20413
  47.50000    4.27236
  48.00000    4.33320
  48.50000    4.36354
  49.00000    4.38416
  49.50000    4.39266
  50.00000    4.40841
  50.50000    4.42304
  51.00000    4.45107
  51.50000    4.46828
  52.00000    4.48721
  52.50000    4.49981
  53.00000    4.51275
  53.50000    4.51752
  54.00000    4.51970
  54.50000    4.52838
  55.00000    4.54493
  55.50000    4.55496
  56.00000    4.55887
  56.50000    4.56037
  57.00000    4.56161
  57.50000    4.57243
  58.00000    4.58982
  58.50000    4.60088
  59.00000    4.60361
  59.50000    4.60580
  60.00000    4.61459
  60.50000    4.62411
  61.00000    4.63487
  61.50000    4.63694
  62.00000    4.64201
  62.50000    4.65025
  63.00000    4.66006
  63.50000    4.66737
  64.00000    4.67347
  64.50000    4.68070
  65.00000    4.68085
  65.50000    4.68049
  66.00000    4.69084
  66.50000    4.69532
  67.00000    4.69692
  67.50000    4.69537
  68.00000    4.70660
  68.50000    4.71127
  69.00000    4.71333
  69.50000    4.70592
  70.00000    4.70393
  70.50000    4.70887
  71.00000    4.71248
  71.50000    4.71001
  72.00000    4.71469
  72.50000    4.71639
  73.00000    4.71356
  73.50000    4.71774
  74.00000    4.73102
  74.50000    4.73859
  75.00000    4.73597
  75.50000    4.73725
  76.00000    4.73810
  76.50000    4.74644
  77.00000    4.74848
  77.50000    4.75270
  78.00000    4.74716
  78.50000    4.74757
  79.00000    4.74235
  79.50000    4.74334
  80.00000    4.73975
  80.50000    4.74241
  81.00000    4.74415
  81.50000    4.75086
  82.00000    4.74899
  82.50000    4.74691
  83.00000    4.74913
  83.50000    4.75329
  84.00000    4.74980
  84.50000    4.74406
  85.00000    4.74343
  85.50000    4.74836
  86.00000    4.74755
  86.50000    4.74438
  87.00000    4.73668
  87.50000    4.73756
  88.00000    4.74381
  88.50000    4.75161
  89.00000    4.74774
  89.50000    4.73997
  90.00000    4.73169
  90.50000    4.72860
  91.00000    4.73025
  91.50000    4.73642
  92.00000    4.74197
  92.50000    4.73969
  93.00000    4.73418
  93.50000    4.73320
  94.00000    4.73423
  94.50000    4.72693
  95.00000    4.72493
  95.50000    4.72351
  96.00000    4.72406
  96.50000    4.71976
  97.00000    4.72591
  97.50000    4.72658
  98.00000    4.71969
  98.50000    4.71041
  99.00000    4.70964
  99.50000    4.70497
 100.00000    4.70049
 100.50000    4.70328
 101.00000    4.70932
 101.50000    4.70241
 102.00000    4.69858
 102.50000    4.69533
 103.00000    4.69244
 103.50000    4.69203
 104.00000    4.69117
 104.50000    4.69230
 105.00000    4.68320
 105.50000    4.67754
 106.00000    4.67294
 106.50000    4.66890
 107.00000    4.65981
 107.50000    4.66216
 108.00000    4.67320
 108.50000    4.66462
 109.00000    4.65365
 109.50000    4.65074
 110.00000    4.65412
 110.50000    4.65676
 111.00000    4.66465
 111.50000    4.66623
 112.00000    4.65686
 112.50000    4.65037
 113.00000    4.64775
 113.50000    4.64298
 114.00000    4.64062
 114.50000    4.63320
 115.00000    4.61932
 115.50000    4.61774
 116.00000    4.62330
 116.50000    4.62956
 117.00000    4.61348
 117.50000    4.60915
 118.00000    4.60959
 118.50000    4.62080
 119.00000    4.61136
 119.50000    4.60454
 120.00000    4.60911
 120.50000    4.61113
 121.00000    4.60667
 121.50000    4.59610
 122.00000    4.59575
 122.50000    4.58816
 123.00000    4.59179
 123.50000    4.58807
 124.00000    4.59393
 124.50000    4.59083
 125.00000    4.58266
 125.50000    4.56795
 126.00000    4.57109
 126.50000    4.58135
 127.00000    4.57622
 127.50000    4.56153
 128.00000    4.55117
 128.50000    4.55554
 129.00000    4.55825
 129.50000    4.56388
 130.00000    4.55470
 130.50000    4.55161
 131.00000    4.54307
 131.50000    4.54420
 132.00000    4.53823
 132.50000    4.54041
 133.00000    4.53582
 133.50000    4.53822
 134.00000    4.54642
 134.50000    4.54747
 135.00000    4.53513
 135.50000    4.52137
 136.00000    4.52542
 136.50000    4.52915
 137.00000    4.52978
 137.50000    4.52386
 138.00000    4.52229
 138.50000    4.52235
 139.00000    4.52021
 139.50000    4.52132
 140.00000    4.51372
 140.50000    4.51553
 141.00000    4.51256
 141.50000    4.51854
 142.00000    4.51551
 142.50000    4.51746
 143.00000    4.50325
 143.50000    4.50263
 144.00000    4.50507
 144.50000    4.50915
 145.00000    4.49894
 145.50000    4.50146
 146.00000    4.49706
 146.50000    4.49192
 147.00000    4.49161
 147.50000    4.49975
 148.00000    4.49648
 148.50000    4.49490
 149.00000    4.50376
 149.50000    4.51108
 150.00000    4.48615
