   0.00000    1.32914
   0.50000    3.14221
   1.00000    3.49571
   1.50000    3.39834
   2.00000    3.44730
   2.50000    3.45666
   3.00000    3.45576
   3.50000    3.46585
   4.00000    3.49099
   4.50000    3.51509
   5.00000    3.50975
   5.50000    3.51293
   6.00000    3.52375
   6.50000    3.53334
   7.00000    3.54187
   7.50000    3.55037
   8.00000    3.54961
   8.50000    3.55430
   9.00000    3.56511
   9.50000    3.56056
  10.00000    3.54986
  10.50000    3.55193
  11.00000    3.56403
  11.50000    3.58014
  12.00000    3.58715
  12.50000    3.58398
  13.00000    3.57375
  13.50000    3.57746
  14.00000    3.58521
  14.50000    3.59265
  15.00000    3.59699
  15.50000    3.59748
  16.00000    3.60428
  16.50000    3.60824
  17.00000    3.61055
  17.50000    3.61797
  18.00000    3.62490
  18.50000    3.62784
  19.00000    3.63288
  19.50000    3.64356
  20.00000    3.65219
  20.50000    3.66612
  21.00000    3.67872
  21.50000    3.68003
  22.00000    3.68001
  22.50000    3.70419
  23.00000    3.74727
  23.50000    3.77043
  24.00000    3.76666
  24.50000    3.74318
  25.00000    3.72539
  25.50000    3.70387
  26.00000    3.70560
  26.50000    3.71562
  27.00000    3.72870
  27.50000    3.77399
  28.00000    3.83792
  28.50000    3.89623
  29.00000    3.92028
  29.50000    3.95348
  30.00000    3.97002
  30.50000    4.00743
  31.00000    4.04324
  31.50000    4.09266
  32.00000    4.13411
  32.50000    4.18712
  33.00000    4.22768
  33.50000    4.29337
  34.00000    4.34722
  34.50000    4.40632
  35.00000    4.44727
  35.50000    4.49334
  36.00000    4.51443
  36.50000    4.52648
  37.00000    4.53710
  37.50000    4.54929
  38.00000    4.55732
  38.50000    4.55066
  39.00000    4.55583
  39.50000    4.55208
  40.00000    4.53560
  40.50000    4.53014
  41.00000    4.53299
  41.50000    4.53869
  42.00000    4.52977
  42.50000    4.52558
  43.00000    4.52978
  43.50000    4.53328
  44.00000    4.52951
  44.50000    4.50444
  45.00000    4.49657
  45.50000    4.49365
  46.00000    4.50845
  46.50000    4.49722
  47.00000    4.48750
  47.50000    4.49031
  48.00000    4.50155
  48.50000    4.50657
  49.00000    4.50060
  49.50000    4.50414
  50.00000    4.50829
  50.50000    4.50815
  51.00000    4.49686
  51.50000    4.49472
  52.00000    4.50416
  52.50000    4.50429
  53.00000    4.49115
  53.50000    4.48965
  54.00000    4.48914
  54.50000    4.49848
  55.00000    4.49678
  55.50000    4.50935
  56.00000    4.50026
  56.50000    4.48679
  57.00000    4.48191
  57.50000    4.49118
  58.00000    4.47955
  58.50000    4.45916
  59.00000    4.45945
  59.50000    4.45012
  60.00000    4.44822
  60.50000    4.44930
  61.00000    4.45425
  61.50000    4.43713
  62.00000    4.43225
  62.50000    4.42787
  63.00000    4.42565
  63.50000    4.41741
  64.00000    4.40368
  64.50000    4.41019
  65.00000    4.41928
  65.50000    4.41854
  66.00000    4.40816
  66.50000    4.41680
  67.00000    4.40888
  67.50000    4.39939
  68.00000    4.40149
  68.50000    4.41415
  69.00000    4.41437
  69.50000    4.41398
  70.00000    4.40865
  70.50000    4.41182
  71.00000    4.40480
  71.50000    4.41051
  72.00000    4.40895
  72.50000    4.42078
  73.00000    4.42448
  73.50000    4.42268
  74.00000    4.41472
  74.50000    4.40600
  75.00000    4.41294
  75.50000    4.41266
  76.00000    4.40927
  76.50000    4.40973
  77.00000    4.42071
  77.50000    4.42001
  78.00000    4.40458
  78.50000    4.40563
  79.00000    4.40474
  79.50000    4.40067
  80.00000    4.40299
  80.50000    4.40261
  81.00000    4.39817
  81.50000    4.39113
  82.00000    4.40007
  82.50000    4.40124
  83.00000    4.40205
  83.50000    4.38905
  84.00000    4.38762
  84.50000    4.39315
  85.00000    4.40462
  85.50000    4.40779
  86.00000    4.41396
  86.50000    4.39701
  87.00000    4.37887
  87.50000    4.37116
  88.00000    4.38371
  88.50000    4.38015
  89.00000    4.37125
  89.50000    4.36761
  90.00000    4.36938
  90.50000    4.38200
  91.00000    4.38061
  91.50000    4.38225
  92.00000    4.37637
  92.50000    4.37382
  93.00000    4.36591
  93.50000    4.36909
  94.00000    4.37455
  94.50000    4.36811
  95.00000    4.36616
  95.50000    4.37549
  96.00000    4.38855
  96.50000    4.38467
  97.00000    4.38090
  97.50000    4.36526
  98.00000    4.36056
  98.50000    4.35436
  99.00000    4.37137
  99.50000    4.37159
 100.00000    4.36386
 100.50000    4.35623
 101.00000    4.36073
 101.50000    4.36091
 102.00000    4.36031
 102.50000    4.36370
 103.00000    4.37073
 103.50000    4.35940
 104.00000    4.36043
 104.50000    4.36557
 105.00000    4.36679
 105.50000    4.34666
 106.00000    4.34010
 106.50000    4.34280
 107.00000    4.35793
 107.50000    4.36471
 108.00000    4.36608
 108.50000    4.35502
 109.00000    4.36207
 109.50000    4.35733
 110.00000    4.35751
 110.50000    4.34848
 111.00000    4.35812
 111.50000    4.35579
 112.00000    4.35797
 112.50000    4.34391
 113.00000    4.34157
 113.50000    4.35007
 114.00000    4.35977
 114.50000    4.35529
 115.00000    4.35146
 115.50000    4.35772
 116.00000    4.35470
 116.50000    4.35107
 117.00000    4.35084
 117.50000    4.36101
 118.00000    4.35929
 118.50000    4.36391
 119.00000    4.36088
 119.50000    4.36094
 120.00000    4.35392
 120.50000    4.35739
 121.00000    4.36307
 121.50000    4.37092
 122.00000    4.37457
 122.50000    4.37002
 123.00000    4.36562
 123.50000    4.36084
 124.00000    4.36342
 124.50000    4.37272
 125.00000    4.36516
 125.50000    4.35569
 126.00000    4.35408
 126.50000    4.37131
 127.00000    4.36918
 127.50000    4.37065
 128.00000    4.37212
 128.50000    4.37408
 129.00000    4.36948
 129.50000    4.36489
 130.00000    4.37185
 130.50000    4.37204
 131.00000    4.37355
 131.50000    4.37227
 132.00000    4.37627
 132.50000    4.37636
 133.00000    4.36827
 133.50000    4.37719
 134.00000    4.37869
 134.50000    4.38885
 135.00000    4.37752
 135.50000    4.38313
 136.00000    4.37804
 136.50000    4.38628
 137.00000    4.38189
 137.50000    4.37769
 138.00000    4.37598
 138.50000    4.38848
 139.00000    4.39595
 139.50000    4.39519
 140.00000    4.39779
 140.50000    4.40635
 141.00000    4.39599
 141.50000    4.39944
 142.00000    4.40926
 142.50000    4.41521
 143.00000    4.39630
 143.50000    4.39017
 144.00000    4.40026
 144.50000    4.40182
 145.00000    4.40080
 145.50000    4.40387
 146.00000    4.41451
 146.50000    4.42090
 147.00000    4.41591
 147.50000    4.41147
 148.00000    4.40189
 148.50000    4.40227
 149.00000    4.40669
 149.50000    4.41656
 150.00000    4.40755
