   0.00000    1.43416
   0.50000    2.84097
   1.00000    3.14153
   1.50000    3.18482
   2.00000    3.37882
   2.50000    3.49418
   3.00000    3.51169
   3.50000    3.51010
   4.00000    3.51110
   4.50000    3.51183
   5.00000    3.49668
   5.50000    3.49298
   6.00000    3.48469
   6.50000    3.48618
   7.00000    3.49046
   7.50000    3.50240
   8.00000    3.49560
   8.50000    3.49384
   9.00000    3.49415
   9.50000    3.49913
  10.00000    3.49785
  10.50000    3.49966
  11.00000    3.50818
  11.50000    3.51211
  12.00000    3.51521
  12.50000    3.51060
  13.00000    3.51640
  13.50000    3.52079
  14.00000    3.52291
  14.50000    3.52355
  15.00000    3.52723
  15.50000    3.52900
  16.00000    3.52584
  16.50000    3.53394
  17.00000    3.54424
  17.50000    3.54818
  18.00000    3.54187
  18.50000    3.55079
  19.00000    3.55622
  19.50000    3.55969
  20.00000    3.56016
  20.50000    3.56526
  21.00000    3.56978
  21.50000    3.57738
  22.00000    3.58010
  22.50000    3.58032
  23.00000    3.58081
  23.50000    3.58310
  24.00000    3.59544
  24.50000    3.60892
  25.00000    3.62769
  25.50000    3.63339
  26.00000    3.65714
  26.50000    3.66351
  27.00000    3.68008
  27.50000    3.67928
  28.00000    3.69212
  28.50000    3.70268
  29.00000    3.71759
  29.50000    3.71034
  30.00000    3.70489
  30.50000    3.70202
  31.00000    3.70110
  31.50000    3.69249
  32.00000    3.68320
  32.50000    3.66949
  33.00000    3.66502
  33.50000    3.67203
  34.00000    3.69201
  34.50000    3.72214
  35.00000    3.76433
  35.50000    3.82660
  36.00000    3.88677
  36.50000    3.92522
  37.00000    3.94583
  37.50000    3.97997
  38.00000    4.01642
  38.50000    4.04053
  39.00000    4.05764
  39.50000    4.07845
  40.00000    4.10355
  40.50000    4.12438
  41.00000    4.14358
  41.50000    4.16314
  42.00000    4.18892
  42.50000    4.20920
  43.00000    4.24163
  43.50000    4.27925
  44.00000    4.30548
  44.50000    4.32047
  45.00000    4.35440
  45.50000    4.41103
  46.00000    4.46822
  46.50000    4.52724
  47.00000    4.57130
  47.50000    4.61777
  48.00000    4.64632
  48.50000    4.64658
  49.00000    4.63360
  49.50000    4.62882
  50.00000    4.63394
  50.50000    4.62611
  51.00000    4.62457
  51.50000    4.62231
  52.00000    4.62546
  52.50000    4.62451
  53.00000    4.62173
  53.50000    4.61501
  54.00000    4.60975
  54.50000    4.61644
  55.00000    4.62413
  55.50000    4.63257
  56.00000    4.62970
  56.50000    4.63108
  57.00000    4.61913
  57.50000    4.62504
  58.00000    4.63035
  58.50000    4.63718
  59.00000    4.63727
  59.50000    4.62783
  60.00000    4.62337
  60.50000    4.61279
  61.00000    4.61449
  61.50000    4.61645
  62.00000    4.62172
  62.50000    4.61927
  63.00000    4.61823
  63.50000    4.62531
  64.00000    4.63148
  64.50000    4.63206
  65.00000    4.62670
  65.50000    4.62005
  66.00000    4.62766
  66.50000    4.62678
  67.00000    4.62415
  67.50000    4.61823
  68.00000    4.61898
  68.50000    4.62329
  69.00000    4.63037
  69.50000    4.62970
  70.00000    4.62355
  70.50000    4.61947
  71.00000    4.61426
  71.50000    4.61501
  72.00000    4.62267
  72.50000    4.62470
  73.00000    4.62256
  73.50000    4.62421
  74.00000    4.62736
  74.50000    4.62471
  75.00000    4.62748
  75.50000    4.63324
  76.00000    4.63680
  76.50000    4.63889
  77.00000    4.63706
  77.50000    4.63257
  78.00000    4.62936
  78.50000    4.63745
  79.00000    4.64046
  79.50000    4.63653
  80.00000    4.63285
  80.50000    4.62592
  81.00000    4.62550
  81.50000    4.62514
  82.00000    4.63536
  82.50000    4.63429
  83.00000    4.63955
  83.50000    4.63756
  84.00000    4.64096
  84.50000    4.64120
  85.00000    4.64001
  85.50000    4.63282
  86.00000    4.63740
  86.50000    4.63962
  87.00000    4.63446
  87.50000    4.62746
  88.00000    4.63407
  88.50000    4.63726
  89.00000    4.63815
  89.50000    4.64180
  90.00000    4.64362
  90.50000    4.64439
  91.00000    4.64288
  91.50000    4.64884
  92.00000    4.64542
  92.50000    4.63809
  93.00000    4.63225
  93.50000    4.63589
  94.00000    4.63344
  94.50000    4.63409
  95.00000    4.63443
  95.50000    4.63980
  96.00000    4.63573
  96.50000    4.63304
  97.00000    4.63081
  97.50000    4.63552
  98.00000    4.63686
  98.50000    4.63623
  99.00000    4.63845
  99.50000    4.63803
 100.00000    4.64591
 100.50000    4.65004
 101.00000    4.64513
 101.50000    4.64062
 102.00000    4.63749
 102.50000    4.63682
 103.00000    4.63278
 103.50000    4.63745
 104.00000    4.63785
 104.50000    4.63938
 105.00000    4.64034
 105.50000    4.63767
 106.00000    4.63515
 106.50000    4.63151
 107.00000    4.63244
 107.50000    4.63676
 108.00000    4.64543
 108.50000    4.64000
 109.00000    4.62970
 109.50000    4.62363
 110.00000    4.62835
 110.50000    4.62688
 111.00000    4.63385
 111.50000    4.63425
 112.00000    4.63044
 112.50000    4.62608
 113.00000    4.63277
 113.50000    4.62879
 114.00000    4.62524
 114.50000    4.62818
 115.00000    4.63034
 115.50000    4.63273
 116.00000    4.63324
 116.50000    4.63397
 117.00000    4.62689
 117.50000    4.63018
 118.00000    4.63052
 118.50000    4.63261
 119.00000    4.63063
 119.50000    4.62611
 120.00000    4.62867
 120.50000    4.63913
 121.00000    4.64059
 121.50000    4.63279
 122.00000    4.62685
 122.50000    4.62931
 123.00000    4.62923
 123.50000    4.63315
 124.00000    4.63238
 124.50000    4.63038
 125.00000    4.63123
 125.50000    4.63210
 126.00000    4.63680
 126.50000    4.63480
 127.00000    4.62953
 127.50000    4.63160
 128.00000    4.63481
 128.50000    4.63676
 129.00000    4.63229
 129.50000    4.63646
 130.00000    4.63343
 130.50000    4.63054
 131.00000    4.62894
 131.50000    4.62956
 132.00000    4.63001
 132.50000    4.62636
 133.00000    4.62172
 133.50000    4.62049
 134.00000    4.62720
 134.50000    4.63051
 135.00000    4.62781
 135.50000    4.62035
 136.00000    4.62261
 136.50000    4.62172
 137.00000    4.62379
 137.50000    4.62360
 138.00000    4.62375
 138.50000    4.61961
 139.00000    4.62207
 139.50000    4.62533
 140.00000    4.62825
 140.50000    4.63335
 141.00000    4.63303
 141.50000    4.63001
 142.00000    4.62677
 142.50000    4.62875
 143.00000    4.62773
 143.50000    4.63079
 144.00000    4.63030
 144.50000    4.62580
 145.00000    4.62170
 145.50000    4.62120
 146.00000    4.62452
 146.50000    4.62707
 147.00000    4.62804
 147.50000    4.63336
 148.00000    4.63855
 148.50000    4.63873
 149.00000    4.63467
 149.50000    4.63369
 150.00000    4.62743
