   0.00000    1.77944
   0.50000    3.18269
   1.00000    3.31240
   1.50000    3.13097
   2.00000    3.18039
   2.50000    3.25624
   3.00000    3.29287
   3.50000    3.32212
   4.00000    3.38808
   4.50000    3.45843
   5.00000    3.51663
   5.50000    3.55386
   6.00000    3.60486
   6.50000    3.63605
   7.00000    3.65636
   7.50000    3.64101
   8.00000    3.64035
   8.50000    3.63027
   9.00000    3.64163
   9.50000    3.64043
  10.00000    3.64277
  10.50000    3.64448
  11.00000    3.64535
  11.50000    3.63725
  12.00000    3.62430
  12.50000    3.62575
  13.00000    3.62263
  13.50000    3.63150
  14.00000    3.62500
  14.50000    3.61475
  15.00000    3.61579
  15.50000    3.61722
  16.00000    3.60703
  16.50000    3.59017
  17.00000    3.58106
  17.50000    3.58303
  18.00000    3.57610
  18.50000    3.57156
  19.00000    3.56157
  19.50000    3.55183
  20.00000    3.53987
  20.50000    3.53591
  21.00000    3.53443
  21.50000    3.52171
  22.00000    3.50283
  22.50000    3.48828
  23.00000    3.49558
  23.50000    3.50967
  24.00000    3.52156
  24.50000    3.50474
  25.00000    3.48333
  25.50000    3.45903
  26.00000    3.45741
  26.50000    3.46306
  27.00000    3.46774
  27.50000    3.48723
  28.00000    3.49053
  28.50000    3.49976
  29.00000    3.48637
  29.50000    3.48494
  30.00000    3.46923
  30.50000    3.46520
  31.00000    3.44955
  31.50000    3.44692
  32.00000    3.43001
  32.50000    3.42337
  33.00000    3.41357
  33.50000    3.45478
  34.00000    3.48881
  34.50000    3.52633
  35.00000    3.55841
  35.50000    3.59097
  36.00000    3.60436
  36.50000    3.60371
  37.00000    3.62073
  37.50000    3.63508
  38.00000    3.63767
  38.50000    3.64571
  39.00000    3.65470
  39.50000    3.68369
  40.00000    3.69726
  40.50000    3.71839
  41.00000    3.71658
  41.50000    3.71886
  42.00000    3.70013
  42.50000    3.70057
  43.00000    3.71333
  43.50000    3.72841
  44.00000    3.70946
  44.50000    3.70680
  45.00000    3.72360
  45.50000    3.74559
  46.00000    3.76804
  46.50000    3.81010
  47.00000    3.83257
  47.50000    3.83054
  48.00000    3.83522
  48.50000    3.85659
  49.00000    3.86986
  49.50000    3.90726
  50.00000    3.96835
  50.50000    4.00951
  51.00000    4.02415
  51.50000    4.05524
  52.00000    4.11791
  52.50000    4.15717
  53.00000    4.19080
  53.50000    4.23405
  54.00000    4.28981
  54.50000    4.34415
  55.00000    4.39893
  55.50000    4.45493
  56.00000    4.47951
  56.50000    4.49597
  57.00000    4.50565
  57.50000    4.53206
  58.00000    4.55372
  58.50000    4.56247
  59.00000    4.56027
  59.50000    4.56657
  60.00000    4.56172
  60.50000    4.56199
  61.00000    4.57231
  61.50000    4.57712
  62.00000    4.56951
  62.50000    4.56222
  63.00000    4.56920
  63.50000    4.58083
  64.00000    4.58446
  64.50000    4.58205
  65.00000    4.58011
  65.50000    4.60018
  66.00000    4.59841
  66.50000    4.59976
  67.00000    4.59476
  67.50000    4.59816
  68.00000    4.59392
  68.50000    4.59042
  69.00000    4.58364
  69.50000    4.58374
  70.00000    4.58436
  70.50000    4.58673
  71.00000    4.58252
  71.50000    4.59927
  72.00000    4.59810
  72.50000    4.60075
  73.00000    4.58578
  73.50000    4.58312
  74.00000    4.58058
  74.50000    4.58299
  75.00000    4.58819
  75.50000    4.58924
  76.00000    4.59098
  76.50000    4.58389
  77.00000    4.58817
  77.50000    4.59731
  78.00000    4.59193
  78.50000    4.58442
  79.00000    4.58340
  79.50000    4.57993
  80.00000    4.57724
  80.50000    4.57383
  81.00000    4.58177
  81.50000    4.58310
  82.00000    4.59605
  82.50000    4.59165
  83.00000    4.58738
  83.50000    4.56875
  84.00000    4.58089
  84.50000    4.58601
  85.00000    4.59474
  85.50000    4.57952
  86.00000    4.57343
  86.50000    4.56729
  87.00000    4.56096
  87.50000    4.56176
  88.00000    4.55856
  88.50000    4.56200
  89.00000    4.55514
  89.50000    4.56968
  90.00000    4.57361
  90.50000    4.56887
  91.00000    4.55361
  91.50000    4.55705
  92.00000    4.57087
  92.50000    4.58976
  93.00000    4.58589
  93.50000    4.57249
  94.00000    4.55790
  94.50000    4.55912
  95.00000    4.54881
  95.50000    4.55903
  96.00000    4.56066
  96.50000    4.55712
  97.00000    4.54846
  97.50000    4.55050
  98.00000    4.54872
  98.50000    4.54890
  99.00000    4.56362
  99.50000    4.55574
 100.00000    4.54389
 100.50000    4.53434
 101.00000    4.54170
 101.50000    4.54725
 102.00000    4.55008
 102.50000    4.54592
 103.00000    4.54120
 103.50000    4.53980
 104.00000    4.53769
 104.50000    4.52965
 105.00000    4.53063
 105.50000    4.52593
 106.00000    4.54015
 106.50000    4.54399
 107.00000    4.54773
 107.50000    4.54547
 108.00000    4.55039
 108.50000    4.55710
 109.00000    4.55279
 109.50000    4.54423
 110.00000    4.53878
 110.50000    4.54049
 111.00000    4.53848
 111.50000    4.53744
 112.00000    4.55560
 112.50000    4.54997
 113.00000    4.54053
 113.50000    4.54144
 114.00000    4.55559
 114.50000    4.54430
 115.00000    4.52940
 115.50000    4.52808
 116.00000    4.53068
 116.50000    4.54325
 117.00000    4.54085
 117.50000    4.54708
 118.00000    4.55199
 118.50000    4.55924
 119.00000    4.55113
 119.50000    4.55713
 120.00000    4.56648
 120.50000    4.55757
 121.00000    4.55162
 121.50000    4.54907
 122.00000    4.54033
 122.50000    4.54375
 123.00000    4.56162
 123.50000    4.57139
 124.00000    4.55617
 124.50000    4.55389
 125.00000    4.55422
 125.50000    4.55746
 126.00000    4.54279
 126.50000    4.54411
 127.00000    4.54258
 127.50000    4.55243
 128.00000    4.54417
 128.50000    4.54838
 129.00000    4.54807
 129.50000    4.56053
 130.00000    4.57604
 130.50000    4.57369
 131.00000    4.55894
 131.50000    4.54343
 132.00000    4.55772
 132.50000    4.56024
 133.00000    4.56007
 133.50000    4.55631
 134.00000    4.57098
 134.50000    4.57383
 135.00000    4.55770
 135.50000    4.54753
 136.00000    4.54922
 136.50000    4.55629
 137.00000    4.55768
 137.50000    4.56643
 138.00000    4.57197
 138.50000    4.56641
 139.00000    4.55025
 139.50000    4.53774
 140.00000    4.54746
 140.50000    4.56065
 141.00000    4.55932
 141.50000    4.55787
 142.00000    4.56890
 142.50000    4.57298
 143.00000    4.57181
 143.50000    4.57167
 144.00000    4.57110
 144.50000    4.55693
 145.00000    4.55356
 145.50000    4.55953
 146.00000    4.56554
 146.50000    4.57353
 147.00000    4.57056
 147.50000    4.55787
 148.00000    4.53616
 148.50000    4.54412
 149.00000    4.55542
 149.50000    4.56761
 150.00000    4.56998
