   0.00000    1.68495
   0.50000    2.80128
   1.00000    3.12858
   1.50000    3.18441
   2.00000    3.25777
   2.50000    3.29803
   3.00000    3.32222
   3.50000    3.35817
   4.00000    3.39260
   4.50000    3.42352
   5.00000    3.44142
   5.50000    3.46414
   6.00000    3.50070
   6.50000    3.52905
   7.00000    3.53089
   7.50000    3.53306
   8.00000    3.55330
   8.50000    3.55990
   9.00000    3.56406
   9.50000    3.56739
  10.00000    3.57276
  10.50000    3.57656
  11.00000    3.58711
  11.50000    3.59377
  12.00000    3.59606
  12.50000    3.59924
  13.00000    3.60660
  13.50000    3.61184
  14.00000    3.60729
  14.50000    3.60120
  15.00000    3.60928
  15.50000    3.61995
  16.00000    3.62687
  16.50000    3.62239
  17.00000    3.62246
  17.50000    3.63309
  18.00000    3.63986
  18.50000    3.62671
  19.00000    3.61708
  19.50000    3.62104
  20.00000    3.62654
  20.50000    3.62779
  21.00000    3.62934
  21.50000    3.63095
  22.00000    3.62368
  22.50000    3.62224
  23.00000    3.63013
  23.50000    3.63582
  24.00000    3.63644
  24.50000    3.63664
  25.00000    3.63419
  25.50000    3.62048
  26.00000    3.62239
  26.50000    3.62830
  27.00000    3.63580
  27.50000    3.63037
  28.00000    3.62338
  28.50000    3.62180
  29.00000    3.61703
  29.50000    3.61951
  30.00000    3.61716
  30.50000    3.61797
  31.00000    3.61241
  31.50000    3.61414
  32.00000    3.61670
  32.50000    3.61397
  33.00000    3.62102
  33.50000    3.63489
  34.00000    3.65020
  34.50000    3.65081
  35.00000    3.65125
  35.50000    3.65729
  36.00000    3.65553
  36.50000    3.64393
  37.00000    3.63278
  37.50000    3.62213
  38.00000    3.60950
  38.50000    3.60406
  39.00000    3.59862
  39.50000    3.60695
  40.00000    3.60706
  40.50000    3.60139
  41.00000    3.58143
  41.50000    3.58873
  42.00000    3.58764
  42.50000    3.59467
  43.00000    3.58733
  43.50000    3.59231
  44.00000    3.60002
  44.50000    3.61854
  45.00000    3.63022
  45.50000    3.64117
  46.00000    3.65589
  46.50000    3.67865
  47.00000    3.70491
  47.50000    3.72250
  48.00000    3.73769
  48.50000    3.75493
  49.00000    3.78823
  49.50000    3.83560
  50.00000    3.89326
  50.50000    3.93537
  51.00000    3.97438
  51.50000    4.02222
  52.00000    4.06842
  52.50000    4.10824
  53.00000    4.14805
  53.50000    4.18831
  54.00000    4.21849
  54.50000    4.25063
  55.00000    4.28723
  55.50000    4.32265
  56.00000    4.34132
  56.50000    4.36514
  57.00000    4.38316
  57.50000    4.40093
  58.00000    4.41519
  58.50000    4.44436
  59.00000    4.46062
  59.50000    4.46357
  60.00000    4.46725
  60.50000    4.48589
  61.00000    4.50251
  61.50000    4.51151
  62.00000    4.52094
  62.50000    4.52814
  63.00000    4.53315
  63.50000    4.54425
  64.00000    4.55546
  64.50000    4.56119
  65.00000    4.56956
  65.50000    4.59054
  66.00000    4.60821
  66.50000    4.61254
  67.00000    4.60743
  67.50000    4.60480
  68.00000    4.61231
  68.50000    4.61389
  69.00000    4.61721
  69.50000    4.61357
  70.00000    4.61404
  70.50000    4.60867
  71.00000    4.61261
  71.50000    4.61368
  72.00000    4.62096
  72.50000    4.62416
  73.00000    4.62713
  73.50000    4.63771
  74.00000    4.64485
  74.50000    4.64702
  75.00000    4.64667
  75.50000    4.65609
  76.00000    4.65515
  76.50000    4.64977
  77.00000    4.64954
  77.50000    4.65335
  78.00000    4.65664
  78.50000    4.65587
  79.00000    4.65204
  79.50000    4.65095
  80.00000    4.65487
  80.50000    4.66068
  81.00000    4.66743
  81.50000    4.66237
  82.00000    4.65874
  82.50000    4.65538
  83.00000    4.66138
  83.50000    4.65864
  84.00000    4.66514
  84.50000    4.66892
  85.00000    4.66224
  85.50000    4.65544
  86.00000    4.64832
  86.50000    4.64189
  87.00000    4.64210
  87.50000    4.64773
  88.00000    4.64910
  88.50000    4.64576
  89.00000    4.64591
  89.50000    4.64336
  90.00000    4.64594
  90.50000    4.64892
  91.00000    4.65035
  91.50000    4.64891
  92.00000    4.65412
  92.50000    4.65547
  93.00000    4.64932
  93.50000    4.64404
  94.00000    4.63763
  94.50000    4.64196
  95.00000    4.63362
  95.50000    4.64201
  96.00000    4.64466
  96.50000    4.64144
  97.00000    4.63288
  97.50000    4.62500
  98.00000    4.62662
  98.50000    4.62725
  99.00000    4.63554
  99.50000    4.62333
 100.00000    4.62102
 100.50000    4.62362
 101.00000    4.62523
 101.50000    4.61727
 102.00000    4.61331
 102.50000    4.62207
 103.00000    4.63070
 103.50000    4.62518
 104.00000    4.60726
 104.50000    4.60935
 105.00000    4.61164
 105.50000    4.60725
 106.00000    4.61141
 106.50000    4.62511
 107.00000    4.61791
 107.50000    4.60816
 108.00000    4.60774
 108.50000    4.61276
 109.00000    4.60652
 109.50000    4.60783
 110.00000    4.61553
 110.50000    4.61727
 111.00000    4.60427
 111.50000    4.59439
 112.00000    4.60546
 112.50000    4.60751
 113.00000    4.59466
 113.50000    4.58556
 114.00000    4.59179
 114.50000    4.59308
 115.00000    4.59048
 115.50000    4.59236
 116.00000    4.59914
 116.50000    4.60404
 117.00000    4.60008
 117.50000    4.59943
 118.00000    4.59649
 118.50000    4.59369
 119.00000    4.58860
 119.50000    4.59708
 120.00000    4.60064
 120.50000    4.59275
 121.00000    4.58156
 121.50000    4.58015
 122.00000    4.57981
 122.50000    4.58494
 123.00000    4.59188
 123.50000    4.59294
 124.00000    4.57904
 124.50000    4.57217
 125.00000    4.57410
 125.50000    4.58085
 126.00000    4.57555
 126.50000    4.57660
 127.00000    4.57245
 127.50000    4.57385
 128.00000    4.56175
 128.50000    4.56889
 129.00000    4.57123
 129.50000    4.57764
 130.00000    4.57741
 130.50000    4.57005
 131.00000    4.56588
 131.50000    4.56471
 132.00000    4.57042
 132.50000    4.56206
 133.00000    4.56271
 133.50000    4.56698
 134.00000    4.57146
 134.50000    4.57006
 135.00000    4.56321
 135.50000    4.56063
 136.00000    4.55560
 136.50000    4.55751
 137.00000    4.55690
 137.50000    4.55818
 138.00000    4.55833
 138.50000    4.56120
 139.00000    4.55973
 139.50000    4.54431
 140.00000    4.53926
 140.50000    4.55368
 141.00000    4.55253
 141.50000    4.54258
 142.00000    4.53815
 142.50000    4.54815
 143.00000    4.54563
 143.50000    4.55252
 144.00000    4.55517
 144.50000    4.55135
 145.00000    4.54614
 145.50000    4.55800
 146.00000    4.56710
 146.50000    4.56224
 147.00000    4.54386
 147.50000    4.53671
 148.00000    4.54351
 148.50000    4.54289
 149.00000    4.54925
 149.50000    4.55739
 150.00000    4.55351
