   0.00000    1.55198
   0.50000    3.31924
   1.00000    3.61011
   1.50000    3.44868
   2.00000    3.43462
   2.50000    3.42955
   3.00000    3.39505
   3.50000    3.36515
   4.00000    3.38735
   4.50000    3.43837
   5.00000    3.48112
   5.50000    3.51132
   6.00000    3.53961
   6.50000    3.55044
   7.00000    3.55470
   7.50000    3.55479
   8.00000    3.55075
   8.50000    3.54661
   9.00000    3.55319
   9.50000    3.55752
  10.00000    3.55269
  10.50000    3.55794
  11.00000    3.55603
  11.50000    3.55244
  12.00000    3.54665
  12.50000    3.54652
  13.00000    3.53820
  13.50000    3.53736
  14.00000    3.53745
  14.50000    3.53503
  15.00000    3.53170
  15.50000    3.52799
  16.00000    3.52542
  16.50000    3.51716
  17.00000    3.50586
  17.50000    3.50939
  18.00000    3.50968
  18.50000    3.50995
  19.00000    3.49228
  19.50000    3.48063
  20.00000    3.47436
  20.50000    3.47774
  21.00000    3.47568
  21.50000    3.46537
  22.00000    3.45366
  22.50000    3.45006
  23.00000    3.45663
  23.50000    3.46643
  24.00000    3.46450
  24.50000    3.45370
  25.00000    3.44111
  25.50000    3.43641
  26.00000    3.43469
  26.50000    3.44148
  27.00000    3.44656
  27.50000    3.45620
  28.00000    3.45524
  28.50000    3.45739
  29.00000    3.46212
  29.50000    3.46967
  30.00000    3.45634
  30.50000    3.44609
  31.00000    3.44826
  31.50000    3.46059
  32.00000    3.45217
  32.50000    3.45264
  33.00000    3.44358
  33.50000    3.47236
  34.00000    3.51877
  34.50000    3.57305
  35.00000    3.60807
  35.50000    3.63426
  36.00000    3.65312
  36.50000    3.65282
  37.00000    3.65937
  37.50000    3.66542
  38.00000    3.67576
  38.50000    3.68413
  39.00000    3.69373
  39.50000    3.70186
  40.00000    3.71033
  40.50000    3.72785
  41.00000    3.73868
  41.50000    3.73941
  42.00000    3.73073
  42.50000    3.72362
  43.00000    3.72860
  43.50000    3.73463
  44.00000    3.73757
  44.50000    3.73610
  45.00000    3.74842
  45.50000    3.76444
  46.00000    3.78606
  46.50000    3.81386
  47.00000    3.81689
  47.50000    3.81777
  48.00000    3.82128
  48.50000    3.84584
  49.00000    3.86767
  49.50000    3.90815
  50.00000    3.95401
  50.50000    3.98801
  51.00000    3.99809
  51.50000    4.01495
  52.00000    4.05894
  52.50000    4.08920
  53.00000    4.10706
  53.50000    4.13925
  54.00000    4.19302
  54.50000    4.24540
  55.00000    4.28212
  55.50000    4.31691
  56.00000    4.32718
  56.50000    4.34242
  57.00000    4.36104
  57.50000    4.39213
  58.00000    4.40757
  58.50000    4.40771
  59.00000    4.41299
  59.50000    4.42496
  60.00000    4.42503
  60.50000    4.41590
  61.00000    4.41505
  61.50000    4.41965
  62.00000    4.41590
  62.50000    4.41319
  63.00000    4.41390
  63.50000    4.41816
  64.00000    4.41667
  64.50000    4.41306
  65.00000    4.41221
  65.50000    4.42800
  66.00000    4.42823
  66.50000    4.42213
  67.00000    4.41463
  67.50000    4.41844
  68.00000    4.41367
  68.50000    4.41578
  69.00000    4.41862
  69.50000    4.42196
  70.00000    4.41242
  70.50000    4.40493
  71.00000    4.40052
  71.50000    4.40790
  72.00000    4.40861
  72.50000    4.41053
  73.00000    4.40704
  73.50000    4.40115
  74.00000    4.40236
  74.50000    4.39685
  75.00000    4.40376
  75.50000    4.40569
  76.00000    4.41241
  76.50000    4.40284
  77.00000    4.40176
  77.50000    4.40660
  78.00000    4.40141
  78.50000    4.40080
  79.00000    4.40069
  79.50000    4.40610
  80.00000    4.40257
  80.50000    4.40255
  81.00000    4.41020
  81.50000    4.41147
  82.00000    4.40917
  82.50000    4.39880
  83.00000    4.40216
  83.50000    4.40320
  84.00000    4.40129
  84.50000    4.39963
  85.00000    4.40532
  85.50000    4.40866
  86.00000    4.41054
  86.50000    4.41537
  87.00000    4.40735
  87.50000    4.40431
  88.00000    4.40355
  88.50000    4.40888
  89.00000    4.40459
  89.50000    4.41784
  90.00000    4.42398
  90.50000    4.42282
  91.00000    4.41086
  91.50000    4.40892
  92.00000    4.41034
  92.50000    4.42063
  93.00000    4.42401
  93.50000    4.42558
  94.00000    4.42135
  94.50000    4.42030
  95.00000    4.41738
  95.50000    4.42460
  96.00000    4.42237
  96.50000    4.41851
  97.00000    4.41772
  97.50000    4.42291
  98.00000    4.42281
  98.50000    4.42393
  99.00000    4.43229
  99.50000    4.43459
 100.00000    4.42978
 100.50000    4.42181
 101.00000    4.42308
 101.50000    4.42661
 102.00000    4.42959
 102.50000    4.42836
 103.00000    4.42149
 103.50000    4.41496
 104.00000    4.42456
 104.50000    4.42973
 105.00000    4.42752
 105.50000    4.42349
 106.00000    4.43180
 106.50000    4.43281
 107.00000    4.43925
 107.50000    4.44317
 108.00000    4.43887
 108.50000    4.43688
 109.00000    4.44211
 109.50000    4.44635
 110.00000    4.44102
 110.50000    4.44488
 111.00000    4.44377
 111.50000    4.44360
 112.00000    4.44649
 112.50000    4.44419
 113.00000    4.44113
 113.50000    4.44876
 114.00000    4.45932
 114.50000    4.45613
 115.00000    4.45415
 115.50000    4.44831
 116.00000    4.44364
 116.50000    4.44750
 117.00000    4.45502
 117.50000    4.46054
 118.00000    4.46605
 118.50000    4.46688
 119.00000    4.45805
 119.50000    4.45898
 120.00000    4.46594
 120.50000    4.46531
 121.00000    4.46736
 121.50000    4.47070
 122.00000    4.47297
 122.50000    4.47014
 123.00000    4.47406
 123.50000    4.47569
 124.00000    4.47183
 124.50000    4.46794
 125.00000    4.46291
 125.50000    4.46432
 126.00000    4.45669
 126.50000    4.45601
 127.00000    4.45954
 127.50000    4.46812
 128.00000    4.47039
 128.50000    4.47316
 129.00000    4.47059
 129.50000    4.46551
 130.00000    4.47175
 130.50000    4.47556
 131.00000    4.47830
 131.50000    4.48089
 132.00000    4.48442
 132.50000    4.47901
 133.00000    4.47133
 133.50000    4.47704
 134.00000    4.47873
 134.50000    4.47796
 135.00000    4.46502
 135.50000    4.46758
 136.00000    4.47050
 136.50000    4.47612
 137.00000    4.48140
 137.50000    4.48806
 138.00000    4.48262
 138.50000    4.47399
 139.00000    4.46928
 139.50000    4.47146
 140.00000    4.47659
 140.50000    4.48143
 141.00000    4.48178
 141.50000    4.48370
 142.00000    4.49363
 142.50000    4.49327
 143.00000    4.49448
 143.50000    4.48761
 144.00000    4.48591
 144.50000    4.47649
 145.00000    4.49028
 145.50000    4.48927
 146.00000    4.48571
 146.50000    4.48637
 147.00000    4.49664
 147.50000    4.49070
 148.00000    4.47286
 148.50000    4.47766
 149.00000    4.48022
 149.50000    4.48257
 150.00000    4.48318
