   0.00000    1.58261
   0.50000    2.89212
   1.00000    3.28210
   1.50000    3.31975
   2.00000    3.40063
   2.50000    3.39438
   3.00000    3.40947
   3.50000    3.43877
   4.00000    3.49814
   4.50000    3.53024
   5.00000    3.53037
   5.50000    3.52696
   6.00000    3.52280
   6.50000    3.50858
   7.00000    3.49397
   7.50000    3.49690
   8.00000    3.50698
   8.50000    3.50325
   9.00000    3.50188
   9.50000    3.50537
  10.00000    3.50201
  10.50000    3.49692
  11.00000    3.49841
  11.50000    3.50373
  12.00000    3.50410
  12.50000    3.50291
  13.00000    3.50195
  13.50000    3.49609
  14.00000    3.50023
  14.50000    3.49775
  15.00000    3.49681
  15.50000    3.49791
  16.00000    3.50423
  16.50000    3.51177
  17.00000    3.52039
  17.50000    3.52614
  18.00000    3.52855
  18.50000    3.53083
  19.00000    3.53147
  19.50000    3.52382
  20.00000    3.53525
  20.50000    3.54212
  21.00000    3.55182
  21.50000    3.55330
  22.00000    3.56591
  22.50000    3.57313
  23.00000    3.57691
  23.50000    3.57937
  24.00000    3.59555
  24.50000    3.61380
  25.00000    3.62421
  25.50000    3.62613
  26.00000    3.63903
  26.50000    3.65585
  27.00000    3.66765
  27.50000    3.67098
  28.00000    3.66984
  28.50000    3.68482
  29.00000    3.70941
  29.50000    3.72206
  30.00000    3.71959
  30.50000    3.71873
  31.00000    3.72738
  31.50000    3.72251
  32.00000    3.73086
  32.50000    3.74149
  33.00000    3.74561
  33.50000    3.76228
  34.00000    3.80377
  34.50000    3.83741
  35.00000    3.85753
  35.50000    3.88528
  36.00000    3.90394
  36.50000    3.91135
  37.00000    3.92314
  37.50000    3.93327
  38.00000    3.92571
  38.50000    3.92423
  39.00000    3.92068
  39.50000    3.92220
  40.00000    3.91448
  40.50000    3.91984
  41.00000    3.92331
  41.50000    3.93798
  42.00000    3.93330
  42.50000    3.93603
  43.00000    3.92699
  43.50000    3.92781
  44.00000    3.92785
  44.50000    3.94046
  45.00000    3.95783
  45.50000    3.98201
  46.00000    4.01610
  46.50000    4.04295
  47.00000    4.06028
  47.50000    4.08090
  48.00000    4.10602
  48.50000    4.14810
  49.00000    4.17262
  49.50000    4.22051
  50.00000    4.26317
  50.50000    4.31401
  51.00000    4.33148
  51.50000    4.34722
  52.00000    4.36206
  52.50000    4.37552
  53.00000    4.39207
  53.50000    4.40246
  54.00000    4.40745
  54.50000    4.39978
  55.00000    4.40669
  55.50000    4.42342
  56.00000    4.43720
  56.50000    4.44221
  57.00000    4.44269
  57.50000    4.44684
  58.00000    4.46169
  58.50000    4.46786
  59.00000    4.46733
  59.50000    4.46873
  60.00000    4.48936
  60.50000    4.49979
  61.00000    4.50141
  61.50000    4.49470
  62.00000    4.49855
  62.50000    4.50528
  63.00000    4.52049
  63.50000    4.54185
  64.00000    4.54914
  64.50000    4.55085
  65.00000    4.54886
  65.50000    4.56496
  66.00000    4.56808
  66.50000    4.57030
  67.00000    4.56566
  67.50000    4.56784
  68.00000    4.56938
  68.50000    4.57391
  69.00000    4.58747
  69.50000    4.60018
  70.00000    4.60423
  70.50000    4.59635
  71.00000    4.59351
  71.50000    4.58708
  72.00000    4.58553
  72.50000    4.59018
  73.00000    4.59546
  73.50000    4.59932
  74.00000    4.60080
  74.50000    4.61285
  75.00000    4.61507
  75.50000    4.62715
  76.00000    4.62726
  76.50000    4.62668
  77.00000    4.62669
  77.50000    4.63159
  78.00000    4.63813
  78.50000    4.63993
  79.00000    4.63720
  79.50000    4.62849
  80.00000    4.63122
  80.50000    4.63966
  81.00000    4.64425
  81.50000    4.64787
  82.00000    4.64964
  82.50000    4.64672
  83.00000    4.65660
  83.50000    4.66398
  84.00000    4.66190
  84.50000    4.65226
  85.00000    4.65330
  85.50000    4.65549
  86.00000    4.65607
  86.50000    4.66330
  87.00000    4.66562
  87.50000    4.66874
  88.00000    4.66278
  88.50000    4.66577
  89.00000    4.66842
  89.50000    4.67180
  90.00000    4.67161
  90.50000    4.67332
  91.00000    4.67640
  91.50000    4.67205
  92.00000    4.67672
  92.50000    4.68044
  93.00000    4.68252
  93.50000    4.68079
  94.00000    4.68439
  94.50000    4.68894
  95.00000    4.68730
  95.50000    4.68324
  96.00000    4.68593
  96.50000    4.68631
  97.00000    4.69038
  97.50000    4.68786
  98.00000    4.68558
  98.50000    4.69030
  99.00000    4.69643
  99.50000    4.69506
 100.00000    4.68980
 100.50000    4.68956
 101.00000    4.69013
 101.50000    4.68278
 102.00000    4.68209
 102.50000    4.67892
 103.00000    4.68525
 103.50000    4.68419
 104.00000    4.68719
 104.50000    4.69199
 105.00000    4.68987
 105.50000    4.68714
 106.00000    4.68002
 106.50000    4.68661
 107.00000    4.68307
 107.50000    4.68893
 108.00000    4.68244
 108.50000    4.68302
 109.00000    4.67972
 109.50000    4.67836
 110.00000    4.68200
 110.50000    4.68625
 111.00000    4.69187
 111.50000    4.68189
 112.00000    4.67760
 112.50000    4.67508
 113.00000    4.68029
 113.50000    4.67468
 114.00000    4.67856
 114.50000    4.68099
 115.00000    4.68332
 115.50000    4.67792
 116.00000    4.67941
 116.50000    4.67401
 117.00000    4.67100
 117.50000    4.67598
 118.00000    4.67960
 118.50000    4.67209
 119.00000    4.66784
 119.50000    4.66530
 120.00000    4.66405
 120.50000    4.66507
 121.00000    4.66963
 121.50000    4.67018
 122.00000    4.66727
 122.50000    4.65890
 123.00000    4.65161
 123.50000    4.65281
 124.00000    4.65846
 124.50000    4.66098
 125.00000    4.66047
 125.50000    4.65993
 126.00000    4.65509
 126.50000    4.65702
 127.00000    4.65221
 127.50000    4.65212
 128.00000    4.63865
 128.50000    4.63321
 129.00000    4.62748
 129.50000    4.64078
 130.00000    4.63747
 130.50000    4.63686
 131.00000    4.63427
 131.50000    4.64302
 132.00000    4.62886
 132.50000    4.62145
 133.00000    4.61915
 133.50000    4.62465
 134.00000    4.62524
 134.50000    4.62343
 135.00000    4.62384
 135.50000    4.62519
 136.00000    4.63015
 136.50000    4.62206
 137.00000    4.60890
 137.50000    4.61512
 138.00000    4.61879
 138.50000    4.61324
 139.00000    4.60810
 139.50000    4.61585
 140.00000    4.62226
 140.50000    4.61107
 141.00000    4.60197
 141.50000    4.60048
 142.00000    4.60803
 142.50000    4.60528
 143.00000    4.60523
 143.50000    4.60738
 144.00000    4.59629
 144.50000    4.59224
 145.00000    4.59576
 145.50000    4.59816
 146.00000    4.59145
 146.50000    4.59876
 147.00000    4.59934
 147.50000    4.59607
 148.00000    4.59439
 148.50000    4.60200
 149.00000    4.59746
 149.50000    4.58885
 150.00000    4.59114
