   0.00000    1.31898
   0.50000    3.33771
   1.00000    3.64679
   1.50000    3.48022
   2.00000    3.46507
   2.50000    3.43661
   3.00000    3.38660
   3.50000    3.39193
   4.00000    3.42146
   4.50000    3.43032
   5.00000    3.42719
   5.50000    3.43028
   6.00000    3.43814
   6.50000    3.44133
   7.00000    3.44321
   7.50000    3.44447
   8.00000    3.44305
   8.50000    3.43912
   9.00000    3.43336
   9.50000    3.43520
  10.00000    3.43327
  10.50000    3.42840
  11.00000    3.41844
  11.50000    3.41581
  12.00000    3.40637
  12.50000    3.40263
  13.00000    3.40080
  13.50000    3.39731
  14.00000    3.38573
  14.50000    3.37785
  15.00000    3.37316
  15.50000    3.37141
  16.00000    3.36062
  16.50000    3.35280
  17.00000    3.34904
  17.50000    3.35013
  18.00000    3.34489
  18.50000    3.33574
  19.00000    3.32985
  19.50000    3.32867
  20.00000    3.32959
  20.50000    3.32348
  21.00000    3.32220
  21.50000    3.32412
  22.00000    3.32449
  22.50000    3.32201
  23.00000    3.31542
  23.50000    3.31775
  24.00000    3.32782
  24.50000    3.33745
  25.00000    3.33600
  25.50000    3.33844
  26.00000    3.34700
  26.50000    3.35212
  27.00000    3.35793
  27.50000    3.35615
  28.00000    3.34801
  28.50000    3.34812
  29.00000    3.36580
  29.50000    3.38396
  30.00000    3.39076
  30.50000    3.40056
  31.00000    3.41385
  31.50000    3.41695
  32.00000    3.42329
  32.50000    3.41782
  33.00000    3.42183
  33.50000    3.42342
  34.00000    3.43954
  34.50000    3.45633
  35.00000    3.48379
  35.50000    3.49918
  36.00000    3.51943
  36.50000    3.54373
  37.00000    3.56347
  37.50000    3.56643
  38.00000    3.57774
  38.50000    3.58583
  39.00000    3.58943
  39.50000    3.59103
  40.00000    3.59356
  40.50000    3.59271
  41.00000    3.60140
  41.50000    3.60751
  42.00000    3.61066
  42.50000    3.60875
  43.00000    3.61489
  43.50000    3.62243
  44.00000    3.63492
  44.50000    3.64316
  45.00000    3.65594
  45.50000    3.67513
  46.00000    3.69519
  46.50000    3.70368
  47.00000    3.71605
  47.50000    3.72849
  48.00000    3.73625
  48.50000    3.73408
  49.00000    3.74076
  49.50000    3.75404
  50.00000    3.75914
  50.50000    3.76533
  51.00000    3.79391
  51.50000    3.82104
  52.00000    3.82991
  52.50000    3.83528
  53.00000    3.84361
  53.50000    3.85722
  54.00000    3.88331
  54.50000    3.92272
  55.00000    3.94877
  55.50000    3.98054
  56.00000    4.01338
  56.50000    4.05489
  57.00000    4.07257
  57.50000    4.09870
  58.00000    4.12848
  58.50000    4.16602
  59.00000    4.19132
  59.50000    4.21109
  60.00000    4.21937
  60.50000    4.21999
  61.00000    4.23334
  61.50000    4.24931
  62.00000    4.26578
  62.50000    4.27311
  63.00000    4.28503
  63.50000    4.29141
  64.00000    4.29046
  64.50000    4.28874
  65.00000    4.30098
  65.50000    4.31604
  66.00000    4.31796
  66.50000    4.31949
  67.00000    4.31865
  67.50000    4.32555
  68.00000    4.33251
  68.50000    4.34193
  69.00000    4.34703
  69.50000    4.35669
  70.00000    4.36404
  70.50000    4.37008
  71.00000    4.37319
  71.50000    4.37018
  72.00000    4.36954
  72.50000    4.37018
  73.00000    4.37750
  73.50000    4.37455
  74.00000    4.37551
  74.50000    4.37371
  75.00000    4.37711
  75.50000    4.37675
  76.00000    4.37324
  76.50000    4.37636
  77.00000    4.38396
  77.50000    4.39196
  78.00000    4.38769
  78.50000    4.38772
  79.00000    4.38648
  79.50000    4.38670
  80.00000    4.38807
  80.50000    4.40103
  81.00000    4.40718
  81.50000    4.40797
  82.00000    4.40281
  82.50000    4.40755
  83.00000    4.41149
  83.50000    4.41701
  84.00000    4.41872
  84.50000    4.41986
  85.00000    4.41744
  85.50000    4.41842
  86.00000    4.41883
  86.50000    4.42163
  87.00000    4.42855
  87.50000    4.43658
  88.00000    4.43635
  88.50000    4.43653
  89.00000    4.43870
  89.50000    4.43805
  90.00000    4.43749
  90.50000    4.44964
  91.00000    4.46110
  91.50000    4.46062
  92.00000    4.45881
  92.50000    4.46063
  93.00000    4.46480
  93.50000    4.46493
  94.00000    4.46734
  94.50000    4.47359
  95.00000    4.47554
  95.50000    4.47665
  96.00000    4.47783
  96.50000    4.48298
  97.00000    4.48485
  97.50000    4.48679
  98.00000    4.48979
  98.50000    4.48924
  99.00000    4.48824
  99.50000    4.49363
 100.00000    4.50436
 100.50000    4.51262
 101.00000    4.51128
 101.50000    4.50908
 102.00000    4.50893
 102.50000    4.51259
 103.00000    4.52056
 103.50000    4.51918
 104.00000    4.52366
 104.50000    4.53021
 105.00000    4.53372
 105.50000    4.53144
 106.00000    4.53777
 106.50000    4.54231
 107.00000    4.53656
 107.50000    4.54063
 108.00000    4.55460
 108.50000    4.55736
 109.00000    4.55069
 109.50000    4.54791
 110.00000    4.54977
 110.50000    4.55621
 111.00000    4.56343
 111.50000    4.56746
 112.00000    4.56546
 112.50000    4.56668
 113.00000    4.57183
 113.50000    4.57324
 114.00000    4.57490
 114.50000    4.57247
 115.00000    4.57556
 115.50000    4.57655
 116.00000    4.58213
 116.50000    4.58514
 117.00000    4.58836
 117.50000    4.58798
 118.00000    4.58870
 118.50000    4.58704
 119.00000    4.58757
 119.50000    4.59196
 120.00000    4.59321
 120.50000    4.59067
 121.00000    4.59294
 121.50000    4.59542
 122.00000    4.59440
 122.50000    4.59785
 123.00000    4.60146
 123.50000    4.60080
 124.00000    4.60000
 124.50000    4.60554
 125.00000    4.60552
 125.50000    4.60433
 126.00000    4.60966
 126.50000    4.61011
 127.00000    4.61123
 127.50000    4.60830
 128.00000    4.61588
 128.50000    4.61703
 129.00000    4.62053
 129.50000    4.62148
 130.00000    4.62116
 130.50000    4.61327
 131.00000    4.61137
 131.50000    4.61898
 132.00000    4.62427
 132.50000    4.62042
 133.00000    4.61881
 133.50000    4.61650
 134.00000    4.61823
 134.50000    4.61840
 135.00000    4.61874
 135.50000    4.61779
 136.00000    4.61584
 136.50000    4.61441
 137.00000    4.60948
 137.50000    4.61289
 138.00000    4.61753
 138.50000    4.62039
 139.00000    4.61714
 139.50000    4.61421
 140.00000    4.61336
 140.50000    4.60897
 141.00000    4.60398
 141.50000    4.60449
 142.00000    4.60555
 142.50000    4.60826
 143.00000    4.60295
 143.50000    4.60200
 144.00000    4.60098
 144.50000    4.60273
 145.00000    4.60008
 145.50000    4.59861
 146.00000    4.59443
 146.50000    4.58806
 147.00000    4.59253
 147.50000    4.59873
 148.00000    4.59680
 148.50000    4.59154
 149.00000    4.59222
 149.50000    4.59196
 150.00000    4.58929
