   0.00000    1.18054
   0.50000    2.40965
   1.00000    2.86132
   1.50000    3.01572
   2.00000    3.11347
   2.50000    3.17480
   3.00000    3.19785
   3.50000    3.22998
   4.00000    3.30791
   4.50000    3.40744
   5.00000    3.50008
   5.50000    3.53511
   6.00000    3.55520
   6.50000    3.58403
   7.00000    3.60015
   7.50000    3.59219
   8.00000    3.57914
   8.50000    3.58577
   9.00000    3.60105
   9.50000    3.60251
  10.00000    3.60414
  10.50000    3.61549
  11.00000    3.61329
  11.50000    3.60790
  12.00000    3.61289
  12.50000    3.62331
  13.00000    3.62058
  13.50000    3.61329
  14.00000    3.61033
  14.50000    3.62168
  15.00000    3.61965
  15.50000    3.60349
  16.00000    3.58456
  16.50000    3.58431
  17.00000    3.58660
  17.50000    3.58911
  18.00000    3.58084
  18.50000    3.58401
  19.00000    3.59927
  19.50000    3.61093
  20.00000    3.61101
  20.50000    3.60352
  21.00000    3.59920
  21.50000    3.61280
  22.00000    3.64210
  22.50000    3.65243
  23.00000    3.65932
  23.50000    3.68498
  24.00000    3.73688
  24.50000    3.79385
  25.00000    3.88074
  25.50000    3.94444
  26.00000    4.00996
  26.50000    4.07739
  27.00000    4.16746
  27.50000    4.23340
  28.00000    4.27720
  28.50000    4.29470
  29.00000    4.30628
  29.50000    4.34329
  30.00000    4.37110
  30.50000    4.36476
  31.00000    4.35284
  31.50000    4.34795
  32.00000    4.35799
  32.50000    4.34988
  33.00000    4.35732
  33.50000    4.36140
  34.00000    4.39623
  34.50000    4.43271
  35.00000    4.45519
  35.50000    4.47657
  36.00000    4.49366
  36.50000    4.50425
  37.00000    4.50453
  37.50000    4.49544
  38.00000    4.48297
  38.50000    4.47347
  39.00000    4.49346
  39.50000    4.51639
  40.00000    4.53919
  40.50000    4.53693
  41.00000    4.52687
  41.50000    4.53403
  42.00000    4.54527
  42.50000    4.54874
  43.00000    4.55014
  43.50000    4.56751
  44.00000    4.57920
  44.50000    4.58599
  45.00000    4.56757
  45.50000    4.56357
  46.00000    4.56820
  46.50000    4.58650
  47.00000    4.58827
  47.50000    4.60814
  48.00000    4.59577
  48.50000    4.57020
  49.00000    4.54172
  49.50000    4.52104
  50.00000    4.49924
  50.50000    4.47783
  51.00000    4.46873
  51.50000    4.45308
  52.00000    4.45820
  52.50000    4.45783
  53.00000    4.44964
  53.50000    4.44041
  54.00000    4.43129
  54.50000    4.43401
  55.00000    4.41883
  55.50000    4.40517
  56.00000    4.40937
  56.50000    4.41337
  57.00000    4.39291
  57.50000    4.37604
  58.00000    4.37424
  58.50000    4.38578
  59.00000    4.39189
  59.50000    4.39007
  60.00000    4.36589
  60.50000    4.35544
  61.00000    4.36092
  61.50000    4.35253
  62.00000    4.32873
  62.50000    4.32931
  63.00000    4.34249
  63.50000    4.34401
  64.00000    4.32756
  64.50000    4.31942
  65.00000    4.31012
  65.50000    4.30530
  66.00000    4.31466
  66.50000    4.30110
  67.00000    4.28101
  67.50000    4.28857
  68.00000    4.30274
  68.50000    4.30152
  69.00000    4.28016
  69.50000    4.27152
  70.00000    4.25607
  70.50000    4.26906
  71.00000    4.28068
  71.50000    4.28413
  72.00000    4.27714
  72.50000    4.27420
  73.00000    4.26574
  73.50000    4.26054
  74.00000    4.26714
  74.50000    4.26826
  75.00000    4.27111
  75.50000    4.26108
  76.00000    4.26398
  76.50000    4.26854
  77.00000    4.27583
  77.50000    4.28229
  78.00000    4.28567
  78.50000    4.28307
  79.00000    4.28014
  79.50000    4.29125
  80.00000    4.29859
  80.50000    4.29463
  81.00000    4.29740
  81.50000    4.29346
  82.00000    4.29340
  82.50000    4.29596
  83.00000    4.29335
  83.50000    4.29337
  84.00000    4.31027
  84.50000    4.33964
  85.00000    4.34203
  85.50000    4.33821
  86.00000    4.32769
  86.50000    4.32897
  87.00000    4.32744
  87.50000    4.33375
  88.00000    4.33637
  88.50000    4.36614
  89.00000    4.38495
  89.50000    4.38654
  90.00000    4.34794
  90.50000    4.34382
  91.00000    4.34638
  91.50000    4.37226
  92.00000    4.37668
  92.50000    4.39030
  93.00000    4.38051
  93.50000    4.38089
  94.00000    4.38166
  94.50000    4.39327
  95.00000    4.40645
  95.50000    4.40815
  96.00000    4.39045
  96.50000    4.38610
  97.00000    4.40208
  97.50000    4.42031
  98.00000    4.42190
  98.50000    4.42282
  99.00000    4.41593
  99.50000    4.42450
 100.00000    4.42178
 100.50000    4.41863
 101.00000    4.43754
 101.50000    4.46299
 102.00000    4.46201
 102.50000    4.44221
 103.00000    4.44165
 103.50000    4.45046
 104.00000    4.45638
 104.50000    4.46766
 105.00000    4.47813
 105.50000    4.48057
 106.00000    4.46491
 106.50000    4.46419
 107.00000    4.48291
 107.50000    4.48385
 108.00000    4.47899
 108.50000    4.47934
 109.00000    4.48728
 109.50000    4.49090
 110.00000    4.50593
 110.50000    4.51037
 111.00000    4.50368
 111.50000    4.51420
 112.00000    4.52626
 112.50000    4.51909
 113.00000    4.51649
 113.50000    4.52187
 114.00000    4.51689
 114.50000    4.50343
 115.00000    4.50542
 115.50000    4.51544
 116.00000    4.52413
 116.50000    4.53858
 117.00000    4.53921
 117.50000    4.52759
 118.00000    4.52376
 118.50000    4.52031
 119.00000    4.52036
 119.50000    4.51847
 120.00000    4.52527
 120.50000    4.52591
 121.00000    4.53708
 121.50000    4.54386
 122.00000    4.54298
 122.50000    4.55472
 123.00000    4.56573
 123.50000    4.56646
 124.00000    4.57107
 124.50000    4.57439
 125.00000    4.57250
 125.50000    4.56171
 126.00000    4.55315
 126.50000    4.53800
 127.00000    4.54095
 127.50000    4.57051
 128.00000    4.58182
 128.50000    4.57674
 129.00000    4.56417
 129.50000    4.57292
 130.00000    4.56889
 130.50000    4.57391
 131.00000    4.57623
 131.50000    4.57487
 132.00000    4.57113
 132.50000    4.58026
 133.00000    4.58589
 133.50000    4.58668
 134.00000    4.58527
 134.50000    4.59125
 135.00000    4.57783
 135.50000    4.58215
 136.00000    4.59132
 136.50000    4.60566
 137.00000    4.59563
 137.50000    4.58486
 138.00000    4.58968
 138.50000    4.60720
 139.00000    4.60519
 139.50000    4.59759
 140.00000    4.59881
 140.50000    4.60699
 141.00000    4.60026
 141.50000    4.61000
 142.00000    4.62749
 142.50000    4.64035
 143.00000    4.62437
 143.50000    4.60133
 144.00000    4.59228
 144.50000    4.61844
 145.00000    4.64469
 145.50000    4.64419
 146.00000    4.62302
 146.50000    4.61297
 147.00000    4.60972
 147.50000    4.60764
 148.00000    4.60575
 148.50000    4.62693
 149.00000    4.63333
 149.50000    4.63925
 150.00000    4.65243
