   0.00000    1.40653
   0.50000    3.53110
   1.00000    3.63981
   1.50000    3.34891
   2.00000    3.35762
   2.50000    3.39798
   3.00000    3.35427
   3.50000    3.33984
   4.00000    3.32616
   4.50000    3.31294
   5.00000    3.32528
   5.50000    3.33585
   6.00000    3.36728
   6.50000    3.37947
   7.00000    3.37818
   7.50000    3.36805
   8.00000    3.36849
   8.50000    3.35845
   9.00000    3.35160
   9.50000    3.34817
  10.00000    3.34336
  10.50000    3.33787
  11.00000    3.34392
  11.50000    3.33531
  12.00000    3.32790
  12.50000    3.32027
  13.00000    3.31956
  13.50000    3.32161
  14.00000    3.33450
  14.50000    3.33624
  15.00000    3.33722
  15.50000    3.33808
  16.00000    3.33151
  16.50000    3.32496
  17.00000    3.33523
  17.50000    3.34077
  18.00000    3.33898
  18.50000    3.34809
  19.00000    3.36319
  19.50000    3.36253
  20.00000    3.36274
  20.50000    3.36952
  21.00000    3.37158
  21.50000    3.36937
  22.00000    3.37743
  22.50000    3.38496
  23.00000    3.39595
  23.50000    3.41236
  24.00000    3.43987
  24.50000    3.46369
  25.00000    3.47117
  25.50000    3.45294
  26.00000    3.43327
  26.50000    3.43585
  27.00000    3.42157
  27.50000    3.39706
  28.00000    3.37302
  28.50000    3.37613
  29.00000    3.39016
  29.50000    3.40619
  30.00000    3.41198
  30.50000    3.41335
  31.00000    3.43444
  31.50000    3.47543
  32.00000    3.50593
  32.50000    3.50641
  33.00000    3.51155
  33.50000    3.55063
  34.00000    3.60526
  34.50000    3.65302
  35.00000    3.71664
  35.50000    3.77625
  36.00000    3.81471
  36.50000    3.83291
  37.00000    3.86005
  37.50000    3.89127
  38.00000    3.90918
  38.50000    3.90475
  39.00000    3.90483
  39.50000    3.90855
  40.00000    3.88925
  40.50000    3.86509
  41.00000    3.84743
  41.50000    3.85544
  42.00000    3.85323
  42.50000    3.85131
  43.00000    3.84512
  43.50000    3.84221
  44.00000    3.84715
  44.50000    3.85153
  45.00000    3.85345
  45.50000    3.84785
  46.00000    3.84874
  46.50000    3.85288
  47.00000    3.86105
  47.50000    3.87779
  48.00000    3.90015
  48.50000    3.90599
  49.00000    3.92379
  49.50000    3.95474
  50.00000    3.98278
  50.50000    3.98221
  51.00000    3.99894
  51.50000    4.04951
  52.00000    4.09880
  52.50000    4.13004
  53.00000    4.15617
  53.50000    4.20057
  54.00000    4.25486
  54.50000    4.32991
  55.00000    4.38997
  55.50000    4.43785
  56.00000    4.44534
  56.50000    4.44725
  57.00000    4.45232
  57.50000    4.48425
  58.00000    4.50361
  58.50000    4.50621
  59.00000    4.50107
  59.50000    4.49619
  60.00000    4.50209
  60.50000    4.50668
  61.00000    4.50516
  61.50000    4.49924
  62.00000    4.49488
  62.50000    4.50664
  63.00000    4.49881
  63.50000    4.48953
  64.00000    4.47672
  64.50000    4.47939
  65.00000    4.47590
  65.50000    4.47440
  66.00000    4.47021
  66.50000    4.47452
  67.00000    4.47562
  67.50000    4.46772
  68.00000    4.46265
  68.50000    4.47698
  69.00000    4.49146
  69.50000    4.48778
  70.00000    4.47940
  70.50000    4.47341
  71.00000    4.48152
  71.50000    4.48940
  72.00000    4.48383
  72.50000    4.47066
  73.00000    4.46769
  73.50000    4.47994
  74.00000    4.48419
  74.50000    4.47989
  75.00000    4.47418
  75.50000    4.48369
  76.00000    4.49515
  76.50000    4.49924
  77.00000    4.48724
  77.50000    4.48729
  78.00000    4.50163
  78.50000    4.51908
  79.00000    4.51855
  79.50000    4.50992
  80.00000    4.50303
  80.50000    4.50731
  81.00000    4.50231
  81.50000    4.50485
  82.00000    4.50078
  82.50000    4.50417
  83.00000    4.49620
  83.50000    4.50106
  84.00000    4.49934
  84.50000    4.50869
  85.00000    4.51399
  85.50000    4.52071
  86.00000    4.52329
  86.50000    4.52181
  87.00000    4.52089
  87.50000    4.52541
  88.00000    4.52699
  88.50000    4.51690
  89.00000    4.51420
  89.50000    4.52386
  90.00000    4.52764
  90.50000    4.52880
  91.00000    4.52897
  91.50000    4.52885
  92.00000    4.52846
  92.50000    4.53103
  93.00000    4.53261
  93.50000    4.52642
  94.00000    4.53372
  94.50000    4.53009
  95.00000    4.53657
  95.50000    4.54111
  96.00000    4.54582
  96.50000    4.53595
  97.00000    4.54001
  97.50000    4.54498
  98.00000    4.54362
  98.50000    4.54824
  99.00000    4.54701
  99.50000    4.55213
 100.00000    4.54832
 100.50000    4.54423
 101.00000    4.54451
 101.50000    4.55320
 102.00000    4.55652
 102.50000    4.55092
 103.00000    4.55482
 103.50000    4.54848
 104.00000    4.55268
 104.50000    4.56352
 105.00000    4.56136
 105.50000    4.55308
 106.00000    4.55211
 106.50000    4.56749
 107.00000    4.55848
 107.50000    4.55823
 108.00000    4.56262
 108.50000    4.56908
 109.00000    4.56427
 109.50000    4.57582
 110.00000    4.58659
 110.50000    4.57362
 111.00000    4.56165
 111.50000    4.55862
 112.00000    4.56964
 112.50000    4.57825
 113.00000    4.58400
 113.50000    4.56639
 114.00000    4.56971
 114.50000    4.57855
 115.00000    4.57787
 115.50000    4.56924
 116.00000    4.56948
 116.50000    4.57097
 117.00000    4.56488
 117.50000    4.57937
 118.00000    4.57759
 118.50000    4.57757
 119.00000    4.57646
 119.50000    4.58191
 120.00000    4.57683
 120.50000    4.58300
 121.00000    4.58686
 121.50000    4.58492
 122.00000    4.57923
 122.50000    4.58060
 123.00000    4.57634
 123.50000    4.57701
 124.00000    4.57579
 124.50000    4.58077
 125.00000    4.58859
 125.50000    4.58916
 126.00000    4.57907
 126.50000    4.57465
 127.00000    4.57417
 127.50000    4.59524
 128.00000    4.59923
 128.50000    4.59434
 129.00000    4.57829
 129.50000    4.57714
 130.00000    4.57855
 130.50000    4.58335
 131.00000    4.59694
 131.50000    4.57870
 132.00000    4.57968
 132.50000    4.58263
 133.00000    4.58847
 133.50000    4.58472
 134.00000    4.58478
 134.50000    4.59164
 135.00000    4.58115
 135.50000    4.58395
 136.00000    4.57942
 136.50000    4.57495
 137.00000    4.56969
 137.50000    4.57036
 138.00000    4.59181
 138.50000    4.59527
 139.00000    4.59106
 139.50000    4.58020
 140.00000    4.58614
 140.50000    4.58455
 141.00000    4.58433
 141.50000    4.57939
 142.00000    4.57992
 142.50000    4.57526
 143.00000    4.57149
 143.50000    4.56413
 144.00000    4.56341
 144.50000    4.56102
 145.00000    4.56095
 145.50000    4.57508
 146.00000    4.57830
 146.50000    4.57286
 147.00000    4.56896
 147.50000    4.56995
 148.00000    4.56397
 148.50000    4.56603
 149.00000    4.55373
 149.50000    4.53788
 150.00000    4.57467
