   0.00000    1.44863
   0.50000    2.93856
   1.00000    3.33438
   1.50000    3.41480
   2.00000    3.57785
   2.50000    3.57616
   3.00000    3.50306
   3.50000    3.46126
   4.00000    3.46772
   4.50000    3.49527
   5.00000    3.49310
   5.50000    3.48397
   6.00000    3.46664
   6.50000    3.46875
   7.00000    3.47932
   7.50000    3.48937
   8.00000    3.48461
   8.50000    3.49313
   9.00000    3.51513
   9.50000    3.52507
  10.00000    3.51631
  10.50000    3.51107
  11.00000    3.52267
  11.50000    3.53317
  12.00000    3.53282
  12.50000    3.54063
  13.00000    3.54663
  13.50000    3.55202
  14.00000    3.55672
  14.50000    3.56855
  15.00000    3.57650
  15.50000    3.58243
  16.00000    3.58946
  16.50000    3.59585
  17.00000    3.59874
  17.50000    3.61053
  18.00000    3.61074
  18.50000    3.61374
  19.00000    3.61026
  19.50000    3.61702
  20.00000    3.62559
  20.50000    3.64505
  21.00000    3.65165
  21.50000    3.65090
  22.00000    3.64768
  22.50000    3.64464
  23.00000    3.64319
  23.50000    3.66110
  24.00000    3.68287
  24.50000    3.68212
  25.00000    3.68184
  25.50000    3.68233
  26.00000    3.68034
  26.50000    3.66472
  27.00000    3.65669
  27.50000    3.64656
  28.00000    3.65112
  28.50000    3.66849
  29.00000    3.66970
  29.50000    3.64943
  30.00000    3.62050
  30.50000    3.61273
  31.00000    3.61570
  31.50000    3.63433
  32.00000    3.65617
  32.50000    3.68755
  33.00000    3.71970
  33.50000    3.76561
  34.00000    3.83508
  34.50000    3.92618
  35.00000    4.00845
  35.50000    4.08371
  36.00000    4.15684
  36.50000    4.20875
  37.00000    4.24538
  37.50000    4.27027
  38.00000    4.29914
  38.50000    4.31515
  39.00000    4.35194
  39.50000    4.38000
  40.00000    4.40370
  40.50000    4.40345
  41.00000    4.41188
  41.50000    4.42863
  42.00000    4.45590
  42.50000    4.45835
  43.00000    4.47039
  43.50000    4.48266
  44.00000    4.48763
  44.50000    4.45611
  45.00000    4.44930
  45.50000    4.45506
  46.00000    4.46689
  46.50000    4.46986
  47.00000    4.47298
  47.50000    4.47704
  48.00000    4.47518
  48.50000    4.48106
  49.00000    4.49049
  49.50000    4.50317
  50.00000    4.50955
  50.50000    4.52413
  51.00000    4.52711
  51.50000    4.53733
  52.00000    4.54756
  52.50000    4.56164
  53.00000    4.55214
  53.50000    4.56293
  54.00000    4.56633
  54.50000    4.57330
  55.00000    4.56599
  55.50000    4.57571
  56.00000    4.57334
  56.50000    4.57491
  57.00000    4.58046
  57.50000    4.59324
  58.00000    4.59766
  58.50000    4.58597
  59.00000    4.58244
  59.50000    4.58342
  60.00000    4.58379
  60.50000    4.58313
  61.00000    4.58574
  61.50000    4.58145
  62.00000    4.57641
  62.50000    4.57253
  63.00000    4.56457
  63.50000    4.56063
  64.00000    4.55695
  64.50000    4.56802
  65.00000    4.57383
  65.50000    4.58036
  66.00000    4.57116
  66.50000    4.57476
  67.00000    4.57890
  67.50000    4.56843
  68.00000    4.55888
  68.50000    4.56391
  69.00000    4.57702
  69.50000    4.58201
  70.00000    4.57353
  70.50000    4.57752
  71.00000    4.57004
  71.50000    4.57426
  72.00000    4.56232
  72.50000    4.57136
  73.00000    4.57239
  73.50000    4.57230
  74.00000    4.56088
  74.50000    4.55614
  75.00000    4.55464
  75.50000    4.56372
  76.00000    4.56484
  76.50000    4.56722
  77.00000    4.56531
  77.50000    4.56902
  78.00000    4.56809
  78.50000    4.56826
  79.00000    4.56077
  79.50000    4.55450
  80.00000    4.54933
  80.50000    4.55694
  81.00000    4.55735
  81.50000    4.56294
  82.00000    4.55729
  82.50000    4.55322
  83.00000    4.55393
  83.50000    4.55704
  84.00000    4.55235
  84.50000    4.54884
  85.00000    4.55700
  85.50000    4.55474
  86.00000    4.54253
  86.50000    4.53879
  87.00000    4.54064
  87.50000    4.54123
  88.00000    4.53609
  88.50000    4.53742
  89.00000    4.53569
  89.50000    4.54395
  90.00000    4.54006
  90.50000    4.53807
  91.00000    4.52957
  91.50000    4.53368
  92.00000    4.53293
  92.50000    4.53112
  93.00000    4.52961
  93.50000    4.53174
  94.00000    4.53422
  94.50000    4.52666
  95.00000    4.53280
  95.50000    4.53032
  96.00000    4.53915
  96.50000    4.53405
  97.00000    4.53629
  97.50000    4.52482
  98.00000    4.52747
  98.50000    4.51996
  99.00000    4.52757
  99.50000    4.52769
 100.00000    4.52752
 100.50000    4.51972
 101.00000    4.52190
 101.50000    4.52520
 102.00000    4.52130
 102.50000    4.51437
 103.00000    4.50859
 103.50000    4.51170
 104.00000    4.52072
 104.50000    4.52252
 105.00000    4.51996
 105.50000    4.51470
 106.00000    4.50972
 106.50000    4.50337
 107.00000    4.50625
 107.50000    4.53029
 108.00000    4.52623
 108.50000    4.51020
 109.00000    4.49634
 109.50000    4.50474
 110.00000    4.51329
 110.50000    4.52301
 111.00000    4.52016
 111.50000    4.50792
 112.00000    4.50641
 112.50000    4.50139
 113.00000    4.49165
 113.50000    4.49452
 114.00000    4.50317
 114.50000    4.50824
 115.00000    4.50596
 115.50000    4.49751
 116.00000    4.49033
 116.50000    4.50299
 117.00000    4.51201
 117.50000    4.50415
 118.00000    4.50233
 118.50000    4.50560
 119.00000    4.50860
 119.50000    4.50138
 120.00000    4.50318
 120.50000    4.49809
 121.00000    4.51476
 121.50000    4.51331
 122.00000    4.51710
 122.50000    4.50227
 123.00000    4.50470
 123.50000    4.49541
 124.00000    4.49391
 124.50000    4.49579
 125.00000    4.49466
 125.50000    4.49539
 126.00000    4.49278
 126.50000    4.50869
 127.00000    4.50572
 127.50000    4.49662
 128.00000    4.49143
 128.50000    4.49757
 129.00000    4.49518
 129.50000    4.49704
 130.00000    4.50251
 130.50000    4.50481
 131.00000    4.50180
 131.50000    4.50546
 132.00000    4.49749
 132.50000    4.49277
 133.00000    4.49652
 133.50000    4.50828
 134.00000    4.50583
 134.50000    4.50457
 135.00000    4.50096
 135.50000    4.50922
 136.00000    4.50287
 136.50000    4.49917
 137.00000    4.49660
 137.50000    4.50848
 138.00000    4.50949
 138.50000    4.50567
 139.00000    4.49413
 139.50000    4.50007
 140.00000    4.50865
 140.50000    4.51572
 141.00000    4.51343
 141.50000    4.51532
 142.00000    4.51979
 142.50000    4.51225
 143.00000    4.49839
 143.50000    4.48703
 144.00000    4.49202
 144.50000    4.49714
 145.00000    4.50795
 145.50000    4.51345
 146.00000    4.51923
 146.50000    4.52845
 147.00000    4.52538
 147.50000    4.50772
 148.00000    4.49677
 148.50000    4.51038
 149.00000    4.51072
 149.50000    4.50611
 150.00000    4.50403
