   0.00000    1.40992
   0.50000    3.25084
   1.00000    3.48341
   1.50000    3.27052
   2.00000    3.26703
   2.50000    3.31390
   3.00000    3.36230
   3.50000    3.41106
   4.00000    3.44512
   4.50000    3.47408
   5.00000    3.48063
   5.50000    3.48460
   6.00000    3.49338
   6.50000    3.49163
   7.00000    3.50581
   7.50000    3.51001
   8.00000    3.50778
   8.50000    3.51121
   9.00000    3.53800
   9.50000    3.55865
  10.00000    3.56131
  10.50000    3.56745
  11.00000    3.58069
  11.50000    3.59156
  12.00000    3.58838
  12.50000    3.59264
  13.00000    3.60310
  13.50000    3.60525
  14.00000    3.59947
  14.50000    3.60463
  15.00000    3.61803
  15.50000    3.62533
  16.00000    3.62947
  16.50000    3.64429
  17.00000    3.66634
  17.50000    3.67373
  18.00000    3.67026
  18.50000    3.66421
  19.00000    3.67415
  19.50000    3.67139
  20.00000    3.67188
  20.50000    3.70360
  21.00000    3.73745
  21.50000    3.75506
  22.00000    3.74564
  22.50000    3.76337
  23.00000    3.79905
  23.50000    3.83353
  24.00000    3.86567
  24.50000    3.86231
  25.00000    3.86903
  25.50000    3.88885
  26.00000    3.95950
  26.50000    4.01209
  27.00000    4.03956
  27.50000    4.11103
  28.00000    4.19779
  28.50000    4.26646
  29.00000    4.28937
  29.50000    4.31974
  30.00000    4.32844
  30.50000    4.33918
  31.00000    4.36361
  31.50000    4.39965
  32.00000    4.42654
  32.50000    4.44647
  33.00000    4.45177
  33.50000    4.47130
  34.00000    4.48678
  34.50000    4.51271
  35.00000    4.51763
  35.50000    4.51881
  36.00000    4.51199
  36.50000    4.51281
  37.00000    4.50551
  37.50000    4.50216
  38.00000    4.50973
  38.50000    4.51661
  39.00000    4.51864
  39.50000    4.52739
  40.00000    4.52933
  40.50000    4.52529
  41.00000    4.51656
  41.50000    4.51770
  42.00000    4.51663
  42.50000    4.52369
  43.00000    4.53087
  43.50000    4.52660
  44.00000    4.51023
  44.50000    4.50236
  45.00000    4.49608
  45.50000    4.48303
  46.00000    4.46947
  46.50000    4.47003
  47.00000    4.47494
  47.50000    4.47650
  48.00000    4.46971
  48.50000    4.46573
  49.00000    4.46695
  49.50000    4.47681
  50.00000    4.48016
  50.50000    4.48182
  51.00000    4.47146
  51.50000    4.48102
  52.00000    4.48213
  52.50000    4.48842
  53.00000    4.49699
  53.50000    4.51332
  54.00000    4.50761
  54.50000    4.50678
  55.00000    4.51993
  55.50000    4.51996
  56.00000    4.50006
  56.50000    4.48828
  57.00000    4.50870
  57.50000    4.50572
  58.00000    4.50463
  58.50000    4.50086
  59.00000    4.52670
  59.50000    4.53172
  60.00000    4.53103
  60.50000    4.51722
  61.00000    4.51177
  61.50000    4.51970
  62.00000    4.51884
  62.50000    4.52852
  63.00000    4.53857
  63.50000    4.54333
  64.00000    4.53329
  64.50000    4.53455
  65.00000    4.53541
  65.50000    4.52635
  66.00000    4.51044
  66.50000    4.51527
  67.00000    4.51634
  67.50000    4.53170
  68.00000    4.52664
  68.50000    4.53242
  69.00000    4.51137
  69.50000    4.50583
  70.00000    4.49106
  70.50000    4.50004
  71.00000    4.49318
  71.50000    4.49889
  72.00000    4.50197
  72.50000    4.50449
  73.00000    4.49831
  73.50000    4.49293
  74.00000    4.49081
  74.50000    4.48129
  75.00000    4.48034
  75.50000    4.47793
  76.00000    4.47443
  76.50000    4.47553
  77.00000    4.47578
  77.50000    4.47645
  78.00000    4.46985
  78.50000    4.46375
  79.00000    4.46557
  79.50000    4.45756
  80.00000    4.44258
  80.50000    4.42604
  81.00000    4.42787
  81.50000    4.43288
  82.00000    4.43466
  82.50000    4.42487
  83.00000    4.43170
  83.50000    4.43501
  84.00000    4.42877
  84.50000    4.40748
  85.00000    4.40803
  85.50000    4.41266
  86.00000    4.41924
  86.50000    4.41342
  87.00000    4.40259
  87.50000    4.39590
  88.00000    4.39834
  88.50000    4.40045
  89.00000    4.38888
  89.50000    4.37755
  90.00000    4.37589
  90.50000    4.38175
  91.00000    4.37985
  91.50000    4.37153
  92.00000    4.36802
  92.50000    4.36776
  93.00000    4.36839
  93.50000    4.35914
  94.00000    4.36017
  94.50000    4.35800
  95.00000    4.34220
  95.50000    4.32896
  96.00000    4.33193
  96.50000    4.33470
  97.00000    4.34549
  97.50000    4.33905
  98.00000    4.33743
  98.50000    4.32230
  99.00000    4.33597
  99.50000    4.32519
 100.00000    4.32128
 100.50000    4.30477
 101.00000    4.29960
 101.50000    4.29801
 102.00000    4.30623
 102.50000    4.30450
 103.00000    4.30381
 103.50000    4.30938
 104.00000    4.30447
 104.50000    4.28116
 105.00000    4.27146
 105.50000    4.28093
 106.00000    4.27940
 106.50000    4.25810
 107.00000    4.25326
 107.50000    4.26237
 108.00000    4.27186
 108.50000    4.26521
 109.00000    4.26562
 109.50000    4.25580
 110.00000    4.25746
 110.50000    4.25125
 111.00000    4.24750
 111.50000    4.24496
 112.00000    4.25144
 112.50000    4.23975
 113.00000    4.22340
 113.50000    4.21134
 114.00000    4.22822
 114.50000    4.24345
 115.00000    4.23690
 115.50000    4.21034
 116.00000    4.20825
 116.50000    4.22082
 117.00000    4.21592
 117.50000    4.20558
 118.00000    4.20512
 118.50000    4.21676
 119.00000    4.20937
 119.50000    4.19552
 120.00000    4.19936
 120.50000    4.21688
 121.00000    4.22308
 121.50000    4.20957
 122.00000    4.20522
 122.50000    4.21011
 123.00000    4.21789
 123.50000    4.21245
 124.00000    4.20780
 124.50000    4.20407
 125.00000    4.19909
 125.50000    4.19153
 126.00000    4.19011
 126.50000    4.18149
 127.00000    4.16852
 127.50000    4.17715
 128.00000    4.19597
 128.50000    4.19152
 129.00000    4.17991
 129.50000    4.18084
 130.00000    4.17914
 130.50000    4.16948
 131.00000    4.17393
 131.50000    4.18035
 132.00000    4.17419
 132.50000    4.17391
 133.00000    4.17432
 133.50000    4.17887
 134.00000    4.18376
 134.50000    4.19182
 135.00000    4.18554
 135.50000    4.17948
 136.00000    4.18161
 136.50000    4.18892
 137.00000    4.18733
 137.50000    4.17423
 138.00000    4.15777
 138.50000    4.16448
 139.00000    4.17960
 139.50000    4.17315
 140.00000    4.17481
 140.50000    4.18739
 141.00000    4.19108
 141.50000    4.18648
 142.00000    4.18852
 142.50000    4.19096
 143.00000    4.17993
 143.50000    4.17829
 144.00000    4.17260
 144.50000    4.17642
 145.00000    4.18443
 145.50000    4.18908
 146.00000    4.20029
 146.50000    4.20244
 147.00000    4.20586
 147.50000    4.20181
 148.00000    4.20862
 148.50000    4.20185
 149.00000    4.19810
 149.50000    4.19492
 150.00000    4.19429
