   0.00000    1.39659
   0.50000    3.20239
   1.00000    3.50277
   1.50000    3.37583
   2.00000    3.43172
   2.50000    3.42485
   3.00000    3.43152
   3.50000    3.45463
   4.00000    3.48571
   4.50000    3.50282
   5.00000    3.50583
   5.50000    3.50470
   6.00000    3.50806
   6.50000    3.52113
   7.00000    3.53729
   7.50000    3.54351
   8.00000    3.54040
   8.50000    3.53848
   9.00000    3.55114
   9.50000    3.55620
  10.00000    3.55550
  10.50000    3.55863
  11.00000    3.56629
  11.50000    3.57312
  12.00000    3.57825
  12.50000    3.57849
  13.00000    3.57854
  13.50000    3.58509
  14.00000    3.59705
  14.50000    3.59968
  15.00000    3.59872
  15.50000    3.60118
  16.00000    3.61546
  16.50000    3.62960
  17.00000    3.63291
  17.50000    3.64508
  18.00000    3.64975
  18.50000    3.65159
  19.00000    3.65106
  19.50000    3.67149
  20.00000    3.68402
  20.50000    3.69561
  21.00000    3.69327
  21.50000    3.69988
  22.00000    3.71476
  22.50000    3.74786
  23.00000    3.77947
  23.50000    3.79899
  24.00000    3.80116
  24.50000    3.77491
  25.00000    3.75612
  25.50000    3.73960
  26.00000    3.73175
  26.50000    3.71828
  27.00000    3.72317
  27.50000    3.76428
  28.00000    3.82298
  28.50000    3.87842
  29.00000    3.90400
  29.50000    3.93305
  30.00000    3.96007
  30.50000    4.00586
  31.00000    4.04437
  31.50000    4.09076
  32.00000    4.14439
  32.50000    4.20256
  33.00000    4.24631
  33.50000    4.29109
  34.00000    4.33266
  34.50000    4.37970
  35.00000    4.41116
  35.50000    4.44133
  36.00000    4.45680
  36.50000    4.47535
  37.00000    4.48342
  37.50000    4.49227
  38.00000    4.50530
  38.50000    4.51158
  39.00000    4.51844
  39.50000    4.51531
  40.00000    4.51236
  40.50000    4.50825
  41.00000    4.51973
  41.50000    4.52285
  42.00000    4.54251
  42.50000    4.55364
  43.00000    4.56354
  43.50000    4.54903
  44.00000    4.54548
  44.50000    4.53829
  45.00000    4.53482
  45.50000    4.53005
  46.00000    4.52753
  46.50000    4.52119
  47.00000    4.52386
  47.50000    4.53063
  48.00000    4.53213
  48.50000    4.52898
  49.00000    4.52257
  49.50000    4.53081
  50.00000    4.54064
  50.50000    4.54082
  51.00000    4.53001
  51.50000    4.52593
  52.00000    4.52906
  52.50000    4.52835
  53.00000    4.53244
  53.50000    4.52711
  54.00000    4.51809
  54.50000    4.52644
  55.00000    4.53634
  55.50000    4.53604
  56.00000    4.52246
  56.50000    4.51385
  57.00000    4.51471
  57.50000    4.51859
  58.00000    4.51214
  58.50000    4.50392
  59.00000    4.50463
  59.50000    4.49743
  60.00000    4.48978
  60.50000    4.48087
  61.00000    4.48195
  61.50000    4.48129
  62.00000    4.48536
  62.50000    4.48551
  63.00000    4.48332
  63.50000    4.47850
  64.00000    4.47581
  64.50000    4.48847
  65.00000    4.49131
  65.50000    4.48852
  66.00000    4.47882
  66.50000    4.47949
  67.00000    4.47543
  67.50000    4.48409
  68.00000    4.48449
  68.50000    4.48073
  69.00000    4.47063
  69.50000    4.46497
  70.00000    4.47022
  70.50000    4.47423
  71.00000    4.47259
  71.50000    4.47154
  72.00000    4.46976
  72.50000    4.46685
  73.00000    4.46736
  73.50000    4.47318
  74.00000    4.47810
  74.50000    4.47786
  75.00000    4.47711
  75.50000    4.47190
  76.00000    4.46947
  76.50000    4.46827
  77.00000    4.46770
  77.50000    4.46042
  78.00000    4.45861
  78.50000    4.45905
  79.00000    4.45897
  79.50000    4.45104
  80.00000    4.45773
  80.50000    4.45758
  81.00000    4.45273
  81.50000    4.44415
  82.00000    4.44671
  82.50000    4.44539
  83.00000    4.44490
  83.50000    4.43662
  84.00000    4.43981
  84.50000    4.44868
  85.00000    4.45275
  85.50000    4.44597
  86.00000    4.43815
  86.50000    4.43733
  87.00000    4.43550
  87.50000    4.43628
  88.00000    4.43143
  88.50000    4.43104
  89.00000    4.42482
  89.50000    4.42458
  90.00000    4.41435
  90.50000    4.41642
  91.00000    4.41708
  91.50000    4.42013
  92.00000    4.41554
  92.50000    4.41111
  93.00000    4.41225
  93.50000    4.40765
  94.00000    4.40795
  94.50000    4.39948
  95.00000    4.39295
  95.50000    4.39568
  96.00000    4.40421
  96.50000    4.40668
  97.00000    4.40172
  97.50000    4.39425
  98.00000    4.39505
  98.50000    4.38907
  99.00000    4.39370
  99.50000    4.38859
 100.00000    4.38990
 100.50000    4.38334
 101.00000    4.37690
 101.50000    4.37728
 102.00000    4.38129
 102.50000    4.37923
 103.00000    4.37818
 103.50000    4.37916
 104.00000    4.37793
 104.50000    4.37078
 105.00000    4.36946
 105.50000    4.35766
 106.00000    4.34979
 106.50000    4.35051
 107.00000    4.35560
 107.50000    4.35767
 108.00000    4.36123
 108.50000    4.36053
 109.00000    4.35734
 109.50000    4.34786
 110.00000    4.34537
 110.50000    4.35045
 111.00000    4.35392
 111.50000    4.35123
 112.00000    4.34913
 112.50000    4.34945
 113.00000    4.34135
 113.50000    4.33608
 114.00000    4.33888
 114.50000    4.33847
 115.00000    4.33476
 115.50000    4.33415
 116.00000    4.33387
 116.50000    4.33792
 117.00000    4.33452
 117.50000    4.33265
 118.00000    4.32809
 118.50000    4.33339
 119.00000    4.33150
 119.50000    4.32727
 120.00000    4.32068
 120.50000    4.32535
 121.00000    4.32737
 121.50000    4.33209
 122.00000    4.32866
 122.50000    4.33101
 123.00000    4.32194
 123.50000    4.31769
 124.00000    4.31804
 124.50000    4.32169
 125.00000    4.31450
 125.50000    4.31079
 126.00000    4.31631
 126.50000    4.31485
 127.00000    4.31488
 127.50000    4.32312
 128.00000    4.32735
 128.50000    4.32050
 129.00000    4.31501
 129.50000    4.32124
 130.00000    4.31524
 130.50000    4.31111
 131.00000    4.30745
 131.50000    4.31330
 132.00000    4.31299
 132.50000    4.31489
 133.00000    4.31467
 133.50000    4.31634
 134.00000    4.31508
 134.50000    4.31668
 135.00000    4.31429
 135.50000    4.31259
 136.00000    4.31082
 136.50000    4.31377
 137.00000    4.31421
 137.50000    4.30576
 138.00000    4.30180
 138.50000    4.30884
 139.00000    4.31996
 139.50000    4.32234
 140.00000    4.31775
 140.50000    4.31694
 141.00000    4.31339
 141.50000    4.31986
 142.00000    4.31754
 142.50000    4.32081
 143.00000    4.31353
 143.50000    4.31032
 144.00000    4.30815
 144.50000    4.30763
 145.00000    4.30893
 145.50000    4.31945
 146.00000    4.32740
 146.50000    4.32657
 147.00000    4.32397
 147.50000    4.32704
 148.00000    4.32830
 148.50000    4.32746
 149.00000    4.33065
 149.50000    4.32730
 150.00000    4.31907
