   0.00000    1.36899
   0.50000    3.36678
   1.00000    3.68965
   1.50000    3.50177
   2.00000    3.44940
   2.50000    3.42904
   3.00000    3.39892
   3.50000    3.40135
   4.00000    3.41864
   4.50000    3.43019
   5.00000    3.42599
   5.50000    3.43533
   6.00000    3.44348
   6.50000    3.45070
   7.00000    3.45257
   7.50000    3.45696
   8.00000    3.45554
   8.50000    3.46063
   9.00000    3.46525
   9.50000    3.46584
  10.00000    3.46096
  10.50000    3.46032
  11.00000    3.45612
  11.50000    3.45127
  12.00000    3.44177
  12.50000    3.44050
  13.00000    3.44349
  13.50000    3.44990
  14.00000    3.44206
  14.50000    3.43442
  15.00000    3.43260
  15.50000    3.43071
  16.00000    3.42256
  16.50000    3.42111
  17.00000    3.41718
  17.50000    3.41492
  18.00000    3.41467
  18.50000    3.42247
  19.00000    3.41743
  19.50000    3.40768
  20.00000    3.40273
  20.50000    3.39374
  21.00000    3.39194
  21.50000    3.39184
  22.00000    3.39166
  22.50000    3.38496
  23.00000    3.38391
  23.50000    3.38611
  24.00000    3.38295
  24.50000    3.38732
  25.00000    3.39873
  25.50000    3.41245
  26.00000    3.41633
  26.50000    3.41186
  27.00000    3.40231
  27.50000    3.39864
  28.00000    3.39114
  28.50000    3.38928
  29.00000    3.38291
  29.50000    3.37645
  30.00000    3.37115
  30.50000    3.37547
  31.00000    3.37896
  31.50000    3.36884
  32.00000    3.35565
  32.50000    3.35346
  33.00000    3.36318
  33.50000    3.37630
  34.00000    3.38861
  34.50000    3.40966
  35.00000    3.42981
  35.50000    3.43935
  36.00000    3.46094
  36.50000    3.48442
  37.00000    3.49350
  37.50000    3.49268
  38.00000    3.51140
  38.50000    3.53077
  39.00000    3.52962
  39.50000    3.53640
  40.00000    3.54534
  40.50000    3.55577
  41.00000    3.56409
  41.50000    3.57373
  42.00000    3.56651
  42.50000    3.57036
  43.00000    3.58082
  43.50000    3.59301
  44.00000    3.59427
  44.50000    3.59866
  45.00000    3.59975
  45.50000    3.61346
  46.00000    3.63215
  46.50000    3.64745
  47.00000    3.65760
  47.50000    3.65961
  48.00000    3.66269
  48.50000    3.66365
  49.00000    3.66388
  49.50000    3.66478
  50.00000    3.66684
  50.50000    3.67068
  51.00000    3.68049
  51.50000    3.69193
  52.00000    3.69889
  52.50000    3.69748
  53.00000    3.70002
  53.50000    3.71428
  54.00000    3.74416
  54.50000    3.79342
  55.00000    3.83208
  55.50000    3.87291
  56.00000    3.89617
  56.50000    3.94053
  57.00000    3.96545
  57.50000    4.01700
  58.00000    4.05970
  58.50000    4.09481
  59.00000    4.10760
  59.50000    4.13532
  60.00000    4.16492
  60.50000    4.19017
  61.00000    4.21472
  61.50000    4.22155
  62.00000    4.22318
  62.50000    4.23031
  63.00000    4.25046
  63.50000    4.28014
  64.00000    4.29721
  64.50000    4.30839
  65.00000    4.33120
  65.50000    4.35795
  66.00000    4.36221
  66.50000    4.35673
  67.00000    4.35749
  67.50000    4.37067
  68.00000    4.38013
  68.50000    4.39707
  69.00000    4.40403
  69.50000    4.41864
  70.00000    4.42245
  70.50000    4.43026
  71.00000    4.43244
  71.50000    4.43716
  72.00000    4.44411
  72.50000    4.44970
  73.00000    4.45315
  73.50000    4.45104
  74.00000    4.45439
  74.50000    4.45307
  75.00000    4.46201
  75.50000    4.47027
  76.00000    4.47116
  76.50000    4.46648
  77.00000    4.46926
  77.50000    4.47759
  78.00000    4.47695
  78.50000    4.47640
  79.00000    4.47874
  79.50000    4.47997
  80.00000    4.48666
  80.50000    4.49121
  81.00000    4.50100
  81.50000    4.49805
  82.00000    4.50306
  82.50000    4.50462
  83.00000    4.51023
  83.50000    4.50986
  84.00000    4.51063
  84.50000    4.50803
  85.00000    4.51076
  85.50000    4.51302
  86.00000    4.51139
  86.50000    4.51031
  87.00000    4.52139
  87.50000    4.53471
  88.00000    4.53174
  88.50000    4.53002
  89.00000    4.52642
  89.50000    4.53193
  90.00000    4.53453
  90.50000    4.54435
  91.00000    4.54472
  91.50000    4.54539
  92.00000    4.54971
  92.50000    4.55352
  93.00000    4.55728
  93.50000    4.56117
  94.00000    4.55895
  94.50000    4.56616
  95.00000    4.55523
  95.50000    4.55538
  96.00000    4.55228
  96.50000    4.56713
  97.00000    4.56413
  97.50000    4.56850
  98.00000    4.57161
  98.50000    4.57616
  99.00000    4.58066
  99.50000    4.57775
 100.00000    4.57615
 100.50000    4.57705
 101.00000    4.58003
 101.50000    4.58154
 102.00000    4.58427
 102.50000    4.58826
 103.00000    4.58962
 103.50000    4.58735
 104.00000    4.59401
 104.50000    4.59663
 105.00000    4.59661
 105.50000    4.59147
 106.00000    4.59653
 106.50000    4.59979
 107.00000    4.60513
 107.50000    4.60983
 108.00000    4.61727
 108.50000    4.61992
 109.00000    4.61440
 109.50000    4.60506
 110.00000    4.60102
 110.50000    4.60908
 111.00000    4.61153
 111.50000    4.61313
 112.00000    4.61212
 112.50000    4.61449
 113.00000    4.61821
 113.50000    4.62145
 114.00000    4.62400
 114.50000    4.61345
 115.00000    4.61633
 115.50000    4.62138
 116.00000    4.62386
 116.50000    4.61881
 117.00000    4.61861
 117.50000    4.62611
 118.00000    4.62484
 118.50000    4.62907
 119.00000    4.62478
 119.50000    4.62259
 120.00000    4.61747
 120.50000    4.62263
 121.00000    4.62488
 121.50000    4.62757
 122.00000    4.62800
 122.50000    4.63177
 123.00000    4.62897
 123.50000    4.63012
 124.00000    4.62658
 124.50000    4.63278
 125.00000    4.62879
 125.50000    4.63096
 126.00000    4.63360
 126.50000    4.62985
 127.00000    4.62082
 127.50000    4.62181
 128.00000    4.62984
 128.50000    4.62967
 129.00000    4.62727
 129.50000    4.62632
 130.00000    4.61963
 130.50000    4.61366
 131.00000    4.61828
 131.50000    4.62812
 132.00000    4.63086
 132.50000    4.62634
 133.00000    4.62777
 133.50000    4.62192
 134.00000    4.61639
 134.50000    4.61410
 135.00000    4.61819
 135.50000    4.61733
 136.00000    4.61597
 136.50000    4.61336
 137.00000    4.60959
 137.50000    4.60692
 138.00000    4.60825
 138.50000    4.60574
 139.00000    4.60583
 139.50000    4.60168
 140.00000    4.59937
 140.50000    4.59578
 141.00000    4.59426
 141.50000    4.59714
 142.00000    4.59498
 142.50000    4.59858
 143.00000    4.59769
 143.50000    4.59961
 144.00000    4.59723
 144.50000    4.59438
 145.00000    4.59223
 145.50000    4.58605
 146.00000    4.57905
 146.50000    4.57988
 147.00000    4.58649
 147.50000    4.58710
 148.00000    4.58181
 148.50000    4.58846
 149.00000    4.58934
 149.50000    4.57712
 150.00000    4.56048
