   0.00000    1.45357
   0.50000    2.80659
   1.00000    3.16107
   1.50000    3.22759
   2.00000    3.38158
   2.50000    3.37666
   3.00000    3.34189
   3.50000    3.32376
   4.00000    3.35560
   4.50000    3.38958
   5.00000    3.40840
   5.50000    3.40020
   6.00000    3.40987
   6.50000    3.42425
   7.00000    3.45743
   7.50000    3.46271
   8.00000    3.46013
   8.50000    3.47097
   9.00000    3.49755
   9.50000    3.49825
  10.00000    3.49752
  10.50000    3.51750
  11.00000    3.53097
  11.50000    3.53457
  12.00000    3.53871
  12.50000    3.55116
  13.00000    3.55622
  13.50000    3.57576
  14.00000    3.58861
  14.50000    3.60375
  15.00000    3.61081
  15.50000    3.61823
  16.00000    3.62061
  16.50000    3.63303
  17.00000    3.65740
  17.50000    3.68906
  18.00000    3.70226
  18.50000    3.70144
  19.00000    3.69261
  19.50000    3.69834
  20.00000    3.71236
  20.50000    3.73136
  21.00000    3.72969
  21.50000    3.74009
  22.00000    3.75983
  22.50000    3.78211
  23.00000    3.79281
  23.50000    3.81469
  24.00000    3.79982
  24.50000    3.77635
  25.00000    3.76426
  25.50000    3.78160
  26.00000    3.77439
  26.50000    3.75117
  27.00000    3.71561
  27.50000    3.70872
  28.00000    3.71672
  28.50000    3.74335
  29.00000    3.76939
  29.50000    3.78989
  30.00000    3.79743
  30.50000    3.81301
  31.00000    3.83998
  31.50000    3.85769
  32.00000    3.88450
  32.50000    3.91333
  33.00000    3.94730
  33.50000    3.98827
  34.00000    4.03584
  34.50000    4.07276
  35.00000    4.09147
  35.50000    4.12433
  36.00000    4.16962
  36.50000    4.21606
  37.00000    4.24613
  37.50000    4.27994
  38.00000    4.32333
  38.50000    4.36241
  39.00000    4.39400
  39.50000    4.40133
  40.00000    4.39793
  40.50000    4.40331
  41.00000    4.42243
  41.50000    4.43269
  42.00000    4.44139
  42.50000    4.44741
  43.00000    4.45846
  43.50000    4.46969
  44.00000    4.47685
  44.50000    4.48117
  45.00000    4.48872
  45.50000    4.49155
  46.00000    4.48763
  46.50000    4.49603
  47.00000    4.50508
  47.50000    4.51868
  48.00000    4.52957
  48.50000    4.52699
  49.00000    4.52332
  49.50000    4.53387
  50.00000    4.55600
  50.50000    4.56453
  51.00000    4.55635
  51.50000    4.55136
  52.00000    4.56345
  52.50000    4.57319
  53.00000    4.57446
  53.50000    4.58745
  54.00000    4.58804
  54.50000    4.59056
  55.00000    4.58616
  55.50000    4.59178
  56.00000    4.58549
  56.50000    4.57900
  57.00000    4.58065
  57.50000    4.59008
  58.00000    4.59524
  58.50000    4.58427
  59.00000    4.58345
  59.50000    4.58685
  60.00000    4.58517
  60.50000    4.58645
  61.00000    4.59612
  61.50000    4.59150
  62.00000    4.59027
  62.50000    4.59620
  63.00000    4.60220
  63.50000    4.59662
  64.00000    4.59419
  64.50000    4.61184
  65.00000    4.61076
  65.50000    4.59980
  66.00000    4.58711
  66.50000    4.58668
  67.00000    4.59994
  67.50000    4.59970
  68.00000    4.59764
  68.50000    4.59148
  69.00000    4.59281
  69.50000    4.58444
  70.00000    4.59178
  70.50000    4.59545
  71.00000    4.58934
  71.50000    4.58470
  72.00000    4.59579
  72.50000    4.59394
  73.00000    4.59725
  73.50000    4.59324
  74.00000    4.58612
  74.50000    4.57971
  75.00000    4.59017
  75.50000    4.59134
  76.00000    4.57818
  76.50000    4.56478
  77.00000    4.55848
  77.50000    4.56479
  78.00000    4.57363
  78.50000    4.57414
  79.00000    4.55925
  79.50000    4.55721
  80.00000    4.54963
  80.50000    4.55226
  81.00000    4.54986
  81.50000    4.57607
  82.00000    4.56277
  82.50000    4.55267
  83.00000    4.53586
  83.50000    4.54121
  84.00000    4.53689
  84.50000    4.53286
  85.00000    4.53084
  85.50000    4.52780
  86.00000    4.52907
  86.50000    4.52878
  87.00000    4.52313
  87.50000    4.52251
  88.00000    4.52491
  88.50000    4.51967
  89.00000    4.50257
  89.50000    4.49662
  90.00000    4.50451
  90.50000    4.49863
  91.00000    4.49678
  91.50000    4.49487
  92.00000    4.49592
  92.50000    4.48577
  93.00000    4.49345
  93.50000    4.48813
  94.00000    4.48121
  94.50000    4.45998
  95.00000    4.45790
  95.50000    4.46226
  96.00000    4.47490
  96.50000    4.46961
  97.00000    4.46371
  97.50000    4.45929
  98.00000    4.46271
  98.50000    4.45080
  99.00000    4.44441
  99.50000    4.43611
 100.00000    4.43530
 100.50000    4.44320
 101.00000    4.43306
 101.50000    4.44356
 102.00000    4.44309
 102.50000    4.44406
 103.00000    4.42506
 103.50000    4.43081
 104.00000    4.43478
 104.50000    4.42606
 105.00000    4.42184
 105.50000    4.42287
 106.00000    4.42430
 106.50000    4.42731
 107.00000    4.41498
 107.50000    4.41321
 108.00000    4.41345
 108.50000    4.41404
 109.00000    4.40041
 109.50000    4.39558
 110.00000    4.39143
 110.50000    4.39425
 111.00000    4.39695
 111.50000    4.40111
 112.00000    4.39223
 112.50000    4.38218
 113.00000    4.38195
 113.50000    4.38219
 114.00000    4.38885
 114.50000    4.38890
 115.00000    4.38731
 115.50000    4.37886
 116.00000    4.37242
 116.50000    4.38047
 117.00000    4.37339
 117.50000    4.37411
 118.00000    4.36718
 118.50000    4.37825
 119.00000    4.37615
 119.50000    4.37102
 120.00000    4.36293
 120.50000    4.36347
 121.00000    4.36647
 121.50000    4.36198
 122.00000    4.36676
 122.50000    4.37287
 123.00000    4.37212
 123.50000    4.36427
 124.00000    4.35860
 124.50000    4.35879
 125.00000    4.35990
 125.50000    4.36654
 126.00000    4.36483
 126.50000    4.35902
 127.00000    4.36123
 127.50000    4.36585
 128.00000    4.36383
 128.50000    4.35941
 129.00000    4.35866
 129.50000    4.36243
 130.00000    4.35338
 130.50000    4.35270
 131.00000    4.35382
 131.50000    4.36427
 132.00000    4.35084
 132.50000    4.35194
 133.00000    4.36103
 133.50000    4.36631
 134.00000    4.36157
 134.50000    4.36505
 135.00000    4.36625
 135.50000    4.35869
 136.00000    4.35013
 136.50000    4.34986
 137.00000    4.35125
 137.50000    4.35550
 138.00000    4.35255
 138.50000    4.35667
 139.00000    4.35956
 139.50000    4.35802
 140.00000    4.35490
 140.50000    4.36383
 141.00000    4.36996
 141.50000    4.36998
 142.00000    4.36574
 142.50000    4.36551
 143.00000    4.35568
 143.50000    4.34716
 144.00000    4.35499
 144.50000    4.36467
 145.00000    4.36490
 145.50000    4.36458
 146.00000    4.37626
 146.50000    4.38325
 147.00000    4.38060
 147.50000    4.36920
 148.00000    4.37045
 148.50000    4.36930
 149.00000    4.36482
 149.50000    4.35361
 150.00000    4.37496
