   0.00000    1.26326
   0.50000    2.43536
   1.00000    2.85174
   1.50000    3.04392
   2.00000    3.27807
   2.50000    3.31888
   3.00000    3.31101
   3.50000    3.34713
   4.00000    3.43447
   4.50000    3.47397
   5.00000    3.47301
   5.50000    3.46336
   6.00000    3.46233
   6.50000    3.46413
   7.00000    3.46822
   7.50000    3.47971
   8.00000    3.48603
   8.50000    3.48601
   9.00000    3.49413
   9.50000    3.50601
  10.00000    3.51167
  10.50000    3.50982
  11.00000    3.51778
  11.50000    3.52696
  12.00000    3.53025
  12.50000    3.53187
  13.00000    3.53392
  13.50000    3.54574
  14.00000    3.54786
  14.50000    3.55181
  15.00000    3.55356
  15.50000    3.55602
  16.00000    3.55461
  16.50000    3.55374
  17.00000    3.56658
  17.50000    3.57457
  18.00000    3.58562
  18.50000    3.58075
  19.00000    3.58298
  19.50000    3.58741
  20.00000    3.60067
  20.50000    3.60493
  21.00000    3.60143
  21.50000    3.60260
  22.00000    3.60738
  22.50000    3.61350
  23.00000    3.61088
  23.50000    3.61407
  24.00000    3.61417
  24.50000    3.61394
  25.00000    3.61636
  25.50000    3.63038
  26.00000    3.63704
  26.50000    3.64192
  27.00000    3.64481
  27.50000    3.64342
  28.00000    3.64883
  28.50000    3.65791
  29.00000    3.67859
  29.50000    3.69491
  30.00000    3.71454
  30.50000    3.73647
  31.00000    3.76643
  31.50000    3.79349
  32.00000    3.81423
  32.50000    3.82895
  33.00000    3.84530
  33.50000    3.86226
  34.00000    3.88031
  34.50000    3.89880
  35.00000    3.92304
  35.50000    3.95296
  36.00000    3.97958
  36.50000    4.01252
  37.00000    4.04370
  37.50000    4.06399
  38.00000    4.06965
  38.50000    4.07703
  39.00000    4.09719
  39.50000    4.11146
  40.00000    4.12495
  40.50000    4.13771
  41.00000    4.15974
  41.50000    4.18780
  42.00000    4.23229
  42.50000    4.27861
  43.00000    4.32642
  43.50000    4.36801
  44.00000    4.40618
  44.50000    4.45109
  45.00000    4.50908
  45.50000    4.56420
  46.00000    4.60822
  46.50000    4.65304
  47.00000    4.69579
  47.50000    4.71179
  48.00000    4.69921
  48.50000    4.67903
  49.00000    4.66026
  49.50000    4.64762
  50.00000    4.63779
  50.50000    4.63304
  51.00000    4.61673
  51.50000    4.59545
  52.00000    4.57462
  52.50000    4.56680
  53.00000    4.56936
  53.50000    4.57235
  54.00000    4.56480
  54.50000    4.55395
  55.00000    4.55113
  55.50000    4.55647
  56.00000    4.55753
  56.50000    4.54850
  57.00000    4.55208
  57.50000    4.55732
  58.00000    4.55939
  58.50000    4.54898
  59.00000    4.54162
  59.50000    4.54207
  60.00000    4.54835
  60.50000    4.55416
  61.00000    4.55368
  61.50000    4.55584
  62.00000    4.55517
  62.50000    4.55798
  63.00000    4.56031
  63.50000    4.56598
  64.00000    4.56602
  64.50000    4.57100
  65.00000    4.57701
  65.50000    4.57900
  66.00000    4.57361
  66.50000    4.57631
  67.00000    4.57881
  67.50000    4.58699
  68.00000    4.58445
  68.50000    4.58683
  69.00000    4.58356
  69.50000    4.58636
  70.00000    4.58139
  70.50000    4.58481
  71.00000    4.58602
  71.50000    4.59017
  72.00000    4.59203
  72.50000    4.59817
  73.00000    4.59118
  73.50000    4.59130
  74.00000    4.60133
  74.50000    4.61042
  75.00000    4.61100
  75.50000    4.60614
  76.00000    4.60473
  76.50000    4.60754
  77.00000    4.60844
  77.50000    4.61080
  78.00000    4.61480
  78.50000    4.61287
  79.00000    4.61006
  79.50000    4.61540
  80.00000    4.62301
  80.50000    4.62362
  81.00000    4.62684
  81.50000    4.63233
  82.00000    4.63184
  82.50000    4.63408
  83.00000    4.63699
  83.50000    4.64556
  84.00000    4.64602
  84.50000    4.64194
  85.00000    4.63942
  85.50000    4.64339
  86.00000    4.64628
  86.50000    4.65352
  87.00000    4.65220
  87.50000    4.65618
  88.00000    4.66214
  88.50000    4.67262
  89.00000    4.66463
  89.50000    4.66377
  90.00000    4.66356
  90.50000    4.67196
  91.00000    4.67681
  91.50000    4.68075
  92.00000    4.67604
  92.50000    4.68311
  93.00000    4.69230
  93.50000    4.69788
  94.00000    4.69179
  94.50000    4.69170
  95.00000    4.69609
  95.50000    4.69810
  96.00000    4.70371
  96.50000    4.70279
  97.00000    4.70503
  97.50000    4.70738
  98.00000    4.71293
  98.50000    4.71345
  99.00000    4.72153
  99.50000    4.72865
 100.00000    4.72421
 100.50000    4.72167
 101.00000    4.73013
 101.50000    4.73174
 102.00000    4.73178
 102.50000    4.73721
 103.00000    4.74089
 103.50000    4.73896
 104.00000    4.73901
 104.50000    4.74434
 105.00000    4.74769
 105.50000    4.75452
 106.00000    4.75773
 106.50000    4.75521
 107.00000    4.75576
 107.50000    4.76356
 108.00000    4.76545
 108.50000    4.76621
 109.00000    4.77522
 109.50000    4.78253
 110.00000    4.77707
 110.50000    4.78007
 111.00000    4.78485
 111.50000    4.78628
 112.00000    4.78783
 112.50000    4.79016
 113.00000    4.79411
 113.50000    4.79265
 114.00000    4.79025
 114.50000    4.78874
 115.00000    4.79237
 115.50000    4.79630
 116.00000    4.80052
 116.50000    4.80736
 117.00000    4.80514
 117.50000    4.80539
 118.00000    4.81786
 118.50000    4.82495
 119.00000    4.81931
 119.50000    4.81484
 120.00000    4.81824
 120.50000    4.81966
 121.00000    4.82105
 121.50000    4.82885
 122.00000    4.83217
 122.50000    4.83039
 123.00000    4.83264
 123.50000    4.83970
 124.00000    4.84488
 124.50000    4.84807
 125.00000    4.84220
 125.50000    4.84501
 126.00000    4.84798
 126.50000    4.85594
 127.00000    4.84906
 127.50000    4.84261
 128.00000    4.84436
 128.50000    4.85213
 129.00000    4.85540
 129.50000    4.84840
 130.00000    4.84725
 130.50000    4.85395
 131.00000    4.85993
 131.50000    4.85957
 132.00000    4.85343
 132.50000    4.85534
 133.00000    4.85817
 133.50000    4.86668
 134.00000    4.86947
 134.50000    4.87468
 135.00000    4.87749
 135.50000    4.87651
 136.00000    4.87343
 136.50000    4.87405
 137.00000    4.88035
 137.50000    4.87466
 138.00000    4.87531
 138.50000    4.87298
 139.00000    4.87294
 139.50000    4.87331
 140.00000    4.88201
 140.50000    4.88571
 141.00000    4.88324
 141.50000    4.88528
 142.00000    4.88438
 142.50000    4.88367
 143.00000    4.88228
 143.50000    4.88675
 144.00000    4.88490
 144.50000    4.88232
 145.00000    4.88165
 145.50000    4.89264
 146.00000    4.89322
 146.50000    4.88891
 147.00000    4.88466
 147.50000    4.88954
 148.00000    4.88591
 148.50000    4.88758
 149.00000    4.88783
 149.50000    4.88689
 150.00000    4.88489
