   0.00000    1.45640
   0.50000    2.89615
   1.00000    3.25775
   1.50000    3.33288
   2.00000    3.53742
   2.50000    3.56251
   3.00000    3.52989
   3.50000    3.49269
   4.00000    3.50360
   4.50000    3.52341
   5.00000    3.53971
   5.50000    3.52503
   6.00000    3.51614
   6.50000    3.51363
   7.00000    3.53164
   7.50000    3.53362
   8.00000    3.52733
   8.50000    3.52781
   9.00000    3.55323
   9.50000    3.55645
  10.00000    3.54606
  10.50000    3.54292
  11.00000    3.55924
  11.50000    3.56247
  12.00000    3.55607
  12.50000    3.56597
  13.00000    3.58130
  13.50000    3.59725
  14.00000    3.59767
  14.50000    3.60164
  15.00000    3.61395
  15.50000    3.62368
  16.00000    3.62176
  16.50000    3.61638
  17.00000    3.63441
  17.50000    3.65896
  18.00000    3.67155
  18.50000    3.66754
  19.00000    3.66458
  19.50000    3.66652
  20.00000    3.67570
  20.50000    3.69726
  21.00000    3.70194
  21.50000    3.70197
  22.00000    3.69760
  22.50000    3.71944
  23.00000    3.72960
  23.50000    3.74100
  24.00000    3.73452
  24.50000    3.72992
  25.00000    3.72812
  25.50000    3.73398
  26.00000    3.71369
  26.50000    3.68728
  27.00000    3.65631
  27.50000    3.64198
  28.00000    3.63888
  28.50000    3.65280
  29.00000    3.65954
  29.50000    3.65804
  30.00000    3.65614
  30.50000    3.67199
  31.00000    3.71256
  31.50000    3.74695
  32.00000    3.77296
  32.50000    3.79990
  33.00000    3.83745
  33.50000    3.89502
  34.00000    3.95551
  34.50000    4.02933
  35.00000    4.07937
  35.50000    4.14845
  36.00000    4.19737
  36.50000    4.24399
  37.00000    4.27117
  37.50000    4.31133
  38.00000    4.34065
  38.50000    4.36180
  39.00000    4.39317
  39.50000    4.41469
  40.00000    4.42284
  40.50000    4.41397
  41.00000    4.42813
  41.50000    4.45393
  42.00000    4.46358
  42.50000    4.46396
  43.00000    4.47179
  43.50000    4.48912
  44.00000    4.48343
  44.50000    4.47472
  45.00000    4.47081
  45.50000    4.46248
  46.00000    4.46277
  46.50000    4.47394
  47.00000    4.48002
  47.50000    4.48887
  48.00000    4.49053
  48.50000    4.50547
  49.00000    4.51299
  49.50000    4.52817
  50.00000    4.53944
  50.50000    4.56214
  51.00000    4.56967
  51.50000    4.57726
  52.00000    4.58105
  52.50000    4.58179
  53.00000    4.57224
  53.50000    4.58965
  54.00000    4.59902
  54.50000    4.59997
  55.00000    4.59403
  55.50000    4.60029
  56.00000    4.59903
  56.50000    4.59347
  57.00000    4.59609
  57.50000    4.60439
  58.00000    4.62092
  58.50000    4.61937
  59.00000    4.60890
  59.50000    4.60136
  60.00000    4.59961
  60.50000    4.61334
  61.00000    4.61580
  61.50000    4.60886
  62.00000    4.59932
  62.50000    4.60116
  63.00000    4.59062
  63.50000    4.57708
  64.00000    4.57288
  64.50000    4.58240
  65.00000    4.58766
  65.50000    4.59678
  66.00000    4.59781
  66.50000    4.59615
  67.00000    4.59608
  67.50000    4.59110
  68.00000    4.58884
  68.50000    4.58232
  69.00000    4.58659
  69.50000    4.58751
  70.00000    4.58601
  70.50000    4.58621
  71.00000    4.57697
  71.50000    4.56999
  72.00000    4.56102
  72.50000    4.57533
  73.00000    4.58584
  73.50000    4.57365
  74.00000    4.55923
  74.50000    4.55983
  75.00000    4.56478
  75.50000    4.55753
  76.00000    4.55621
  76.50000    4.55676
  77.00000    4.55670
  77.50000    4.55964
  78.00000    4.56487
  78.50000    4.56590
  79.00000    4.56147
  79.50000    4.55777
  80.00000    4.54404
  80.50000    4.54694
  81.00000    4.53977
  81.50000    4.54537
  82.00000    4.53567
  82.50000    4.54025
  83.00000    4.53757
  83.50000    4.53584
  84.00000    4.52302
  84.50000    4.51978
  85.00000    4.53463
  85.50000    4.53475
  86.00000    4.51875
  86.50000    4.51148
  87.00000    4.52070
  87.50000    4.52537
  88.00000    4.51919
  88.50000    4.51202
  89.00000    4.50840
  89.50000    4.51650
  90.00000    4.52416
  90.50000    4.52319
  91.00000    4.50800
  91.50000    4.50173
  92.00000    4.50869
  92.50000    4.51333
  93.00000    4.50697
  93.50000    4.50711
  94.00000    4.50525
  94.50000    4.49421
  95.00000    4.49264
  95.50000    4.49419
  96.00000    4.50244
  96.50000    4.49291
  97.00000    4.48565
  97.50000    4.47497
  98.00000    4.48817
  98.50000    4.49477
  99.00000    4.49621
  99.50000    4.48605
 100.00000    4.47772
 100.50000    4.47910
 101.00000    4.48358
 101.50000    4.48924
 102.00000    4.48174
 102.50000    4.47708
 103.00000    4.46161
 103.50000    4.46477
 104.00000    4.47726
 104.50000    4.48290
 105.00000    4.47295
 105.50000    4.46711
 106.00000    4.47378
 106.50000    4.47089
 107.00000    4.47290
 107.50000    4.48053
 108.00000    4.48526
 108.50000    4.46581
 109.00000    4.45948
 109.50000    4.46889
 110.00000    4.48040
 110.50000    4.47648
 111.00000    4.46733
 111.50000    4.45587
 112.00000    4.46665
 112.50000    4.46208
 113.00000    4.45220
 113.50000    4.44742
 114.00000    4.46379
 114.50000    4.46816
 115.00000    4.46455
 115.50000    4.45969
 116.00000    4.44473
 116.50000    4.45365
 117.00000    4.45817
 117.50000    4.46325
 118.00000    4.46583
 118.50000    4.47516
 119.00000    4.46230
 119.50000    4.45210
 120.00000    4.45764
 120.50000    4.46514
 121.00000    4.47086
 121.50000    4.46700
 122.00000    4.46299
 122.50000    4.45260
 123.00000    4.45673
 123.50000    4.46087
 124.00000    4.45719
 124.50000    4.45148
 125.00000    4.45215
 125.50000    4.45921
 126.00000    4.45901
 126.50000    4.46270
 127.00000    4.46418
 127.50000    4.45890
 128.00000    4.45441
 128.50000    4.45079
 129.00000    4.44859
 129.50000    4.45380
 130.00000    4.46360
 130.50000    4.46568
 131.00000    4.46507
 131.50000    4.47061
 132.00000    4.46783
 132.50000    4.45931
 133.00000    4.44886
 133.50000    4.45708
 134.00000    4.46027
 134.50000    4.46636
 135.00000    4.45804
 135.50000    4.46225
 136.00000    4.45157
 136.50000    4.45735
 137.00000    4.46710
 137.50000    4.47820
 138.00000    4.47334
 138.50000    4.47310
 139.00000    4.47261
 139.50000    4.46631
 140.00000    4.46438
 140.50000    4.46787
 141.00000    4.47411
 141.50000    4.47222
 142.00000    4.47507
 142.50000    4.47175
 143.00000    4.46868
 143.50000    4.46755
 144.00000    4.46434
 144.50000    4.46604
 145.00000    4.46862
 145.50000    4.48282
 146.00000    4.48540
 146.50000    4.49840
 147.00000    4.49442
 147.50000    4.47372
 148.00000    4.46501
 148.50000    4.47148
 149.00000    4.47115
 149.50000    4.45954
 150.00000    4.48233
