   0.00000    0.83924
   0.50000    1.37730
   1.00000    1.74862
   1.50000    2.18967
   2.00000    2.66690
   2.50000    3.09193
   3.00000    3.31086
   3.50000    3.39477
   4.00000    3.38796
   4.50000    3.40218
   5.00000    3.42731
   5.50000    3.44315
   6.00000    3.46614
   6.50000    3.49341
   7.00000    3.52151
   7.50000    3.54058
   8.00000    3.55525
   8.50000    3.56600
   9.00000    3.57734
   9.50000    3.58101
  10.00000    3.59097
  10.50000    3.60764
  11.00000    3.62998
  11.50000    3.64650
  12.00000    3.65462
  12.50000    3.65157
  13.00000    3.65918
  13.50000    3.67213
  14.00000    3.67818
  14.50000    3.67799
  15.00000    3.69144
  15.50000    3.70198
  16.00000    3.70200
  16.50000    3.70112
  17.00000    3.71204
  17.50000    3.72329
  18.00000    3.73008
  18.50000    3.73938
  19.00000    3.74450
  19.50000    3.74162
  20.00000    3.73499
  20.50000    3.73948
  21.00000    3.75018
  21.50000    3.76398
  22.00000    3.76149
  22.50000    3.76217
  23.00000    3.76357
  23.50000    3.76419
  24.00000    3.75757
  24.50000    3.76060
  25.00000    3.76690
  25.50000    3.76626
  26.00000    3.76491
  26.50000    3.78720
  27.00000    3.81770
  27.50000    3.84197
  28.00000    3.84443
  28.50000    3.85844
  29.00000    3.85376
  29.50000    3.85054
  30.00000    3.83125
  30.50000    3.82021
  31.00000    3.80819
  31.50000    3.82878
  32.00000    3.84314
  32.50000    3.83564
  33.00000    3.82947
  33.50000    3.86098
  34.00000    3.91790
  34.50000    3.97622
  35.00000    4.02881
  35.50000    4.08730
  36.00000    4.13049
  36.50000    4.15309
  37.00000    4.16482
  37.50000    4.18523
  38.00000    4.19368
  38.50000    4.20211
  39.00000    4.21815
  39.50000    4.23540
  40.00000    4.22838
  40.50000    4.22231
  41.00000    4.23482
  41.50000    4.27096
  42.00000    4.28998
  42.50000    4.32641
  43.00000    4.37401
  43.50000    4.43285
  44.00000    4.45656
  44.50000    4.49527
  45.00000    4.53177
  45.50000    4.58639
  46.00000    4.61862
  46.50000    4.64053
  47.00000    4.63883
  47.50000    4.65245
  48.00000    4.64023
  48.50000    4.61237
  49.00000    4.57429
  49.50000    4.58012
  50.00000    4.58902
  50.50000    4.60524
  51.00000    4.60288
  51.50000    4.60637
  52.00000    4.61316
  52.50000    4.61680
  53.00000    4.61460
  53.50000    4.60695
  54.00000    4.61773
  54.50000    4.62311
  55.00000    4.62531
  55.50000    4.62427
  56.00000    4.62193
  56.50000    4.62000
  57.00000    4.61372
  57.50000    4.62127
  58.00000    4.62066
  58.50000    4.62513
  59.00000    4.62513
  59.50000    4.62614
  60.00000    4.62350
  60.50000    4.62223
  61.00000    4.62368
  61.50000    4.61819
  62.00000    4.61015
  62.50000    4.60210
  63.00000    4.60027
  63.50000    4.60643
  64.00000    4.61402
  64.50000    4.61461
  65.00000    4.60309
  65.50000    4.60446
  66.00000    4.61067
  66.50000    4.61131
  67.00000    4.60272
  67.50000    4.60300
  68.00000    4.61491
  68.50000    4.61962
  69.00000    4.62346
  69.50000    4.62383
  70.00000    4.62323
  70.50000    4.61421
  71.00000    4.60171
  71.50000    4.59609
  72.00000    4.60200
  72.50000    4.61120
  73.00000    4.61442
  73.50000    4.60842
  74.00000    4.60968
  74.50000    4.61774
  75.00000    4.62289
  75.50000    4.61428
  76.00000    4.61538
  76.50000    4.62920
  77.00000    4.63106
  77.50000    4.62105
  78.00000    4.61825
  78.50000    4.62339
  79.00000    4.62882
  79.50000    4.62999
  80.00000    4.63226
  80.50000    4.62905
  81.00000    4.62544
  81.50000    4.61912
  82.00000    4.62839
  82.50000    4.63283
  83.00000    4.63870
  83.50000    4.63266
  84.00000    4.63590
  84.50000    4.63634
  85.00000    4.64207
  85.50000    4.63073
  86.00000    4.63736
  86.50000    4.64067
  87.00000    4.64656
  87.50000    4.63311
  88.00000    4.63818
  88.50000    4.63624
  89.00000    4.64459
  89.50000    4.64954
  90.00000    4.65571
  90.50000    4.65097
  91.00000    4.64130
  91.50000    4.63914
  92.00000    4.63936
  92.50000    4.65252
  93.00000    4.65465
  93.50000    4.65935
  94.00000    4.65670
  94.50000    4.65545
  95.00000    4.64782
  95.50000    4.64829
  96.00000    4.65488
  96.50000    4.65832
  97.00000    4.65532
  97.50000    4.65521
  98.00000    4.65726
  98.50000    4.66638
  99.00000    4.66617
  99.50000    4.66237
 100.00000    4.65979
 100.50000    4.66182
 101.00000    4.65915
 101.50000    4.65221
 102.00000    4.64793
 102.50000    4.64863
 103.00000    4.65090
 103.50000    4.65670
 104.00000    4.66216
 104.50000    4.66794
 105.00000    4.65899
 105.50000    4.65461
 106.00000    4.66063
 106.50000    4.67175
 107.00000    4.66575
 107.50000    4.65724
 108.00000    4.66399
 108.50000    4.66619
 109.00000    4.66433
 109.50000    4.65791
 110.00000    4.66230
 110.50000    4.65559
 111.00000    4.65261
 111.50000    4.65168
 112.00000    4.65901
 112.50000    4.66127
 113.00000    4.65395
 113.50000    4.65740
 114.00000    4.65602
 114.50000    4.65551
 115.00000    4.65478
 115.50000    4.67292
 116.00000    4.67631
 116.50000    4.65779
 117.00000    4.64885
 117.50000    4.65542
 118.00000    4.66565
 118.50000    4.66686
 119.00000    4.66172
 119.50000    4.66333
 120.00000    4.65229
 120.50000    4.65836
 121.00000    4.65687
 121.50000    4.66198
 122.00000    4.65880
 122.50000    4.66307
 123.00000    4.66338
 123.50000    4.65858
 124.00000    4.65642
 124.50000    4.65557
 125.00000    4.65817
 125.50000    4.65958
 126.00000    4.65378
 126.50000    4.64783
 127.00000    4.64481
 127.50000    4.65608
 128.00000    4.66049
 128.50000    4.65892
 129.00000    4.64807
 129.50000    4.64072
 130.00000    4.63500
 130.50000    4.64327
 131.00000    4.64189
 131.50000    4.64187
 132.00000    4.64004
 132.50000    4.64608
 133.00000    4.64371
 133.50000    4.64090
 134.00000    4.63825
 134.50000    4.63969
 135.00000    4.64665
 135.50000    4.64386
 136.00000    4.63877
 136.50000    4.63586
 137.00000    4.63086
 137.50000    4.63376
 138.00000    4.63997
 138.50000    4.64569
 139.00000    4.64954
 139.50000    4.64552
 140.00000    4.63499
 140.50000    4.62732
 141.00000    4.63442
 141.50000    4.63672
 142.00000    4.63882
 142.50000    4.64152
 143.00000    4.63989
 143.50000    4.63562
 144.00000    4.63488
 144.50000    4.64109
 145.00000    4.64399
 145.50000    4.64305
 146.00000    4.63017
 146.50000    4.62868
 147.00000    4.63095
 147.50000    4.63882
 148.00000    4.63435
 148.50000    4.63518
 149.00000    4.63365
 149.50000    4.63622
 150.00000    4.63861
