   0.00000    1.52695
   0.50000    2.88863
   1.00000    3.29073
   1.50000    3.40187
   2.00000    3.54183
   2.50000    3.52496
   3.00000    3.46670
   3.50000    3.46731
   4.00000    3.49051
   4.50000    3.52688
   5.00000    3.53080
   5.50000    3.53440
   6.00000    3.52382
   6.50000    3.52666
   7.00000    3.53389
   7.50000    3.54886
   8.00000    3.55710
   8.50000    3.56532
   9.00000    3.58079
   9.50000    3.57472
  10.00000    3.56521
  10.50000    3.57634
  11.00000    3.60173
  11.50000    3.60749
  12.00000    3.60095
  12.50000    3.60300
  13.00000    3.60719
  13.50000    3.60915
  14.00000    3.61147
  14.50000    3.62625
  15.00000    3.64297
  15.50000    3.65204
  16.00000    3.65848
  16.50000    3.66755
  17.00000    3.66620
  17.50000    3.66521
  18.00000    3.66702
  18.50000    3.67979
  19.00000    3.67684
  19.50000    3.66960
  20.00000    3.67981
  20.50000    3.69980
  21.00000    3.71817
  21.50000    3.71958
  22.00000    3.70504
  22.50000    3.69460
  23.00000    3.70558
  23.50000    3.73098
  24.00000    3.74150
  24.50000    3.75195
  25.00000    3.76175
  25.50000    3.75861
  26.00000    3.73753
  26.50000    3.69757
  27.00000    3.67181
  27.50000    3.65793
  28.00000    3.67369
  28.50000    3.71654
  29.00000    3.73886
  29.50000    3.73954
  30.00000    3.72298
  30.50000    3.74020
  31.00000    3.76551
  31.50000    3.80432
  32.00000    3.81424
  32.50000    3.82719
  33.00000    3.84616
  33.50000    3.89492
  34.00000    3.93993
  34.50000    4.00833
  35.00000    4.07056
  35.50000    4.13925
  36.00000    4.19273
  36.50000    4.22886
  37.00000    4.25517
  37.50000    4.27193
  38.00000    4.29011
  38.50000    4.29564
  39.00000    4.32841
  39.50000    4.34676
  40.00000    4.36193
  40.50000    4.36125
  41.00000    4.36092
  41.50000    4.36997
  42.00000    4.37730
  42.50000    4.38315
  43.00000    4.38786
  43.50000    4.40867
  44.00000    4.41639
  44.50000    4.39545
  45.00000    4.37876
  45.50000    4.37998
  46.00000    4.39607
  46.50000    4.40155
  47.00000    4.39371
  47.50000    4.40732
  48.00000    4.41312
  48.50000    4.43461
  49.00000    4.44261
  49.50000    4.45426
  50.00000    4.45495
  50.50000    4.46948
  51.00000    4.47121
  51.50000    4.48163
  52.00000    4.49808
  52.50000    4.50837
  53.00000    4.49240
  53.50000    4.49621
  54.00000    4.51176
  54.50000    4.52923
  55.00000    4.52342
  55.50000    4.53191
  56.00000    4.52758
  56.50000    4.52420
  57.00000    4.52118
  57.50000    4.53531
  58.00000    4.53552
  58.50000    4.52350
  59.00000    4.52492
  59.50000    4.52429
  60.00000    4.53008
  60.50000    4.52641
  61.00000    4.53046
  61.50000    4.51603
  62.00000    4.50875
  62.50000    4.49915
  63.00000    4.49804
  63.50000    4.49720
  64.00000    4.48591
  64.50000    4.48358
  65.00000    4.48626
  65.50000    4.50078
  66.00000    4.50153
  66.50000    4.50647
  67.00000    4.49741
  67.50000    4.48940
  68.00000    4.48303
  68.50000    4.49272
  69.00000    4.49916
  69.50000    4.50953
  70.00000    4.49501
  70.50000    4.48865
  71.00000    4.48291
  71.50000    4.49734
  72.00000    4.49763
  72.50000    4.50629
  73.00000    4.50718
  73.50000    4.50168
  74.00000    4.49419
  74.50000    4.48949
  75.00000    4.49190
  75.50000    4.49132
  76.00000    4.49140
  76.50000    4.49413
  77.00000    4.50566
  77.50000    4.51418
  78.00000    4.50540
  78.50000    4.50482
  79.00000    4.50123
  79.50000    4.51291
  80.00000    4.51148
  80.50000    4.50621
  81.00000    4.49075
  81.50000    4.49682
  82.00000    4.50436
  82.50000    4.50385
  83.00000    4.51394
  83.50000    4.51359
  84.00000    4.50714
  84.50000    4.49990
  85.00000    4.51959
  85.50000    4.51960
  86.00000    4.52164
  86.50000    4.51903
  87.00000    4.51698
  87.50000    4.50757
  88.00000    4.50639
  88.50000    4.51038
  89.00000    4.50585
  89.50000    4.51893
  90.00000    4.52137
  90.50000    4.52712
  91.00000    4.52136
  91.50000    4.51765
  92.00000    4.51152
  92.50000    4.51039
  93.00000    4.51956
  93.50000    4.52630
  94.00000    4.53242
  94.50000    4.52463
  95.00000    4.51880
  95.50000    4.52007
  96.00000    4.52888
  96.50000    4.51840
  97.00000    4.51253
  97.50000    4.50693
  98.00000    4.51676
  98.50000    4.52049
  99.00000    4.53831
  99.50000    4.53847
 100.00000    4.52224
 100.50000    4.51474
 101.00000    4.51562
 101.50000    4.52328
 102.00000    4.51526
 102.50000    4.51513
 103.00000    4.50720
 103.50000    4.50421
 104.00000    4.50854
 104.50000    4.51780
 105.00000    4.51466
 105.50000    4.50590
 106.00000    4.50136
 106.50000    4.50479
 107.00000    4.51573
 107.50000    4.52679
 108.00000    4.52373
 108.50000    4.51476
 109.00000    4.51273
 109.50000    4.50629
 110.00000    4.51308
 110.50000    4.52018
 111.00000    4.52343
 111.50000    4.51376
 112.00000    4.51147
 112.50000    4.49842
 113.00000    4.48941
 113.50000    4.49345
 114.00000    4.50602
 114.50000    4.51225
 115.00000    4.50683
 115.50000    4.50378
 116.00000    4.50005
 116.50000    4.50403
 117.00000    4.50293
 117.50000    4.50750
 118.00000    4.50432
 118.50000    4.50895
 119.00000    4.50946
 119.50000    4.50847
 120.00000    4.50340
 120.50000    4.50878
 121.00000    4.52205
 121.50000    4.51996
 122.00000    4.51694
 122.50000    4.51342
 123.00000    4.50752
 123.50000    4.49951
 124.00000    4.49243
 124.50000    4.49460
 125.00000    4.49025
 125.50000    4.48923
 126.00000    4.48952
 126.50000    4.49387
 127.00000    4.49290
 127.50000    4.48791
 128.00000    4.49801
 128.50000    4.50128
 129.00000    4.49255
 129.50000    4.48428
 130.00000    4.50212
 130.50000    4.51067
 131.00000    4.50587
 131.50000    4.50236
 132.00000    4.50305
 132.50000    4.49007
 133.00000    4.47870
 133.50000    4.48965
 134.00000    4.49860
 134.50000    4.49619
 135.00000    4.49044
 135.50000    4.49336
 136.00000    4.49397
 136.50000    4.48637
 137.00000    4.47631
 137.50000    4.47358
 138.00000    4.48436
 138.50000    4.49261
 139.00000    4.49107
 139.50000    4.48907
 140.00000    4.49422
 140.50000    4.50460
 141.00000    4.49955
 141.50000    4.50105
 142.00000    4.49913
 142.50000    4.49809
 143.00000    4.49038
 143.50000    4.48283
 144.00000    4.48312
 144.50000    4.48752
 145.00000    4.50071
 145.50000    4.49445
 146.00000    4.49325
 146.50000    4.49984
 147.00000    4.49573
 147.50000    4.48684
 148.00000    4.47696
 148.50000    4.47982
 149.00000    4.47603
 149.50000    4.48945
 150.00000    4.50168
