   0.00000    1.40743
   0.50000    2.79449
   1.00000    3.16952
   1.50000    3.22158
   2.00000    3.31213
   2.50000    3.32694
   3.00000    3.31669
   3.50000    3.35081
   4.00000    3.37413
   4.50000    3.38642
   5.00000    3.37557
   5.50000    3.37740
   6.00000    3.39628
   6.50000    3.42073
   7.00000    3.44983
   7.50000    3.45469
   8.00000    3.45996
   8.50000    3.47702
   9.00000    3.49868
   9.50000    3.50959
  10.00000    3.51085
  10.50000    3.52270
  11.00000    3.53610
  11.50000    3.55564
  12.00000    3.56196
  12.50000    3.56859
  13.00000    3.58098
  13.50000    3.60236
  14.00000    3.60701
  14.50000    3.60494
  15.00000    3.62072
  15.50000    3.64022
  16.00000    3.65659
  16.50000    3.67216
  17.00000    3.68150
  17.50000    3.70715
  18.00000    3.71752
  18.50000    3.72203
  19.00000    3.71821
  19.50000    3.74218
  20.00000    3.75288
  20.50000    3.76793
  21.00000    3.76728
  21.50000    3.77936
  22.00000    3.78297
  22.50000    3.79814
  23.00000    3.79897
  23.50000    3.81377
  24.00000    3.81559
  24.50000    3.80352
  25.00000    3.78925
  25.50000    3.78117
  26.00000    3.76503
  26.50000    3.73046
  27.00000    3.70778
  27.50000    3.71071
  28.00000    3.74079
  28.50000    3.79159
  29.00000    3.82011
  29.50000    3.83044
  30.00000    3.82948
  30.50000    3.85959
  31.00000    3.87758
  31.50000    3.89138
  32.00000    3.92249
  32.50000    3.95936
  33.00000    3.99900
  33.50000    4.02584
  34.00000    4.05178
  34.50000    4.08652
  35.00000    4.13660
  35.50000    4.19537
  36.00000    4.22290
  36.50000    4.25355
  37.00000    4.26784
  37.50000    4.29376
  38.00000    4.32129
  38.50000    4.34996
  39.00000    4.36541
  39.50000    4.36828
  40.00000    4.36978
  40.50000    4.37920
  41.00000    4.38659
  41.50000    4.37805
  42.00000    4.37324
  42.50000    4.37902
  43.00000    4.38948
  43.50000    4.39304
  44.00000    4.39677
  44.50000    4.39679
  45.00000    4.40097
  45.50000    4.40402
  46.00000    4.40947
  46.50000    4.41828
  47.00000    4.45403
  47.50000    4.47115
  48.00000    4.47930
  48.50000    4.46692
  49.00000    4.47977
  49.50000    4.50326
  50.00000    4.53268
  50.50000    4.53134
  51.00000    4.51883
  51.50000    4.50993
  52.00000    4.51901
  52.50000    4.52581
  53.00000    4.55113
  53.50000    4.54893
  54.00000    4.53119
  54.50000    4.52897
  55.00000    4.54515
  55.50000    4.53851
  56.00000    4.51013
  56.50000    4.51346
  57.00000    4.52423
  57.50000    4.52994
  58.00000    4.52898
  58.50000    4.54012
  59.00000    4.54352
  59.50000    4.52374
  60.00000    4.51700
  60.50000    4.50937
  61.00000    4.51368
  61.50000    4.50964
  62.00000    4.52836
  62.50000    4.53291
  63.00000    4.51747
  63.50000    4.50031
  64.00000    4.50048
  64.50000    4.52405
  65.00000    4.52228
  65.50000    4.52288
  66.00000    4.50926
  66.50000    4.50751
  67.00000    4.50094
  67.50000    4.51477
  68.00000    4.50583
  68.50000    4.50218
  69.00000    4.49419
  69.50000    4.50105
  70.00000    4.51530
  70.50000    4.51622
  71.00000    4.50527
  71.50000    4.50504
  72.00000    4.52672
  72.50000    4.52131
  73.00000    4.52133
  73.50000    4.51983
  74.00000    4.51948
  74.50000    4.50523
  75.00000    4.50059
  75.50000    4.49969
  76.00000    4.51103
  76.50000    4.51708
  77.00000    4.50524
  77.50000    4.48204
  78.00000    4.48755
  78.50000    4.49740
  79.00000    4.50102
  79.50000    4.49581
  80.00000    4.49921
  80.50000    4.50088
  81.00000    4.48569
  81.50000    4.48843
  82.00000    4.48047
  82.50000    4.47735
  83.00000    4.47203
  83.50000    4.47024
  84.00000    4.47045
  84.50000    4.47382
  85.00000    4.47926
  85.50000    4.46485
  86.00000    4.46018
  86.50000    4.46527
  87.00000    4.46796
  87.50000    4.46578
  88.00000    4.46287
  88.50000    4.45448
  89.00000    4.44584
  89.50000    4.44738
  90.00000    4.45317
  90.50000    4.45286
  91.00000    4.44805
  91.50000    4.43295
  92.00000    4.43353
  92.50000    4.43460
  93.00000    4.44474
  93.50000    4.43071
  94.00000    4.43285
  94.50000    4.42200
  95.00000    4.41411
  95.50000    4.41813
  96.00000    4.44088
  96.50000    4.44221
  97.00000    4.42865
  97.50000    4.41107
  98.00000    4.41080
  98.50000    4.41242
  99.00000    4.41478
  99.50000    4.41091
 100.00000    4.40524
 100.50000    4.41823
 101.00000    4.40012
 101.50000    4.41087
 102.00000    4.40996
 102.50000    4.41819
 103.00000    4.40413
 103.50000    4.40890
 104.00000    4.40810
 104.50000    4.40171
 105.00000    4.39152
 105.50000    4.39176
 106.00000    4.39641
 106.50000    4.39858
 107.00000    4.38496
 107.50000    4.38842
 108.00000    4.39587
 108.50000    4.39965
 109.00000    4.39139
 109.50000    4.37521
 110.00000    4.36667
 110.50000    4.37422
 111.00000    4.38974
 111.50000    4.39781
 112.00000    4.40166
 112.50000    4.39466
 113.00000    4.38892
 113.50000    4.38406
 114.00000    4.39377
 114.50000    4.39394
 115.00000    4.38994
 115.50000    4.38182
 116.00000    4.38511
 116.50000    4.39014
 117.00000    4.37502
 117.50000    4.37029
 118.00000    4.37594
 118.50000    4.38637
 119.00000    4.38874
 119.50000    4.39461
 120.00000    4.38762
 120.50000    4.38507
 121.00000    4.39129
 121.50000    4.39165
 122.00000    4.37985
 122.50000    4.39058
 123.00000    4.39893
 123.50000    4.39159
 124.00000    4.37592
 124.50000    4.37783
 125.00000    4.38618
 125.50000    4.39573
 126.00000    4.39627
 126.50000    4.39378
 127.00000    4.39090
 127.50000    4.39348
 128.00000    4.39187
 128.50000    4.39570
 129.00000    4.39925
 129.50000    4.40732
 130.00000    4.39593
 130.50000    4.39220
 131.00000    4.39939
 131.50000    4.41430
 132.00000    4.40698
 132.50000    4.40258
 133.00000    4.39959
 133.50000    4.38954
 134.00000    4.39351
 134.50000    4.40493
 135.00000    4.40661
 135.50000    4.39157
 136.00000    4.38660
 136.50000    4.39003
 137.00000    4.40150
 137.50000    4.40775
 138.00000    4.40629
 138.50000    4.40037
 139.00000    4.40692
 139.50000    4.40784
 140.00000    4.40612
 140.50000    4.40514
 141.00000    4.39879
 141.50000    4.41051
 142.00000    4.41719
 142.50000    4.42309
 143.00000    4.41192
 143.50000    4.40983
 144.00000    4.41914
 144.50000    4.42208
 145.00000    4.41325
 145.50000    4.41068
 146.00000    4.42619
 146.50000    4.43997
 147.00000    4.43160
 147.50000    4.43691
 148.00000    4.43501
 148.50000    4.42952
 149.00000    4.41620
 149.50000    4.41365
 150.00000    4.40837
