   0.00000    0.80365
   0.50000    1.67439
   1.00000    2.14382
   1.50000    2.44093
   2.00000    2.68527
   2.50000    2.93896
   3.00000    3.14134
   3.50000    3.27259
   4.00000    3.30830
   4.50000    3.32967
   5.00000    3.35348
   5.50000    3.37319
   6.00000    3.38168
   6.50000    3.40976
   7.00000    3.43323
   7.50000    3.45832
   8.00000    3.49042
   8.50000    3.51603
   9.00000    3.52428
   9.50000    3.53117
  10.00000    3.55092
  10.50000    3.56939
  11.00000    3.59517
  11.50000    3.61279
  12.00000    3.61896
  12.50000    3.62732
  13.00000    3.64235
  13.50000    3.66662
  14.00000    3.68596
  14.50000    3.70838
  15.00000    3.72070
  15.50000    3.73348
  16.00000    3.74404
  16.50000    3.75937
  17.00000    3.77251
  17.50000    3.77937
  18.00000    3.79547
  18.50000    3.80892
  19.00000    3.82462
  19.50000    3.83990
  20.00000    3.86387
  20.50000    3.88078
  21.00000    3.89158
  21.50000    3.90141
  22.00000    3.91301
  22.50000    3.93046
  23.00000    3.95013
  23.50000    3.97369
  24.00000    3.99468
  24.50000    4.00348
  25.00000    4.00433
  25.50000    3.97808
  26.00000    3.95227
  26.50000    3.95557
  27.00000    3.99826
  27.50000    4.03180
  28.00000    4.04943
  28.50000    4.07770
  29.00000    4.09934
  29.50000    4.12016
  30.00000    4.12677
  30.50000    4.14146
  31.00000    4.14392
  31.50000    4.16471
  32.00000    4.18465
  32.50000    4.19801
  33.00000    4.19725
  33.50000    4.21938
  34.00000    4.24472
  34.50000    4.28490
  35.00000    4.30473
  35.50000    4.32005
  36.00000    4.30980
  36.50000    4.32350
  37.00000    4.33765
  37.50000    4.33526
  38.00000    4.33748
  38.50000    4.33652
  39.00000    4.35116
  39.50000    4.35041
  40.00000    4.34948
  40.50000    4.34025
  41.00000    4.35076
  41.50000    4.36486
  42.00000    4.36322
  42.50000    4.35964
  43.00000    4.36511
  43.50000    4.37068
  44.00000    4.37854
  44.50000    4.37812
  45.00000    4.38079
  45.50000    4.38934
  46.00000    4.41438
  46.50000    4.42475
  47.00000    4.42749
  47.50000    4.42715
  48.00000    4.41810
  48.50000    4.41025
  49.00000    4.41479
  49.50000    4.44534
  50.00000    4.44975
  50.50000    4.45411
  51.00000    4.46374
  51.50000    4.48622
  52.00000    4.48680
  52.50000    4.47246
  53.00000    4.46724
  53.50000    4.46563
  54.00000    4.46387
  54.50000    4.46022
  55.00000    4.47008
  55.50000    4.46859
  56.00000    4.46126
  56.50000    4.45437
  57.00000    4.46598
  57.50000    4.46753
  58.00000    4.45563
  58.50000    4.44471
  59.00000    4.44821
  59.50000    4.44385
  60.00000    4.43584
  60.50000    4.42763
  61.00000    4.42525
  61.50000    4.41279
  62.00000    4.41886
  62.50000    4.41435
  63.00000    4.39966
  63.50000    4.38662
  64.00000    4.39556
  64.50000    4.40107
  65.00000    4.38481
  65.50000    4.37228
  66.00000    4.37121
  66.50000    4.37405
  67.00000    4.36968
  67.50000    4.36731
  68.00000    4.37588
  68.50000    4.37439
  69.00000    4.36705
  69.50000    4.37058
  70.00000    4.37142
  70.50000    4.35809
  71.00000    4.34816
  71.50000    4.35443
  72.00000    4.36530
  72.50000    4.35892
  73.00000    4.35792
  73.50000    4.35188
  74.00000    4.36238
  74.50000    4.36374
  75.00000    4.36362
  75.50000    4.35386
  76.00000    4.34239
  76.50000    4.34488
  77.00000    4.34541
  77.50000    4.34472
  78.00000    4.33337
  78.50000    4.33508
  79.00000    4.33164
  79.50000    4.32809
  80.00000    4.32581
  80.50000    4.32423
  81.00000    4.32332
  81.50000    4.31369
  82.00000    4.31440
  82.50000    4.32281
  83.00000    4.32388
  83.50000    4.30777
  84.00000    4.31105
  84.50000    4.31985
  85.00000    4.31589
  85.50000    4.31326
  86.00000    4.31033
  86.50000    4.30648
  87.00000    4.30165
  87.50000    4.31040
  88.00000    4.30257
  88.50000    4.30149
  89.00000    4.29705
  89.50000    4.29328
  90.00000    4.29044
  90.50000    4.28394
  91.00000    4.28621
  91.50000    4.27824
  92.00000    4.28228
  92.50000    4.28202
  93.00000    4.29217
  93.50000    4.28196
  94.00000    4.28370
  94.50000    4.27624
  95.00000    4.27149
  95.50000    4.27396
  96.00000    4.28231
  96.50000    4.28528
  97.00000    4.28506
  97.50000    4.28204
  98.00000    4.26977
  98.50000    4.26707
  99.00000    4.26625
  99.50000    4.26512
 100.00000    4.27548
 100.50000    4.28519
 101.00000    4.26907
 101.50000    4.25860
 102.00000    4.25779
 102.50000    4.26806
 103.00000    4.26627
 103.50000    4.26603
 104.00000    4.27249
 104.50000    4.27721
 105.00000    4.26979
 105.50000    4.24907
 106.00000    4.24534
 106.50000    4.24649
 107.00000    4.24757
 107.50000    4.25335
 108.00000    4.26245
 108.50000    4.26924
 109.00000    4.26711
 109.50000    4.26499
 110.00000    4.25948
 110.50000    4.25705
 111.00000    4.25480
 111.50000    4.25082
 112.00000    4.25112
 112.50000    4.26038
 113.00000    4.26265
 113.50000    4.26172
 114.00000    4.25946
 114.50000    4.26314
 115.00000    4.26729
 115.50000    4.26774
 116.00000    4.26038
 116.50000    4.25667
 117.00000    4.25852
 117.50000    4.27022
 118.00000    4.27420
 118.50000    4.27867
 119.00000    4.27940
 119.50000    4.28827
 120.00000    4.27992
 120.50000    4.27677
 121.00000    4.26736
 121.50000    4.27388
 122.00000    4.27438
 122.50000    4.28301
 123.00000    4.27550
 123.50000    4.28503
 124.00000    4.27475
 124.50000    4.27594
 125.00000    4.27068
 125.50000    4.28199
 126.00000    4.28337
 126.50000    4.29337
 127.00000    4.29496
 127.50000    4.29998
 128.00000    4.30279
 128.50000    4.29932
 129.00000    4.29846
 129.50000    4.29961
 130.00000    4.30050
 130.50000    4.30147
 131.00000    4.29592
 131.50000    4.29750
 132.00000    4.30079
 132.50000    4.30954
 133.00000    4.30510
 133.50000    4.31284
 134.00000    4.31609
 134.50000    4.31671
 135.00000    4.30896
 135.50000    4.31216
 136.00000    4.31157
 136.50000    4.31587
 137.00000    4.31542
 137.50000    4.32189
 138.00000    4.32126
 138.50000    4.33334
 139.00000    4.34092
 139.50000    4.34441
 140.00000    4.33633
 140.50000    4.33592
 141.00000    4.32905
 141.50000    4.32720
 142.00000    4.32055
 142.50000    4.32587
 143.00000    4.33138
 143.50000    4.35178
 144.00000    4.35748
 144.50000    4.35290
 145.00000    4.33968
 145.50000    4.34633
 146.00000    4.35808
 146.50000    4.36364
 147.00000    4.35668
 147.50000    4.35886
 148.00000    4.36790
 148.50000    4.37472
 149.00000    4.37314
 149.50000    4.37069
 150.00000    4.37368
