   0.00000    1.43938
   0.50000    2.68393
   1.00000    3.10566
   1.50000    3.17563
   2.00000    3.23951
   2.50000    3.26627
   3.00000    3.28386
   3.50000    3.27690
   4.00000    3.29530
   4.50000    3.32024
   5.00000    3.34644
   5.50000    3.36624
   6.00000    3.37774
   6.50000    3.38349
   7.00000    3.41366
   7.50000    3.45146
   8.00000    3.45925
   8.50000    3.46198
   9.00000    3.46930
   9.50000    3.47168
  10.00000    3.47878
  10.50000    3.48649
  11.00000    3.49975
  11.50000    3.49812
  12.00000    3.49909
  12.50000    3.50328
  13.00000    3.51432
  13.50000    3.51057
  14.00000    3.50592
  14.50000    3.50576
  15.00000    3.51065
  15.50000    3.51128
  16.00000    3.50564
  16.50000    3.50087
  17.00000    3.48952
  17.50000    3.48578
  18.00000    3.48519
  18.50000    3.48086
  19.00000    3.46229
  19.50000    3.44241
  20.00000    3.44781
  20.50000    3.45113
  21.00000    3.44634
  21.50000    3.42494
  22.00000    3.41049
  22.50000    3.39428
  23.00000    3.40495
  23.50000    3.40406
  24.00000    3.40581
  24.50000    3.39861
  25.00000    3.40494
  25.50000    3.38149
  26.00000    3.35455
  26.50000    3.34792
  27.00000    3.35691
  27.50000    3.34747
  28.00000    3.33407
  28.50000    3.33710
  29.00000    3.34777
  29.50000    3.34012
  30.00000    3.33513
  30.50000    3.33839
  31.00000    3.35740
  31.50000    3.37445
  32.00000    3.38672
  32.50000    3.40538
  33.00000    3.42458
  33.50000    3.43473
  34.00000    3.43489
  34.50000    3.44876
  35.00000    3.44296
  35.50000    3.44295
  36.00000    3.44152
  36.50000    3.46744
  37.00000    3.48796
  37.50000    3.50092
  38.00000    3.49214
  38.50000    3.49641
  39.00000    3.49993
  39.50000    3.50305
  40.00000    3.50750
  40.50000    3.52926
  41.00000    3.53602
  41.50000    3.55052
  42.00000    3.55101
  42.50000    3.54921
  43.00000    3.55282
  43.50000    3.57393
  44.00000    3.59308
  44.50000    3.59472
  45.00000    3.59735
  45.50000    3.59212
  46.00000    3.59488
  46.50000    3.60101
  47.00000    3.61908
  47.50000    3.62811
  48.00000    3.64533
  48.50000    3.65381
  49.00000    3.66212
  49.50000    3.66102
  50.00000    3.66524
  50.50000    3.67632
  51.00000    3.69577
  51.50000    3.70173
  52.00000    3.69004
  52.50000    3.68585
  53.00000    3.68649
  53.50000    3.69926
  54.00000    3.72123
  54.50000    3.77064
  55.00000    3.82617
  55.50000    3.85424
  56.00000    3.87383
  56.50000    3.90540
  57.00000    3.94349
  57.50000    3.98846
  58.00000    4.03428
  58.50000    4.07484
  59.00000    4.10000
  59.50000    4.15194
  60.00000    4.20060
  60.50000    4.25300
  61.00000    4.27569
  61.50000    4.28983
  62.00000    4.29782
  62.50000    4.34211
  63.00000    4.37300
  63.50000    4.40599
  64.00000    4.43310
  64.50000    4.46223
  65.00000    4.49161
  65.50000    4.48720
  66.00000    4.49958
  66.50000    4.52735
  67.00000    4.54941
  67.50000    4.52902
  68.00000    4.52072
  68.50000    4.55135
  69.00000    4.57995
  69.50000    4.59354
  70.00000    4.59939
  70.50000    4.58965
  71.00000    4.59520
  71.50000    4.59933
  72.00000    4.59340
  72.50000    4.58746
  73.00000    4.58278
  73.50000    4.57815
  74.00000    4.56607
  74.50000    4.57800
  75.00000    4.58318
  75.50000    4.58667
  76.00000    4.59935
  76.50000    4.60983
  77.00000    4.59720
  77.50000    4.59089
  78.00000    4.60009
  78.50000    4.61051
  79.00000    4.60638
  79.50000    4.60831
  80.00000    4.60561
  80.50000    4.60609
  81.00000    4.61432
  81.50000    4.61816
  82.00000    4.60116
  82.50000    4.59057
  83.00000    4.59210
  83.50000    4.59015
  84.00000    4.59032
  84.50000    4.59937
  85.00000    4.61598
  85.50000    4.61490
  86.00000    4.60555
  86.50000    4.60746
  87.00000    4.61192
  87.50000    4.61493
  88.00000    4.60690
  88.50000    4.60033
  89.00000    4.59828
  89.50000    4.61528
  90.00000    4.61610
  90.50000    4.61672
  91.00000    4.61087
  91.50000    4.62364
  92.00000    4.60980
  92.50000    4.61846
  93.00000    4.62252
  93.50000    4.62452
  94.00000    4.61329
  94.50000    4.59697
  95.00000    4.59568
  95.50000    4.59765
  96.00000    4.59485
  96.50000    4.59021
  97.00000    4.60210
  97.50000    4.61808
  98.00000    4.60042
  98.50000    4.60797
  99.00000    4.61452
  99.50000    4.61987
 100.00000    4.60581
 100.50000    4.59605
 101.00000    4.58593
 101.50000    4.58075
 102.00000    4.59134
 102.50000    4.59777
 103.00000    4.59835
 103.50000    4.58336
 104.00000    4.57448
 104.50000    4.58747
 105.00000    4.59219
 105.50000    4.58658
 106.00000    4.58936
 106.50000    4.60100
 107.00000    4.61427
 107.50000    4.59836
 108.00000    4.58464
 108.50000    4.57552
 109.00000    4.58238
 109.50000    4.58706
 110.00000    4.59386
 110.50000    4.59240
 111.00000    4.57838
 111.50000    4.57009
 112.00000    4.57972
 112.50000    4.58789
 113.00000    4.58968
 113.50000    4.58807
 114.00000    4.57899
 114.50000    4.57322
 115.00000    4.56326
 115.50000    4.56549
 116.00000    4.56250
 116.50000    4.57530
 117.00000    4.57538
 117.50000    4.57598
 118.00000    4.57137
 118.50000    4.55940
 119.00000    4.55762
 119.50000    4.57291
 120.00000    4.57970
 120.50000    4.56409
 121.00000    4.55521
 121.50000    4.56448
 122.00000    4.56060
 122.50000    4.55710
 123.00000    4.54805
 123.50000    4.55358
 124.00000    4.55269
 124.50000    4.55293
 125.00000    4.53996
 125.50000    4.54676
 126.00000    4.55480
 126.50000    4.56146
 127.00000    4.55348
 127.50000    4.56330
 128.00000    4.55446
 128.50000    4.54629
 129.00000    4.55287
 129.50000    4.56062
 130.00000    4.54851
 130.50000    4.54740
 131.00000    4.55396
 131.50000    4.54086
 132.00000    4.53393
 132.50000    4.53878
 133.00000    4.54415
 133.50000    4.53819
 134.00000    4.55201
 134.50000    4.54932
 135.00000    4.53371
 135.50000    4.52661
 136.00000    4.53473
 136.50000    4.53889
 137.00000    4.52855
 137.50000    4.52142
 138.00000    4.52410
 138.50000    4.53735
 139.00000    4.53570
 139.50000    4.51979
 140.00000    4.51703
 140.50000    4.52563
 141.00000    4.52753
 141.50000    4.52140
 142.00000    4.51760
 142.50000    4.52475
 143.00000    4.53032
 143.50000    4.52362
 144.00000    4.52666
 144.50000    4.53352
 145.00000    4.52501
 145.50000    4.51573
 146.00000    4.52362
 146.50000    4.51812
 147.00000    4.50300
 147.50000    4.50788
 148.00000    4.51447
 148.50000    4.51585
 149.00000    4.50825
 149.50000    4.51023
 150.00000    4.51402
