   0.00000    1.45490
   0.50000    2.76452
   1.00000    3.09852
   1.50000    3.08467
   2.00000    3.13894
   2.50000    3.19471
   3.00000    3.23337
   3.50000    3.24625
   4.00000    3.25830
   4.50000    3.25640
   5.00000    3.24888
   5.50000    3.26141
   6.00000    3.27488
   6.50000    3.28674
   7.00000    3.29856
   7.50000    3.30736
   8.00000    3.31320
   8.50000    3.32404
   9.00000    3.33426
   9.50000    3.34000
  10.00000    3.34836
  10.50000    3.35766
  11.00000    3.36404
  11.50000    3.36988
  12.00000    3.37428
  12.50000    3.37908
  13.00000    3.38722
  13.50000    3.38631
  14.00000    3.38751
  14.50000    3.39553
  15.00000    3.40278
  15.50000    3.39933
  16.00000    3.39743
  16.50000    3.39985
  17.00000    3.40660
  17.50000    3.40871
  18.00000    3.40763
  18.50000    3.40124
  19.00000    3.40296
  19.50000    3.40324
  20.00000    3.40429
  20.50000    3.40858
  21.00000    3.40901
  21.50000    3.40597
  22.00000    3.40231
  22.50000    3.40321
  23.00000    3.40273
  23.50000    3.39672
  24.00000    3.39425
  24.50000    3.38640
  25.00000    3.38305
  25.50000    3.38076
  26.00000    3.38935
  26.50000    3.39719
  27.00000    3.40613
  27.50000    3.40170
  28.00000    3.39486
  28.50000    3.38490
  29.00000    3.38379
  29.50000    3.37952
  30.00000    3.38273
  30.50000    3.38071
  31.00000    3.38475
  31.50000    3.39098
  32.00000    3.40001
  32.50000    3.39782
  33.00000    3.39993
  33.50000    3.40726
  34.00000    3.42142
  34.50000    3.43262
  35.00000    3.43754
  35.50000    3.43426
  36.00000    3.43113
  36.50000    3.42808
  37.00000    3.42587
  37.50000    3.42284
  38.00000    3.42226
  38.50000    3.41999
  39.00000    3.43297
  39.50000    3.44226
  40.00000    3.44441
  40.50000    3.44447
  41.00000    3.45159
  41.50000    3.45637
  42.00000    3.46206
  42.50000    3.46745
  43.00000    3.47160
  43.50000    3.47540
  44.00000    3.48486
  44.50000    3.49017
  45.00000    3.49525
  45.50000    3.49868
  46.00000    3.50237
  46.50000    3.49211
  47.00000    3.49186
  47.50000    3.50029
  48.00000    3.51436
  48.50000    3.51922
  49.00000    3.53248
  49.50000    3.54180
  50.00000    3.54590
  50.50000    3.55368
  51.00000    3.56831
  51.50000    3.57922
  52.00000    3.58215
  52.50000    3.58840
  53.00000    3.59903
  53.50000    3.60640
  54.00000    3.61329
  54.50000    3.62406
  55.00000    3.63887
  55.50000    3.65234
  56.00000    3.66632
  56.50000    3.67689
  57.00000    3.68806
  57.50000    3.70395
  58.00000    3.71970
  58.50000    3.73512
  59.00000    3.75112
  59.50000    3.76155
  60.00000    3.77709
  60.50000    3.80334
  61.00000    3.83708
  61.50000    3.86746
  62.00000    3.89124
  62.50000    3.90732
  63.00000    3.92364
  63.50000    3.95873
  64.00000    3.98806
  64.50000    4.01308
  65.00000    4.02714
  65.50000    4.05602
  66.00000    4.09788
  66.50000    4.14668
  67.00000    4.17201
  67.50000    4.18690
  68.00000    4.21552
  68.50000    4.24967
  69.00000    4.28352
  69.50000    4.31331
  70.00000    4.34830
  70.50000    4.36966
  71.00000    4.39079
  71.50000    4.41213
  72.00000    4.43695
  72.50000    4.45566
  73.00000    4.46252
  73.50000    4.45741
  74.00000    4.45280
  74.50000    4.45550
  75.00000    4.45883
  75.50000    4.46256
  76.00000    4.47037
  76.50000    4.47537
  77.00000    4.48036
  77.50000    4.48201
  78.00000    4.48363
  78.50000    4.48593
  79.00000    4.49373
  79.50000    4.50225
  80.00000    4.50296
  80.50000    4.50375
  81.00000    4.50169
  81.50000    4.50604
  82.00000    4.50958
  82.50000    4.51245
  83.00000    4.51113
  83.50000    4.51189
  84.00000    4.51863
  84.50000    4.52240
  85.00000    4.52191
  85.50000    4.52286
  86.00000    4.52746
  86.50000    4.53282
  87.00000    4.53029
  87.50000    4.52842
  88.00000    4.53056
  88.50000    4.53322
  89.00000    4.53264
  89.50000    4.53198
  90.00000    4.53437
  90.50000    4.53472
  91.00000    4.53743
  91.50000    4.53696
  92.00000    4.53815
  92.50000    4.53953
  93.00000    4.54210
  93.50000    4.53896
  94.00000    4.54061
  94.50000    4.53678
  95.00000    4.53747
  95.50000    4.53586
  96.00000    4.54186
  96.50000    4.54144
  97.00000    4.54383
  97.50000    4.54711
  98.00000    4.54860
  98.50000    4.54985
  99.00000    4.54478
  99.50000    4.54614
 100.00000    4.54754
 100.50000    4.55348
 101.00000    4.55393
 101.50000    4.55080
 102.00000    4.54274
 102.50000    4.54378
 103.00000    4.55104
 103.50000    4.55532
 104.00000    4.55283
 104.50000    4.55119
 105.00000    4.55199
 105.50000    4.55305
 106.00000    4.55467
 106.50000    4.55564
 107.00000    4.55200
 107.50000    4.55217
 108.00000    4.55489
 108.50000    4.56119
 109.00000    4.55507
 109.50000    4.55233
 110.00000    4.55825
 110.50000    4.56736
 111.00000    4.56448
 111.50000    4.55487
 112.00000    4.55465
 112.50000    4.55870
 113.00000    4.56475
 113.50000    4.56720
 114.00000    4.56817
 114.50000    4.56871
 115.00000    4.56742
 115.50000    4.56655
 116.00000    4.56555
 116.50000    4.56765
 117.00000    4.57168
 117.50000    4.57323
 118.00000    4.57564
 118.50000    4.57413
 119.00000    4.57727
 119.50000    4.58073
 120.00000    4.57984
 120.50000    4.57607
 121.00000    4.57415
 121.50000    4.57733
 122.00000    4.57558
 122.50000    4.58001
 123.00000    4.58449
 123.50000    4.58226
 124.00000    4.57751
 124.50000    4.57800
 125.00000    4.58418
 125.50000    4.58412
 126.00000    4.58324
 126.50000    4.58211
 127.00000    4.58471
 127.50000    4.58989
 128.00000    4.59120
 128.50000    4.58961
 129.00000    4.58481
 129.50000    4.58379
 130.00000    4.58604
 130.50000    4.58646
 131.00000    4.58758
 131.50000    4.58723
 132.00000    4.58556
 132.50000    4.58238
 133.00000    4.58177
 133.50000    4.58802
 134.00000    4.58468
 134.50000    4.58197
 135.00000    4.57750
 135.50000    4.58339
 136.00000    4.58405
 136.50000    4.58496
 137.00000    4.58719
 137.50000    4.59062
 138.00000    4.58983
 138.50000    4.58665
 139.00000    4.58420
 139.50000    4.58499
 140.00000    4.58082
 140.50000    4.57993
 141.00000    4.57823
 141.50000    4.58360
 142.00000    4.57965
 142.50000    4.57575
 143.00000    4.57443
 143.50000    4.57981
 144.00000    4.58243
 144.50000    4.58016
 145.00000    4.57435
 145.50000    4.57408
 146.00000    4.58074
 146.50000    4.58117
 147.00000    4.57549
 147.50000    4.57243
 148.00000    4.57387
 148.50000    4.56991
 149.00000    4.56841
 149.50000    4.57014
 150.00000    4.57625
