   0.00000    1.36385
   0.50000    2.43869
   1.00000    2.90271
   1.50000    3.06199
   2.00000    3.15658
   2.50000    3.21395
   3.00000    3.25387
   3.50000    3.27889
   4.00000    3.29800
   4.50000    3.33406
   5.00000    3.37069
   5.50000    3.40228
   6.00000    3.41635
   6.50000    3.42511
   7.00000    3.44601
   7.50000    3.46806
   8.00000    3.48225
   8.50000    3.48601
   9.00000    3.49980
   9.50000    3.52095
  10.00000    3.52878
  10.50000    3.52402
  11.00000    3.52045
  11.50000    3.52085
  12.00000    3.52939
  12.50000    3.53594
  13.00000    3.54206
  13.50000    3.53832
  14.00000    3.53317
  14.50000    3.51957
  15.00000    3.51365
  15.50000    3.51816
  16.00000    3.51486
  16.50000    3.50923
  17.00000    3.49973
  17.50000    3.49103
  18.00000    3.48100
  18.50000    3.47563
  19.00000    3.46989
  19.50000    3.45770
  20.00000    3.45575
  20.50000    3.44969
  21.00000    3.44049
  21.50000    3.42649
  22.00000    3.41982
  22.50000    3.41406
  23.00000    3.40969
  23.50000    3.40576
  24.00000    3.40639
  24.50000    3.40871
  25.00000    3.42655
  25.50000    3.42584
  26.00000    3.40507
  26.50000    3.37189
  27.00000    3.35266
  27.50000    3.34069
  28.00000    3.33045
  28.50000    3.33580
  29.00000    3.32767
  29.50000    3.31834
  30.00000    3.29773
  30.50000    3.29308
  31.00000    3.29672
  31.50000    3.29574
  32.00000    3.29093
  32.50000    3.30025
  33.00000    3.31717
  33.50000    3.33488
  34.00000    3.34611
  34.50000    3.36147
  35.00000    3.37303
  35.50000    3.38975
  36.00000    3.39430
  36.50000    3.38809
  37.00000    3.38825
  37.50000    3.39320
  38.00000    3.39796
  38.50000    3.39818
  39.00000    3.40183
  39.50000    3.41371
  40.00000    3.42451
  40.50000    3.43818
  41.00000    3.45182
  41.50000    3.46985
  42.00000    3.48068
  42.50000    3.48855
  43.00000    3.50760
  43.50000    3.53809
  44.00000    3.56495
  44.50000    3.58517
  45.00000    3.59895
  45.50000    3.60285
  46.00000    3.60260
  46.50000    3.60735
  47.00000    3.61578
  47.50000    3.62585
  48.00000    3.62953
  48.50000    3.63562
  49.00000    3.63407
  49.50000    3.64420
  50.00000    3.64740
  50.50000    3.66500
  51.00000    3.67533
  51.50000    3.67569
  52.00000    3.67201
  52.50000    3.67714
  53.00000    3.69382
  53.50000    3.70659
  54.00000    3.71710
  54.50000    3.74087
  55.00000    3.76393
  55.50000    3.78166
  56.00000    3.79933
  56.50000    3.83151
  57.00000    3.85115
  57.50000    3.87701
  58.00000    3.90224
  58.50000    3.91872
  59.00000    3.92799
  59.50000    3.95936
  60.00000    4.00210
  60.50000    4.03371
  61.00000    4.05233
  61.50000    4.06583
  62.00000    4.10096
  62.50000    4.13339
  63.00000    4.16198
  63.50000    4.18894
  64.00000    4.21999
  64.50000    4.23198
  65.00000    4.24625
  65.50000    4.26270
  66.00000    4.28839
  66.50000    4.30034
  67.00000    4.31102
  67.50000    4.30887
  68.00000    4.32635
  68.50000    4.34783
  69.00000    4.37432
  69.50000    4.39509
  70.00000    4.42030
  70.50000    4.44196
  71.00000    4.45373
  71.50000    4.44715
  72.00000    4.44811
  72.50000    4.45915
  73.00000    4.47190
  73.50000    4.46739
  74.00000    4.47318
  74.50000    4.47797
  75.00000    4.48300
  75.50000    4.48365
  76.00000    4.49192
  76.50000    4.49046
  77.00000    4.49132
  77.50000    4.48914
  78.00000    4.49214
  78.50000    4.48500
  79.00000    4.48449
  79.50000    4.48818
  80.00000    4.49038
  80.50000    4.48673
  81.00000    4.48477
  81.50000    4.49455
  82.00000    4.49773
  82.50000    4.49726
  83.00000    4.49477
  83.50000    4.49747
  84.00000    4.49158
  84.50000    4.49368
  85.00000    4.49535
  85.50000    4.49470
  86.00000    4.48759
  86.50000    4.48989
  87.00000    4.49664
  87.50000    4.50193
  88.00000    4.49573
  88.50000    4.48924
  89.00000    4.48778
  89.50000    4.49576
  90.00000    4.49717
  90.50000    4.49275
  91.00000    4.48791
  91.50000    4.48692
  92.00000    4.48906
  92.50000    4.48915
  93.00000    4.49046
  93.50000    4.49651
  94.00000    4.48621
  94.50000    4.48357
  95.00000    4.48297
  95.50000    4.49072
  96.00000    4.48440
  96.50000    4.48452
  97.00000    4.48134
  97.50000    4.47801
  98.00000    4.48226
  98.50000    4.49261
  99.00000    4.49538
  99.50000    4.48664
 100.00000    4.48195
 100.50000    4.47962
 101.00000    4.48528
 101.50000    4.48975
 102.00000    4.49159
 102.50000    4.48961
 103.00000    4.48771
 103.50000    4.48734
 104.00000    4.47997
 104.50000    4.47986
 105.00000    4.47795
 105.50000    4.48246
 106.00000    4.48417
 106.50000    4.48325
 107.00000    4.48272
 107.50000    4.48464
 108.00000    4.48828
 108.50000    4.49160
 109.00000    4.49661
 109.50000    4.48867
 110.00000    4.48506
 110.50000    4.48202
 111.00000    4.48683
 111.50000    4.47745
 112.00000    4.48133
 112.50000    4.48453
 113.00000    4.49195
 113.50000    4.48414
 114.00000    4.48237
 114.50000    4.48252
 115.00000    4.48523
 115.50000    4.48409
 116.00000    4.48498
 116.50000    4.48833
 117.00000    4.48745
 117.50000    4.49220
 118.00000    4.49038
 118.50000    4.48497
 119.00000    4.47832
 119.50000    4.48736
 120.00000    4.49169
 120.50000    4.48248
 121.00000    4.47702
 121.50000    4.48489
 122.00000    4.48949
 122.50000    4.49031
 123.00000    4.48299
 123.50000    4.47799
 124.00000    4.47414
 124.50000    4.48378
 125.00000    4.48943
 125.50000    4.49097
 126.00000    4.48664
 126.50000    4.48033
 127.00000    4.47588
 127.50000    4.48117
 128.00000    4.48065
 128.50000    4.48012
 129.00000    4.47903
 129.50000    4.47997
 130.00000    4.47286
 130.50000    4.46475
 131.00000    4.46795
 131.50000    4.47110
 132.00000    4.47168
 132.50000    4.47005
 133.00000    4.47276
 133.50000    4.47240
 134.00000    4.47194
 134.50000    4.47239
 135.00000    4.47435
 135.50000    4.47629
 136.00000    4.47636
 136.50000    4.47049
 137.00000    4.46556
 137.50000    4.46250
 138.00000    4.46467
 138.50000    4.46461
 139.00000    4.46163
 139.50000    4.45626
 140.00000    4.46141
 140.50000    4.46108
 141.00000    4.45949
 141.50000    4.45712
 142.00000    4.46046
 142.50000    4.46288
 143.00000    4.46555
 143.50000    4.46070
 144.00000    4.46072
 144.50000    4.45871
 145.00000    4.46333
 145.50000    4.46102
 146.00000    4.45949
 146.50000    4.45536
 147.00000    4.45929
 147.50000    4.46082
 148.00000    4.45736
 148.50000    4.46356
 149.00000    4.46462
 149.50000    4.45716
 150.00000    4.45017
