   0.00000    1.45636
   0.50000    3.15056
   1.00000    3.43194
   1.50000    3.27747
   2.00000    3.24048
   2.50000    3.24556
   3.00000    3.24383
   3.50000    3.26497
   4.00000    3.31378
   4.50000    3.36296
   5.00000    3.38929
   5.50000    3.39953
   6.00000    3.41393
   6.50000    3.43499
   7.00000    3.45954
   7.50000    3.46941
   8.00000    3.47802
   8.50000    3.49077
   9.00000    3.49034
   9.50000    3.48776
  10.00000    3.49824
  10.50000    3.51188
  11.00000    3.50777
  11.50000    3.50711
  12.00000    3.51415
  12.50000    3.51633
  13.00000    3.51584
  13.50000    3.51129
  14.00000    3.50883
  14.50000    3.50399
  15.00000    3.50360
  15.50000    3.49944
  16.00000    3.49826
  16.50000    3.49195
  17.00000    3.47833
  17.50000    3.47090
  18.00000    3.47895
  18.50000    3.47310
  19.00000    3.46066
  19.50000    3.44336
  20.00000    3.44521
  20.50000    3.44316
  21.00000    3.44399
  21.50000    3.43049
  22.00000    3.41806
  22.50000    3.41949
  23.00000    3.42232
  23.50000    3.42178
  24.00000    3.40421
  24.50000    3.40617
  25.00000    3.41571
  25.50000    3.42541
  26.00000    3.41624
  26.50000    3.41066
  27.00000    3.40618
  27.50000    3.40738
  28.00000    3.40640
  28.50000    3.40664
  29.00000    3.41448
  29.50000    3.42394
  30.00000    3.41783
  30.50000    3.40590
  31.00000    3.40700
  31.50000    3.41171
  32.00000    3.40957
  32.50000    3.40012
  33.00000    3.38964
  33.50000    3.37122
  34.00000    3.35660
  34.50000    3.34293
  35.00000    3.33683
  35.50000    3.33751
  36.00000    3.36028
  36.50000    3.39488
  37.00000    3.41202
  37.50000    3.42459
  38.00000    3.43908
  38.50000    3.46030
  39.00000    3.45949
  39.50000    3.47841
  40.00000    3.49593
  40.50000    3.51914
  41.00000    3.53034
  41.50000    3.54525
  42.00000    3.54424
  42.50000    3.55968
  43.00000    3.58070
  43.50000    3.60500
  44.00000    3.61830
  44.50000    3.64285
  45.00000    3.65943
  45.50000    3.67930
  46.00000    3.69141
  46.50000    3.69627
  47.00000    3.71042
  47.50000    3.71732
  48.00000    3.72040
  48.50000    3.71260
  49.00000    3.71912
  49.50000    3.72814
  50.00000    3.72616
  50.50000    3.71659
  51.00000    3.70762
  51.50000    3.71106
  52.00000    3.71392
  52.50000    3.71240
  53.00000    3.71079
  53.50000    3.71151
  54.00000    3.71154
  54.50000    3.70912
  55.00000    3.70998
  55.50000    3.72158
  56.00000    3.71172
  56.50000    3.71938
  57.00000    3.72466
  57.50000    3.72631
  58.00000    3.70559
  58.50000    3.71356
  59.00000    3.72328
  59.50000    3.72758
  60.00000    3.73172
  60.50000    3.75117
  61.00000    3.77018
  61.50000    3.78283
  62.00000    3.80009
  62.50000    3.81676
  63.00000    3.83432
  63.50000    3.84763
  64.00000    3.86676
  64.50000    3.89061
  65.00000    3.92740
  65.50000    3.96330
  66.00000    4.00091
  66.50000    4.03442
  67.00000    4.05627
  67.50000    4.06916
  68.00000    4.08726
  68.50000    4.10904
  69.00000    4.12406
  69.50000    4.15475
  70.00000    4.17935
  70.50000    4.20386
  71.00000    4.21403
  71.50000    4.24036
  72.00000    4.26603
  72.50000    4.29736
  73.00000    4.31526
  73.50000    4.31761
  74.00000    4.32705
  74.50000    4.34398
  75.00000    4.35501
  75.50000    4.35007
  76.00000    4.35598
  76.50000    4.36233
  77.00000    4.36158
  77.50000    4.35939
  78.00000    4.36857
  78.50000    4.37855
  79.00000    4.38403
  79.50000    4.38124
  80.00000    4.38050
  80.50000    4.38072
  81.00000    4.38722
  81.50000    4.38177
  82.00000    4.37371
  82.50000    4.37369
  83.00000    4.38604
  83.50000    4.39081
  84.00000    4.38135
  84.50000    4.38056
  85.00000    4.38051
  85.50000    4.38451
  86.00000    4.37950
  86.50000    4.38226
  87.00000    4.38426
  87.50000    4.38709
  88.00000    4.38749
  88.50000    4.37742
  89.00000    4.36808
  89.50000    4.36808
  90.00000    4.38460
  90.50000    4.39350
  91.00000    4.39048
  91.50000    4.38688
  92.00000    4.38423
  92.50000    4.39189
  93.00000    4.39344
  93.50000    4.38878
  94.00000    4.37737
  94.50000    4.37927
  95.00000    4.38393
  95.50000    4.39152
  96.00000    4.39235
  96.50000    4.39141
  97.00000    4.39001
  97.50000    4.39137
  98.00000    4.38576
  98.50000    4.38518
  99.00000    4.38736
  99.50000    4.39357
 100.00000    4.39070
 100.50000    4.39286
 101.00000    4.39635
 101.50000    4.39568
 102.00000    4.40006
 102.50000    4.40628
 103.00000    4.40621
 103.50000    4.39652
 104.00000    4.39918
 104.50000    4.40442
 105.00000    4.41266
 105.50000    4.41220
 106.00000    4.41714
 106.50000    4.41216
 107.00000    4.42208
 107.50000    4.41906
 108.00000    4.43004
 108.50000    4.43186
 109.00000    4.43017
 109.50000    4.42519
 110.00000    4.42772
 110.50000    4.43531
 111.00000    4.42488
 111.50000    4.42442
 112.00000    4.42844
 112.50000    4.43042
 113.00000    4.42616
 113.50000    4.43583
 114.00000    4.44550
 114.50000    4.43558
 115.00000    4.43692
 115.50000    4.44638
 116.00000    4.45016
 116.50000    4.44351
 117.00000    4.44455
 117.50000    4.45380
 118.00000    4.45832
 118.50000    4.46681
 119.00000    4.46622
 119.50000    4.47123
 120.00000    4.46469
 120.50000    4.45788
 121.00000    4.45442
 121.50000    4.46594
 122.00000    4.47128
 122.50000    4.46896
 123.00000    4.47138
 123.50000    4.47253
 124.00000    4.47473
 124.50000    4.48190
 125.00000    4.48567
 125.50000    4.47921
 126.00000    4.47990
 126.50000    4.47343
 127.00000    4.46838
 127.50000    4.47479
 128.00000    4.48479
 128.50000    4.48552
 129.00000    4.49225
 129.50000    4.48998
 130.00000    4.48231
 130.50000    4.48422
 131.00000    4.49354
 131.50000    4.49838
 132.00000    4.50174
 132.50000    4.50520
 133.00000    4.50197
 133.50000    4.49863
 134.00000    4.50080
 134.50000    4.49793
 135.00000    4.50065
 135.50000    4.50708
 136.00000    4.51084
 136.50000    4.50899
 137.00000    4.50226
 137.50000    4.51454
 138.00000    4.50791
 138.50000    4.50910
 139.00000    4.50637
 139.50000    4.51676
 140.00000    4.51233
 140.50000    4.51690
 141.00000    4.51465
 141.50000    4.52035
 142.00000    4.51772
 142.50000    4.52155
 143.00000    4.51884
 143.50000    4.52564
 144.00000    4.52513
 144.50000    4.52586
 145.00000    4.52560
 145.50000    4.51836
 146.00000    4.51779
 146.50000    4.52346
 147.00000    4.52843
 147.50000    4.52152
 148.00000    4.52541
 148.50000    4.53301
 149.00000    4.53299
 149.50000    4.52462
 150.00000    4.53552
