   0.00000    1.34020
   0.50000    3.29233
   1.00000    3.54728
   1.50000    3.34409
   2.00000    3.38253
   2.50000    3.38052
   3.00000    3.38280
   3.50000    3.37613
   4.00000    3.39392
   4.50000    3.41707
   5.00000    3.43764
   5.50000    3.44236
   6.00000    3.44808
   6.50000    3.46091
   7.00000    3.47165
   7.50000    3.47993
   8.00000    3.47869
   8.50000    3.48897
   9.00000    3.50325
   9.50000    3.50234
  10.00000    3.49298
  10.50000    3.49615
  11.00000    3.51182
  11.50000    3.51714
  12.00000    3.51756
  12.50000    3.51778
  13.00000    3.52044
  13.50000    3.52210
  14.00000    3.53658
  14.50000    3.55026
  15.00000    3.55282
  15.50000    3.54662
  16.00000    3.55036
  16.50000    3.55315
  17.00000    3.55780
  17.50000    3.56595
  18.00000    3.57537
  18.50000    3.57686
  19.00000    3.57560
  19.50000    3.58539
  20.00000    3.59360
  20.50000    3.60427
  21.00000    3.61089
  21.50000    3.62670
  22.00000    3.63697
  22.50000    3.64042
  23.00000    3.64810
  23.50000    3.66321
  24.00000    3.67456
  24.50000    3.67078
  25.00000    3.67771
  25.50000    3.69895
  26.00000    3.73279
  26.50000    3.76174
  27.00000    3.80316
  27.50000    3.86130
  28.00000    3.92974
  28.50000    3.98066
  29.00000    4.01340
  29.50000    4.03903
  30.00000    4.06106
  30.50000    4.07952
  31.00000    4.10497
  31.50000    4.13006
  32.00000    4.16385
  32.50000    4.20052
  33.00000    4.24012
  33.50000    4.27746
  34.00000    4.30745
  34.50000    4.33996
  35.00000    4.35696
  35.50000    4.38531
  36.00000    4.40118
  36.50000    4.41814
  37.00000    4.42103
  37.50000    4.42251
  38.00000    4.42182
  38.50000    4.42997
  39.00000    4.44369
  39.50000    4.44554
  40.00000    4.44012
  40.50000    4.42795
  41.00000    4.42314
  41.50000    4.43220
  42.00000    4.43106
  42.50000    4.41859
  43.00000    4.41164
  43.50000    4.42075
  44.00000    4.41442
  44.50000    4.39740
  45.00000    4.38596
  45.50000    4.38498
  46.00000    4.38370
  46.50000    4.37573
  47.00000    4.36974
  47.50000    4.37814
  48.00000    4.38608
  48.50000    4.39141
  49.00000    4.39194
  49.50000    4.40068
  50.00000    4.40208
  50.50000    4.40136
  51.00000    4.40088
  51.50000    4.40124
  52.00000    4.40416
  52.50000    4.40080
  53.00000    4.39554
  53.50000    4.39311
  54.00000    4.39588
  54.50000    4.40073
  55.00000    4.40521
  55.50000    4.40625
  56.00000    4.40212
  56.50000    4.38982
  57.00000    4.38433
  57.50000    4.38483
  58.00000    4.38659
  58.50000    4.38505
  59.00000    4.36983
  59.50000    4.36849
  60.00000    4.36366
  60.50000    4.37106
  61.00000    4.36528
  61.50000    4.37724
  62.00000    4.37352
  62.50000    4.37515
  63.00000    4.36843
  63.50000    4.37336
  64.00000    4.37239
  64.50000    4.38526
  65.00000    4.38793
  65.50000    4.38099
  66.00000    4.37340
  66.50000    4.37392
  67.00000    4.37969
  67.50000    4.37452
  68.00000    4.37043
  68.50000    4.36882
  69.00000    4.37417
  69.50000    4.36672
  70.00000    4.35972
  70.50000    4.35333
  71.00000    4.35572
  71.50000    4.35668
  72.00000    4.35790
  72.50000    4.35983
  73.00000    4.36183
  73.50000    4.36385
  74.00000    4.36156
  74.50000    4.36561
  75.00000    4.36671
  75.50000    4.36765
  76.00000    4.36602
  76.50000    4.36481
  77.00000    4.35789
  77.50000    4.35827
  78.00000    4.36284
  78.50000    4.36527
  79.00000    4.35408
  79.50000    4.34845
  80.00000    4.35101
  80.50000    4.34803
  81.00000    4.34829
  81.50000    4.35108
  82.00000    4.35353
  82.50000    4.34755
  83.00000    4.34946
  83.50000    4.34877
  84.00000    4.34859
  84.50000    4.34736
  85.00000    4.34828
  85.50000    4.33954
  86.00000    4.33871
  86.50000    4.34002
  87.00000    4.34190
  87.50000    4.33858
  88.00000    4.34112
  88.50000    4.34461
  89.00000    4.34155
  89.50000    4.34078
  90.00000    4.33906
  90.50000    4.33224
  91.00000    4.32617
  91.50000    4.32925
  92.00000    4.33271
  92.50000    4.32473
  93.00000    4.31848
  93.50000    4.31753
  94.00000    4.32506
  94.50000    4.32269
  95.00000    4.31503
  95.50000    4.30975
  96.00000    4.30954
  96.50000    4.31230
  97.00000    4.31116
  97.50000    4.31458
  98.00000    4.31331
  98.50000    4.31017
  99.00000    4.30652
  99.50000    4.30082
 100.00000    4.30472
 100.50000    4.30343
 101.00000    4.29899
 101.50000    4.29781
 102.00000    4.30169
 102.50000    4.29419
 103.00000    4.28656
 103.50000    4.29063
 104.00000    4.29672
 104.50000    4.29398
 105.00000    4.29164
 105.50000    4.28611
 106.00000    4.28004
 106.50000    4.28026
 107.00000    4.28043
 107.50000    4.28351
 108.00000    4.27999
 108.50000    4.28000
 109.00000    4.27841
 109.50000    4.27672
 110.00000    4.27898
 110.50000    4.28788
 111.00000    4.28507
 111.50000    4.27098
 112.00000    4.26281
 112.50000    4.27364
 113.00000    4.27445
 113.50000    4.26625
 114.00000    4.25639
 114.50000    4.26027
 115.00000    4.26090
 115.50000    4.26002
 116.00000    4.25757
 116.50000    4.25963
 117.00000    4.25885
 117.50000    4.25914
 118.00000    4.25549
 118.50000    4.25570
 119.00000    4.25350
 119.50000    4.25595
 120.00000    4.25058
 120.50000    4.24796
 121.00000    4.24296
 121.50000    4.24725
 122.00000    4.24727
 122.50000    4.23845
 123.00000    4.22728
 123.50000    4.22819
 124.00000    4.23367
 124.50000    4.23360
 125.00000    4.22197
 125.50000    4.21809
 126.00000    4.22233
 126.50000    4.22934
 127.00000    4.23084
 127.50000    4.22913
 128.00000    4.22505
 128.50000    4.22199
 129.00000    4.22331
 129.50000    4.23017
 130.00000    4.23208
 130.50000    4.22853
 131.00000    4.21963
 131.50000    4.21970
 132.00000    4.21886
 132.50000    4.21846
 133.00000    4.22108
 133.50000    4.22576
 134.00000    4.22305
 134.50000    4.21661
 135.00000    4.21147
 135.50000    4.21375
 136.00000    4.22052
 136.50000    4.22170
 137.00000    4.21757
 137.50000    4.21323
 138.00000    4.21008
 138.50000    4.21255
 139.00000    4.21779
 139.50000    4.21790
 140.00000    4.21508
 140.50000    4.21936
 141.00000    4.22444
 141.50000    4.22634
 142.00000    4.22042
 142.50000    4.21577
 143.00000    4.21328
 143.50000    4.22051
 144.00000    4.22234
 144.50000    4.22964
 145.00000    4.23478
 145.50000    4.24141
 146.00000    4.23450
 146.50000    4.23217
 147.00000    4.23131
 147.50000    4.22934
 148.00000    4.23029
 148.50000    4.23771
 149.00000    4.24023
 149.50000    4.23159
 150.00000    4.23697
