   0.00000    1.28005
   0.50000    3.14871
   1.00000    3.48178
   1.50000    3.34464
   2.00000    3.33709
   2.50000    3.35300
   3.00000    3.34940
   3.50000    3.34986
   4.00000    3.36520
   4.50000    3.38285
   5.00000    3.39197
   5.50000    3.39366
   6.00000    3.41395
   6.50000    3.43117
   7.00000    3.44806
   7.50000    3.45239
   8.00000    3.45906
   8.50000    3.47070
   9.00000    3.48174
   9.50000    3.48917
  10.00000    3.50060
  10.50000    3.50855
  11.00000    3.51940
  11.50000    3.53082
  12.00000    3.54460
  12.50000    3.54942
  13.00000    3.55785
  13.50000    3.56286
  14.00000    3.56381
  14.50000    3.57236
  15.00000    3.59188
  15.50000    3.60424
  16.00000    3.60216
  16.50000    3.60389
  17.00000    3.61072
  17.50000    3.62120
  18.00000    3.62805
  18.50000    3.63974
  19.00000    3.65317
  19.50000    3.66161
  20.00000    3.67372
  20.50000    3.68682
  21.00000    3.69334
  21.50000    3.69535
  22.00000    3.69939
  22.50000    3.71572
  23.00000    3.72053
  23.50000    3.72639
  24.00000    3.73080
  24.50000    3.73058
  25.00000    3.72324
  25.50000    3.74143
  26.00000    3.80150
  26.50000    3.87487
  27.00000    3.94639
  27.50000    4.00132
  28.00000    4.03456
  28.50000    4.05942
  29.00000    4.09333
  29.50000    4.13107
  30.00000    4.16305
  30.50000    4.17975
  31.00000    4.19566
  31.50000    4.21655
  32.00000    4.24551
  32.50000    4.25911
  33.00000    4.26420
  33.50000    4.27067
  34.00000    4.26743
  34.50000    4.25892
  35.00000    4.25302
  35.50000    4.26609
  36.00000    4.26712
  36.50000    4.26313
  37.00000    4.25444
  37.50000    4.25549
  38.00000    4.24703
  38.50000    4.25128
  39.00000    4.25992
  39.50000    4.27234
  40.00000    4.26578
  40.50000    4.26275
  41.00000    4.25553
  41.50000    4.25677
  42.00000    4.25229
  42.50000    4.25863
  43.00000    4.26014
  43.50000    4.26426
  44.00000    4.25434
  44.50000    4.25706
  45.00000    4.25960
  45.50000    4.26603
  46.00000    4.27400
  46.50000    4.28827
  47.00000    4.29806
  47.50000    4.29405
  48.00000    4.28776
  48.50000    4.28006
  49.00000    4.26802
  49.50000    4.26212
  50.00000    4.26117
  50.50000    4.27340
  51.00000    4.26718
  51.50000    4.26566
  52.00000    4.26463
  52.50000    4.27013
  53.00000    4.26806
  53.50000    4.27232
  54.00000    4.27546
  54.50000    4.27463
  55.00000    4.27332
  55.50000    4.27233
  56.00000    4.26972
  56.50000    4.27066
  57.00000    4.27264
  57.50000    4.26961
  58.00000    4.27487
  58.50000    4.28667
  59.00000    4.29549
  59.50000    4.29495
  60.00000    4.29632
  60.50000    4.29869
  61.00000    4.30088
  61.50000    4.29623
  62.00000    4.29793
  62.50000    4.30331
  63.00000    4.30898
  63.50000    4.30712
  64.00000    4.30465
  64.50000    4.30134
  65.00000    4.30323
  65.50000    4.30468
  66.00000    4.30643
  66.50000    4.30648
  67.00000    4.30922
  67.50000    4.31208
  68.00000    4.31291
  68.50000    4.31231
  69.00000    4.30797
  69.50000    4.30027
  70.00000    4.29230
  70.50000    4.28952
  71.00000    4.28542
  71.50000    4.28523
  72.00000    4.28940
  72.50000    4.29053
  73.00000    4.28488
  73.50000    4.28051
  74.00000    4.28438
  74.50000    4.27762
  75.00000    4.27610
  75.50000    4.27199
  76.00000    4.27921
  76.50000    4.28713
  77.00000    4.28526
  77.50000    4.27573
  78.00000    4.27004
  78.50000    4.27664
  79.00000    4.28035
  79.50000    4.28156
  80.00000    4.27846
  80.50000    4.27319
  81.00000    4.26873
  81.50000    4.26940
  82.00000    4.27081
  82.50000    4.26491
  83.00000    4.26500
  83.50000    4.26803
  84.00000    4.27699
  84.50000    4.26529
  85.00000    4.25951
  85.50000    4.25806
  86.00000    4.26847
  86.50000    4.26590
  87.00000    4.26177
  87.50000    4.25876
  88.00000    4.26611
  88.50000    4.26995
  89.00000    4.27405
  89.50000    4.27337
  90.00000    4.26590
  90.50000    4.26119
  91.00000    4.26557
  91.50000    4.26129
  92.00000    4.25280
  92.50000    4.25762
  93.00000    4.27434
  93.50000    4.27214
  94.00000    4.27140
  94.50000    4.26908
  95.00000    4.26883
  95.50000    4.26744
  96.00000    4.26923
  96.50000    4.26688
  97.00000    4.26897
  97.50000    4.27058
  98.00000    4.27310
  98.50000    4.27386
  99.00000    4.27607
  99.50000    4.27952
 100.00000    4.28251
 100.50000    4.28637
 101.00000    4.28042
 101.50000    4.28606
 102.00000    4.28693
 102.50000    4.28917
 103.00000    4.27869
 103.50000    4.27972
 104.00000    4.28133
 104.50000    4.28470
 105.00000    4.28730
 105.50000    4.28481
 106.00000    4.28800
 106.50000    4.28170
 107.00000    4.28806
 107.50000    4.28254
 108.00000    4.29035
 108.50000    4.28582
 109.00000    4.29459
 109.50000    4.29800
 110.00000    4.29793
 110.50000    4.29041
 111.00000    4.29563
 111.50000    4.30737
 112.00000    4.31118
 112.50000    4.30226
 113.00000    4.29685
 113.50000    4.29980
 114.00000    4.30712
 114.50000    4.30715
 115.00000    4.31000
 115.50000    4.31213
 116.00000    4.31074
 116.50000    4.31380
 117.00000    4.31495
 117.50000    4.31569
 118.00000    4.31411
 118.50000    4.32371
 119.00000    4.32376
 119.50000    4.32263
 120.00000    4.32056
 120.50000    4.32388
 121.00000    4.32650
 121.50000    4.32638
 122.00000    4.33015
 122.50000    4.33360
 123.00000    4.33774
 123.50000    4.34000
 124.00000    4.33762
 124.50000    4.34299
 125.00000    4.34308
 125.50000    4.34682
 126.00000    4.34143
 126.50000    4.35025
 127.00000    4.34813
 127.50000    4.35004
 128.00000    4.35484
 128.50000    4.35744
 129.00000    4.34839
 129.50000    4.35625
 130.00000    4.36482
 130.50000    4.36941
 131.00000    4.36727
 131.50000    4.37246
 132.00000    4.36852
 132.50000    4.36556
 133.00000    4.36471
 133.50000    4.37067
 134.00000    4.38013
 134.50000    4.38975
 135.00000    4.39209
 135.50000    4.39509
 136.00000    4.39074
 136.50000    4.38608
 137.00000    4.39010
 137.50000    4.40036
 138.00000    4.40370
 138.50000    4.40137
 139.00000    4.40674
 139.50000    4.40784
 140.00000    4.41155
 140.50000    4.40847
 141.00000    4.41228
 141.50000    4.41436
 142.00000    4.42357
 142.50000    4.42771
 143.00000    4.41990
 143.50000    4.42131
 144.00000    4.42782
 144.50000    4.44131
 145.00000    4.43850
 145.50000    4.43608
 146.00000    4.43517
 146.50000    4.44431
 147.00000    4.44695
 147.50000    4.44578
 148.00000    4.44362
 148.50000    4.44155
 149.00000    4.43968
 149.50000    4.44739
 150.00000    4.46544
