   0.00000    1.28557
   0.50000    3.36769
   1.00000    3.62580
   1.50000    3.40486
   2.00000    3.42113
   2.50000    3.43708
   3.00000    3.44320
   3.50000    3.45749
   4.00000    3.47741
   4.50000    3.48051
   5.00000    3.49419
   5.50000    3.49534
   6.00000    3.49597
   6.50000    3.49639
   7.00000    3.50244
   7.50000    3.49979
   8.00000    3.49169
   8.50000    3.48594
   9.00000    3.48084
   9.50000    3.47815
  10.00000    3.47546
  10.50000    3.47138
  11.00000    3.46477
  11.50000    3.45134
  12.00000    3.43951
  12.50000    3.43411
  13.00000    3.42413
  13.50000    3.42091
  14.00000    3.41142
  14.50000    3.40832
  15.00000    3.38979
  15.50000    3.37577
  16.00000    3.35940
  16.50000    3.34763
  17.00000    3.34231
  17.50000    3.33550
  18.00000    3.32503
  18.50000    3.31665
  19.00000    3.31273
  19.50000    3.30627
  20.00000    3.29508
  20.50000    3.29425
  21.00000    3.29102
  21.50000    3.28299
  22.00000    3.27594
  22.50000    3.28151
  23.00000    3.28182
  23.50000    3.27343
  24.00000    3.25791
  24.50000    3.24371
  25.00000    3.23428
  25.50000    3.23635
  26.00000    3.25041
  26.50000    3.26588
  27.00000    3.27580
  27.50000    3.28075
  28.00000    3.28882
  28.50000    3.29202
  29.00000    3.29076
  29.50000    3.29383
  30.00000    3.29581
  30.50000    3.28938
  31.00000    3.29278
  31.50000    3.29838
  32.00000    3.30008
  32.50000    3.28722
  33.00000    3.28284
  33.50000    3.29162
  34.00000    3.30648
  34.50000    3.32626
  35.00000    3.34597
  35.50000    3.36589
  36.00000    3.37374
  36.50000    3.38041
  37.00000    3.39275
  37.50000    3.40837
  38.00000    3.41871
  38.50000    3.42163
  39.00000    3.43584
  39.50000    3.44860
  40.00000    3.45146
  40.50000    3.44635
  41.00000    3.45640
  41.50000    3.45863
  42.00000    3.46305
  42.50000    3.47307
  43.00000    3.48647
  43.50000    3.49063
  44.00000    3.50057
  44.50000    3.52218
  45.00000    3.53389
  45.50000    3.54628
  46.00000    3.55495
  46.50000    3.57198
  47.00000    3.58049
  47.50000    3.60339
  48.00000    3.61285
  48.50000    3.61479
  49.00000    3.61738
  49.50000    3.63935
  50.00000    3.65646
  50.50000    3.66801
  51.00000    3.67710
  51.50000    3.69719
  52.00000    3.71377
  52.50000    3.73848
  53.00000    3.75232
  53.50000    3.76711
  54.00000    3.78414
  54.50000    3.80963
  55.00000    3.83505
  55.50000    3.85846
  56.00000    3.88349
  56.50000    3.89921
  57.00000    3.92453
  57.50000    3.94618
  58.00000    3.97708
  58.50000    4.00031
  59.00000    4.04105
  59.50000    4.06826
  60.00000    4.09233
  60.50000    4.10336
  61.00000    4.12520
  61.50000    4.14288
  62.00000    4.17651
  62.50000    4.21046
  63.00000    4.24307
  63.50000    4.25975
  64.00000    4.27562
  64.50000    4.27926
  65.00000    4.29964
  65.50000    4.32886
  66.00000    4.35173
  66.50000    4.35904
  67.00000    4.36585
  67.50000    4.37427
  68.00000    4.37825
  68.50000    4.38064
  69.00000    4.37979
  69.50000    4.38889
  70.00000    4.39549
  70.50000    4.39995
  71.00000    4.40223
  71.50000    4.39804
  72.00000    4.40043
  72.50000    4.40268
  73.00000    4.40837
  73.50000    4.39307
  74.00000    4.38829
  74.50000    4.38788
  75.00000    4.39883
  75.50000    4.39567
  76.00000    4.38999
  76.50000    4.38916
  77.00000    4.39126
  77.50000    4.39234
  78.00000    4.38993
  78.50000    4.39156
  79.00000    4.38784
  79.50000    4.39006
  80.00000    4.39045
  80.50000    4.39329
  81.00000    4.38887
  81.50000    4.38851
  82.00000    4.38677
  82.50000    4.38876
  83.00000    4.38904
  83.50000    4.39362
  84.00000    4.39209
  84.50000    4.39738
  85.00000    4.39575
  85.50000    4.39504
  86.00000    4.39111
  86.50000    4.38815
  87.00000    4.38559
  87.50000    4.39014
  88.00000    4.39633
  88.50000    4.39372
  89.00000    4.39214
  89.50000    4.39203
  90.00000    4.39761
  90.50000    4.39783
  91.00000    4.39120
  91.50000    4.38884
  92.00000    4.39713
  92.50000    4.40384
  93.00000    4.40853
  93.50000    4.40635
  94.00000    4.40138
  94.50000    4.40170
  95.00000    4.40641
  95.50000    4.40388
  96.00000    4.40002
  96.50000    4.40135
  97.00000    4.40112
  97.50000    4.40416
  98.00000    4.41192
  98.50000    4.40971
  99.00000    4.40153
  99.50000    4.40328
 100.00000    4.41573
 100.50000    4.41792
 101.00000    4.41522
 101.50000    4.41137
 102.00000    4.41268
 102.50000    4.41627
 103.00000    4.41545
 103.50000    4.41663
 104.00000    4.41543
 104.50000    4.41983
 105.00000    4.41914
 105.50000    4.42938
 106.00000    4.43022
 106.50000    4.42911
 107.00000    4.42027
 107.50000    4.42456
 108.00000    4.43023
 108.50000    4.43399
 109.00000    4.43187
 109.50000    4.43784
 110.00000    4.44348
 110.50000    4.44048
 111.00000    4.43640
 111.50000    4.43665
 112.00000    4.44309
 112.50000    4.44233
 113.00000    4.44153
 113.50000    4.43561
 114.00000    4.44576
 114.50000    4.44748
 115.00000    4.44810
 115.50000    4.43853
 116.00000    4.44190
 116.50000    4.44198
 117.00000    4.44668
 117.50000    4.44781
 118.00000    4.45402
 118.50000    4.45043
 119.00000    4.44947
 119.50000    4.44846
 120.00000    4.45123
 120.50000    4.45659
 121.00000    4.45855
 121.50000    4.46048
 122.00000    4.45921
 122.50000    4.46267
 123.00000    4.46341
 123.50000    4.46007
 124.00000    4.45924
 124.50000    4.45918
 125.00000    4.46933
 125.50000    4.46923
 126.00000    4.46472
 126.50000    4.45629
 127.00000    4.45574
 127.50000    4.45913
 128.00000    4.46959
 128.50000    4.47701
 129.00000    4.46682
 129.50000    4.46330
 130.00000    4.46636
 130.50000    4.47029
 131.00000    4.46607
 131.50000    4.46815
 132.00000    4.46641
 132.50000    4.46519
 133.00000    4.46867
 133.50000    4.47141
 134.00000    4.46742
 134.50000    4.47047
 135.00000    4.47174
 135.50000    4.47057
 136.00000    4.46417
 136.50000    4.46767
 137.00000    4.46807
 137.50000    4.46824
 138.00000    4.46226
 138.50000    4.46742
 139.00000    4.47111
 139.50000    4.47720
 140.00000    4.46985
 140.50000    4.46653
 141.00000    4.46152
 141.50000    4.46316
 142.00000    4.45744
 142.50000    4.45860
 143.00000    4.45736
 143.50000    4.45514
 144.00000    4.45057
 144.50000    4.45780
 145.00000    4.46458
 145.50000    4.46488
 146.00000    4.46483
 146.50000    4.46510
 147.00000    4.46429
 147.50000    4.46040
 148.00000    4.45646
 148.50000    4.45736
 149.00000    4.45948
 149.50000    4.46163
 150.00000    4.45498
