   0.00000    1.40618
   0.50000    2.46512
   1.00000    2.82232
   1.50000    2.89189
   2.00000    2.94925
   2.50000    3.10147
   3.00000    3.22218
   3.50000    3.28846
   4.00000    3.29395
   4.50000    3.29381
   5.00000    3.28990
   5.50000    3.29820
   6.00000    3.30717
   6.50000    3.32661
   7.00000    3.35037
   7.50000    3.36933
   8.00000    3.39156
   8.50000    3.40643
   9.00000    3.41828
   9.50000    3.43039
  10.00000    3.44879
  10.50000    3.45801
  11.00000    3.47543
  11.50000    3.49680
  12.00000    3.51558
  12.50000    3.52703
  13.00000    3.54697
  13.50000    3.56093
  14.00000    3.57914
  14.50000    3.58827
  15.00000    3.61110
  15.50000    3.62941
  16.00000    3.64536
  16.50000    3.65668
  17.00000    3.67144
  17.50000    3.68554
  18.00000    3.69506
  18.50000    3.71504
  19.00000    3.73649
  19.50000    3.75906
  20.00000    3.77751
  20.50000    3.79270
  21.00000    3.80405
  21.50000    3.81090
  22.00000    3.82359
  22.50000    3.84752
  23.00000    3.87236
  23.50000    3.89966
  24.00000    3.92655
  24.50000    3.96774
  25.00000    3.99600
  25.50000    4.02419
  26.00000    4.07026
  26.50000    4.13987
  27.00000    4.19342
  27.50000    4.24221
  28.00000    4.28928
  28.50000    4.32105
  29.00000    4.32493
  29.50000    4.32374
  30.00000    4.33025
  30.50000    4.33401
  31.00000    4.34180
  31.50000    4.35198
  32.00000    4.37273
  32.50000    4.38817
  33.00000    4.39927
  33.50000    4.41969
  34.00000    4.42810
  34.50000    4.43209
  35.00000    4.42613
  35.50000    4.41968
  36.00000    4.41105
  36.50000    4.40852
  37.00000    4.40750
  37.50000    4.39929
  38.00000    4.39900
  38.50000    4.39133
  39.00000    4.37681
  39.50000    4.36516
  40.00000    4.35605
  40.50000    4.35719
  41.00000    4.35812
  41.50000    4.35963
  42.00000    4.35300
  42.50000    4.35073
  43.00000    4.36279
  43.50000    4.35880
  44.00000    4.37001
  44.50000    4.36561
  45.00000    4.37447
  45.50000    4.36719
  46.00000    4.37785
  46.50000    4.36870
  47.00000    4.38185
  47.50000    4.39173
  48.00000    4.40354
  48.50000    4.40635
  49.00000    4.41604
  49.50000    4.42514
  50.00000    4.42135
  50.50000    4.43255
  51.00000    4.43601
  51.50000    4.44187
  52.00000    4.42722
  52.50000    4.42783
  53.00000    4.43668
  53.50000    4.43583
  54.00000    4.44063
  54.50000    4.44464
  55.00000    4.45175
  55.50000    4.45029
  56.00000    4.44232
  56.50000    4.43605
  57.00000    4.44159
  57.50000    4.45441
  58.00000    4.44819
  58.50000    4.44304
  59.00000    4.44717
  59.50000    4.43824
  60.00000    4.42903
  60.50000    4.43120
  61.00000    4.43957
  61.50000    4.43388
  62.00000    4.44015
  62.50000    4.44850
  63.00000    4.44720
  63.50000    4.43988
  64.00000    4.45106
  64.50000    4.45654
  65.00000    4.44799
  65.50000    4.44176
  66.00000    4.45307
  66.50000    4.46757
  67.00000    4.46808
  67.50000    4.46197
  68.00000    4.46060
  68.50000    4.45727
  69.00000    4.45008
  69.50000    4.45734
  70.00000    4.46053
  70.50000    4.45485
  71.00000    4.43905
  71.50000    4.44407
  72.00000    4.44601
  72.50000    4.44729
  73.00000    4.44661
  73.50000    4.44821
  74.00000    4.44100
  74.50000    4.43316
  75.00000    4.43542
  75.50000    4.44229
  76.00000    4.44013
  76.50000    4.43778
  77.00000    4.43946
  77.50000    4.44245
  78.00000    4.44265
  78.50000    4.43629
  79.00000    4.43898
  79.50000    4.42973
  80.00000    4.42454
  80.50000    4.41581
  81.00000    4.41505
  81.50000    4.40304
  82.00000    4.40742
  82.50000    4.41509
  83.00000    4.42065
  83.50000    4.41093
  84.00000    4.40669
  84.50000    4.40641
  85.00000    4.40861
  85.50000    4.40777
  86.00000    4.39680
  86.50000    4.39347
  87.00000    4.38781
  87.50000    4.39504
  88.00000    4.39001
  88.50000    4.38288
  89.00000    4.37180
  89.50000    4.36906
  90.00000    4.37248
  90.50000    4.37645
  91.00000    4.38088
  91.50000    4.36887
  92.00000    4.36950
  92.50000    4.37222
  93.00000    4.38390
  93.50000    4.37211
  94.00000    4.36541
  94.50000    4.35347
  95.00000    4.35670
  95.50000    4.35879
  96.00000    4.36708
  96.50000    4.36198
  97.00000    4.35893
  97.50000    4.34834
  98.00000    4.34722
  98.50000    4.33480
  99.00000    4.33505
  99.50000    4.34220
 100.00000    4.35032
 100.50000    4.33979
 101.00000    4.33200
 101.50000    4.33686
 102.00000    4.33229
 102.50000    4.32887
 103.00000    4.33641
 103.50000    4.33430
 104.00000    4.32966
 104.50000    4.32588
 105.00000    4.32935
 105.50000    4.31993
 106.00000    4.32269
 106.50000    4.31574
 107.00000    4.31013
 107.50000    4.30551
 108.00000    4.31071
 108.50000    4.31109
 109.00000    4.31601
 109.50000    4.31234
 110.00000    4.30565
 110.50000    4.30663
 111.00000    4.31871
 111.50000    4.31265
 112.00000    4.30713
 112.50000    4.30130
 113.00000    4.30481
 113.50000    4.30754
 114.00000    4.31133
 114.50000    4.31114
 115.00000    4.31171
 115.50000    4.30934
 116.00000    4.29827
 116.50000    4.29188
 117.00000    4.29549
 117.50000    4.30150
 118.00000    4.30996
 118.50000    4.31382
 119.00000    4.31617
 119.50000    4.31525
 120.00000    4.31277
 120.50000    4.30760
 121.00000    4.30477
 121.50000    4.30124
 122.00000    4.29731
 122.50000    4.29648
 123.00000    4.30211
 123.50000    4.31070
 124.00000    4.30066
 124.50000    4.29701
 125.00000    4.30073
 125.50000    4.31361
 126.00000    4.31092
 126.50000    4.31513
 127.00000    4.30345
 127.50000    4.30117
 128.00000    4.30428
 128.50000    4.31207
 129.00000    4.30700
 129.50000    4.30578
 130.00000    4.30083
 130.50000    4.29648
 131.00000    4.29606
 131.50000    4.30319
 132.00000    4.30648
 132.50000    4.30990
 133.00000    4.30604
 133.50000    4.31300
 134.00000    4.31302
 134.50000    4.31783
 135.00000    4.31138
 135.50000    4.30489
 136.00000    4.29366
 136.50000    4.29850
 137.00000    4.30842
 137.50000    4.31007
 138.00000    4.31153
 138.50000    4.31918
 139.00000    4.32583
 139.50000    4.32662
 140.00000    4.31542
 140.50000    4.31579
 141.00000    4.30597
 141.50000    4.31104
 142.00000    4.32082
 142.50000    4.32785
 143.00000    4.32008
 143.50000    4.32159
 144.00000    4.33413
 144.50000    4.32598
 145.00000    4.31365
 145.50000    4.31730
 146.00000    4.33023
 146.50000    4.33991
 147.00000    4.33676
 147.50000    4.33354
 148.00000    4.33101
 148.50000    4.33408
 149.00000    4.33285
 149.50000    4.33053
 150.00000    4.33930
