   0.00000    1.46047
   0.50000    3.02078
   1.00000    3.21719
   1.50000    3.12887
   2.00000    3.27322
   2.50000    3.35260
   3.00000    3.36775
   3.50000    3.38168
   4.00000    3.41810
   4.50000    3.44762
   5.00000    3.45366
   5.50000    3.44605
   6.00000    3.44903
   6.50000    3.45725
   7.00000    3.46795
   7.50000    3.46894
   8.00000    3.46766
   8.50000    3.48112
   9.00000    3.49205
   9.50000    3.49386
  10.00000    3.49750
  10.50000    3.51069
  11.00000    3.52598
  11.50000    3.53453
  12.00000    3.54021
  12.50000    3.54346
  13.00000    3.54616
  13.50000    3.54964
  14.00000    3.55925
  14.50000    3.57625
  15.00000    3.58493
  15.50000    3.58752
  16.00000    3.58624
  16.50000    3.60423
  17.00000    3.62465
  17.50000    3.63525
  18.00000    3.63806
  18.50000    3.63566
  19.00000    3.64577
  19.50000    3.65603
  20.00000    3.67682
  20.50000    3.69115
  21.00000    3.69960
  21.50000    3.71309
  22.00000    3.74022
  22.50000    3.75160
  23.00000    3.74788
  23.50000    3.74756
  24.00000    3.76289
  24.50000    3.77533
  25.00000    3.79767
  25.50000    3.83475
  26.00000    3.88071
  26.50000    3.92095
  27.00000    3.93754
  27.50000    3.96719
  28.00000    3.98890
  28.50000    4.00445
  29.00000    4.01657
  29.50000    4.03989
  30.00000    4.06453
  30.50000    4.09307
  31.00000    4.12178
  31.50000    4.13700
  32.00000    4.15136
  32.50000    4.15528
  33.00000    4.16858
  33.50000    4.19187
  34.00000    4.20676
  34.50000    4.21152
  35.00000    4.20908
  35.50000    4.21027
  36.00000    4.22460
  36.50000    4.23052
  37.00000    4.22557
  37.50000    4.21343
  38.00000    4.23333
  38.50000    4.24643
  39.00000    4.25866
  39.50000    4.26871
  40.00000    4.27463
  40.50000    4.27086
  41.00000    4.25687
  41.50000    4.26366
  42.00000    4.29106
  42.50000    4.30035
  43.00000    4.30552
  43.50000    4.32252
  44.00000    4.35480
  44.50000    4.35193
  45.00000    4.34011
  45.50000    4.33358
  46.00000    4.34528
  46.50000    4.35251
  47.00000    4.36464
  47.50000    4.37181
  48.00000    4.38273
  48.50000    4.37950
  49.00000    4.39460
  49.50000    4.39686
  50.00000    4.39374
  50.50000    4.39073
  51.00000    4.39731
  51.50000    4.40171
  52.00000    4.40232
  52.50000    4.40707
  53.00000    4.40508
  53.50000    4.41063
  54.00000    4.41652
  54.50000    4.41817
  55.00000    4.42202
  55.50000    4.41974
  56.00000    4.41851
  56.50000    4.41726
  57.00000    4.42532
  57.50000    4.43612
  58.00000    4.44446
  58.50000    4.45829
  59.00000    4.45982
  59.50000    4.47139
  60.00000    4.46963
  60.50000    4.48732
  61.00000    4.50070
  61.50000    4.50109
  62.00000    4.50145
  62.50000    4.50625
  63.00000    4.51391
  63.50000    4.51742
  64.00000    4.52969
  64.50000    4.54618
  65.00000    4.54544
  65.50000    4.53716
  66.00000    4.52177
  66.50000    4.51990
  67.00000    4.54316
  67.50000    4.55196
  68.00000    4.55470
  68.50000    4.54836
  69.00000    4.55683
  69.50000    4.55167
  70.00000    4.54585
  70.50000    4.55051
  71.00000    4.54897
  71.50000    4.53845
  72.00000    4.52884
  72.50000    4.52863
  73.00000    4.53626
  73.50000    4.52727
  74.00000    4.52056
  74.50000    4.51839
  75.00000    4.52847
  75.50000    4.53392
  76.00000    4.53323
  76.50000    4.52948
  77.00000    4.52677
  77.50000    4.53461
  78.00000    4.54291
  78.50000    4.54222
  79.00000    4.54151
  79.50000    4.52514
  80.00000    4.51512
  80.50000    4.52605
  81.00000    4.53568
  81.50000    4.52887
  82.00000    4.51590
  82.50000    4.53172
  83.00000    4.53526
  83.50000    4.53421
  84.00000    4.52223
  84.50000    4.52819
  85.00000    4.52949
  85.50000    4.52803
  86.00000    4.51235
  86.50000    4.51259
  87.00000    4.51772
  87.50000    4.52516
  88.00000    4.51768
  88.50000    4.51882
  89.00000    4.52050
  89.50000    4.52494
  90.00000    4.52542
  90.50000    4.52495
  91.00000    4.52195
  91.50000    4.51534
  92.00000    4.51580
  92.50000    4.51132
  93.00000    4.51067
  93.50000    4.50912
  94.00000    4.52053
  94.50000    4.52303
  95.00000    4.52616
  95.50000    4.51172
  96.00000    4.51522
  96.50000    4.51157
  97.00000    4.52377
  97.50000    4.52157
  98.00000    4.52219
  98.50000    4.51376
  99.00000    4.51519
  99.50000    4.51721
 100.00000    4.51201
 100.50000    4.51595
 101.00000    4.52652
 101.50000    4.52854
 102.00000    4.52069
 102.50000    4.51325
 103.00000    4.50583
 103.50000    4.50404
 104.00000    4.51793
 104.50000    4.52770
 105.00000    4.52726
 105.50000    4.50927
 106.00000    4.50724
 106.50000    4.50328
 107.00000    4.50894
 107.50000    4.51470
 108.00000    4.51823
 108.50000    4.50448
 109.00000    4.49506
 109.50000    4.49970
 110.00000    4.49748
 110.50000    4.49348
 111.00000    4.49489
 111.50000    4.50804
 112.00000    4.51556
 112.50000    4.52050
 113.00000    4.51394
 113.50000    4.51601
 114.00000    4.51041
 114.50000    4.51046
 115.00000    4.51005
 115.50000    4.50524
 116.00000    4.49819
 116.50000    4.49564
 117.00000    4.49363
 117.50000    4.48570
 118.00000    4.49663
 118.50000    4.50430
 119.00000    4.50435
 119.50000    4.49828
 120.00000    4.50564
 120.50000    4.49744
 121.00000    4.49275
 121.50000    4.48860
 122.00000    4.49308
 122.50000    4.48263
 123.00000    4.49043
 123.50000    4.49902
 124.00000    4.50067
 124.50000    4.50127
 125.00000    4.50973
 125.50000    4.51500
 126.00000    4.50998
 126.50000    4.51383
 127.00000    4.50777
 127.50000    4.49943
 128.00000    4.49468
 128.50000    4.49210
 129.00000    4.49532
 129.50000    4.50484
 130.00000    4.49422
 130.50000    4.48541
 131.00000    4.49263
 131.50000    4.51070
 132.00000    4.49373
 132.50000    4.49437
 133.00000    4.49424
 133.50000    4.50586
 134.00000    4.50846
 134.50000    4.51522
 135.00000    4.51176
 135.50000    4.50499
 136.00000    4.49916
 136.50000    4.49066
 137.00000    4.50101
 137.50000    4.51747
 138.00000    4.52188
 138.50000    4.50702
 139.00000    4.50013
 139.50000    4.50611
 140.00000    4.51460
 140.50000    4.50247
 141.00000    4.50007
 141.50000    4.50079
 142.00000    4.52140
 142.50000    4.51268
 143.00000    4.50864
 143.50000    4.50238
 144.00000    4.50877
 144.50000    4.50795
 145.00000    4.50704
 145.50000    4.50934
 146.00000    4.51325
 146.50000    4.51637
 147.00000    4.51090
 147.50000    4.50127
 148.00000    4.51103
 148.50000    4.52551
 149.00000    4.52018
 149.50000    4.49938
 150.00000    4.51744
