   0.00000    1.49423
   0.50000    2.81341
   1.00000    3.11368
   1.50000    3.15210
   2.00000    3.33822
   2.50000    3.37160
   3.00000    3.36496
   3.50000    3.36634
   4.00000    3.42280
   4.50000    3.46948
   5.00000    3.49155
   5.50000    3.48655
   6.00000    3.49425
   6.50000    3.49774
   7.00000    3.51105
   7.50000    3.51151
   8.00000    3.50394
   8.50000    3.51900
   9.00000    3.54063
   9.50000    3.53480
  10.00000    3.51273
  10.50000    3.51313
  11.00000    3.52968
  11.50000    3.53478
  12.00000    3.54058
  12.50000    3.53677
  13.00000    3.53007
  13.50000    3.54145
  14.00000    3.56096
  14.50000    3.57111
  15.00000    3.56387
  15.50000    3.56558
  16.00000    3.56912
  16.50000    3.57668
  17.00000    3.59020
  17.50000    3.61434
  18.00000    3.61731
  18.50000    3.60657
  19.00000    3.60298
  19.50000    3.61663
  20.00000    3.62926
  20.50000    3.63941
  21.00000    3.64250
  21.50000    3.64993
  22.00000    3.66920
  22.50000    3.68581
  23.00000    3.70378
  23.50000    3.73279
  24.00000    3.76116
  24.50000    3.75303
  25.00000    3.75346
  25.50000    3.78056
  26.00000    3.80468
  26.50000    3.79145
  27.00000    3.78309
  27.50000    3.81129
  28.00000    3.86527
  28.50000    3.91661
  29.00000    3.98261
  29.50000    4.03970
  30.00000    4.09359
  30.50000    4.13715
  31.00000    4.19849
  31.50000    4.23176
  32.00000    4.25925
  32.50000    4.29587
  33.00000    4.35424
  33.50000    4.39706
  34.00000    4.41212
  34.50000    4.41675
  35.00000    4.41302
  35.50000    4.42105
  36.00000    4.43173
  36.50000    4.42677
  37.00000    4.42046
  37.50000    4.41660
  38.00000    4.42178
  38.50000    4.40679
  39.00000    4.40708
  39.50000    4.38620
  40.00000    4.37585
  40.50000    4.36022
  41.00000    4.37639
  41.50000    4.37557
  42.00000    4.39307
  42.50000    4.39443
  43.00000    4.41167
  43.50000    4.42210
  44.00000    4.44122
  44.50000    4.44370
  45.00000    4.43979
  45.50000    4.42293
  46.00000    4.41280
  46.50000    4.41438
  47.00000    4.42066
  47.50000    4.43039
  48.00000    4.43188
  48.50000    4.43010
  49.00000    4.43327
  49.50000    4.44132
  50.00000    4.45593
  50.50000    4.45217
  51.00000    4.45933
  51.50000    4.45423
  52.00000    4.46038
  52.50000    4.45742
  53.00000    4.46054
  53.50000    4.47350
  54.00000    4.47925
  54.50000    4.49391
  55.00000    4.50234
  55.50000    4.51357
  56.00000    4.51425
  56.50000    4.50471
  57.00000    4.50922
  57.50000    4.52484
  58.00000    4.53676
  58.50000    4.52827
  59.00000    4.52059
  59.50000    4.51975
  60.00000    4.51405
  60.50000    4.52614
  61.00000    4.53688
  61.50000    4.54469
  62.00000    4.54095
  62.50000    4.54093
  63.00000    4.53464
  63.50000    4.53963
  64.00000    4.54363
  64.50000    4.56119
  65.00000    4.55673
  65.50000    4.56286
  66.00000    4.56237
  66.50000    4.56184
  67.00000    4.55582
  67.50000    4.56038
  68.00000    4.56345
  68.50000    4.55319
  69.00000    4.55309
  69.50000    4.55103
  70.00000    4.56137
  70.50000    4.56585
  71.00000    4.55716
  71.50000    4.54450
  72.00000    4.55517
  72.50000    4.58291
  73.00000    4.60387
  73.50000    4.59593
  74.00000    4.57966
  74.50000    4.58040
  75.00000    4.59320
  75.50000    4.59436
  76.00000    4.58477
  76.50000    4.57842
  77.00000    4.57161
  77.50000    4.58739
  78.00000    4.60959
  78.50000    4.61945
  79.00000    4.60704
  79.50000    4.60636
  80.00000    4.59990
  80.50000    4.60389
  81.00000    4.60700
  81.50000    4.63951
  82.00000    4.62888
  82.50000    4.63071
  83.00000    4.62307
  83.50000    4.64509
  84.00000    4.64321
  84.50000    4.65057
  85.00000    4.64304
  85.50000    4.64205
  86.00000    4.63592
  86.50000    4.65292
  87.00000    4.65010
  87.50000    4.65506
  88.00000    4.66154
  88.50000    4.67646
  89.00000    4.65739
  89.50000    4.66046
  90.00000    4.67156
  90.50000    4.67689
  91.00000    4.66511
  91.50000    4.67506
  92.00000    4.68009
  92.50000    4.67517
  93.00000    4.67357
  93.50000    4.66802
  94.00000    4.66636
  94.50000    4.65285
  95.00000    4.65935
  95.50000    4.66164
  96.00000    4.68354
  96.50000    4.68027
  97.00000    4.67733
  97.50000    4.67287
  98.00000    4.69397
  98.50000    4.68250
  99.00000    4.66649
  99.50000    4.65852
 100.00000    4.67090
 100.50000    4.68032
 101.00000    4.66194
 101.50000    4.66515
 102.00000    4.66618
 102.50000    4.66827
 103.00000    4.64185
 103.50000    4.65798
 104.00000    4.67720
 104.50000    4.68342
 105.00000    4.66156
 105.50000    4.65028
 106.00000    4.64363
 106.50000    4.65004
 107.00000    4.65082
 107.50000    4.65619
 108.00000    4.65831
 108.50000    4.64782
 109.00000    4.63972
 109.50000    4.64116
 110.00000    4.64788
 110.50000    4.65370
 111.00000    4.65517
 111.50000    4.64422
 112.00000    4.64580
 112.50000    4.65349
 113.00000    4.65289
 113.50000    4.63099
 114.00000    4.63831
 114.50000    4.65200
 115.00000    4.65054
 115.50000    4.62863
 116.00000    4.61257
 116.50000    4.61835
 117.00000    4.61894
 117.50000    4.62404
 118.00000    4.62442
 118.50000    4.62513
 119.00000    4.61374
 119.50000    4.60804
 120.00000    4.60858
 120.50000    4.60803
 121.00000    4.60589
 121.50000    4.60503
 122.00000    4.60791
 122.50000    4.60022
 123.00000    4.59008
 123.50000    4.58085
 124.00000    4.58583
 124.50000    4.58939
 125.00000    4.58689
 125.50000    4.58211
 126.00000    4.57680
 126.50000    4.57640
 127.00000    4.58573
 127.50000    4.57673
 128.00000    4.55442
 128.50000    4.54697
 129.00000    4.55769
 129.50000    4.57152
 130.00000    4.57063
 130.50000    4.56979
 131.00000    4.56182
 131.50000    4.57574
 132.00000    4.55666
 132.50000    4.53675
 133.00000    4.53743
 133.50000    4.55008
 134.00000    4.54511
 134.50000    4.53629
 135.00000    4.53635
 135.50000    4.53005
 136.00000    4.52125
 136.50000    4.52118
 137.00000    4.53545
 137.50000    4.53353
 138.00000    4.51343
 138.50000    4.50884
 139.00000    4.52111
 139.50000    4.51674
 140.00000    4.50671
 140.50000    4.51339
 141.00000    4.51408
 141.50000    4.50402
 142.00000    4.49532
 142.50000    4.49664
 143.00000    4.49194
 143.50000    4.47958
 144.00000    4.47724
 144.50000    4.48004
 145.00000    4.47987
 145.50000    4.48066
 146.00000    4.48866
 146.50000    4.49750
 147.00000    4.49427
 147.50000    4.47568
 148.00000    4.47376
 148.50000    4.47413
 149.00000    4.46830
 149.50000    4.44141
 150.00000    4.44609
