   0.00000    1.27889
   0.50000    2.93705
   1.00000    3.29893
   1.50000    3.25928
   2.00000    3.29793
   2.50000    3.32121
   3.00000    3.30731
   3.50000    3.30801
   4.00000    3.33184
   4.50000    3.35269
   5.00000    3.35856
   5.50000    3.37004
   6.00000    3.39854
   6.50000    3.42191
   7.00000    3.43303
   7.50000    3.44692
   8.00000    3.45930
   8.50000    3.47684
   9.00000    3.47759
   9.50000    3.48119
  10.00000    3.49445
  10.50000    3.51037
  11.00000    3.52295
  11.50000    3.54013
  12.00000    3.55351
  12.50000    3.55950
  13.00000    3.57044
  13.50000    3.58814
  14.00000    3.59722
  14.50000    3.60616
  15.00000    3.62763
  15.50000    3.64560
  16.00000    3.65085
  16.50000    3.64837
  17.00000    3.65668
  17.50000    3.67082
  18.00000    3.68597
  18.50000    3.69841
  19.00000    3.71741
  19.50000    3.72724
  20.00000    3.74637
  20.50000    3.75455
  21.00000    3.76240
  21.50000    3.75950
  22.00000    3.77047
  22.50000    3.78718
  23.00000    3.80921
  23.50000    3.82177
  24.00000    3.82331
  24.50000    3.83537
  25.00000    3.84361
  25.50000    3.87413
  26.00000    3.95114
  26.50000    4.05013
  27.00000    4.13518
  27.50000    4.18352
  28.00000    4.21576
  28.50000    4.23600
  29.00000    4.26317
  29.50000    4.28439
  30.00000    4.29228
  30.50000    4.30005
  31.00000    4.30953
  31.50000    4.33259
  32.00000    4.34914
  32.50000    4.35551
  33.00000    4.35852
  33.50000    4.36892
  34.00000    4.36463
  34.50000    4.35386
  35.00000    4.35034
  35.50000    4.34235
  36.00000    4.34416
  36.50000    4.34948
  37.00000    4.35017
  37.50000    4.33710
  38.00000    4.33356
  38.50000    4.33620
  39.00000    4.32538
  39.50000    4.32064
  40.00000    4.31107
  40.50000    4.30807
  41.00000    4.29787
  41.50000    4.29508
  42.00000    4.30165
  42.50000    4.30099
  43.00000    4.29951
  43.50000    4.29481
  44.00000    4.31223
  44.50000    4.31305
  45.00000    4.31680
  45.50000    4.31083
  46.00000    4.32208
  46.50000    4.31385
  47.00000    4.30908
  47.50000    4.29838
  48.00000    4.29383
  48.50000    4.27935
  49.00000    4.27307
  49.50000    4.27012
  50.00000    4.27263
  50.50000    4.27615
  51.00000    4.27472
  51.50000    4.27747
  52.00000    4.27194
  52.50000    4.27307
  53.00000    4.27192
  53.50000    4.28139
  54.00000    4.29192
  54.50000    4.30221
  55.00000    4.29986
  55.50000    4.29411
  56.00000    4.29165
  56.50000    4.29540
  57.00000    4.30635
  57.50000    4.31156
  58.00000    4.30904
  58.50000    4.30613
  59.00000    4.31465
  59.50000    4.31097
  60.00000    4.31772
  60.50000    4.32531
  61.00000    4.33152
  61.50000    4.31627
  62.00000    4.32055
  62.50000    4.32853
  63.00000    4.33526
  63.50000    4.33009
  64.00000    4.31988
  64.50000    4.31572
  65.00000    4.31273
  65.50000    4.30969
  66.00000    4.30874
  66.50000    4.32013
  67.00000    4.32662
  67.50000    4.31514
  68.00000    4.31122
  68.50000    4.31232
  69.00000    4.30911
  69.50000    4.31691
  70.00000    4.31921
  70.50000    4.32388
  71.00000    4.31022
  71.50000    4.31331
  72.00000    4.30929
  72.50000    4.30764
  73.00000    4.30561
  73.50000    4.30953
  74.00000    4.30875
  74.50000    4.30119
  75.00000    4.30630
  75.50000    4.30058
  76.00000    4.29333
  76.50000    4.28743
  77.00000    4.29763
  77.50000    4.30420
  78.00000    4.29903
  78.50000    4.29336
  79.00000    4.29419
  79.50000    4.29701
  80.00000    4.28633
  80.50000    4.28232
  81.00000    4.29114
  81.50000    4.29348
  82.00000    4.29235
  82.50000    4.29389
  83.00000    4.29685
  83.50000    4.29411
  84.00000    4.29220
  84.50000    4.29511
  85.00000    4.29433
  85.50000    4.30285
  86.00000    4.30599
  86.50000    4.28955
  87.00000    4.28300
  87.50000    4.29214
  88.00000    4.30442
  88.50000    4.29025
  89.00000    4.29326
  89.50000    4.29190
  90.00000    4.29029
  90.50000    4.29121
  91.00000    4.30079
  91.50000    4.29846
  92.00000    4.28531
  92.50000    4.28758
  93.00000    4.29962
  93.50000    4.31388
  94.00000    4.31619
  94.50000    4.31013
  95.00000    4.30449
  95.50000    4.30411
  96.00000    4.31581
  96.50000    4.31023
  97.00000    4.31298
  97.50000    4.30437
  98.00000    4.31422
  98.50000    4.30637
  99.00000    4.31326
  99.50000    4.31060
 100.00000    4.31689
 100.50000    4.31359
 101.00000    4.31794
 101.50000    4.31527
 102.00000    4.32228
 102.50000    4.32452
 103.00000    4.32158
 103.50000    4.32244
 104.00000    4.32411
 104.50000    4.33289
 105.00000    4.33080
 105.50000    4.34091
 106.00000    4.33852
 106.50000    4.33333
 107.00000    4.32790
 107.50000    4.33070
 108.00000    4.33889
 108.50000    4.34167
 109.00000    4.34989
 109.50000    4.35177
 110.00000    4.35320
 110.50000    4.34528
 111.00000    4.34667
 111.50000    4.34967
 112.00000    4.36637
 112.50000    4.36565
 113.00000    4.36798
 113.50000    4.37467
 114.00000    4.38207
 114.50000    4.37296
 115.00000    4.37162
 115.50000    4.38043
 116.00000    4.38395
 116.50000    4.37250
 117.00000    4.37545
 117.50000    4.38283
 118.00000    4.38554
 118.50000    4.38605
 119.00000    4.39330
 119.50000    4.39911
 120.00000    4.39968
 120.50000    4.40701
 121.00000    4.41038
 121.50000    4.40901
 122.00000    4.40598
 122.50000    4.41042
 123.00000    4.41739
 123.50000    4.42474
 124.00000    4.42661
 124.50000    4.43058
 125.00000    4.43776
 125.50000    4.44174
 126.00000    4.44061
 126.50000    4.43829
 127.00000    4.43632
 127.50000    4.43989
 128.00000    4.44751
 128.50000    4.45673
 129.00000    4.45589
 129.50000    4.44913
 130.00000    4.44365
 130.50000    4.44942
 131.00000    4.46171
 131.50000    4.46880
 132.00000    4.47404
 132.50000    4.47463
 133.00000    4.47304
 133.50000    4.48017
 134.00000    4.48370
 134.50000    4.48242
 135.00000    4.47061
 135.50000    4.47911
 136.00000    4.48018
 136.50000    4.48521
 137.00000    4.48179
 137.50000    4.48872
 138.00000    4.49255
 138.50000    4.50278
 139.00000    4.51182
 139.50000    4.51150
 140.00000    4.51165
 140.50000    4.51928
 141.00000    4.52334
 141.50000    4.51452
 142.00000    4.51262
 142.50000    4.51591
 143.00000    4.52251
 143.50000    4.52493
 144.00000    4.52768
 144.50000    4.52598
 145.00000    4.53144
 145.50000    4.52956
 146.00000    4.53444
 146.50000    4.53850
 147.00000    4.54208
 147.50000    4.53967
 148.00000    4.53685
 148.50000    4.52988
 149.00000    4.52990
 149.50000    4.54000
 150.00000    4.54038
