   0.00000    1.09339
   0.50000    1.72432
   1.00000    2.34814
   1.50000    2.85367
   2.00000    3.22993
   2.50000    3.26500
   3.00000    3.27836
   3.50000    3.31103
   4.00000    3.38948
   4.50000    3.47874
   5.00000    3.52656
   5.50000    3.55621
   6.00000    3.56193
   6.50000    3.58297
   7.00000    3.59635
   7.50000    3.62014
   8.00000    3.62941
   8.50000    3.63539
   9.00000    3.63881
   9.50000    3.65148
  10.00000    3.66406
  10.50000    3.67164
  11.00000    3.67458
  11.50000    3.68489
  12.00000    3.69463
  12.50000    3.70201
  13.00000    3.69439
  13.50000    3.68480
  14.00000    3.68659
  14.50000    3.69996
  15.00000    3.70391
  15.50000    3.70464
  16.00000    3.70565
  16.50000    3.70627
  17.00000    3.69862
  17.50000    3.69698
  18.00000    3.69797
  18.50000    3.70158
  19.00000    3.70227
  19.50000    3.70491
  20.00000    3.70613
  20.50000    3.69988
  21.00000    3.70158
  21.50000    3.70494
  22.00000    3.70926
  22.50000    3.69569
  23.00000    3.69397
  23.50000    3.69845
  24.00000    3.70861
  24.50000    3.71021
  25.00000    3.71511
  25.50000    3.71498
  26.00000    3.70494
  26.50000    3.68218
  27.00000    3.66765
  27.50000    3.66378
  28.00000    3.68759
  28.50000    3.72819
  29.00000    3.76950
  29.50000    3.80216
  30.00000    3.84035
  30.50000    3.88169
  31.00000    3.92907
  31.50000    3.95757
  32.00000    3.97978
  32.50000    4.00404
  33.00000    4.04535
  33.50000    4.08239
  34.00000    4.11887
  34.50000    4.15881
  35.00000    4.18923
  35.50000    4.22267
  36.00000    4.25998
  36.50000    4.28830
  37.00000    4.30745
  37.50000    4.30053
  38.00000    4.29906
  38.50000    4.29949
  39.00000    4.31843
  39.50000    4.33044
  40.00000    4.34420
  40.50000    4.34243
  41.00000    4.34261
  41.50000    4.36363
  42.00000    4.37707
  42.50000    4.38454
  43.00000    4.39752
  43.50000    4.43239
  44.00000    4.45556
  44.50000    4.47230
  45.00000    4.47284
  45.50000    4.47608
  46.00000    4.48101
  46.50000    4.49784
  47.00000    4.50785
  47.50000    4.52052
  48.00000    4.52075
  48.50000    4.53857
  49.00000    4.54011
  49.50000    4.54544
  50.00000    4.53271
  50.50000    4.53979
  51.00000    4.54016
  51.50000    4.54601
  52.00000    4.53397
  52.50000    4.52121
  53.00000    4.50277
  53.50000    4.49105
  54.00000    4.49022
  54.50000    4.50226
  55.00000    4.50843
  55.50000    4.51095
  56.00000    4.50180
  56.50000    4.49887
  57.00000    4.49261
  57.50000    4.49529
  58.00000    4.48499
  58.50000    4.48012
  59.00000    4.47744
  59.50000    4.47764
  60.00000    4.47094
  60.50000    4.46192
  61.00000    4.46013
  61.50000    4.45603
  62.00000    4.46075
  62.50000    4.46226
  63.00000    4.46251
  63.50000    4.46085
  64.00000    4.45427
  64.50000    4.44645
  65.00000    4.44199
  65.50000    4.45205
  66.00000    4.44825
  66.50000    4.44295
  67.00000    4.43580
  67.50000    4.44047
  68.00000    4.44254
  68.50000    4.43465
  69.00000    4.42535
  69.50000    4.42490
  70.00000    4.42231
  70.50000    4.41463
  71.00000    4.40973
  71.50000    4.40435
  72.00000    4.40599
  72.50000    4.41050
  73.00000    4.40958
  73.50000    4.39982
  74.00000    4.40187
  74.50000    4.40265
  75.00000    4.40754
  75.50000    4.41547
  76.00000    4.41264
  76.50000    4.40165
  77.00000    4.39914
  77.50000    4.41415
  78.00000    4.41797
  78.50000    4.41291
  79.00000    4.39749
  79.50000    4.39610
  80.00000    4.40123
  80.50000    4.39851
  81.00000    4.39050
  81.50000    4.39037
  82.00000    4.39833
  82.50000    4.39964
  83.00000    4.40294
  83.50000    4.40203
  84.00000    4.40145
  84.50000    4.39694
  85.00000    4.39356
  85.50000    4.39487
  86.00000    4.39828
  86.50000    4.39556
  87.00000    4.38674
  87.50000    4.39049
  88.00000    4.40253
  88.50000    4.40751
  89.00000    4.40215
  89.50000    4.39781
  90.00000    4.39735
  90.50000    4.39367
  91.00000    4.40010
  91.50000    4.39504
  92.00000    4.38895
  92.50000    4.37879
  93.00000    4.38717
  93.50000    4.39269
  94.00000    4.39739
  94.50000    4.39558
  95.00000    4.39657
  95.50000    4.40206
  96.00000    4.40140
  96.50000    4.39732
  97.00000    4.39149
  97.50000    4.39084
  98.00000    4.39384
  98.50000    4.38804
  99.00000    4.38555
  99.50000    4.38580
 100.00000    4.39417
 100.50000    4.39169
 101.00000    4.39294
 101.50000    4.39287
 102.00000    4.39421
 102.50000    4.38845
 103.00000    4.38813
 103.50000    4.39049
 104.00000    4.38935
 104.50000    4.38802
 105.00000    4.39560
 105.50000    4.38911
 106.00000    4.38018
 106.50000    4.37657
 107.00000    4.38681
 107.50000    4.38163
 108.00000    4.38089
 108.50000    4.38352
 109.00000    4.39190
 109.50000    4.38627
 110.00000    4.37943
 110.50000    4.38295
 111.00000    4.38553
 111.50000    4.38645
 112.00000    4.37717
 112.50000    4.38199
 113.00000    4.37696
 113.50000    4.38576
 114.00000    4.38437
 114.50000    4.38656
 115.00000    4.38230
 115.50000    4.38352
 116.00000    4.38734
 116.50000    4.38901
 117.00000    4.38594
 117.50000    4.37729
 118.00000    4.36998
 118.50000    4.37317
 119.00000    4.38746
 119.50000    4.39034
 120.00000    4.38628
 120.50000    4.37806
 121.00000    4.38260
 121.50000    4.38319
 122.00000    4.38403
 122.50000    4.37861
 123.00000    4.37555
 123.50000    4.37913
 124.00000    4.37856
 124.50000    4.38212
 125.00000    4.38382
 125.50000    4.38473
 126.00000    4.38320
 126.50000    4.37975
 127.00000    4.38020
 127.50000    4.38069
 128.00000    4.38670
 128.50000    4.38179
 129.00000    4.37817
 129.50000    4.37588
 130.00000    4.37730
 130.50000    4.37719
 131.00000    4.36738
 131.50000    4.36934
 132.00000    4.36803
 132.50000    4.37689
 133.00000    4.37835
 133.50000    4.38569
 134.00000    4.38363
 134.50000    4.37919
 135.00000    4.37526
 135.50000    4.37449
 136.00000    4.37950
 136.50000    4.37785
 137.00000    4.37219
 137.50000    4.36723
 138.00000    4.37194
 138.50000    4.38183
 139.00000    4.38189
 139.50000    4.37964
 140.00000    4.37730
 140.50000    4.38013
 141.00000    4.37293
 141.50000    4.37938
 142.00000    4.38427
 142.50000    4.38924
 143.00000    4.37871
 143.50000    4.38274
 144.00000    4.38798
 144.50000    4.39469
 145.00000    4.39321
 145.50000    4.39151
 146.00000    4.38545
 146.50000    4.38487
 147.00000    4.38400
 147.50000    4.38745
 148.00000    4.39321
 148.50000    4.39964
 149.00000    4.39924
 149.50000    4.39821
 150.00000    4.40120
