   0.00000    1.28399
   0.50000    3.18497
   1.00000    3.46405
   1.50000    3.30346
   2.00000    3.31392
   2.50000    3.36049
   3.00000    3.36528
   3.50000    3.36815
   4.00000    3.38083
   4.50000    3.40219
   5.00000    3.41270
   5.50000    3.42565
   6.00000    3.44474
   6.50000    3.45519
   7.00000    3.45872
   7.50000    3.47198
   8.00000    3.47815
   8.50000    3.48523
   9.00000    3.50278
   9.50000    3.52691
  10.00000    3.52997
  10.50000    3.53459
  11.00000    3.54840
  11.50000    3.57107
  12.00000    3.56996
  12.50000    3.56599
  13.00000    3.57044
  13.50000    3.58249
  14.00000    3.59503
  14.50000    3.60303
  15.00000    3.61669
  15.50000    3.62597
  16.00000    3.63564
  16.50000    3.64554
  17.00000    3.66344
  17.50000    3.67773
  18.00000    3.68205
  18.50000    3.69097
  19.00000    3.70226
  19.50000    3.70456
  20.00000    3.70655
  20.50000    3.72311
  21.00000    3.74006
  21.50000    3.75948
  22.00000    3.77583
  22.50000    3.78659
  23.00000    3.78624
  23.50000    3.79603
  24.00000    3.80019
  24.50000    3.80448
  25.00000    3.81773
  25.50000    3.84577
  26.00000    3.90129
  26.50000    3.96310
  27.00000    4.03506
  27.50000    4.07817
  28.00000    4.10458
  28.50000    4.11683
  29.00000    4.13428
  29.50000    4.14436
  30.00000    4.16837
  30.50000    4.20285
  31.00000    4.21600
  31.50000    4.21666
  32.00000    4.25122
  32.50000    4.27794
  33.00000    4.29545
  33.50000    4.31595
  34.00000    4.31903
  34.50000    4.30288
  35.00000    4.29514
  35.50000    4.31477
  36.00000    4.32883
  36.50000    4.33223
  37.00000    4.31457
  37.50000    4.30905
  38.00000    4.32562
  38.50000    4.35582
  39.00000    4.35831
  39.50000    4.35447
  40.00000    4.33352
  40.50000    4.32789
  41.00000    4.30990
  41.50000    4.29925
  42.00000    4.29216
  42.50000    4.27781
  43.00000    4.25944
  43.50000    4.25204
  44.00000    4.26625
  44.50000    4.26183
  45.00000    4.25730
  45.50000    4.24885
  46.00000    4.25481
  46.50000    4.26326
  47.00000    4.28779
  47.50000    4.30180
  48.00000    4.31361
  48.50000    4.29946
  49.00000    4.29559
  49.50000    4.28926
  50.00000    4.29555
  50.50000    4.28701
  51.00000    4.29503
  51.50000    4.29959
  52.00000    4.29631
  52.50000    4.28551
  53.00000    4.28851
  53.50000    4.29117
  54.00000    4.28906
  54.50000    4.28264
  55.00000    4.28601
  55.50000    4.28292
  56.00000    4.28861
  56.50000    4.29186
  57.00000    4.29213
  57.50000    4.28581
  58.00000    4.28828
  58.50000    4.29181
  59.00000    4.29546
  59.50000    4.30562
  60.00000    4.31508
  60.50000    4.31835
  61.00000    4.30504
  61.50000    4.30556
  62.00000    4.31094
  62.50000    4.31739
  63.00000    4.30602
  63.50000    4.31167
  64.00000    4.31348
  64.50000    4.32310
  65.00000    4.32554
  65.50000    4.32272
  66.00000    4.30420
  66.50000    4.29391
  67.00000    4.30783
  67.50000    4.31193
  68.00000    4.30864
  68.50000    4.29356
  69.00000    4.29420
  69.50000    4.28991
  70.00000    4.30260
  70.50000    4.30084
  71.00000    4.30173
  71.50000    4.29365
  72.00000    4.29630
  72.50000    4.28867
  73.00000    4.28811
  73.50000    4.28531
  74.00000    4.28203
  74.50000    4.28729
  75.00000    4.28984
  75.50000    4.29465
  76.00000    4.29013
  76.50000    4.28490
  77.00000    4.29003
  77.50000    4.29293
  78.00000    4.28591
  78.50000    4.27344
  79.00000    4.27488
  79.50000    4.27261
  80.00000    4.28046
  80.50000    4.29218
  81.00000    4.29494
  81.50000    4.29126
  82.00000    4.29017
  82.50000    4.29511
  83.00000    4.29302
  83.50000    4.28531
  84.00000    4.28619
  84.50000    4.29363
  85.00000    4.29742
  85.50000    4.28729
  86.00000    4.28690
  86.50000    4.29070
  87.00000    4.29382
  87.50000    4.28787
  88.00000    4.29116
  88.50000    4.30006
  89.00000    4.30863
  89.50000    4.31311
  90.00000    4.32031
  90.50000    4.31671
  91.00000    4.30820
  91.50000    4.31151
  92.00000    4.31919
  92.50000    4.32516
  93.00000    4.32082
  93.50000    4.31448
  94.00000    4.31633
  94.50000    4.32225
  95.00000    4.31429
  95.50000    4.30272
  96.00000    4.30853
  96.50000    4.32943
  97.00000    4.34579
  97.50000    4.34068
  98.00000    4.32576
  98.50000    4.32414
  99.00000    4.33164
  99.50000    4.33458
 100.00000    4.34264
 100.50000    4.34462
 101.00000    4.34627
 101.50000    4.34785
 102.00000    4.36065
 102.50000    4.35389
 103.00000    4.35956
 103.50000    4.37244
 104.00000    4.37944
 104.50000    4.37056
 105.00000    4.36908
 105.50000    4.37734
 106.00000    4.38255
 106.50000    4.38222
 107.00000    4.37709
 107.50000    4.37519
 108.00000    4.38306
 108.50000    4.39007
 109.00000    4.38596
 109.50000    4.38189
 110.00000    4.39324
 110.50000    4.40335
 111.00000    4.39807
 111.50000    4.39498
 112.00000    4.40822
 112.50000    4.42185
 113.00000    4.41364
 113.50000    4.40437
 114.00000    4.41544
 114.50000    4.42865
 115.00000    4.42993
 115.50000    4.41682
 116.00000    4.42730
 116.50000    4.43725
 117.00000    4.45025
 117.50000    4.44426
 118.00000    4.44413
 118.50000    4.44224
 119.00000    4.45010
 119.50000    4.44701
 120.00000    4.44565
 120.50000    4.44845
 121.00000    4.45767
 121.50000    4.46416
 122.00000    4.46559
 122.50000    4.47042
 123.00000    4.47559
 123.50000    4.47403
 124.00000    4.47573
 124.50000    4.47648
 125.00000    4.48123
 125.50000    4.48739
 126.00000    4.49668
 126.50000    4.49113
 127.00000    4.48274
 127.50000    4.48862
 128.00000    4.49761
 128.50000    4.49594
 129.00000    4.50170
 129.50000    4.51068
 130.00000    4.52625
 130.50000    4.51731
 131.00000    4.51986
 131.50000    4.52366
 132.00000    4.53166
 132.50000    4.52775
 133.00000    4.52865
 133.50000    4.52589
 134.00000    4.53156
 134.50000    4.53027
 135.00000    4.53037
 135.50000    4.53215
 136.00000    4.54497
 136.50000    4.54111
 137.00000    4.53709
 137.50000    4.55341
 138.00000    4.56057
 138.50000    4.55993
 139.00000    4.55833
 139.50000    4.55912
 140.00000    4.56218
 140.50000    4.56848
 141.00000    4.57843
 141.50000    4.57883
 142.00000    4.57159
 142.50000    4.56770
 143.00000    4.57354
 143.50000    4.58680
 144.00000    4.57943
 144.50000    4.57504
 145.00000    4.58237
 145.50000    4.59442
 146.00000    4.60028
 146.50000    4.59675
 147.00000    4.60027
 147.50000    4.60795
 148.00000    4.61424
 148.50000    4.61120
 149.00000    4.59895
 149.50000    4.58752
 150.00000    4.59896
