   0.00000    0.95735
   0.50000    1.64804
   1.00000    2.00463
   1.50000    2.43414
   2.00000    2.89035
   2.50000    3.16750
   3.00000    3.22390
   3.50000    3.27126
   4.00000    3.32194
   4.50000    3.41897
   5.00000    3.48805
   5.50000    3.52030
   6.00000    3.52608
   6.50000    3.54411
   7.00000    3.54939
   7.50000    3.56124
   8.00000    3.57164
   8.50000    3.59259
   9.00000    3.60552
   9.50000    3.61317
  10.00000    3.61191
  10.50000    3.62225
  11.00000    3.63996
  11.50000    3.64933
  12.00000    3.64674
  12.50000    3.65343
  13.00000    3.65990
  13.50000    3.65092
  14.00000    3.65178
  14.50000    3.67054
  15.00000    3.67622
  15.50000    3.67566
  16.00000    3.67876
  16.50000    3.69273
  17.00000    3.68544
  17.50000    3.68662
  18.00000    3.67869
  18.50000    3.67899
  19.00000    3.68184
  19.50000    3.69532
  20.00000    3.70252
  20.50000    3.69168
  21.00000    3.69193
  21.50000    3.69169
  22.00000    3.70943
  22.50000    3.70973
  23.00000    3.71553
  23.50000    3.71969
  24.00000    3.73912
  24.50000    3.74493
  25.00000    3.75361
  25.50000    3.75668
  26.00000    3.75566
  26.50000    3.73718
  27.00000    3.73319
  27.50000    3.73976
  28.00000    3.76725
  28.50000    3.80890
  29.00000    3.83991
  29.50000    3.86864
  30.00000    3.89484
  30.50000    3.95483
  31.00000    4.00563
  31.50000    4.03841
  32.00000    4.05631
  32.50000    4.09194
  33.00000    4.11921
  33.50000    4.12712
  34.00000    4.14380
  34.50000    4.16998
  35.00000    4.18139
  35.50000    4.19206
  36.00000    4.22019
  36.50000    4.23408
  37.00000    4.23921
  37.50000    4.22109
  38.00000    4.22110
  38.50000    4.21850
  39.00000    4.23638
  39.50000    4.23473
  40.00000    4.24872
  40.50000    4.24480
  41.00000    4.25063
  41.50000    4.27082
  42.00000    4.31079
  42.50000    4.32751
  43.00000    4.34042
  43.50000    4.36866
  44.00000    4.40227
  44.50000    4.41638
  45.00000    4.42301
  45.50000    4.44855
  46.00000    4.47401
  46.50000    4.48501
  47.00000    4.47932
  47.50000    4.48512
  48.00000    4.48482
  48.50000    4.49314
  49.00000    4.49922
  49.50000    4.51045
  50.00000    4.50241
  50.50000    4.50636
  51.00000    4.51789
  51.50000    4.54048
  52.00000    4.54619
  52.50000    4.55426
  53.00000    4.54258
  53.50000    4.53547
  54.00000    4.54240
  54.50000    4.55529
  55.00000    4.55648
  55.50000    4.55059
  56.00000    4.54951
  56.50000    4.55310
  57.00000    4.55313
  57.50000    4.55593
  58.00000    4.55169
  58.50000    4.55588
  59.00000    4.55237
  59.50000    4.55362
  60.00000    4.54412
  60.50000    4.54194
  61.00000    4.54459
  61.50000    4.54746
  62.00000    4.54645
  62.50000    4.54576
  63.00000    4.54742
  63.50000    4.54587
  64.00000    4.53218
  64.50000    4.52752
  65.00000    4.52795
  65.50000    4.53760
  66.00000    4.53471
  66.50000    4.53615
  67.00000    4.53012
  67.50000    4.52003
  68.00000    4.51173
  68.50000    4.51134
  69.00000    4.51408
  69.50000    4.50577
  70.00000    4.49531
  70.50000    4.49531
  71.00000    4.50481
  71.50000    4.49652
  72.00000    4.48318
  72.50000    4.48602
  73.00000    4.49016
  73.50000    4.48541
  74.00000    4.47861
  74.50000    4.48458
  75.00000    4.47877
  75.50000    4.47500
  76.00000    4.47291
  76.50000    4.47497
  77.00000    4.47675
  77.50000    4.48247
  78.00000    4.48238
  78.50000    4.48169
  79.00000    4.47486
  79.50000    4.47465
  80.00000    4.46691
  80.50000    4.47114
  81.00000    4.47457
  81.50000    4.48070
  82.00000    4.47505
  82.50000    4.47463
  83.00000    4.47827
  83.50000    4.48061
  84.00000    4.47246
  84.50000    4.47134
  85.00000    4.47269
  85.50000    4.46840
  86.00000    4.45149
  86.50000    4.45938
  87.00000    4.47154
  87.50000    4.48214
  88.00000    4.47407
  88.50000    4.48037
  89.00000    4.47563
  89.50000    4.47625
  90.00000    4.46915
  90.50000    4.46856
  91.00000    4.46286
  91.50000    4.45924
  92.00000    4.45566
  92.50000    4.45253
  93.00000    4.44916
  93.50000    4.45065
  94.00000    4.46178
  94.50000    4.46540
  95.00000    4.46453
  95.50000    4.45709
  96.00000    4.45820
  96.50000    4.45204
  97.00000    4.44927
  97.50000    4.44968
  98.00000    4.45428
  98.50000    4.44780
  99.00000    4.44141
  99.50000    4.44591
 100.00000    4.45434
 100.50000    4.45526
 101.00000    4.44987
 101.50000    4.44827
 102.00000    4.44681
 102.50000    4.44685
 103.00000    4.43777
 103.50000    4.43617
 104.00000    4.44260
 104.50000    4.44477
 105.00000    4.43898
 105.50000    4.43084
 106.00000    4.42966
 106.50000    4.43348
 107.00000    4.43875
 107.50000    4.44579
 108.00000    4.44007
 108.50000    4.43078
 109.00000    4.42406
 109.50000    4.42484
 110.00000    4.42666
 110.50000    4.43233
 111.00000    4.43873
 111.50000    4.43442
 112.00000    4.42053
 112.50000    4.41983
 113.00000    4.41605
 113.50000    4.42073
 114.00000    4.42560
 114.50000    4.43367
 115.00000    4.42381
 115.50000    4.41290
 116.00000    4.40989
 116.50000    4.41464
 117.00000    4.41890
 117.50000    4.40714
 118.00000    4.40250
 118.50000    4.40126
 119.00000    4.40924
 119.50000    4.39592
 120.00000    4.40507
 120.50000    4.39566
 121.00000    4.40793
 121.50000    4.40748
 122.00000    4.41338
 122.50000    4.39061
 123.00000    4.38557
 123.50000    4.39135
 124.00000    4.39632
 124.50000    4.39616
 125.00000    4.38967
 125.50000    4.39051
 126.00000    4.39394
 126.50000    4.40018
 127.00000    4.39596
 127.50000    4.38608
 128.00000    4.37871
 128.50000    4.38111
 129.00000    4.38529
 129.50000    4.38887
 130.00000    4.39057
 130.50000    4.39010
 131.00000    4.38881
 131.50000    4.39585
 132.00000    4.38520
 132.50000    4.38069
 133.00000    4.37764
 133.50000    4.39243
 134.00000    4.39201
 134.50000    4.38387
 135.00000    4.37139
 135.50000    4.36915
 136.00000    4.37699
 136.50000    4.37251
 137.00000    4.38033
 137.50000    4.37791
 138.00000    4.37169
 138.50000    4.36352
 139.00000    4.35919
 139.50000    4.36037
 140.00000    4.36840
 140.50000    4.37937
 141.00000    4.37562
 141.50000    4.37281
 142.00000    4.37118
 142.50000    4.36573
 143.00000    4.36023
 143.50000    4.36356
 144.00000    4.37035
 144.50000    4.37238
 145.00000    4.37258
 145.50000    4.37007
 146.00000    4.36574
 146.50000    4.36787
 147.00000    4.37713
 147.50000    4.37488
 148.00000    4.37192
 148.50000    4.37345
 149.00000    4.37514
 149.50000    4.36960
 150.00000    4.36997
