   0.00000    1.38314
   0.50000    3.27240
   1.00000    3.53465
   1.50000    3.32012
   2.00000    3.29813
   2.50000    3.31768
   3.00000    3.34612
   3.50000    3.36521
   4.00000    3.38241
   4.50000    3.39249
   5.00000    3.39744
   5.50000    3.40271
   6.00000    3.41060
   6.50000    3.41893
   7.00000    3.42697
   7.50000    3.43289
   8.00000    3.43918
   8.50000    3.44192
   9.00000    3.44463
   9.50000    3.44401
  10.00000    3.44342
  10.50000    3.44233
  11.00000    3.44310
  11.50000    3.44311
  12.00000    3.44130
  12.50000    3.43864
  13.00000    3.43846
  13.50000    3.43571
  14.00000    3.43013
  14.50000    3.42957
  15.00000    3.42964
  15.50000    3.42467
  16.00000    3.41882
  16.50000    3.41571
  17.00000    3.41242
  17.50000    3.40567
  18.00000    3.40326
  18.50000    3.39762
  19.00000    3.39174
  19.50000    3.38594
  20.00000    3.38426
  20.50000    3.38306
  21.00000    3.37824
  21.50000    3.37343
  22.00000    3.37121
  22.50000    3.37018
  23.00000    3.36455
  23.50000    3.35303
  24.00000    3.34353
  24.50000    3.33171
  25.00000    3.32720
  25.50000    3.33313
  26.00000    3.34351
  26.50000    3.34950
  27.00000    3.35338
  27.50000    3.36077
  28.00000    3.36930
  28.50000    3.37827
  29.00000    3.38357
  29.50000    3.38014
  30.00000    3.38397
  30.50000    3.38609
  31.00000    3.39188
  31.50000    3.39576
  32.00000    3.39981
  32.50000    3.39601
  33.00000    3.39119
  33.50000    3.39398
  34.00000    3.39466
  34.50000    3.38858
  35.00000    3.37496
  35.50000    3.36586
  36.00000    3.35738
  36.50000    3.35104
  37.00000    3.35522
  37.50000    3.35346
  38.00000    3.34247
  38.50000    3.33612
  39.00000    3.34417
  39.50000    3.35038
  40.00000    3.35096
  40.50000    3.35235
  41.00000    3.35149
  41.50000    3.35630
  42.00000    3.36193
  42.50000    3.36284
  43.00000    3.36498
  43.50000    3.36927
  44.00000    3.37385
  44.50000    3.38022
  45.00000    3.38973
  45.50000    3.39532
  46.00000    3.39390
  46.50000    3.39933
  47.00000    3.41068
  47.50000    3.43151
  48.00000    3.44630
  48.50000    3.45752
  49.00000    3.46734
  49.50000    3.48071
  50.00000    3.49204
  50.50000    3.50630
  51.00000    3.52116
  51.50000    3.53583
  52.00000    3.54903
  52.50000    3.56337
  53.00000    3.57855
  53.50000    3.59374
  54.00000    3.61200
  54.50000    3.63915
  55.00000    3.67387
  55.50000    3.70074
  56.00000    3.72758
  56.50000    3.75634
  57.00000    3.79134
  57.50000    3.82349
  58.00000    3.85882
  58.50000    3.88582
  59.00000    3.92069
  59.50000    3.95751
  60.00000    3.99696
  60.50000    4.03005
  61.00000    4.06225
  61.50000    4.08812
  62.00000    4.11533
  62.50000    4.15787
  63.00000    4.20318
  63.50000    4.24391
  64.00000    4.26458
  64.50000    4.28234
  65.00000    4.30182
  65.50000    4.32233
  66.00000    4.34054
  66.50000    4.35676
  67.00000    4.37303
  67.50000    4.38805
  68.00000    4.40509
  68.50000    4.42425
  69.00000    4.43615
  69.50000    4.44504
  70.00000    4.44679
  70.50000    4.44736
  71.00000    4.44948
  71.50000    4.45366
  72.00000    4.45998
  72.50000    4.45675
  73.00000    4.45518
  73.50000    4.45284
  74.00000    4.45550
  74.50000    4.45793
  75.00000    4.46002
  75.50000    4.46013
  76.00000    4.46001
  76.50000    4.46618
  77.00000    4.46690
  77.50000    4.46356
  78.00000    4.46065
  78.50000    4.46276
  79.00000    4.46682
  79.50000    4.46841
  80.00000    4.46251
  80.50000    4.45764
  81.00000    4.45813
  81.50000    4.46252
  82.00000    4.46346
  82.50000    4.46023
  83.00000    4.45950
  83.50000    4.45724
  84.00000    4.46025
  84.50000    4.45859
  85.00000    4.45959
  85.50000    4.45928
  86.00000    4.45811
  86.50000    4.45792
  87.00000    4.45699
  87.50000    4.45724
  88.00000    4.45656
  88.50000    4.45799
  89.00000    4.45846
  89.50000    4.45648
  90.00000    4.45138
  90.50000    4.44832
  91.00000    4.44810
  91.50000    4.45217
  92.00000    4.45537
  92.50000    4.45793
  93.00000    4.45670
  93.50000    4.45396
  94.00000    4.45306
  94.50000    4.45070
  95.00000    4.45017
  95.50000    4.45132
  96.00000    4.45239
  96.50000    4.45051
  97.00000    4.44818
  97.50000    4.45146
  98.00000    4.45021
  98.50000    4.44809
  99.00000    4.44577
  99.50000    4.45185
 100.00000    4.45200
 100.50000    4.44949
 101.00000    4.44465
 101.50000    4.44234
 102.00000    4.44030
 102.50000    4.44336
 103.00000    4.44387
 103.50000    4.44566
 104.00000    4.44404
 104.50000    4.43970
 105.00000    4.43818
 105.50000    4.44203
 106.00000    4.44156
 106.50000    4.43558
 107.00000    4.43474
 107.50000    4.43666
 108.00000    4.43673
 108.50000    4.43246
 109.00000    4.43216
 109.50000    4.43185
 110.00000    4.43764
 110.50000    4.43215
 111.00000    4.42902
 111.50000    4.42467
 112.00000    4.42814
 112.50000    4.43055
 113.00000    4.43169
 113.50000    4.43263
 114.00000    4.43110
 114.50000    4.43199
 115.00000    4.42985
 115.50000    4.42814
 116.00000    4.42858
 116.50000    4.42951
 117.00000    4.42733
 117.50000    4.42267
 118.00000    4.42347
 118.50000    4.42232
 119.00000    4.42422
 119.50000    4.42273
 120.00000    4.42254
 120.50000    4.42150
 121.00000    4.42515
 121.50000    4.42441
 122.00000    4.41978
 122.50000    4.41952
 123.00000    4.42091
 123.50000    4.42052
 124.00000    4.41861
 124.50000    4.42021
 125.00000    4.42165
 125.50000    4.42234
 126.00000    4.42231
 126.50000    4.41970
 127.00000    4.41655
 127.50000    4.41581
 128.00000    4.41354
 128.50000    4.41169
 129.00000    4.41042
 129.50000    4.40929
 130.00000    4.40909
 130.50000    4.41335
 131.00000    4.41816
 131.50000    4.41125
 132.00000    4.40666
 132.50000    4.40697
 133.00000    4.40995
 133.50000    4.40976
 134.00000    4.40929
 134.50000    4.40908
 135.00000    4.40482
 135.50000    4.40497
 136.00000    4.40547
 136.50000    4.40590
 137.00000    4.40531
 137.50000    4.40595
 138.00000    4.40769
 138.50000    4.40784
 139.00000    4.40242
 139.50000    4.40354
 140.00000    4.40478
 140.50000    4.40503
 141.00000    4.40340
 141.50000    4.40556
 142.00000    4.40341
 142.50000    4.40072
 143.00000    4.40365
 143.50000    4.40353
 144.00000    4.39988
 144.50000    4.39983
 145.00000    4.39546
 145.50000    4.39473
 146.00000    4.39565
 146.50000    4.39698
 147.00000    4.39332
 147.50000    4.38821
 148.00000    4.39200
 148.50000    4.39344
 149.00000    4.39678
 149.50000    4.39198
 150.00000    4.39645
