   0.00000    1.37749
   0.50000    3.41084
   1.00000    3.71585
   1.50000    3.49669
   2.00000    3.43738
   2.50000    3.40852
   3.00000    3.37940
   3.50000    3.37937
   4.00000    3.41033
   4.50000    3.43541
   5.00000    3.45226
   5.50000    3.46986
   6.00000    3.48470
   6.50000    3.48115
   7.00000    3.48147
   7.50000    3.48008
   8.00000    3.47918
   8.50000    3.47393
   9.00000    3.47646
   9.50000    3.47561
  10.00000    3.47723
  10.50000    3.47619
  11.00000    3.47154
  11.50000    3.46201
  12.00000    3.45581
  12.50000    3.45172
  13.00000    3.44814
  13.50000    3.44241
  14.00000    3.43775
  14.50000    3.43637
  15.00000    3.42585
  15.50000    3.41593
  16.00000    3.40103
  16.50000    3.39445
  17.00000    3.38517
  17.50000    3.39224
  18.00000    3.37870
  18.50000    3.36885
  19.00000    3.35586
  19.50000    3.35044
  20.00000    3.34341
  20.50000    3.34268
  21.00000    3.34329
  21.50000    3.33244
  22.00000    3.32634
  22.50000    3.32593
  23.00000    3.32582
  23.50000    3.32278
  24.00000    3.32608
  24.50000    3.32556
  25.00000    3.32109
  25.50000    3.31649
  26.00000    3.32830
  26.50000    3.33754
  27.00000    3.34676
  27.50000    3.34880
  28.00000    3.34770
  28.50000    3.35052
  29.00000    3.36569
  29.50000    3.37824
  30.00000    3.37478
  30.50000    3.37323
  31.00000    3.38565
  31.50000    3.39505
  32.00000    3.39451
  32.50000    3.38969
  33.00000    3.38424
  33.50000    3.39827
  34.00000    3.42839
  34.50000    3.46337
  35.00000    3.48839
  35.50000    3.50743
  36.00000    3.52507
  36.50000    3.53041
  37.00000    3.54042
  37.50000    3.54110
  38.00000    3.54857
  38.50000    3.55795
  39.00000    3.56832
  39.50000    3.57308
  40.00000    3.57523
  40.50000    3.58267
  41.00000    3.59006
  41.50000    3.59569
  42.00000    3.59095
  42.50000    3.58465
  43.00000    3.59426
  43.50000    3.60662
  44.00000    3.61621
  44.50000    3.61942
  45.00000    3.63342
  45.50000    3.64500
  46.00000    3.65829
  46.50000    3.66987
  47.00000    3.67630
  47.50000    3.68340
  48.00000    3.68212
  48.50000    3.68338
  49.00000    3.68263
  49.50000    3.69367
  50.00000    3.70093
  50.50000    3.70890
  51.00000    3.71699
  51.50000    3.72872
  52.00000    3.74669
  52.50000    3.75432
  53.00000    3.75120
  53.50000    3.75742
  54.00000    3.78060
  54.50000    3.80031
  55.00000    3.81333
  55.50000    3.83679
  56.00000    3.86542
  56.50000    3.89451
  57.00000    3.90868
  57.50000    3.92497
  58.00000    3.94950
  58.50000    3.98625
  59.00000    4.01793
  59.50000    4.04631
  60.00000    4.06644
  60.50000    4.08685
  61.00000    4.11163
  61.50000    4.13496
  62.00000    4.14619
  62.50000    4.15134
  63.00000    4.16876
  63.50000    4.18337
  64.00000    4.18631
  64.50000    4.18225
  65.00000    4.18621
  65.50000    4.20949
  66.00000    4.22443
  66.50000    4.23834
  67.00000    4.23452
  67.50000    4.24692
  68.00000    4.24763
  68.50000    4.25028
  69.00000    4.25141
  69.50000    4.26321
  70.00000    4.26646
  70.50000    4.27460
  71.00000    4.27973
  71.50000    4.28106
  72.00000    4.28386
  72.50000    4.29033
  73.00000    4.28869
  73.50000    4.27901
  74.00000    4.28197
  74.50000    4.28600
  75.00000    4.29374
  75.50000    4.29668
  76.00000    4.28918
  76.50000    4.28311
  77.00000    4.28593
  77.50000    4.29521
  78.00000    4.28953
  78.50000    4.29357
  79.00000    4.29543
  79.50000    4.29549
  80.00000    4.29022
  80.50000    4.29771
  81.00000    4.30222
  81.50000    4.29975
  82.00000    4.29548
  82.50000    4.29669
  83.00000    4.29742
  83.50000    4.29978
  84.00000    4.29726
  84.50000    4.30152
  85.00000    4.30673
  85.50000    4.31040
  86.00000    4.30917
  86.50000    4.31351
  87.00000    4.31203
  87.50000    4.31216
  88.00000    4.31134
  88.50000    4.31939
  89.00000    4.32339
  89.50000    4.33118
  90.00000    4.32411
  90.50000    4.32177
  91.00000    4.31939
  91.50000    4.32995
  92.00000    4.32996
  92.50000    4.33479
  93.00000    4.33591
  93.50000    4.33653
  94.00000    4.33218
  94.50000    4.33573
  95.00000    4.34635
  95.50000    4.35512
  96.00000    4.34850
  96.50000    4.34040
  97.00000    4.34402
  97.50000    4.35414
  98.00000    4.35394
  98.50000    4.34560
  99.00000    4.34781
  99.50000    4.35552
 100.00000    4.36320
 100.50000    4.36518
 101.00000    4.36885
 101.50000    4.36923
 102.00000    4.37088
 102.50000    4.37622
 103.00000    4.38118
 103.50000    4.37761
 104.00000    4.38018
 104.50000    4.38313
 105.00000    4.38686
 105.50000    4.38026
 106.00000    4.38230
 106.50000    4.38680
 107.00000    4.39401
 107.50000    4.40022
 108.00000    4.40163
 108.50000    4.40606
 109.00000    4.40149
 109.50000    4.40737
 110.00000    4.40907
 110.50000    4.41559
 111.00000    4.41628
 111.50000    4.41814
 112.00000    4.41916
 112.50000    4.41843
 113.00000    4.42377
 113.50000    4.42948
 114.00000    4.43301
 114.50000    4.43492
 115.00000    4.44098
 115.50000    4.43295
 116.00000    4.42503
 116.50000    4.42824
 117.00000    4.44078
 117.50000    4.44541
 118.00000    4.45069
 118.50000    4.44905
 119.00000    4.44333
 119.50000    4.44566
 120.00000    4.45256
 120.50000    4.45404
 121.00000    4.45097
 121.50000    4.45748
 122.00000    4.45881
 122.50000    4.46133
 123.00000    4.46282
 123.50000    4.46840
 124.00000    4.47256
 124.50000    4.47233
 125.00000    4.47013
 125.50000    4.46720
 126.00000    4.46502
 126.50000    4.45916
 127.00000    4.46162
 127.50000    4.46535
 128.00000    4.47184
 128.50000    4.47408
 129.00000    4.47975
 129.50000    4.47589
 130.00000    4.48070
 130.50000    4.48282
 131.00000    4.48701
 131.50000    4.48701
 132.00000    4.48656
 132.50000    4.48294
 133.00000    4.48368
 133.50000    4.48777
 134.00000    4.48818
 134.50000    4.48548
 135.00000    4.48373
 135.50000    4.48296
 136.00000    4.48363
 136.50000    4.48498
 137.00000    4.49115
 137.50000    4.49567
 138.00000    4.49235
 138.50000    4.49036
 139.00000    4.48838
 139.50000    4.49487
 140.00000    4.49596
 140.50000    4.49767
 141.00000    4.49664
 141.50000    4.49282
 142.00000    4.49403
 142.50000    4.49296
 143.00000    4.49974
 143.50000    4.49315
 144.00000    4.49295
 144.50000    4.49087
 145.00000    4.49822
 145.50000    4.49518
 146.00000    4.49230
 146.50000    4.49306
 147.00000    4.49721
 147.50000    4.49554
 148.00000    4.48736
 148.50000    4.48736
 149.00000    4.48805
 149.50000    4.49297
 150.00000    4.49316
