   0.00000    1.26988
   0.50000    2.52794
   1.00000    2.98374
   1.50000    3.10314
   2.00000    3.20191
   2.50000    3.26315
   3.00000    3.31144
   3.50000    3.34042
   4.00000    3.34652
   4.50000    3.35348
   5.00000    3.36127
   5.50000    3.37732
   6.00000    3.38606
   6.50000    3.40842
   7.00000    3.41907
   7.50000    3.41351
   8.00000    3.41346
   8.50000    3.42643
   9.00000    3.43196
   9.50000    3.43135
  10.00000    3.44100
  10.50000    3.44761
  11.00000    3.43926
  11.50000    3.43199
  12.00000    3.43607
  12.50000    3.44110
  13.00000    3.44459
  13.50000    3.43913
  14.00000    3.42419
  14.50000    3.41555
  15.00000    3.42078
  15.50000    3.42098
  16.00000    3.41065
  16.50000    3.40708
  17.00000    3.40545
  17.50000    3.39291
  18.00000    3.38226
  18.50000    3.38075
  19.00000    3.38367
  19.50000    3.38035
  20.00000    3.38483
  20.50000    3.38581
  21.00000    3.38931
  21.50000    3.38401
  22.00000    3.37896
  22.50000    3.37702
  23.00000    3.37495
  23.50000    3.37062
  24.00000    3.37780
  24.50000    3.40258
  25.00000    3.41085
  25.50000    3.38857
  26.00000    3.35101
  26.50000    3.31488
  27.00000    3.29524
  27.50000    3.26795
  28.00000    3.22310
  28.50000    3.19999
  29.00000    3.21161
  29.50000    3.23771
  30.00000    3.25433
  30.50000    3.27757
  31.00000    3.28873
  31.50000    3.29924
  32.00000    3.32095
  32.50000    3.33707
  33.00000    3.34133
  33.50000    3.36629
  34.00000    3.39230
  34.50000    3.40607
  35.00000    3.40292
  35.50000    3.41109
  36.00000    3.40966
  36.50000    3.40377
  37.00000    3.40630
  37.50000    3.40502
  38.00000    3.39517
  38.50000    3.38071
  39.00000    3.37392
  39.50000    3.36718
  40.00000    3.37124
  40.50000    3.36423
  41.00000    3.35609
  41.50000    3.35854
  42.00000    3.36488
  42.50000    3.35361
  43.00000    3.33938
  43.50000    3.35505
  44.00000    3.36190
  44.50000    3.37313
  45.00000    3.37993
  45.50000    3.40818
  46.00000    3.42280
  46.50000    3.43874
  47.00000    3.45136
  47.50000    3.48387
  48.00000    3.50014
  48.50000    3.50297
  49.00000    3.50089
  49.50000    3.51462
  50.00000    3.53462
  50.50000    3.53726
  51.00000    3.55534
  51.50000    3.56207
  52.00000    3.58209
  52.50000    3.58585
  53.00000    3.60757
  53.50000    3.61788
  54.00000    3.62756
  54.50000    3.62797
  55.00000    3.63960
  55.50000    3.64889
  56.00000    3.67200
  56.50000    3.68889
  57.00000    3.70972
  57.50000    3.72072
  58.00000    3.74036
  58.50000    3.76130
  59.00000    3.77641
  59.50000    3.80811
  60.00000    3.84450
  60.50000    3.86975
  61.00000    3.88844
  61.50000    3.90849
  62.00000    3.93258
  62.50000    3.95680
  63.00000    3.98776
  63.50000    4.01333
  64.00000    4.03271
  64.50000    4.06586
  65.00000    4.11119
  65.50000    4.15964
  66.00000    4.20082
  66.50000    4.23807
  67.00000    4.28240
  67.50000    4.31823
  68.00000    4.33149
  68.50000    4.32723
  69.00000    4.34581
  69.50000    4.37521
  70.00000    4.39943
  70.50000    4.42010
  71.00000    4.44586
  71.50000    4.44237
  72.00000    4.43364
  72.50000    4.42753
  73.00000    4.43274
  73.50000    4.42935
  74.00000    4.43783
  74.50000    4.45163
  75.00000    4.46033
  75.50000    4.45618
  76.00000    4.43401
  76.50000    4.42606
  77.00000    4.43280
  77.50000    4.44255
  78.00000    4.43877
  78.50000    4.43685
  79.00000    4.44125
  79.50000    4.43814
  80.00000    4.43020
  80.50000    4.41771
  81.00000    4.42032
  81.50000    4.42114
  82.00000    4.42868
  82.50000    4.43783
  83.00000    4.43591
  83.50000    4.41812
  84.00000    4.41111
  84.50000    4.42061
  85.00000    4.41485
  85.50000    4.41563
  86.00000    4.42384
  86.50000    4.42079
  87.00000    4.41564
  87.50000    4.41040
  88.00000    4.41496
  88.50000    4.41418
  89.00000    4.43636
  89.50000    4.43005
  90.00000    4.40859
  90.50000    4.40287
  91.00000    4.41952
  91.50000    4.42133
  92.00000    4.40963
  92.50000    4.41386
  93.00000    4.40505
  93.50000    4.38996
  94.00000    4.38403
  94.50000    4.39515
  95.00000    4.40366
  95.50000    4.40028
  96.00000    4.38778
  96.50000    4.39727
  97.00000    4.40688
  97.50000    4.40844
  98.00000    4.39581
  98.50000    4.39515
  99.00000    4.38529
  99.50000    4.38476
 100.00000    4.39295
 100.50000    4.40896
 101.00000    4.40165
 101.50000    4.39814
 102.00000    4.39928
 102.50000    4.41456
 103.00000    4.41370
 103.50000    4.41735
 104.00000    4.40771
 104.50000    4.40418
 105.00000    4.39956
 105.50000    4.41017
 106.00000    4.41155
 106.50000    4.41335
 107.00000    4.41578
 107.50000    4.41553
 108.00000    4.41578
 108.50000    4.41373
 109.00000    4.42209
 109.50000    4.42362
 110.00000    4.42417
 110.50000    4.41423
 111.00000    4.40587
 111.50000    4.41103
 112.00000    4.42320
 112.50000    4.42613
 113.00000    4.42831
 113.50000    4.42180
 114.00000    4.42442
 114.50000    4.42183
 115.00000    4.43361
 115.50000    4.42960
 116.00000    4.43000
 116.50000    4.42417
 117.00000    4.43153
 117.50000    4.43266
 118.00000    4.43856
 118.50000    4.43903
 119.00000    4.43706
 119.50000    4.43618
 120.00000    4.44135
 120.50000    4.44221
 121.00000    4.43164
 121.50000    4.44056
 122.00000    4.44562
 122.50000    4.44701
 123.00000    4.44569
 123.50000    4.45122
 124.00000    4.45976
 124.50000    4.46220
 125.00000    4.46142
 125.50000    4.45154
 126.00000    4.44985
 126.50000    4.45313
 127.00000    4.45204
 127.50000    4.45620
 128.00000    4.45920
 128.50000    4.46160
 129.00000    4.45253
 129.50000    4.45438
 130.00000    4.46022
 130.50000    4.46405
 131.00000    4.46203
 131.50000    4.46605
 132.00000    4.45852
 132.50000    4.45616
 133.00000    4.45757
 133.50000    4.46752
 134.00000    4.46585
 134.50000    4.45590
 135.00000    4.46546
 135.50000    4.47289
 136.00000    4.47907
 136.50000    4.47352
 137.00000    4.47832
 137.50000    4.48188
 138.00000    4.47953
 138.50000    4.47487
 139.00000    4.47147
 139.50000    4.48161
 140.00000    4.48441
 140.50000    4.48746
 141.00000    4.49502
 141.50000    4.49007
 142.00000    4.47391
 142.50000    4.47600
 143.00000    4.48465
 143.50000    4.47665
 144.00000    4.46694
 144.50000    4.48073
 145.00000    4.49091
 145.50000    4.49186
 146.00000    4.49251
 146.50000    4.50084
 147.00000    4.49902
 147.50000    4.48855
 148.00000    4.49128
 148.50000    4.49702
 149.00000    4.49898
 149.50000    4.48998
 150.00000    4.50157
