   0.00000    1.42372
   0.50000    2.35742
   1.00000    2.75380
   1.50000    2.98920
   2.00000    3.25004
   2.50000    3.39854
   3.00000    3.46500
   3.50000    3.46862
   4.00000    3.45422
   4.50000    3.47329
   5.00000    3.50120
   5.50000    3.52258
   6.00000    3.52881
   6.50000    3.54739
   7.00000    3.55394
   7.50000    3.56683
   8.00000    3.57859
   8.50000    3.59049
   9.00000    3.59277
   9.50000    3.60238
  10.00000    3.61480
  10.50000    3.61977
  11.00000    3.61919
  11.50000    3.62965
  12.00000    3.63873
  12.50000    3.63654
  13.00000    3.63621
  13.50000    3.64742
  14.00000    3.66138
  14.50000    3.66069
  15.00000    3.65708
  15.50000    3.65915
  16.00000    3.65964
  16.50000    3.66277
  17.00000    3.66090
  17.50000    3.66619
  18.00000    3.67158
  18.50000    3.67052
  19.00000    3.66986
  19.50000    3.66404
  20.00000    3.66263
  20.50000    3.65370
  21.00000    3.66269
  21.50000    3.66282
  22.00000    3.65978
  22.50000    3.64668
  23.00000    3.65091
  23.50000    3.65812
  24.00000    3.67756
  24.50000    3.69570
  25.00000    3.70636
  25.50000    3.69682
  26.00000    3.69486
  26.50000    3.70780
  27.00000    3.71703
  27.50000    3.71845
  28.00000    3.72957
  28.50000    3.75292
  29.00000    3.77964
  29.50000    3.80507
  30.00000    3.81820
  30.50000    3.82868
  31.00000    3.85793
  31.50000    3.89818
  32.00000    3.93825
  32.50000    3.97143
  33.00000    4.01356
  33.50000    4.04229
  34.00000    4.09106
  34.50000    4.14345
  35.00000    4.19340
  35.50000    4.21844
  36.00000    4.25305
  36.50000    4.26338
  37.00000    4.26890
  37.50000    4.27485
  38.00000    4.27825
  38.50000    4.26797
  39.00000    4.26167
  39.50000    4.26907
  40.00000    4.26581
  40.50000    4.27524
  41.00000    4.29033
  41.50000    4.30293
  42.00000    4.31047
  42.50000    4.33253
  43.00000    4.37098
  43.50000    4.40174
  44.00000    4.42631
  44.50000    4.45041
  45.00000    4.47389
  45.50000    4.48227
  46.00000    4.47947
  46.50000    4.47085
  47.00000    4.47256
  47.50000    4.48276
  48.00000    4.48665
  48.50000    4.48778
  49.00000    4.48194
  49.50000    4.49027
  50.00000    4.48743
  50.50000    4.48278
  51.00000    4.48656
  51.50000    4.49061
  52.00000    4.49497
  52.50000    4.48679
  53.00000    4.49095
  53.50000    4.48099
  54.00000    4.47857
  54.50000    4.47765
  55.00000    4.48448
  55.50000    4.49362
  56.00000    4.49767
  56.50000    4.49713
  57.00000    4.50021
  57.50000    4.50101
  58.00000    4.49294
  58.50000    4.49048
  59.00000    4.50092
  59.50000    4.50090
  60.00000    4.49435
  60.50000    4.48862
  61.00000    4.49036
  61.50000    4.49417
  62.00000    4.50604
  62.50000    4.50596
  63.00000    4.50733
  63.50000    4.50783
  64.00000    4.50500
  64.50000    4.50060
  65.00000    4.50601
  65.50000    4.51115
  66.00000    4.50689
  66.50000    4.50218
  67.00000    4.49679
  67.50000    4.49857
  68.00000    4.50134
  68.50000    4.50320
  69.00000    4.49731
  69.50000    4.50969
  70.00000    4.50962
  70.50000    4.51233
  71.00000    4.50561
  71.50000    4.51080
  72.00000    4.50461
  72.50000    4.50659
  73.00000    4.50722
  73.50000    4.50995
  74.00000    4.51797
  74.50000    4.52633
  75.00000    4.52800
  75.50000    4.53045
  76.00000    4.53117
  76.50000    4.53347
  77.00000    4.53687
  77.50000    4.54263
  78.00000    4.53772
  78.50000    4.53407
  79.00000    4.53003
  79.50000    4.52888
  80.00000    4.52738
  80.50000    4.52347
  81.00000    4.52001
  81.50000    4.52370
  82.00000    4.53526
  82.50000    4.54264
  83.00000    4.54011
  83.50000    4.53961
  84.00000    4.54720
  84.50000    4.54800
  85.00000    4.54679
  85.50000    4.54844
  86.00000    4.55230
  86.50000    4.54450
  87.00000    4.53976
  87.50000    4.55063
  88.00000    4.55619
  88.50000    4.55241
  89.00000    4.54559
  89.50000    4.55318
  90.00000    4.55649
  90.50000    4.56484
  91.00000    4.56805
  91.50000    4.56258
  92.00000    4.55043
  92.50000    4.55670
  93.00000    4.55604
  93.50000    4.55807
  94.00000    4.55092
  94.50000    4.56322
  95.00000    4.56443
  95.50000    4.56595
  96.00000    4.56076
  96.50000    4.56289
  97.00000    4.55934
  97.50000    4.56077
  98.00000    4.56304
  98.50000    4.56392
  99.00000    4.56505
  99.50000    4.57217
 100.00000    4.57623
 100.50000    4.56898
 101.00000    4.56889
 101.50000    4.56473
 102.00000    4.56763
 102.50000    4.56197
 103.00000    4.56429
 103.50000    4.56901
 104.00000    4.57232
 104.50000    4.57138
 105.00000    4.56122
 105.50000    4.55806
 106.00000    4.55775
 106.50000    4.55590
 107.00000    4.55176
 107.50000    4.55172
 108.00000    4.56369
 108.50000    4.56924
 109.00000    4.57098
 109.50000    4.56832
 110.00000    4.56699
 110.50000    4.56651
 111.00000    4.56830
 111.50000    4.56370
 112.00000    4.55640
 112.50000    4.56075
 113.00000    4.57061
 113.50000    4.56269
 114.00000    4.55846
 114.50000    4.56198
 115.00000    4.56335
 115.50000    4.55305
 116.00000    4.55571
 116.50000    4.55660
 117.00000    4.55840
 117.50000    4.56185
 118.00000    4.56597
 118.50000    4.56110
 119.00000    4.55653
 119.50000    4.55986
 120.00000    4.56148
 120.50000    4.57037
 121.00000    4.56257
 121.50000    4.55676
 122.00000    4.55373
 122.50000    4.55954
 123.00000    4.55420
 123.50000    4.54507
 124.00000    4.54502
 124.50000    4.54845
 125.00000    4.54980
 125.50000    4.54733
 126.00000    4.54755
 126.50000    4.54701
 127.00000    4.54786
 127.50000    4.55103
 128.00000    4.55221
 128.50000    4.54897
 129.00000    4.53794
 129.50000    4.53774
 130.00000    4.53728
 130.50000    4.54396
 131.00000    4.53643
 131.50000    4.53812
 132.00000    4.53201
 132.50000    4.53178
 133.00000    4.52899
 133.50000    4.53266
 134.00000    4.52821
 134.50000    4.52539
 135.00000    4.52634
 135.50000    4.52439
 136.00000    4.52338
 136.50000    4.52281
 137.00000    4.52364
 137.50000    4.51675
 138.00000    4.51929
 138.50000    4.52285
 139.00000    4.52634
 139.50000    4.51671
 140.00000    4.51510
 140.50000    4.52310
 141.00000    4.52579
 141.50000    4.51709
 142.00000    4.50779
 142.50000    4.50985
 143.00000    4.51253
 143.50000    4.52222
 144.00000    4.52607
 144.50000    4.52026
 145.00000    4.51109
 145.50000    4.50574
 146.00000    4.50088
 146.50000    4.49795
 147.00000    4.50105
 147.50000    4.51038
 148.00000    4.51305
 148.50000    4.51489
 149.00000    4.51322
 149.50000    4.50751
 150.00000    4.49492
