   0.00000    1.43309
   0.50000    2.31506
   1.00000    2.85257
   1.50000    3.08083
   2.00000    3.13043
   2.50000    3.12367
   3.00000    3.14740
   3.50000    3.18411
   4.00000    3.20258
   4.50000    3.20115
   5.00000    3.19992
   5.50000    3.21959
   6.00000    3.23805
   6.50000    3.24654
   7.00000    3.25530
   7.50000    3.27121
   8.00000    3.28308
   8.50000    3.29455
   9.00000    3.30190
   9.50000    3.33681
  10.00000    3.35143
  10.50000    3.36238
  11.00000    3.36762
  11.50000    3.38175
  12.00000    3.39266
  12.50000    3.41076
  13.00000    3.43615
  13.50000    3.43615
  14.00000    3.42951
  14.50000    3.43911
  15.00000    3.45981
  15.50000    3.47911
  16.00000    3.50157
  16.50000    3.51831
  17.00000    3.52122
  17.50000    3.53209
  18.00000    3.55301
  18.50000    3.57501
  19.00000    3.58481
  19.50000    3.59284
  20.00000    3.60065
  20.50000    3.61010
  21.00000    3.62587
  21.50000    3.63150
  22.00000    3.64033
  22.50000    3.66330
  23.00000    3.68505
  23.50000    3.68701
  24.00000    3.71172
  24.50000    3.76016
  25.00000    3.82465
  25.50000    3.84199
  26.00000    3.85758
  26.50000    3.86747
  27.00000    3.91258
  27.50000    3.94705
  28.00000    3.99643
  28.50000    4.04340
  29.00000    4.07368
  29.50000    4.10041
  30.00000    4.13447
  30.50000    4.17982
  31.00000    4.20886
  31.50000    4.22319
  32.00000    4.23647
  32.50000    4.26456
  33.00000    4.30668
  33.50000    4.33854
  34.00000    4.37613
  34.50000    4.39593
  35.00000    4.40453
  35.50000    4.41727
  36.00000    4.43539
  36.50000    4.43496
  37.00000    4.41185
  37.50000    4.39096
  38.00000    4.37474
  38.50000    4.36644
  39.00000    4.37452
  39.50000    4.36511
  40.00000    4.37256
  40.50000    4.35751
  41.00000    4.36802
  41.50000    4.36239
  42.00000    4.36730
  42.50000    4.35821
  43.00000    4.36260
  43.50000    4.37909
  44.00000    4.38145
  44.50000    4.38180
  45.00000    4.36527
  45.50000    4.36776
  46.00000    4.36461
  46.50000    4.37138
  47.00000    4.36160
  47.50000    4.35321
  48.00000    4.33577
  48.50000    4.34499
  49.00000    4.36077
  49.50000    4.37707
  50.00000    4.37759
  50.50000    4.38494
  51.00000    4.38945
  51.50000    4.40223
  52.00000    4.40749
  52.50000    4.40953
  53.00000    4.39821
  53.50000    4.39644
  54.00000    4.40390
  54.50000    4.40707
  55.00000    4.39903
  55.50000    4.39729
  56.00000    4.40485
  56.50000    4.41857
  57.00000    4.42792
  57.50000    4.42967
  58.00000    4.42859
  58.50000    4.42194
  59.00000    4.42165
  59.50000    4.42546
  60.00000    4.41501
  60.50000    4.40593
  61.00000    4.40613
  61.50000    4.42023
  62.00000    4.41939
  62.50000    4.41753
  63.00000    4.41616
  63.50000    4.41958
  64.00000    4.41279
  64.50000    4.39574
  65.00000    4.40104
  65.50000    4.42194
  66.00000    4.42250
  66.50000    4.42162
  67.00000    4.41873
  67.50000    4.42458
  68.00000    4.41989
  68.50000    4.43288
  69.00000    4.43281
  69.50000    4.43916
  70.00000    4.44309
  70.50000    4.44483
  71.00000    4.43686
  71.50000    4.43571
  72.00000    4.44305
  72.50000    4.46244
  73.00000    4.46229
  73.50000    4.45381
  74.00000    4.44296
  74.50000    4.45831
  75.00000    4.45827
  75.50000    4.45803
  76.00000    4.46036
  76.50000    4.46277
  77.00000    4.46310
  77.50000    4.45887
  78.00000    4.45718
  78.50000    4.45585
  79.00000    4.47377
  79.50000    4.48338
  80.00000    4.48332
  80.50000    4.49108
  81.00000    4.50726
  81.50000    4.49910
  82.00000    4.49417
  82.50000    4.48603
  83.00000    4.50506
  83.50000    4.50229
  84.00000    4.50346
  84.50000    4.50009
  85.00000    4.51125
  85.50000    4.49652
  86.00000    4.48657
  86.50000    4.50912
  87.00000    4.53250
  87.50000    4.52468
  88.00000    4.51398
  88.50000    4.52251
  89.00000    4.53042
  89.50000    4.52929
  90.00000    4.53447
  90.50000    4.54211
  91.00000    4.54003
  91.50000    4.53003
  92.00000    4.53011
  92.50000    4.53141
  93.00000    4.52817
  93.50000    4.52852
  94.00000    4.52556
  94.50000    4.54399
  95.00000    4.54372
  95.50000    4.54709
  96.00000    4.54435
  96.50000    4.55648
  97.00000    4.54347
  97.50000    4.53860
  98.00000    4.55171
  98.50000    4.56328
  99.00000    4.56195
  99.50000    4.56034
 100.00000    4.56549
 100.50000    4.55872
 101.00000    4.55682
 101.50000    4.56122
 102.00000    4.56305
 102.50000    4.57023
 103.00000    4.57101
 103.50000    4.56660
 104.00000    4.55443
 104.50000    4.55640
 105.00000    4.56285
 105.50000    4.56889
 106.00000    4.56593
 106.50000    4.56160
 107.00000    4.57215
 107.50000    4.57653
 108.00000    4.58109
 108.50000    4.58412
 109.00000    4.58208
 109.50000    4.56896
 110.00000    4.57269
 110.50000    4.58555
 111.00000    4.57863
 111.50000    4.56347
 112.00000    4.55713
 112.50000    4.56542
 113.00000    4.56364
 113.50000    4.57156
 114.00000    4.57707
 114.50000    4.57734
 115.00000    4.57576
 115.50000    4.58080
 116.00000    4.58115
 116.50000    4.58724
 117.00000    4.59122
 117.50000    4.58425
 118.00000    4.57029
 118.50000    4.56183
 119.00000    4.56938
 119.50000    4.57169
 120.00000    4.57759
 120.50000    4.57583
 121.00000    4.58825
 121.50000    4.58801
 122.00000    4.57049
 122.50000    4.57480
 123.00000    4.58512
 123.50000    4.59099
 124.00000    4.58140
 124.50000    4.57764
 125.00000    4.58187
 125.50000    4.57786
 126.00000    4.58142
 126.50000    4.57863
 127.00000    4.57415
 127.50000    4.56259
 128.00000    4.56379
 128.50000    4.57149
 129.00000    4.57071
 129.50000    4.56596
 130.00000    4.58375
 130.50000    4.57433
 131.00000    4.57285
 131.50000    4.57510
 132.00000    4.58858
 132.50000    4.57318
 133.00000    4.56088
 133.50000    4.55453
 134.00000    4.56603
 134.50000    4.55992
 135.00000    4.56155
 135.50000    4.56167
 136.00000    4.57899
 136.50000    4.57071
 137.00000    4.57891
 137.50000    4.56632
 138.00000    4.55884
 138.50000    4.55302
 139.00000    4.55557
 139.50000    4.55111
 140.00000    4.54733
 140.50000    4.55910
 141.00000    4.56978
 141.50000    4.57901
 142.00000    4.57907
 142.50000    4.57583
 143.00000    4.56609
 143.50000    4.55486
 144.00000    4.54910
 144.50000    4.55134
 145.00000    4.55543
 145.50000    4.55599
 146.00000    4.54083
 146.50000    4.54457
 147.00000    4.54952
 147.50000    4.55622
 148.00000    4.55317
 148.50000    4.55947
 149.00000    4.55632
 149.50000    4.55106
 150.00000    4.54634
