   0.00000    1.26130
   0.50000    2.52633
   1.00000    3.01379
   1.50000    3.15022
   2.00000    3.17565
   2.50000    3.16259
   3.00000    3.12042
   3.50000    3.12487
   4.00000    3.16619
   4.50000    3.20438
   5.00000    3.21166
   5.50000    3.22366
   6.00000    3.25324
   6.50000    3.28047
   7.00000    3.29748
   7.50000    3.32635
   8.00000    3.34342
   8.50000    3.36091
   9.00000    3.36850
   9.50000    3.40085
  10.00000    3.42209
  10.50000    3.43889
  11.00000    3.44996
  11.50000    3.47141
  12.00000    3.49033
  12.50000    3.49510
  13.00000    3.51755
  13.50000    3.53588
  14.00000    3.54911
  14.50000    3.55813
  15.00000    3.57294
  15.50000    3.58649
  16.00000    3.60375
  16.50000    3.62679
  17.00000    3.64445
  17.50000    3.66028
  18.00000    3.67452
  18.50000    3.68328
  19.00000    3.69947
  19.50000    3.71896
  20.00000    3.73391
  20.50000    3.74506
  21.00000    3.75960
  21.50000    3.79217
  22.00000    3.83195
  22.50000    3.87497
  23.00000    3.91146
  23.50000    3.96223
  24.00000    4.00980
  24.50000    4.02539
  25.00000    4.03698
  25.50000    4.06097
  26.00000    4.11367
  26.50000    4.14610
  27.00000    4.18931
  27.50000    4.20077
  28.00000    4.20566
  28.50000    4.20487
  29.00000    4.21356
  29.50000    4.22205
  30.00000    4.22051
  30.50000    4.22243
  31.00000    4.23247
  31.50000    4.24454
  32.00000    4.25652
  32.50000    4.24229
  33.00000    4.24610
  33.50000    4.24042
  34.00000    4.26060
  34.50000    4.26815
  35.00000    4.27738
  35.50000    4.29088
  36.00000    4.31468
  36.50000    4.33635
  37.00000    4.33567
  37.50000    4.34074
  38.00000    4.35078
  38.50000    4.37524
  39.00000    4.37543
  39.50000    4.36339
  40.00000    4.36473
  40.50000    4.36408
  41.00000    4.36438
  41.50000    4.35487
  42.00000    4.36269
  42.50000    4.35735
  43.00000    4.35623
  43.50000    4.35256
  44.00000    4.35774
  44.50000    4.36912
  45.00000    4.36688
  45.50000    4.35498
  46.00000    4.34542
  46.50000    4.36211
  47.00000    4.37510
  47.50000    4.37786
  48.00000    4.35405
  48.50000    4.32302
  49.00000    4.29815
  49.50000    4.30696
  50.00000    4.31121
  50.50000    4.29810
  51.00000    4.28104
  51.50000    4.28713
  52.00000    4.28653
  52.50000    4.27430
  53.00000    4.25806
  53.50000    4.25649
  54.00000    4.25395
  54.50000    4.27475
  55.00000    4.28009
  55.50000    4.27468
  56.00000    4.26519
  56.50000    4.28677
  57.00000    4.29157
  57.50000    4.28541
  58.00000    4.28394
  58.50000    4.30017
  59.00000    4.30939
  59.50000    4.31042
  60.00000    4.31286
  60.50000    4.31669
  61.00000    4.31293
  61.50000    4.30920
  62.00000    4.31360
  62.50000    4.31812
  63.00000    4.31422
  63.50000    4.31046
  64.00000    4.30322
  64.50000    4.30469
  65.00000    4.30423
  65.50000    4.30510
  66.00000    4.28692
  66.50000    4.28140
  67.00000    4.29375
  67.50000    4.31086
  68.00000    4.30094
  68.50000    4.28585
  69.00000    4.28996
  69.50000    4.30189
  70.00000    4.30574
  70.50000    4.28700
  71.00000    4.28528
  71.50000    4.28991
  72.00000    4.30840
  72.50000    4.31142
  73.00000    4.31509
  73.50000    4.31400
  74.00000    4.33093
  74.50000    4.34388
  75.00000    4.33817
  75.50000    4.33341
  76.00000    4.34439
  76.50000    4.34705
  77.00000    4.33243
  77.50000    4.33005
  78.00000    4.33016
  78.50000    4.33300
  79.00000    4.33327
  79.50000    4.34941
  80.00000    4.35265
  80.50000    4.35760
  81.00000    4.34618
  81.50000    4.35020
  82.00000    4.34962
  82.50000    4.35786
  83.00000    4.35651
  83.50000    4.35930
  84.00000    4.35302
  84.50000    4.35766
  85.00000    4.35197
  85.50000    4.35404
  86.00000    4.35534
  86.50000    4.37357
  87.00000    4.37130
  87.50000    4.37101
  88.00000    4.37246
  88.50000    4.38377
  89.00000    4.38933
  89.50000    4.39061
  90.00000    4.38880
  90.50000    4.38974
  91.00000    4.37948
  91.50000    4.38224
  92.00000    4.38269
  92.50000    4.37865
  93.00000    4.37534
  93.50000    4.37505
  94.00000    4.39244
  94.50000    4.38818
  95.00000    4.38182
  95.50000    4.37646
  96.00000    4.38482
  96.50000    4.39306
  97.00000    4.39666
  97.50000    4.40479
  98.00000    4.41061
  98.50000    4.41424
  99.00000    4.39970
  99.50000    4.39751
 100.00000    4.41761
 100.50000    4.43868
 101.00000    4.41269
 101.50000    4.39912
 102.00000    4.40838
 102.50000    4.41624
 103.00000    4.40834
 103.50000    4.41149
 104.00000    4.43066
 104.50000    4.41824
 105.00000    4.40693
 105.50000    4.40379
 106.00000    4.41893
 106.50000    4.40399
 107.00000    4.39644
 107.50000    4.39915
 108.00000    4.41957
 108.50000    4.41733
 109.00000    4.40782
 109.50000    4.40336
 110.00000    4.40847
 110.50000    4.41290
 111.00000    4.40618
 111.50000    4.40201
 112.00000    4.41236
 112.50000    4.42787
 113.00000    4.42491
 113.50000    4.41135
 114.00000    4.41832
 114.50000    4.42781
 115.00000    4.42487
 115.50000    4.41485
 116.00000    4.42911
 116.50000    4.43626
 117.00000    4.42995
 117.50000    4.41586
 118.00000    4.40873
 118.50000    4.40993
 119.00000    4.41638
 119.50000    4.41257
 120.00000    4.41327
 120.50000    4.41798
 121.00000    4.42289
 121.50000    4.41118
 122.00000    4.41652
 122.50000    4.42150
 123.00000    4.42580
 123.50000    4.42025
 124.00000    4.41454
 124.50000    4.40686
 125.00000    4.40323
 125.50000    4.41467
 126.00000    4.41504
 126.50000    4.39988
 127.00000    4.39562
 127.50000    4.40460
 128.00000    4.40106
 128.50000    4.39379
 129.00000    4.41514
 129.50000    4.42561
 130.00000    4.41837
 130.50000    4.41370
 131.00000    4.42384
 131.50000    4.42138
 132.00000    4.41805
 132.50000    4.41390
 133.00000    4.41243
 133.50000    4.40206
 134.00000    4.41142
 134.50000    4.40731
 135.00000    4.40958
 135.50000    4.40661
 136.00000    4.41131
 136.50000    4.40919
 137.00000    4.41405
 137.50000    4.41708
 138.00000    4.40768
 138.50000    4.40643
 139.00000    4.41210
 139.50000    4.40947
 140.00000    4.40520
 140.50000    4.40455
 141.00000    4.40655
 141.50000    4.39663
 142.00000    4.39729
 142.50000    4.40550
 143.00000    4.40931
 143.50000    4.38874
 144.00000    4.38986
 144.50000    4.40202
 145.00000    4.40883
 145.50000    4.40465
 146.00000    4.41269
 146.50000    4.41476
 147.00000    4.40547
 147.50000    4.40192
 148.00000    4.40820
 148.50000    4.40625
 149.00000    4.40166
 149.50000    4.39157
 150.00000    4.40392
