   0.00000    1.52627
   0.50000    2.27414
   1.00000    2.75452
   1.50000    3.01749
   2.00000    3.15497
   2.50000    3.16029
   3.00000    3.16677
   3.50000    3.18857
   4.00000    3.21417
   4.50000    3.23410
   5.00000    3.24840
   5.50000    3.27500
   6.00000    3.29147
   6.50000    3.31267
   7.00000    3.31991
   7.50000    3.33335
   8.00000    3.33532
   8.50000    3.35076
   9.00000    3.35321
   9.50000    3.36433
  10.00000    3.36215
  10.50000    3.37279
  11.00000    3.38571
  11.50000    3.39534
  12.00000    3.40085
  12.50000    3.40393
  13.00000    3.41595
  13.50000    3.41264
  14.00000    3.41658
  14.50000    3.42255
  15.00000    3.42484
  15.50000    3.42575
  16.00000    3.43268
  16.50000    3.44773
  17.00000    3.44976
  17.50000    3.45592
  18.00000    3.45968
  18.50000    3.47050
  19.00000    3.47905
  19.50000    3.48189
  20.00000    3.48558
  20.50000    3.49203
  21.00000    3.50503
  21.50000    3.52381
  22.00000    3.54151
  22.50000    3.55698
  23.00000    3.56276
  23.50000    3.57567
  24.00000    3.60456
  24.50000    3.63090
  25.00000    3.66432
  25.50000    3.68729
  26.00000    3.72746
  26.50000    3.75072
  27.00000    3.78802
  27.50000    3.83416
  28.00000    3.91325
  28.50000    4.00000
  29.00000    4.08367
  29.50000    4.17250
  30.00000    4.25867
  30.50000    4.34065
  31.00000    4.40760
  31.50000    4.46177
  32.00000    4.49361
  32.50000    4.50931
  33.00000    4.52850
  33.50000    4.52717
  34.00000    4.51701
  34.50000    4.48450
  35.00000    4.46678
  35.50000    4.45255
  36.00000    4.45689
  36.50000    4.45018
  37.00000    4.43859
  37.50000    4.41249
  38.00000    4.39285
  38.50000    4.37674
  39.00000    4.38193
  39.50000    4.38035
  40.00000    4.38077
  40.50000    4.36608
  41.00000    4.36755
  41.50000    4.36202
  42.00000    4.36916
  42.50000    4.37433
  43.00000    4.39435
  43.50000    4.40960
  44.00000    4.42932
  44.50000    4.41658
  45.00000    4.40131
  45.50000    4.39400
  46.00000    4.40140
  46.50000    4.39775
  47.00000    4.39592
  47.50000    4.39867
  48.00000    4.39248
  48.50000    4.39757
  49.00000    4.41309
  49.50000    4.43701
  50.00000    4.44751
  50.50000    4.44712
  51.00000    4.44544
  51.50000    4.44653
  52.00000    4.44688
  52.50000    4.45107
  53.00000    4.44524
  53.50000    4.43696
  54.00000    4.43358
  54.50000    4.44031
  55.00000    4.44587
  55.50000    4.45007
  56.00000    4.45843
  56.50000    4.46001
  57.00000    4.46855
  57.50000    4.47132
  58.00000    4.46567
  58.50000    4.46424
  59.00000    4.46237
  59.50000    4.45596
  60.00000    4.44494
  60.50000    4.45240
  61.00000    4.45318
  61.50000    4.45493
  62.00000    4.45267
  62.50000    4.45272
  63.00000    4.44901
  63.50000    4.44381
  64.00000    4.44026
  64.50000    4.43854
  65.00000    4.43897
  65.50000    4.44380
  66.00000    4.43598
  66.50000    4.42994
  67.00000    4.42842
  67.50000    4.44625
  68.00000    4.44469
  68.50000    4.44179
  69.00000    4.43652
  69.50000    4.44479
  70.00000    4.45138
  70.50000    4.45675
  71.00000    4.45819
  71.50000    4.45423
  72.00000    4.45085
  72.50000    4.46592
  73.00000    4.47362
  73.50000    4.47876
  74.00000    4.48011
  74.50000    4.49431
  75.00000    4.48377
  75.50000    4.47723
  76.00000    4.48251
  76.50000    4.49450
  77.00000    4.50186
  77.50000    4.50370
  78.00000    4.49913
  78.50000    4.49876
  79.00000    4.50588
  79.50000    4.51076
  80.00000    4.50517
  80.50000    4.50839
  81.00000    4.51947
  81.50000    4.52570
  82.00000    4.53239
  82.50000    4.52978
  83.00000    4.52681
  83.50000    4.53079
  84.00000    4.53923
  84.50000    4.55597
  85.00000    4.55363
  85.50000    4.53764
  86.00000    4.51777
  86.50000    4.54248
  87.00000    4.56448
  87.50000    4.56811
  88.00000    4.55559
  88.50000    4.56681
  89.00000    4.57077
  89.50000    4.58101
  90.00000    4.57610
  90.50000    4.58400
  91.00000    4.57663
  91.50000    4.57646
  92.00000    4.57945
  92.50000    4.58456
  93.00000    4.57118
  93.50000    4.56572
  94.00000    4.57414
  94.50000    4.58671
  95.00000    4.58197
  95.50000    4.57544
  96.00000    4.58070
  96.50000    4.59170
  97.00000    4.58857
  97.50000    4.58654
  98.00000    4.59704
  98.50000    4.60511
  99.00000    4.59716
  99.50000    4.59402
 100.00000    4.59980
 100.50000    4.59679
 101.00000    4.60057
 101.50000    4.60545
 102.00000    4.60195
 102.50000    4.59005
 103.00000    4.58647
 103.50000    4.59515
 104.00000    4.59810
 104.50000    4.60488
 105.00000    4.60042
 105.50000    4.58956
 106.00000    4.57869
 106.50000    4.58372
 107.00000    4.59919
 107.50000    4.61391
 108.00000    4.61811
 108.50000    4.61110
 109.00000    4.59944
 109.50000    4.59926
 110.00000    4.60592
 110.50000    4.61067
 111.00000    4.60665
 111.50000    4.59722
 112.00000    4.58661
 112.50000    4.59062
 113.00000    4.58922
 113.50000    4.58012
 114.00000    4.57869
 114.50000    4.58652
 115.00000    4.58415
 115.50000    4.58198
 116.00000    4.58665
 116.50000    4.59156
 117.00000    4.58909
 117.50000    4.58752
 118.00000    4.58395
 118.50000    4.57440
 119.00000    4.57175
 119.50000    4.56784
 120.00000    4.57262
 120.50000    4.57781
 121.00000    4.59116
 121.50000    4.58803
 122.00000    4.56047
 122.50000    4.54794
 123.00000    4.55020
 123.50000    4.56509
 124.00000    4.56552
 124.50000    4.56252
 125.00000    4.54784
 125.50000    4.53976
 126.00000    4.54227
 126.50000    4.55152
 127.00000    4.54530
 127.50000    4.53920
 128.00000    4.53469
 128.50000    4.53483
 129.00000    4.53036
 129.50000    4.52862
 130.00000    4.54262
 130.50000    4.53592
 131.00000    4.53516
 131.50000    4.52593
 132.00000    4.53531
 132.50000    4.52474
 133.00000    4.50853
 133.50000    4.50261
 134.00000    4.51096
 134.50000    4.50891
 135.00000    4.49700
 135.50000    4.49236
 136.00000    4.49513
 136.50000    4.49939
 137.00000    4.51051
 137.50000    4.50029
 138.00000    4.48718
 138.50000    4.48383
 139.00000    4.48130
 139.50000    4.48093
 140.00000    4.47336
 140.50000    4.47557
 141.00000    4.46880
 141.50000    4.47592
 142.00000    4.47390
 142.50000    4.46835
 143.00000    4.45960
 143.50000    4.45566
 144.00000    4.45326
 144.50000    4.45229
 145.00000    4.45623
 145.50000    4.45468
 146.00000    4.44221
 146.50000    4.43804
 147.00000    4.44445
 147.50000    4.44833
 148.00000    4.44210
 148.50000    4.44746
 149.00000    4.44577
 149.50000    4.44017
 150.00000    4.43647
