   0.00000    1.43034
   0.50000    3.09978
   1.00000    3.39604
   1.50000    3.33602
   2.00000    3.46189
   2.50000    3.46459
   3.00000    3.43336
   3.50000    3.41608
   4.00000    3.42208
   4.50000    3.43682
   5.00000    3.43843
   5.50000    3.44672
   6.00000    3.44356
   6.50000    3.45473
   7.00000    3.46516
   7.50000    3.47714
   8.00000    3.48394
   8.50000    3.48853
   9.00000    3.49769
   9.50000    3.49921
  10.00000    3.50305
  10.50000    3.50848
  11.00000    3.51919
  11.50000    3.52578
  12.00000    3.52487
  12.50000    3.53338
  13.00000    3.54066
  13.50000    3.54406
  14.00000    3.54935
  14.50000    3.55787
  15.00000    3.56853
  15.50000    3.57455
  16.00000    3.58500
  16.50000    3.58959
  17.00000    3.59164
  17.50000    3.59072
  18.00000    3.58905
  18.50000    3.59055
  19.00000    3.59178
  19.50000    3.60024
  20.00000    3.61139
  20.50000    3.62546
  21.00000    3.63292
  21.50000    3.63034
  22.00000    3.63092
  22.50000    3.63425
  23.00000    3.64584
  23.50000    3.65383
  24.00000    3.65995
  24.50000    3.66748
  25.00000    3.68186
  25.50000    3.68928
  26.00000    3.68164
  26.50000    3.66841
  27.00000    3.66760
  27.50000    3.65883
  28.00000    3.65478
  28.50000    3.66284
  29.00000    3.67158
  29.50000    3.66831
  30.00000    3.66940
  30.50000    3.69137
  31.00000    3.72301
  31.50000    3.75858
  32.00000    3.79660
  32.50000    3.82698
  33.00000    3.86016
  33.50000    3.90832
  34.00000    3.97956
  34.50000    4.05746
  35.00000    4.10971
  35.50000    4.16317
  36.00000    4.22168
  36.50000    4.27850
  37.00000    4.30986
  37.50000    4.32380
  38.00000    4.33894
  38.50000    4.36096
  39.00000    4.39948
  39.50000    4.41679
  40.00000    4.42875
  40.50000    4.42298
  41.00000    4.43011
  41.50000    4.45084
  42.00000    4.47272
  42.50000    4.47036
  43.00000    4.47153
  43.50000    4.48680
  44.00000    4.49235
  44.50000    4.48390
  45.00000    4.47948
  45.50000    4.48938
  46.00000    4.49551
  46.50000    4.49936
  47.00000    4.50323
  47.50000    4.50946
  48.00000    4.50185
  48.50000    4.49388
  49.00000    4.50192
  49.50000    4.51369
  50.00000    4.51015
  50.50000    4.50647
  51.00000    4.50801
  51.50000    4.52315
  52.00000    4.52509
  52.50000    4.52617
  53.00000    4.51401
  53.50000    4.50889
  54.00000    4.51143
  54.50000    4.51576
  55.00000    4.51055
  55.50000    4.50780
  56.00000    4.51173
  56.50000    4.51737
  57.00000    4.51423
  57.50000    4.51996
  58.00000    4.51514
  58.50000    4.51505
  59.00000    4.51535
  59.50000    4.52233
  60.00000    4.51494
  60.50000    4.51272
  61.00000    4.51349
  61.50000    4.50994
  62.00000    4.50435
  62.50000    4.50889
  63.00000    4.50807
  63.50000    4.50772
  64.00000    4.49688
  64.50000    4.49990
  65.00000    4.50086
  65.50000    4.50559
  66.00000    4.49789
  66.50000    4.50193
  67.00000    4.50785
  67.50000    4.50314
  68.00000    4.50076
  68.50000    4.49986
  69.00000    4.50037
  69.50000    4.49818
  70.00000    4.49684
  70.50000    4.49117
  71.00000    4.48682
  71.50000    4.48389
  72.00000    4.48176
  72.50000    4.48016
  73.00000    4.48212
  73.50000    4.47657
  74.00000    4.47318
  74.50000    4.47424
  75.00000    4.47629
  75.50000    4.47672
  76.00000    4.47544
  76.50000    4.46782
  77.00000    4.46563
  77.50000    4.47035
  78.00000    4.47250
  78.50000    4.46507
  79.00000    4.45957
  79.50000    4.45618
  80.00000    4.45063
  80.50000    4.45210
  81.00000    4.45850
  81.50000    4.45816
  82.00000    4.45443
  82.50000    4.45090
  83.00000    4.45735
  83.50000    4.44997
  84.00000    4.44787
  84.50000    4.44757
  85.00000    4.45204
  85.50000    4.44003
  86.00000    4.43637
  86.50000    4.43188
  87.00000    4.43667
  87.50000    4.43473
  88.00000    4.43775
  88.50000    4.43445
  89.00000    4.43686
  89.50000    4.44196
  90.00000    4.43587
  90.50000    4.42625
  91.00000    4.42152
  91.50000    4.41727
  92.00000    4.41871
  92.50000    4.41670
  93.00000    4.42222
  93.50000    4.42288
  94.00000    4.42895
  94.50000    4.42183
  95.00000    4.42215
  95.50000    4.42391
  96.00000    4.42185
  96.50000    4.41669
  97.00000    4.41727
  97.50000    4.41661
  98.00000    4.42014
  98.50000    4.41496
  99.00000    4.41130
  99.50000    4.41230
 100.00000    4.42490
 100.50000    4.42159
 101.00000    4.41526
 101.50000    4.41459
 102.00000    4.41154
 102.50000    4.41069
 103.00000    4.41009
 103.50000    4.41604
 104.00000    4.41351
 104.50000    4.41500
 105.00000    4.41996
 105.50000    4.42172
 106.00000    4.41935
 106.50000    4.41293
 107.00000    4.40733
 107.50000    4.41012
 108.00000    4.41065
 108.50000    4.40966
 109.00000    4.40738
 109.50000    4.41111
 110.00000    4.41231
 110.50000    4.41770
 111.00000    4.41379
 111.50000    4.40680
 112.00000    4.40212
 112.50000    4.40280
 113.00000    4.39758
 113.50000    4.40155
 114.00000    4.40808
 114.50000    4.40861
 115.00000    4.40552
 115.50000    4.40216
 116.00000    4.40941
 116.50000    4.41254
 117.00000    4.41520
 117.50000    4.40667
 118.00000    4.40631
 118.50000    4.40570
 119.00000    4.41475
 119.50000    4.41563
 120.00000    4.41485
 120.50000    4.41328
 121.00000    4.41912
 121.50000    4.42098
 122.00000    4.41487
 122.50000    4.41257
 123.00000    4.41515
 123.50000    4.42048
 124.00000    4.41629
 124.50000    4.41383
 125.00000    4.41423
 125.50000    4.41882
 126.00000    4.41834
 126.50000    4.42333
 127.00000    4.42518
 127.50000    4.43120
 128.00000    4.42545
 128.50000    4.42591
 129.00000    4.42522
 129.50000    4.43011
 130.00000    4.42958
 130.50000    4.42912
 131.00000    4.43053
 131.50000    4.43150
 132.00000    4.43065
 132.50000    4.43398
 133.00000    4.43095
 133.50000    4.42980
 134.00000    4.42910
 134.50000    4.43460
 135.00000    4.43649
 135.50000    4.43841
 136.00000    4.43894
 136.50000    4.43876
 137.00000    4.44124
 137.50000    4.43702
 138.00000    4.44106
 138.50000    4.44191
 139.00000    4.43946
 139.50000    4.43780
 140.00000    4.43991
 140.50000    4.44471
 141.00000    4.44595
 141.50000    4.45158
 142.00000    4.44996
 142.50000    4.44947
 143.00000    4.44300
 143.50000    4.44631
 144.00000    4.44873
 144.50000    4.45587
 145.00000    4.46176
 145.50000    4.47479
 146.00000    4.47683
 146.50000    4.47490
 147.00000    4.46868
 147.50000    4.45795
 148.00000    4.45807
 148.50000    4.46213
 149.00000    4.46499
 149.50000    4.46335
 150.00000    4.48347
