   0.00000    1.30499
   0.50000    3.11539
   1.00000    3.44414
   1.50000    3.35985
   2.00000    3.43395
   2.50000    3.45969
   3.00000    3.47386
   3.50000    3.50270
   4.00000    3.53996
   4.50000    3.56981
   5.00000    3.59131
   5.50000    3.60126
   6.00000    3.60510
   6.50000    3.60222
   7.00000    3.60467
   7.50000    3.59897
   8.00000    3.59627
   8.50000    3.58464
   9.00000    3.61396
   9.50000    3.63050
  10.00000    3.63893
  10.50000    3.62943
  11.00000    3.63591
  11.50000    3.64236
  12.00000    3.64135
  12.50000    3.63904
  13.00000    3.63655
  13.50000    3.65069
  14.00000    3.65736
  14.50000    3.65385
  15.00000    3.65389
  15.50000    3.66000
  16.00000    3.66480
  16.50000    3.66582
  17.00000    3.67350
  17.50000    3.68773
  18.00000    3.69434
  18.50000    3.69421
  19.00000    3.68505
  19.50000    3.68616
  20.00000    3.69259
  20.50000    3.72267
  21.00000    3.75299
  21.50000    3.76775
  22.00000    3.78078
  22.50000    3.78237
  23.00000    3.80023
  23.50000    3.81096
  24.00000    3.80799
  24.50000    3.78479
  25.00000    3.78677
  25.50000    3.81614
  26.00000    3.82917
  26.50000    3.85439
  27.00000    3.87173
  27.50000    3.91090
  28.00000    3.96086
  28.50000    4.00615
  29.00000    4.02173
  29.50000    4.03648
  30.00000    4.06130
  30.50000    4.10986
  31.00000    4.16262
  31.50000    4.20241
  32.00000    4.21996
  32.50000    4.24547
  33.00000    4.27976
  33.50000    4.31396
  34.00000    4.34114
  34.50000    4.38938
  35.00000    4.43231
  35.50000    4.45853
  36.00000    4.45328
  36.50000    4.45609
  37.00000    4.43705
  37.50000    4.42910
  38.00000    4.43664
  38.50000    4.45382
  39.00000    4.45883
  39.50000    4.44634
  40.00000    4.42434
  40.50000    4.42111
  41.00000    4.42562
  41.50000    4.42693
  42.00000    4.41532
  42.50000    4.43554
  43.00000    4.45333
  43.50000    4.45482
  44.00000    4.44909
  44.50000    4.46214
  45.00000    4.47884
  45.50000    4.48300
  46.00000    4.48080
  46.50000    4.48420
  47.00000    4.47308
  47.50000    4.48609
  48.00000    4.49009
  48.50000    4.50108
  49.00000    4.48123
  49.50000    4.48906
  50.00000    4.48471
  50.50000    4.48324
  51.00000    4.47225
  51.50000    4.47774
  52.00000    4.47463
  52.50000    4.47102
  53.00000    4.46104
  53.50000    4.46133
  54.00000    4.45700
  54.50000    4.47423
  55.00000    4.47530
  55.50000    4.47345
  56.00000    4.45713
  56.50000    4.45988
  57.00000    4.45659
  57.50000    4.45682
  58.00000    4.45962
  58.50000    4.46009
  59.00000    4.46273
  59.50000    4.45537
  60.00000    4.45880
  60.50000    4.45492
  61.00000    4.46191
  61.50000    4.45645
  62.00000    4.45669
  62.50000    4.46178
  63.00000    4.45346
  63.50000    4.43449
  64.00000    4.41931
  64.50000    4.42305
  65.00000    4.43093
  65.50000    4.43987
  66.00000    4.43732
  66.50000    4.42429
  67.00000    4.42243
  67.50000    4.43155
  68.00000    4.42735
  68.50000    4.41287
  69.00000    4.41133
  69.50000    4.42515
  70.00000    4.42077
  70.50000    4.40653
  71.00000    4.39800
  71.50000    4.39870
  72.00000    4.39612
  72.50000    4.40424
  73.00000    4.40960
  73.50000    4.40015
  74.00000    4.39906
  74.50000    4.39989
  75.00000    4.39307
  75.50000    4.38214
  76.00000    4.37725
  76.50000    4.37912
  77.00000    4.38427
  77.50000    4.39493
  78.00000    4.39687
  78.50000    4.38871
  79.00000    4.37592
  79.50000    4.37446
  80.00000    4.39127
  80.50000    4.39451
  81.00000    4.37592
  81.50000    4.36915
  82.00000    4.37018
  82.50000    4.37906
  83.00000    4.37769
  83.50000    4.38177
  84.00000    4.36083
  84.50000    4.35741
  85.00000    4.35841
  85.50000    4.36497
  86.00000    4.36279
  86.50000    4.37367
  87.00000    4.36546
  87.50000    4.36434
  88.00000    4.37022
  88.50000    4.37568
  89.00000    4.36147
  89.50000    4.36629
  90.00000    4.37494
  90.50000    4.37736
  91.00000    4.36027
  91.50000    4.35901
  92.00000    4.36754
  92.50000    4.37428
  93.00000    4.36557
  93.50000    4.34725
  94.00000    4.33922
  94.50000    4.34160
  95.00000    4.35334
  95.50000    4.36537
  96.00000    4.37185
  96.50000    4.35863
  97.00000    4.34744
  97.50000    4.34522
  98.00000    4.36514
  98.50000    4.36552
  99.00000    4.36619
  99.50000    4.36463
 100.00000    4.37572
 100.50000    4.37753
 101.00000    4.35211
 101.50000    4.35585
 102.00000    4.36361
 102.50000    4.37068
 103.00000    4.35307
 103.50000    4.35886
 104.00000    4.36514
 104.50000    4.36902
 105.00000    4.35181
 105.50000    4.34028
 106.00000    4.34360
 106.50000    4.34220
 107.00000    4.35364
 107.50000    4.35736
 108.00000    4.37045
 108.50000    4.35538
 109.00000    4.35658
 109.50000    4.34624
 110.00000    4.34664
 110.50000    4.35440
 111.00000    4.35910
 111.50000    4.35237
 112.00000    4.34075
 112.50000    4.33819
 113.00000    4.34203
 113.50000    4.34255
 114.00000    4.35188
 114.50000    4.35877
 115.00000    4.36096
 115.50000    4.34967
 116.00000    4.35503
 116.50000    4.36642
 117.00000    4.36709
 117.50000    4.35597
 118.00000    4.35694
 118.50000    4.35881
 119.00000    4.34983
 119.50000    4.34666
 120.00000    4.35155
 120.50000    4.36309
 121.00000    4.36623
 121.50000    4.36632
 122.00000    4.36579
 122.50000    4.36373
 123.00000    4.35830
 123.50000    4.35960
 124.00000    4.36147
 124.50000    4.36737
 125.00000    4.36499
 125.50000    4.36868
 126.00000    4.36551
 126.50000    4.35934
 127.00000    4.34966
 127.50000    4.34540
 128.00000    4.34732
 128.50000    4.35049
 129.00000    4.36751
 129.50000    4.37536
 130.00000    4.37418
 130.50000    4.36045
 131.00000    4.35643
 131.50000    4.35319
 132.00000    4.36360
 132.50000    4.37430
 133.00000    4.37487
 133.50000    4.37046
 134.00000    4.36971
 134.50000    4.37929
 135.00000    4.37474
 135.50000    4.37426
 136.00000    4.37361
 136.50000    4.37938
 137.00000    4.38007
 137.50000    4.37216
 138.00000    4.37207
 138.50000    4.37952
 139.00000    4.38461
 139.50000    4.37333
 140.00000    4.36857
 140.50000    4.37934
 141.00000    4.37828
 141.50000    4.38280
 142.00000    4.38092
 142.50000    4.39263
 143.00000    4.38966
 143.50000    4.39032
 144.00000    4.38906
 144.50000    4.39217
 145.00000    4.39814
 145.50000    4.40352
 146.00000    4.41073
 146.50000    4.40294
 147.00000    4.38866
 147.50000    4.38483
 148.00000    4.39563
 148.50000    4.38961
 149.00000    4.37654
 149.50000    4.38106
 150.00000    4.42617
