   0.00000    1.34278
   0.50000    2.86473
   1.00000    3.20196
   1.50000    3.22912
   2.00000    3.40547
   2.50000    3.43257
   3.00000    3.43120
   3.50000    3.42820
   4.00000    3.45451
   4.50000    3.46126
   5.00000    3.47955
   5.50000    3.46842
   6.00000    3.45556
   6.50000    3.45374
   7.00000    3.47615
   7.50000    3.50037
   8.00000    3.49354
   8.50000    3.49714
   9.00000    3.49895
   9.50000    3.50648
  10.00000    3.50707
  10.50000    3.51087
  11.00000    3.52145
  11.50000    3.51963
  12.00000    3.51874
  12.50000    3.52615
  13.00000    3.54816
  13.50000    3.56810
  14.00000    3.57326
  14.50000    3.57892
  15.00000    3.59456
  15.50000    3.60222
  16.00000    3.60418
  16.50000    3.60018
  17.00000    3.61936
  17.50000    3.64171
  18.00000    3.65332
  18.50000    3.66279
  19.00000    3.66806
  19.50000    3.68171
  20.00000    3.68002
  20.50000    3.70402
  21.00000    3.71527
  21.50000    3.73106
  22.00000    3.73307
  22.50000    3.75361
  23.00000    3.75379
  23.50000    3.76037
  24.00000    3.74636
  24.50000    3.74480
  25.00000    3.73549
  25.50000    3.74603
  26.00000    3.71626
  26.50000    3.71372
  27.00000    3.71329
  27.50000    3.72433
  28.00000    3.73009
  28.50000    3.77327
  29.00000    3.83287
  29.50000    3.87818
  30.00000    3.92897
  30.50000    3.95211
  31.00000    3.98287
  31.50000    4.01022
  32.00000    4.05814
  32.50000    4.09082
  33.00000    4.13140
  33.50000    4.18461
  34.00000    4.23591
  34.50000    4.28982
  35.00000    4.32671
  35.50000    4.36763
  36.00000    4.39022
  36.50000    4.42406
  37.00000    4.44021
  37.50000    4.45353
  38.00000    4.45238
  38.50000    4.46800
  39.00000    4.47616
  39.50000    4.47985
  40.00000    4.45790
  40.50000    4.44495
  41.00000    4.43568
  41.50000    4.45707
  42.00000    4.46046
  42.50000    4.47436
  43.00000    4.48402
  43.50000    4.49746
  44.00000    4.48286
  44.50000    4.48944
  45.00000    4.50088
  45.50000    4.50994
  46.00000    4.50775
  46.50000    4.49823
  47.00000    4.49261
  47.50000    4.49210
  48.00000    4.50122
  48.50000    4.50420
  49.00000    4.51615
  49.50000    4.52835
  50.00000    4.53143
  50.50000    4.54106
  51.00000    4.54075
  51.50000    4.54440
  52.00000    4.52835
  52.50000    4.53182
  53.00000    4.54260
  53.50000    4.55026
  54.00000    4.54328
  54.50000    4.54111
  55.00000    4.54375
  55.50000    4.54129
  56.00000    4.53510
  56.50000    4.52693
  57.00000    4.52629
  57.50000    4.53034
  58.00000    4.53549
  58.50000    4.53223
  59.00000    4.53166
  59.50000    4.53448
  60.00000    4.53853
  60.50000    4.54359
  61.00000    4.53162
  61.50000    4.53248
  62.00000    4.53941
  62.50000    4.55289
  63.00000    4.54722
  63.50000    4.54128
  64.00000    4.52828
  64.50000    4.52759
  65.00000    4.54575
  65.50000    4.55344
  66.00000    4.54015
  66.50000    4.52569
  67.00000    4.53224
  67.50000    4.53408
  68.00000    4.53830
  68.50000    4.53779
  69.00000    4.52862
  69.50000    4.52481
  70.00000    4.52197
  70.50000    4.53079
  71.00000    4.52924
  71.50000    4.53119
  72.00000    4.51746
  72.50000    4.52805
  73.00000    4.53065
  73.50000    4.52394
  74.00000    4.50580
  74.50000    4.50709
  75.00000    4.50383
  75.50000    4.50161
  76.00000    4.49864
  76.50000    4.50613
  77.00000    4.50416
  77.50000    4.50447
  78.00000    4.50710
  78.50000    4.51204
  79.00000    4.50400
  79.50000    4.49644
  80.00000    4.49557
  80.50000    4.49971
  81.00000    4.49961
  81.50000    4.50037
  82.00000    4.49684
  82.50000    4.48815
  83.00000    4.48489
  83.50000    4.48539
  84.00000    4.48813
  84.50000    4.47324
  85.00000    4.47661
  85.50000    4.48381
  86.00000    4.48491
  86.50000    4.46457
  87.00000    4.45941
  87.50000    4.47035
  88.00000    4.47600
  88.50000    4.45838
  89.00000    4.44562
  89.50000    4.45284
  90.00000    4.46728
  90.50000    4.47892
  91.00000    4.47078
  91.50000    4.46053
  92.00000    4.45380
  92.50000    4.46236
  93.00000    4.46501
  93.50000    4.46738
  94.00000    4.46876
  94.50000    4.45961
  95.00000    4.45334
  95.50000    4.45728
  96.00000    4.46370
  96.50000    4.45823
  97.00000    4.45272
  97.50000    4.45478
  98.00000    4.45154
  98.50000    4.45516
  99.00000    4.46284
  99.50000    4.45887
 100.00000    4.44566
 100.50000    4.44435
 101.00000    4.44217
 101.50000    4.44423
 102.00000    4.44647
 102.50000    4.45251
 103.00000    4.44558
 103.50000    4.44518
 104.00000    4.44684
 104.50000    4.45165
 105.00000    4.44318
 105.50000    4.44879
 106.00000    4.45725
 106.50000    4.45903
 107.00000    4.44203
 107.50000    4.44734
 108.00000    4.45353
 108.50000    4.45711
 109.00000    4.45491
 109.50000    4.45546
 110.00000    4.46241
 110.50000    4.46099
 111.00000    4.46225
 111.50000    4.45740
 112.00000    4.46480
 112.50000    4.45805
 113.00000    4.44633
 113.50000    4.43664
 114.00000    4.43684
 114.50000    4.44918
 115.00000    4.45407
 115.50000    4.45002
 116.00000    4.44144
 116.50000    4.44404
 117.00000    4.44498
 117.50000    4.45878
 118.00000    4.46596
 118.50000    4.46756
 119.00000    4.45228
 119.50000    4.45562
 120.00000    4.45753
 120.50000    4.46428
 121.00000    4.46601
 121.50000    4.45821
 122.00000    4.46006
 122.50000    4.45796
 123.00000    4.45254
 123.50000    4.44718
 124.00000    4.45382
 124.50000    4.46636
 125.00000    4.46486
 125.50000    4.46567
 126.00000    4.46517
 126.50000    4.47637
 127.00000    4.47904
 127.50000    4.46635
 128.00000    4.46293
 128.50000    4.46668
 129.00000    4.47133
 129.50000    4.46865
 130.00000    4.47594
 130.50000    4.47902
 131.00000    4.46959
 131.50000    4.46627
 132.00000    4.47654
 132.50000    4.47666
 133.00000    4.46756
 133.50000    4.46797
 134.00000    4.46242
 134.50000    4.46487
 135.00000    4.46187
 135.50000    4.47891
 136.00000    4.47343
 136.50000    4.47667
 137.00000    4.47154
 137.50000    4.47639
 138.00000    4.46798
 138.50000    4.46919
 139.00000    4.47965
 139.50000    4.48546
 140.00000    4.47623
 140.50000    4.48361
 141.00000    4.49425
 141.50000    4.49758
 142.00000    4.48385
 142.50000    4.47625
 143.00000    4.47636
 143.50000    4.49080
 144.00000    4.49196
 144.50000    4.48743
 145.00000    4.48137
 145.50000    4.49389
 146.00000    4.50135
 146.50000    4.50025
 147.00000    4.49270
 147.50000    4.49385
 148.00000    4.50458
 148.50000    4.50617
 149.00000    4.49585
 149.50000    4.48478
 150.00000    4.49801
