   0.00000    0.87628
   0.50000    2.05968
   1.00000    2.51456
   1.50000    2.73061
   2.00000    2.94812
   2.50000    3.12389
   3.00000    3.21349
   3.50000    3.24311
   4.00000    3.24233
   4.50000    3.24743
   5.00000    3.27365
   5.50000    3.30199
   6.00000    3.33890
   6.50000    3.35761
   7.00000    3.37136
   7.50000    3.37794
   8.00000    3.39685
   8.50000    3.41444
   9.00000    3.42366
   9.50000    3.42593
  10.00000    3.43108
  10.50000    3.44310
  11.00000    3.45315
  11.50000    3.45946
  12.00000    3.46906
  12.50000    3.47221
  13.00000    3.47076
  13.50000    3.47718
  14.00000    3.48758
  14.50000    3.49848
  15.00000    3.49278
  15.50000    3.48719
  16.00000    3.48082
  16.50000    3.49043
  17.00000    3.50386
  17.50000    3.50809
  18.00000    3.50961
  18.50000    3.50879
  19.00000    3.51023
  19.50000    3.50832
  20.00000    3.51855
  20.50000    3.52457
  21.00000    3.52590
  21.50000    3.54340
  22.00000    3.56232
  22.50000    3.58163
  23.00000    3.58413
  23.50000    3.59660
  24.00000    3.59935
  24.50000    3.59012
  25.00000    3.57868
  25.50000    3.58943
  26.00000    3.62179
  26.50000    3.63141
  27.00000    3.63224
  27.50000    3.62374
  28.00000    3.61511
  28.50000    3.60047
  29.00000    3.60287
  29.50000    3.62241
  30.00000    3.62621
  30.50000    3.61058
  31.00000    3.60963
  31.50000    3.62634
  32.00000    3.64086
  32.50000    3.61667
  33.00000    3.60375
  33.50000    3.59682
  34.00000    3.61194
  34.50000    3.59136
  35.00000    3.55972
  35.50000    3.55278
  36.00000    3.55201
  36.50000    3.54260
  37.00000    3.53682
  37.50000    3.53650
  38.00000    3.53849
  38.50000    3.53804
  39.00000    3.55985
  39.50000    3.54860
  40.00000    3.53808
  40.50000    3.51321
  41.00000    3.51197
  41.50000    3.50859
  42.00000    3.51070
  42.50000    3.50157
  43.00000    3.50016
  43.50000    3.51039
  44.00000    3.51795
  44.50000    3.52846
  45.00000    3.53635
  45.50000    3.55416
  46.00000    3.56178
  46.50000    3.58237
  47.00000    3.59036
  47.50000    3.60988
  48.00000    3.61027
  48.50000    3.61402
  49.00000    3.62193
  49.50000    3.64533
  50.00000    3.64501
  50.50000    3.64557
  51.00000    3.66152
  51.50000    3.69602
  52.00000    3.71934
  52.50000    3.73160
  53.00000    3.73267
  53.50000    3.74299
  54.00000    3.76001
  54.50000    3.76728
  55.00000    3.78147
  55.50000    3.80676
  56.00000    3.85221
  56.50000    3.88918
  57.00000    3.91229
  57.50000    3.91785
  58.00000    3.94306
  58.50000    3.98924
  59.00000    4.03912
  59.50000    4.06471
  60.00000    4.09031
  60.50000    4.10203
  61.00000    4.13365
  61.50000    4.16018
  62.00000    4.18822
  62.50000    4.20571
  63.00000    4.23778
  63.50000    4.25132
  64.00000    4.25920
  64.50000    4.27118
  65.00000    4.28747
  65.50000    4.30110
  66.00000    4.31658
  66.50000    4.33031
  67.00000    4.34145
  67.50000    4.35310
  68.00000    4.36108
  68.50000    4.36058
  69.00000    4.36743
  69.50000    4.37162
  70.00000    4.38741
  70.50000    4.39879
  71.00000    4.41632
  71.50000    4.42133
  72.00000    4.42844
  72.50000    4.42119
  73.00000    4.41405
  73.50000    4.41476
  74.00000    4.43816
  74.50000    4.43961
  75.00000    4.43682
  75.50000    4.42869
  76.00000    4.43005
  76.50000    4.43109
  77.00000    4.43535
  77.50000    4.42931
  78.00000    4.41429
  78.50000    4.41960
  79.00000    4.43304
  79.50000    4.43626
  80.00000    4.42874
  80.50000    4.43398
  81.00000    4.43752
  81.50000    4.44600
  82.00000    4.43897
  82.50000    4.43562
  83.00000    4.42065
  83.50000    4.43596
  84.00000    4.44472
  84.50000    4.44713
  85.00000    4.43745
  85.50000    4.43559
  86.00000    4.43905
  86.50000    4.45231
  87.00000    4.46231
  87.50000    4.45722
  88.00000    4.43958
  88.50000    4.43792
  89.00000    4.44716
  89.50000    4.44985
  90.00000    4.44085
  90.50000    4.43160
  91.00000    4.43489
  91.50000    4.44335
  92.00000    4.44848
  92.50000    4.44258
  93.00000    4.43599
  93.50000    4.43381
  94.00000    4.43913
  94.50000    4.44691
  95.00000    4.45240
  95.50000    4.43682
  96.00000    4.43379
  96.50000    4.43717
  97.00000    4.44742
  97.50000    4.44443
  98.00000    4.43919
  98.50000    4.44340
  99.00000    4.43521
  99.50000    4.43611
 100.00000    4.43783
 100.50000    4.45241
 101.00000    4.44606
 101.50000    4.44116
 102.00000    4.44132
 102.50000    4.45334
 103.00000    4.44153
 103.50000    4.43132
 104.00000    4.43441
 104.50000    4.44548
 105.00000    4.43763
 105.50000    4.43286
 106.00000    4.43533
 106.50000    4.43124
 107.00000    4.43462
 107.50000    4.43563
 108.00000    4.43931
 108.50000    4.43524
 109.00000    4.43485
 109.50000    4.43969
 110.00000    4.45113
 110.50000    4.44052
 111.00000    4.42923
 111.50000    4.42978
 112.00000    4.44861
 112.50000    4.45101
 113.00000    4.44634
 113.50000    4.42858
 114.00000    4.42717
 114.50000    4.42990
 115.00000    4.42769
 115.50000    4.43234
 116.00000    4.43373
 116.50000    4.43439
 117.00000    4.42969
 117.50000    4.43761
 118.00000    4.42878
 118.50000    4.41866
 119.00000    4.42512
 119.50000    4.43626
 120.00000    4.43284
 120.50000    4.41704
 121.00000    4.41624
 121.50000    4.41633
 122.00000    4.42907
 122.50000    4.43225
 123.00000    4.42958
 123.50000    4.42432
 124.00000    4.44156
 124.50000    4.43530
 125.00000    4.42411
 125.50000    4.40593
 126.00000    4.41053
 126.50000    4.40993
 127.00000    4.42363
 127.50000    4.42459
 128.00000    4.42656
 128.50000    4.42372
 129.00000    4.42446
 129.50000    4.41201
 130.00000    4.40973
 130.50000    4.41660
 131.00000    4.43297
 131.50000    4.42462
 132.00000    4.41721
 132.50000    4.40842
 133.00000    4.40451
 133.50000    4.41094
 134.00000    4.42365
 134.50000    4.42198
 135.00000    4.40824
 135.50000    4.41020
 136.00000    4.42221
 136.50000    4.41980
 137.00000    4.41880
 137.50000    4.42430
 138.00000    4.42767
 138.50000    4.41995
 139.00000    4.41328
 139.50000    4.41485
 140.00000    4.42160
 140.50000    4.42283
 141.00000    4.42100
 141.50000    4.41610
 142.00000    4.41511
 142.50000    4.41300
 143.00000    4.41730
 143.50000    4.40979
 144.00000    4.41340
 144.50000    4.42801
 145.00000    4.42966
 145.50000    4.40362
 146.00000    4.39502
 146.50000    4.38928
 147.00000    4.40544
 147.50000    4.41744
 148.00000    4.42041
 148.50000    4.40049
 149.00000    4.39871
 149.50000    4.40197
 150.00000    4.40130
