   0.00000    1.46349
   0.50000    2.79194
   1.00000    3.24724
   1.50000    3.33787
   2.00000    3.38272
   2.50000    3.38148
   3.00000    3.35162
   3.50000    3.31616
   4.00000    3.30721
   4.50000    3.32416
   5.00000    3.34241
   5.50000    3.36033
   6.00000    3.38678
   6.50000    3.40734
   7.00000    3.41490
   7.50000    3.42590
   8.00000    3.43753
   8.50000    3.45068
   9.00000    3.45401
   9.50000    3.46897
  10.00000    3.48896
  10.50000    3.50310
  11.00000    3.49889
  11.50000    3.49789
  12.00000    3.51304
  12.50000    3.52276
  13.00000    3.53270
  13.50000    3.53436
  14.00000    3.54065
  14.50000    3.53832
  15.00000    3.54012
  15.50000    3.53583
  16.00000    3.54246
  16.50000    3.55072
  17.00000    3.55437
  17.50000    3.55374
  18.00000    3.54980
  18.50000    3.55031
  19.00000    3.54489
  19.50000    3.54721
  20.00000    3.54763
  20.50000    3.54732
  21.00000    3.54338
  21.50000    3.53738
  22.00000    3.53722
  22.50000    3.54432
  23.00000    3.55092
  23.50000    3.54289
  24.00000    3.53503
  24.50000    3.52034
  25.00000    3.51448
  25.50000    3.51331
  26.00000    3.52478
  26.50000    3.52346
  27.00000    3.52727
  27.50000    3.53291
  28.00000    3.53881
  28.50000    3.53821
  29.00000    3.54092
  29.50000    3.53963
  30.00000    3.53534
  30.50000    3.53552
  31.00000    3.54464
  31.50000    3.55230
  32.00000    3.55205
  32.50000    3.55106
  33.00000    3.55151
  33.50000    3.55774
  34.00000    3.56681
  34.50000    3.56367
  35.00000    3.56144
  35.50000    3.57176
  36.00000    3.59123
  36.50000    3.59664
  37.00000    3.59801
  37.50000    3.59317
  38.00000    3.59826
  38.50000    3.60102
  39.00000    3.60780
  39.50000    3.60526
  40.00000    3.61637
  40.50000    3.62635
  41.00000    3.63349
  41.50000    3.64212
  42.00000    3.64890
  42.50000    3.65302
  43.00000    3.66282
  43.50000    3.68277
  44.00000    3.70271
  44.50000    3.70727
  45.00000    3.71678
  45.50000    3.72576
  46.00000    3.73685
  46.50000    3.74287
  47.00000    3.75988
  47.50000    3.77414
  48.00000    3.79007
  48.50000    3.80281
  49.00000    3.83707
  49.50000    3.89021
  50.00000    3.93618
  50.50000    3.95579
  51.00000    3.96415
  51.50000    3.98947
  52.00000    4.03236
  52.50000    4.07387
  53.00000    4.10320
  53.50000    4.12645
  54.00000    4.15432
  54.50000    4.18447
  55.00000    4.20717
  55.50000    4.22004
  56.00000    4.22169
  56.50000    4.23932
  57.00000    4.26840
  57.50000    4.29104
  58.00000    4.29547
  58.50000    4.29583
  59.00000    4.30614
  59.50000    4.31506
  60.00000    4.32027
  60.50000    4.32078
  61.00000    4.32373
  61.50000    4.32708
  62.00000    4.33204
  62.50000    4.33665
  63.00000    4.33687
  63.50000    4.34158
  64.00000    4.34031
  64.50000    4.34019
  65.00000    4.33913
  65.50000    4.34863
  66.00000    4.34952
  66.50000    4.35047
  67.00000    4.35189
  67.50000    4.35657
  68.00000    4.35854
  68.50000    4.36038
  69.00000    4.36126
  69.50000    4.36271
  70.00000    4.37081
  70.50000    4.37299
  71.00000    4.37530
  71.50000    4.37521
  72.00000    4.37984
  72.50000    4.38252
  73.00000    4.38728
  73.50000    4.38001
  74.00000    4.38189
  74.50000    4.38274
  75.00000    4.38671
  75.50000    4.38455
  76.00000    4.38858
  76.50000    4.38214
  77.00000    4.37940
  77.50000    4.38339
  78.00000    4.38888
  78.50000    4.38598
  79.00000    4.38519
  79.50000    4.38738
  80.00000    4.39238
  80.50000    4.39220
  81.00000    4.39370
  81.50000    4.38939
  82.00000    4.38984
  82.50000    4.38927
  83.00000    4.39528
  83.50000    4.39417
  84.00000    4.39305
  84.50000    4.39119
  85.00000    4.39292
  85.50000    4.39407
  86.00000    4.39993
  86.50000    4.40651
  87.00000    4.40441
  87.50000    4.39711
  88.00000    4.39220
  88.50000    4.39768
  89.00000    4.40212
  89.50000    4.40584
  90.00000    4.40486
  90.50000    4.41403
  91.00000    4.41026
  91.50000    4.40309
  92.00000    4.39513
  92.50000    4.39901
  93.00000    4.40446
  93.50000    4.41003
  94.00000    4.41107
  94.50000    4.40791
  95.00000    4.40770
  95.50000    4.40946
  96.00000    4.40472
  96.50000    4.40084
  97.00000    4.39863
  97.50000    4.40025
  98.00000    4.40403
  98.50000    4.40528
  99.00000    4.40946
  99.50000    4.41157
 100.00000    4.41386
 100.50000    4.41362
 101.00000    4.41003
 101.50000    4.40791
 102.00000    4.40605
 102.50000    4.41583
 103.00000    4.41247
 103.50000    4.40845
 104.00000    4.40909
 104.50000    4.41369
 105.00000    4.41117
 105.50000    4.41242
 106.00000    4.41478
 106.50000    4.41707
 107.00000    4.42147
 107.50000    4.42176
 108.00000    4.41787
 108.50000    4.42096
 109.00000    4.41952
 109.50000    4.41264
 110.00000    4.41059
 110.50000    4.42574
 111.00000    4.42584
 111.50000    4.41880
 112.00000    4.41274
 112.50000    4.41951
 113.00000    4.42623
 113.50000    4.42470
 114.00000    4.42127
 114.50000    4.42138
 115.00000    4.43047
 115.50000    4.43076
 116.00000    4.42481
 116.50000    4.42076
 117.00000    4.42060
 117.50000    4.42480
 118.00000    4.42913
 118.50000    4.42749
 119.00000    4.42214
 119.50000    4.42323
 120.00000    4.42941
 120.50000    4.42832
 121.00000    4.42686
 121.50000    4.42697
 122.00000    4.42504
 122.50000    4.42335
 123.00000    4.42134
 123.50000    4.42532
 124.00000    4.42860
 124.50000    4.43300
 125.00000    4.42686
 125.50000    4.42722
 126.00000    4.42840
 126.50000    4.42635
 127.00000    4.42986
 127.50000    4.43163
 128.00000    4.43267
 128.50000    4.42905
 129.00000    4.43129
 129.50000    4.42304
 130.00000    4.42344
 130.50000    4.42538
 131.00000    4.42769
 131.50000    4.42898
 132.00000    4.43510
 132.50000    4.43038
 133.00000    4.42975
 133.50000    4.42925
 134.00000    4.43232
 134.50000    4.42785
 135.00000    4.42716
 135.50000    4.43118
 136.00000    4.43283
 136.50000    4.43256
 137.00000    4.42586
 137.50000    4.42581
 138.00000    4.41943
 138.50000    4.41777
 139.00000    4.42064
 139.50000    4.42561
 140.00000    4.42348
 140.50000    4.42576
 141.00000    4.42935
 141.50000    4.42764
 142.00000    4.42290
 142.50000    4.42143
 143.00000    4.42241
 143.50000    4.42010
 144.00000    4.42528
 144.50000    4.42006
 145.00000    4.42133
 145.50000    4.42309
 146.00000    4.43090
 146.50000    4.43017
 147.00000    4.42733
 147.50000    4.42618
 148.00000    4.42950
 148.50000    4.43585
 149.00000    4.43441
 149.50000    4.42765
 150.00000    4.42029
