   0.00000    1.32542
   0.50000    3.28360
   1.00000    3.62340
   1.50000    3.50143
   2.00000    3.54419
   2.50000    3.53816
   3.00000    3.51721
   3.50000    3.50280
   4.00000    3.50891
   4.50000    3.53103
   5.00000    3.55128
   5.50000    3.56140
   6.00000    3.55945
   6.50000    3.56763
   7.00000    3.57702
   7.50000    3.58697
   8.00000    3.58484
   8.50000    3.58092
   9.00000    3.58320
   9.50000    3.57812
  10.00000    3.57992
  10.50000    3.58140
  11.00000    3.58461
  11.50000    3.59153
  12.00000    3.59545
  12.50000    3.59175
  13.00000    3.58318
  13.50000    3.58300
  14.00000    3.58952
  14.50000    3.59258
  15.00000    3.58927
  15.50000    3.58732
  16.00000    3.58713
  16.50000    3.58947
  17.00000    3.59147
  17.50000    3.59494
  18.00000    3.59637
  18.50000    3.60428
  19.00000    3.60922
  19.50000    3.60676
  20.00000    3.60467
  20.50000    3.61559
  21.00000    3.62958
  21.50000    3.64500
  22.00000    3.64109
  22.50000    3.62990
  23.00000    3.61882
  23.50000    3.63473
  24.00000    3.65410
  24.50000    3.67151
  25.00000    3.67763
  25.50000    3.67227
  26.00000    3.67508
  26.50000    3.70088
  27.00000    3.75156
  27.50000    3.80937
  28.00000    3.86958
  28.50000    3.93200
  29.00000    3.97195
  29.50000    4.00391
  30.00000    4.01747
  30.50000    4.02639
  31.00000    4.03647
  31.50000    4.07213
  32.00000    4.11833
  32.50000    4.15097
  33.00000    4.17691
  33.50000    4.22026
  34.00000    4.26608
  34.50000    4.32349
  35.00000    4.38228
  35.50000    4.43136
  36.00000    4.45327
  36.50000    4.46845
  37.00000    4.48516
  37.50000    4.49219
  38.00000    4.48665
  38.50000    4.48222
  39.00000    4.49207
  39.50000    4.50504
  40.00000    4.49621
  40.50000    4.48314
  41.00000    4.46771
  41.50000    4.46450
  42.00000    4.45490
  42.50000    4.45286
  43.00000    4.45691
  43.50000    4.46191
  44.00000    4.45048
  44.50000    4.42578
  45.00000    4.41466
  45.50000    4.41678
  46.00000    4.42578
  46.50000    4.42781
  47.00000    4.43082
  47.50000    4.44164
  48.00000    4.44414
  48.50000    4.44572
  49.00000    4.44271
  49.50000    4.45076
  50.00000    4.44814
  50.50000    4.44413
  51.00000    4.44159
  51.50000    4.44086
  52.00000    4.43693
  52.50000    4.42761
  53.00000    4.41749
  53.50000    4.40555
  54.00000    4.40111
  54.50000    4.40704
  55.00000    4.40497
  55.50000    4.40907
  56.00000    4.40636
  56.50000    4.39775
  57.00000    4.38890
  57.50000    4.39037
  58.00000    4.38794
  58.50000    4.38361
  59.00000    4.38474
  59.50000    4.38285
  60.00000    4.37948
  60.50000    4.37418
  61.00000    4.36775
  61.50000    4.35376
  62.00000    4.34458
  62.50000    4.34515
  63.00000    4.34799
  63.50000    4.35056
  64.00000    4.35147
  64.50000    4.35250
  65.00000    4.35156
  65.50000    4.35287
  66.00000    4.35217
  66.50000    4.35007
  67.00000    4.34752
  67.50000    4.34448
  68.00000    4.34659
  68.50000    4.34593
  69.00000    4.33853
  69.50000    4.33955
  70.00000    4.33875
  70.50000    4.33488
  71.00000    4.32416
  71.50000    4.32692
  72.00000    4.32441
  72.50000    4.32433
  73.00000    4.31826
  73.50000    4.32289
  74.00000    4.33355
  74.50000    4.32878
  75.00000    4.32649
  75.50000    4.33229
  76.00000    4.33174
  76.50000    4.33463
  77.00000    4.34574
  77.50000    4.34934
  78.00000    4.33315
  78.50000    4.33207
  79.00000    4.33101
  79.50000    4.32787
  80.00000    4.33142
  80.50000    4.32671
  81.00000    4.32005
  81.50000    4.31081
  82.00000    4.31971
  82.50000    4.31899
  83.00000    4.33156
  83.50000    4.33111
  84.00000    4.33718
  84.50000    4.32674
  85.00000    4.33223
  85.50000    4.33217
  86.00000    4.34663
  86.50000    4.33656
  87.00000    4.32799
  87.50000    4.32364
  88.00000    4.32894
  88.50000    4.33062
  89.00000    4.33054
  89.50000    4.33909
  90.00000    4.32793
  90.50000    4.32448
  91.00000    4.33017
  91.50000    4.33238
  92.00000    4.32436
  92.50000    4.32191
  93.00000    4.33307
  93.50000    4.33575
  94.00000    4.33871
  94.50000    4.33721
  95.00000    4.33951
  95.50000    4.34093
  96.00000    4.34054
  96.50000    4.33245
  97.00000    4.33409
  97.50000    4.33603
  98.00000    4.33745
  98.50000    4.33411
  99.00000    4.34709
  99.50000    4.34836
 100.00000    4.34013
 100.50000    4.32772
 101.00000    4.33570
 101.50000    4.34593
 102.00000    4.34776
 102.50000    4.34065
 103.00000    4.33693
 103.50000    4.33807
 104.00000    4.33763
 104.50000    4.34787
 105.00000    4.34879
 105.50000    4.33443
 106.00000    4.32432
 106.50000    4.33337
 107.00000    4.33910
 107.50000    4.34304
 108.00000    4.34186
 108.50000    4.34253
 109.00000    4.33747
 109.50000    4.34519
 110.00000    4.35211
 110.50000    4.34980
 111.00000    4.34186
 111.50000    4.34325
 112.00000    4.34911
 112.50000    4.34880
 113.00000    4.34389
 113.50000    4.34161
 114.00000    4.33563
 114.50000    4.33906
 115.00000    4.34557
 115.50000    4.35114
 116.00000    4.34694
 116.50000    4.34884
 117.00000    4.35139
 117.50000    4.35188
 118.00000    4.34924
 118.50000    4.35632
 119.00000    4.36103
 119.50000    4.35415
 120.00000    4.34236
 120.50000    4.35150
 121.00000    4.36044
 121.50000    4.36021
 122.00000    4.35772
 122.50000    4.36013
 123.00000    4.35548
 123.50000    4.34957
 124.00000    4.35622
 124.50000    4.36318
 125.00000    4.35700
 125.50000    4.34530
 126.00000    4.35163
 126.50000    4.36101
 127.00000    4.36388
 127.50000    4.35922
 128.00000    4.36637
 128.50000    4.36438
 129.00000    4.36065
 129.50000    4.35805
 130.00000    4.36419
 130.50000    4.37409
 131.00000    4.36942
 131.50000    4.35744
 132.00000    4.35538
 132.50000    4.35754
 133.00000    4.36083
 133.50000    4.36926
 134.00000    4.37033
 134.50000    4.36724
 135.00000    4.36747
 135.50000    4.38070
 136.00000    4.38091
 136.50000    4.36891
 137.00000    4.35942
 137.50000    4.36762
 138.00000    4.37876
 138.50000    4.37987
 139.00000    4.38488
 139.50000    4.38930
 140.00000    4.39035
 140.50000    4.38690
 141.00000    4.37973
 141.50000    4.38157
 142.00000    4.38977
 142.50000    4.39324
 143.00000    4.38712
 143.50000    4.39039
 144.00000    4.39387
 144.50000    4.39111
 145.00000    4.38981
 145.50000    4.39187
 146.00000    4.39328
 146.50000    4.39235
 147.00000    4.38734
 147.50000    4.39679
 148.00000    4.39569
 148.50000    4.39879
 149.00000    4.39384
 149.50000    4.40518
 150.00000    4.41110
