   0.00000    1.33134
   0.50000    2.26595
   1.00000    2.67791
   1.50000    2.88163
   2.00000    3.03287
   2.50000    3.08109
   3.00000    3.07387
   3.50000    3.07033
   4.00000    3.07982
   4.50000    3.09286
   5.00000    3.10574
   5.50000    3.13443
   6.00000    3.17896
   6.50000    3.20976
   7.00000    3.22584
   7.50000    3.23174
   8.00000    3.24671
   8.50000    3.25953
   9.00000    3.27373
   9.50000    3.28018
  10.00000    3.28910
  10.50000    3.30793
  11.00000    3.32503
  11.50000    3.33547
  12.00000    3.34176
  12.50000    3.35219
  13.00000    3.36353
  13.50000    3.36929
  14.00000    3.38158
  14.50000    3.39645
  15.00000    3.41166
  15.50000    3.42120
  16.00000    3.42971
  16.50000    3.43840
  17.00000    3.44517
  17.50000    3.45425
  18.00000    3.46795
  18.50000    3.48225
  19.00000    3.48719
  19.50000    3.49058
  20.00000    3.50201
  20.50000    3.51179
  21.00000    3.52500
  21.50000    3.53961
  22.00000    3.55353
  22.50000    3.55938
  23.00000    3.56329
  23.50000    3.57338
  24.00000    3.57604
  24.50000    3.58573
  25.00000    3.58182
  25.50000    3.58291
  26.00000    3.56900
  26.50000    3.57119
  27.00000    3.57079
  27.50000    3.57003
  28.00000    3.55688
  28.50000    3.55477
  29.00000    3.55721
  29.50000    3.56345
  30.00000    3.55771
  30.50000    3.56061
  31.00000    3.56722
  31.50000    3.58176
  32.00000    3.58641
  32.50000    3.59453
  33.00000    3.60494
  33.50000    3.62555
  34.00000    3.63963
  34.50000    3.65767
  35.00000    3.68202
  35.50000    3.71020
  36.00000    3.72913
  36.50000    3.74863
  37.00000    3.77349
  37.50000    3.78692
  38.00000    3.78792
  38.50000    3.78066
  39.00000    3.78670
  39.50000    3.78235
  40.00000    3.77314
  40.50000    3.76204
  41.00000    3.76931
  41.50000    3.76885
  42.00000    3.76659
  42.50000    3.76277
  43.00000    3.75974
  43.50000    3.76403
  44.00000    3.77009
  44.50000    3.78105
  45.00000    3.78918
  45.50000    3.80529
  46.00000    3.81264
  46.50000    3.81527
  47.00000    3.82198
  47.50000    3.82829
  48.00000    3.82897
  48.50000    3.83917
  49.00000    3.86587
  49.50000    3.89330
  50.00000    3.90508
  50.50000    3.91690
  51.00000    3.93137
  51.50000    3.95671
  52.00000    3.98308
  52.50000    3.99819
  53.00000    4.01375
  53.50000    4.04861
  54.00000    4.10619
  54.50000    4.17340
  55.00000    4.21772
  55.50000    4.24872
  56.00000    4.25988
  56.50000    4.27646
  57.00000    4.29292
  57.50000    4.32598
  58.00000    4.34793
  58.50000    4.36184
  59.00000    4.37661
  59.50000    4.37950
  60.00000    4.37394
  60.50000    4.36781
  61.00000    4.38031
  61.50000    4.38748
  62.00000    4.39854
  62.50000    4.40102
  63.00000    4.40536
  63.50000    4.40875
  64.00000    4.41042
  64.50000    4.41085
  65.00000    4.41426
  65.50000    4.41688
  66.00000    4.41310
  66.50000    4.41541
  67.00000    4.41796
  67.50000    4.42299
  68.00000    4.42145
  68.50000    4.43678
  69.00000    4.44360
  69.50000    4.44968
  70.00000    4.44011
  70.50000    4.43413
  71.00000    4.43573
  71.50000    4.44303
  72.00000    4.44504
  72.50000    4.44105
  73.00000    4.43710
  73.50000    4.43622
  74.00000    4.43800
  74.50000    4.43802
  75.00000    4.43730
  75.50000    4.43828
  76.00000    4.44299
  76.50000    4.44152
  77.00000    4.43770
  77.50000    4.43940
  78.00000    4.44318
  78.50000    4.45100
  79.00000    4.45103
  79.50000    4.45747
  80.00000    4.45601
  80.50000    4.46066
  81.00000    4.46263
  81.50000    4.46857
  82.00000    4.46570
  82.50000    4.46406
  83.00000    4.45833
  83.50000    4.46361
  84.00000    4.46722
  84.50000    4.46944
  85.00000    4.46105
  85.50000    4.45929
  86.00000    4.46361
  86.50000    4.46551
  87.00000    4.46925
  87.50000    4.47025
  88.00000    4.46961
  88.50000    4.46985
  89.00000    4.46841
  89.50000    4.46872
  90.00000    4.46408
  90.50000    4.46753
  91.00000    4.47180
  91.50000    4.47689
  92.00000    4.47517
  92.50000    4.46912
  93.00000    4.47050
  93.50000    4.47652
  94.00000    4.48072
  94.50000    4.48044
  95.00000    4.47852
  95.50000    4.48055
  96.00000    4.48192
  96.50000    4.48102
  97.00000    4.47570
  97.50000    4.48211
  98.00000    4.49225
  98.50000    4.49918
  99.00000    4.49004
  99.50000    4.48424
 100.00000    4.48191
 100.50000    4.48768
 101.00000    4.48949
 101.50000    4.48719
 102.00000    4.48357
 102.50000    4.48884
 103.00000    4.49787
 103.50000    4.50010
 104.00000    4.49978
 104.50000    4.49925
 105.00000    4.49781
 105.50000    4.49659
 106.00000    4.49553
 106.50000    4.49484
 107.00000    4.49234
 107.50000    4.49610
 108.00000    4.50106
 108.50000    4.50838
 109.00000    4.50744
 109.50000    4.50417
 110.00000    4.50186
 110.50000    4.49615
 111.00000    4.49047
 111.50000    4.49288
 112.00000    4.50200
 112.50000    4.50487
 113.00000    4.50174
 113.50000    4.50726
 114.00000    4.51334
 114.50000    4.50933
 115.00000    4.50147
 115.50000    4.50338
 116.00000    4.51270
 116.50000    4.51447
 117.00000    4.51134
 117.50000    4.50732
 118.00000    4.50486
 118.50000    4.51162
 119.00000    4.51436
 119.50000    4.51742
 120.00000    4.51797
 120.50000    4.51782
 121.00000    4.51579
 121.50000    4.51636
 122.00000    4.51710
 122.50000    4.51464
 123.00000    4.51572
 123.50000    4.52177
 124.00000    4.52323
 124.50000    4.51821
 125.00000    4.51225
 125.50000    4.51432
 126.00000    4.51734
 126.50000    4.51826
 127.00000    4.52047
 127.50000    4.52279
 128.00000    4.52321
 128.50000    4.52418
 129.00000    4.52899
 129.50000    4.52311
 130.00000    4.52334
 130.50000    4.52565
 131.00000    4.53063
 131.50000    4.52214
 132.00000    4.51894
 132.50000    4.52066
 133.00000    4.52436
 133.50000    4.52655
 134.00000    4.52202
 134.50000    4.52089
 135.00000    4.52044
 135.50000    4.52654
 136.00000    4.52876
 136.50000    4.52759
 137.00000    4.52281
 137.50000    4.51989
 138.00000    4.52322
 138.50000    4.51972
 139.00000    4.51504
 139.50000    4.52019
 140.00000    4.52992
 140.50000    4.52924
 141.00000    4.52629
 141.50000    4.53016
 142.00000    4.53005
 142.50000    4.52203
 143.00000    4.51993
 143.50000    4.52154
 144.00000    4.52737
 144.50000    4.52835
 145.00000    4.52418
 145.50000    4.52429
 146.00000    4.52763
 146.50000    4.52701
 147.00000    4.51935
 147.50000    4.51813
 148.00000    4.52021
 148.50000    4.51886
 149.00000    4.51983
 149.50000    4.52388
 150.00000    4.53374
