   0.00000    1.53840
   0.50000    2.19241
   1.00000    2.70778
   1.50000    3.02156
   2.00000    3.18237
   2.50000    3.22419
   3.00000    3.24614
   3.50000    3.27260
   4.00000    3.32747
   4.50000    3.40131
   5.00000    3.45244
   5.50000    3.48525
   6.00000    3.49883
   6.50000    3.51510
   7.00000    3.54469
   7.50000    3.58619
   8.00000    3.61553
   8.50000    3.63798
   9.00000    3.65747
   9.50000    3.68358
  10.00000    3.70023
  10.50000    3.71837
  11.00000    3.73287
  11.50000    3.75812
  12.00000    3.77568
  12.50000    3.78763
  13.00000    3.78847
  13.50000    3.81015
  14.00000    3.82855
  14.50000    3.83123
  15.00000    3.83455
  15.50000    3.85232
  16.00000    3.86674
  16.50000    3.86828
  17.00000    3.87610
  17.50000    3.88370
  18.00000    3.89071
  18.50000    3.89453
  19.00000    3.89834
  19.50000    3.88448
  20.00000    3.89009
  20.50000    3.89566
  21.00000    3.89256
  21.50000    3.88010
  22.00000    3.86002
  22.50000    3.85489
  23.00000    3.85100
  23.50000    3.86575
  24.00000    3.83796
  24.50000    3.79971
  25.00000    3.77943
  25.50000    3.77858
  26.00000    3.77215
  26.50000    3.76828
  27.00000    3.79445
  27.50000    3.82434
  28.00000    3.85344
  28.50000    3.90133
  29.00000    3.93115
  29.50000    3.92398
  30.00000    3.91348
  30.50000    3.92138
  31.00000    3.93031
  31.50000    3.93524
  32.00000    3.94734
  32.50000    3.95848
  33.00000    3.96780
  33.50000    3.97974
  34.00000    3.97238
  34.50000    3.99310
  35.00000    4.03848
  35.50000    4.09614
  36.00000    4.11155
  36.50000    4.13185
  37.00000    4.15927
  37.50000    4.18360
  38.00000    4.20321
  38.50000    4.22671
  39.00000    4.23521
  39.50000    4.25776
  40.00000    4.29210
  40.50000    4.33963
  41.00000    4.35119
  41.50000    4.36036
  42.00000    4.36766
  42.50000    4.38267
  43.00000    4.42573
  43.50000    4.47377
  44.00000    4.51646
  44.50000    4.52823
  45.00000    4.54864
  45.50000    4.55598
  46.00000    4.56130
  46.50000    4.56610
  47.00000    4.59445
  47.50000    4.60458
  48.00000    4.60588
  48.50000    4.58352
  49.00000    4.57416
  49.50000    4.57953
  50.00000    4.59935
  50.50000    4.60485
  51.00000    4.59862
  51.50000    4.58642
  52.00000    4.58077
  52.50000    4.57626
  53.00000    4.58958
  53.50000    4.59022
  54.00000    4.58133
  54.50000    4.54897
  55.00000    4.54563
  55.50000    4.55006
  56.00000    4.56501
  56.50000    4.56855
  57.00000    4.58226
  57.50000    4.58254
  58.00000    4.55981
  58.50000    4.53973
  59.00000    4.53161
  59.50000    4.54058
  60.00000    4.53301
  60.50000    4.51793
  61.00000    4.50088
  61.50000    4.49814
  62.00000    4.50773
  62.50000    4.50159
  63.00000    4.48107
  63.50000    4.47050
  64.00000    4.48617
  64.50000    4.49149
  65.00000    4.47887
  65.50000    4.45990
  66.00000    4.44741
  66.50000    4.43443
  67.00000    4.43607
  67.50000    4.42606
  68.00000    4.43028
  68.50000    4.42575
  69.00000    4.41793
  69.50000    4.40470
  70.00000    4.42144
  70.50000    4.42715
  71.00000    4.42154
  71.50000    4.41556
  72.00000    4.41332
  72.50000    4.41265
  73.00000    4.41432
  73.50000    4.41201
  74.00000    4.41036
  74.50000    4.40503
  75.00000    4.39673
  75.50000    4.39434
  76.00000    4.40128
  76.50000    4.41035
  77.00000    4.40400
  77.50000    4.38440
  78.00000    4.36862
  78.50000    4.37675
  79.00000    4.38230
  79.50000    4.36731
  80.00000    4.36116
  80.50000    4.36314
  81.00000    4.35635
  81.50000    4.34967
  82.00000    4.34122
  82.50000    4.33042
  83.00000    4.32215
  83.50000    4.32132
  84.00000    4.33470
  84.50000    4.32252
  85.00000    4.32787
  85.50000    4.31934
  86.00000    4.32470
  86.50000    4.30015
  87.00000    4.29491
  87.50000    4.29243
  88.00000    4.29311
  88.50000    4.27358
  89.00000    4.26991
  89.50000    4.26301
  90.00000    4.25031
  90.50000    4.24337
  91.00000    4.24814
  91.50000    4.25625
  92.00000    4.24461
  92.50000    4.24576
  93.00000    4.23414
  93.50000    4.25291
  94.00000    4.25742
  94.50000    4.25337
  95.00000    4.23976
  95.50000    4.23019
  96.00000    4.22870
  96.50000    4.22970
  97.00000    4.23988
  97.50000    4.22767
  98.00000    4.20656
  98.50000    4.20436
  99.00000    4.20852
  99.50000    4.20699
 100.00000    4.19372
 100.50000    4.20042
 101.00000    4.20647
 101.50000    4.20375
 102.00000    4.19387
 102.50000    4.18973
 103.00000    4.20149
 103.50000    4.19960
 104.00000    4.19536
 104.50000    4.19260
 105.00000    4.20272
 105.50000    4.20257
 106.00000    4.20030
 106.50000    4.18364
 107.00000    4.16650
 107.50000    4.17587
 108.00000    4.18713
 108.50000    4.18731
 109.00000    4.18668
 109.50000    4.18570
 110.00000    4.18177
 110.50000    4.17000
 111.00000    4.18469
 111.50000    4.19672
 112.00000    4.21004
 112.50000    4.20117
 113.00000    4.20061
 113.50000    4.19793
 114.00000    4.19370
 114.50000    4.18632
 115.00000    4.19243
 115.50000    4.19864
 116.00000    4.19325
 116.50000    4.19346
 117.00000    4.19017
 117.50000    4.19254
 118.00000    4.18382
 118.50000    4.18486
 119.00000    4.19099
 119.50000    4.20471
 120.00000    4.20273
 120.50000    4.18405
 121.00000    4.18745
 121.50000    4.19962
 122.00000    4.21785
 122.50000    4.22002
 123.00000    4.21975
 123.50000    4.21111
 124.00000    4.22555
 124.50000    4.23104
 125.00000    4.22836
 125.50000    4.22241
 126.00000    4.23521
 126.50000    4.23500
 127.00000    4.23778
 127.50000    4.24370
 128.00000    4.24742
 128.50000    4.25151
 129.00000    4.25345
 129.50000    4.26204
 130.00000    4.24597
 130.50000    4.25275
 131.00000    4.24451
 131.50000    4.25660
 132.00000    4.26066
 132.50000    4.25951
 133.00000    4.24921
 133.50000    4.25376
 134.00000    4.26862
 134.50000    4.27688
 135.00000    4.27021
 135.50000    4.26781
 136.00000    4.26303
 136.50000    4.27595
 137.00000    4.26860
 137.50000    4.28536
 138.00000    4.28779
 138.50000    4.28749
 139.00000    4.28255
 139.50000    4.29588
 140.00000    4.29709
 140.50000    4.30164
 141.00000    4.31447
 141.50000    4.31362
 142.00000    4.30688
 142.50000    4.30994
 143.00000    4.32326
 143.50000    4.31989
 144.00000    4.31045
 144.50000    4.30816
 145.00000    4.31633
 145.50000    4.31491
 146.00000    4.31522
 146.50000    4.32734
 147.00000    4.34331
 147.50000    4.35153
 148.00000    4.35320
 148.50000    4.35212
 149.00000    4.34601
 149.50000    4.34422
 150.00000    4.34503
