   0.00000    1.53073
   0.50000    2.65031
   1.00000    2.91290
   1.50000    2.89552
   2.00000    3.00502
   2.50000    3.17728
   3.00000    3.26997
   3.50000    3.23615
   4.00000    3.17517
   4.50000    3.15037
   5.00000    3.14591
   5.50000    3.16345
   6.00000    3.18048
   6.50000    3.19721
   7.00000    3.19910
   7.50000    3.21885
   8.00000    3.23420
   8.50000    3.25372
   9.00000    3.26579
   9.50000    3.28558
  10.00000    3.29459
  10.50000    3.29798
  11.00000    3.31371
  11.50000    3.33564
  12.00000    3.35962
  12.50000    3.37105
  13.00000    3.38409
  13.50000    3.39639
  14.00000    3.41177
  14.50000    3.42038
  15.00000    3.43574
  15.50000    3.45525
  16.00000    3.47480
  16.50000    3.49088
  17.00000    3.50341
  17.50000    3.51267
  18.00000    3.52115
  18.50000    3.52929
  19.00000    3.54053
  19.50000    3.54368
  20.00000    3.55404
  20.50000    3.57026
  21.00000    3.58775
  21.50000    3.59974
  22.00000    3.60246
  22.50000    3.60773
  23.00000    3.60566
  23.50000    3.60932
  24.00000    3.61174
  24.50000    3.61440
  25.00000    3.61594
  25.50000    3.62236
  26.00000    3.63192
  26.50000    3.64823
  27.00000    3.67219
  27.50000    3.69431
  28.00000    3.70135
  28.50000    3.71216
  29.00000    3.73076
  29.50000    3.73962
  30.00000    3.74903
  30.50000    3.75503
  31.00000    3.76266
  31.50000    3.76851
  32.00000    3.77361
  32.50000    3.76727
  33.00000    3.76048
  33.50000    3.75518
  34.00000    3.74803
  34.50000    3.73618
  35.00000    3.72892
  35.50000    3.71790
  36.00000    3.69008
  36.50000    3.66089
  37.00000    3.63610
  37.50000    3.62828
  38.00000    3.61209
  38.50000    3.59754
  39.00000    3.58642
  39.50000    3.58655
  40.00000    3.58193
  40.50000    3.57040
  41.00000    3.56463
  41.50000    3.56019
  42.00000    3.55425
  42.50000    3.54561
  43.00000    3.55530
  43.50000    3.56436
  44.00000    3.57204
  44.50000    3.55839
  45.00000    3.55945
  45.50000    3.55844
  46.00000    3.56868
  46.50000    3.57659
  47.00000    3.59310
  47.50000    3.60325
  48.00000    3.61125
  48.50000    3.62287
  49.00000    3.64409
  49.50000    3.68184
  50.00000    3.72176
  50.50000    3.74851
  51.00000    3.77328
  51.50000    3.80238
  52.00000    3.83449
  52.50000    3.85880
  53.00000    3.87687
  53.50000    3.91997
  54.00000    3.98034
  54.50000    4.05486
  55.00000    4.10577
  55.50000    4.16314
  56.00000    4.20500
  56.50000    4.24271
  57.00000    4.28230
  57.50000    4.33849
  58.00000    4.37891
  58.50000    4.39644
  59.00000    4.39720
  59.50000    4.39997
  60.00000    4.40619
  60.50000    4.42001
  61.00000    4.42884
  61.50000    4.43764
  62.00000    4.44025
  62.50000    4.43831
  63.00000    4.43918
  63.50000    4.45337
  64.00000    4.47171
  64.50000    4.47876
  65.00000    4.48358
  65.50000    4.48059
  66.00000    4.48177
  66.50000    4.48407
  67.00000    4.49786
  67.50000    4.50551
  68.00000    4.51304
  68.50000    4.51260
  69.00000    4.52098
  69.50000    4.53541
  70.00000    4.54787
  70.50000    4.54860
  71.00000    4.54939
  71.50000    4.55150
  72.00000    4.54569
  72.50000    4.54695
  73.00000    4.55610
  73.50000    4.57008
  74.00000    4.57868
  74.50000    4.57867
  75.00000    4.57460
  75.50000    4.57558
  76.00000    4.58412
  76.50000    4.59440
  77.00000    4.58817
  77.50000    4.57535
  78.00000    4.57170
  78.50000    4.58672
  79.00000    4.59391
  79.50000    4.59142
  80.00000    4.58471
  80.50000    4.58505
  81.00000    4.58320
  81.50000    4.58664
  82.00000    4.58452
  82.50000    4.58271
  83.00000    4.57712
  83.50000    4.58665
  84.00000    4.59045
  84.50000    4.58465
  85.00000    4.57764
  85.50000    4.57523
  86.00000    4.58100
  86.50000    4.58639
  87.00000    4.59543
  87.50000    4.58855
  88.00000    4.58081
  88.50000    4.57381
  89.00000    4.57087
  89.50000    4.57363
  90.00000    4.57556
  90.50000    4.57378
  91.00000    4.55853
  91.50000    4.55771
  92.00000    4.56264
  92.50000    4.56048
  93.00000    4.55016
  93.50000    4.55402
  94.00000    4.55618
  94.50000    4.55666
  95.00000    4.55481
  95.50000    4.55404
  96.00000    4.54939
  96.50000    4.54686
  97.00000    4.54285
  97.50000    4.53929
  98.00000    4.53374
  98.50000    4.53796
  99.00000    4.54292
  99.50000    4.54075
 100.00000    4.53507
 100.50000    4.53999
 101.00000    4.53987
 101.50000    4.52881
 102.00000    4.52892
 102.50000    4.53224
 103.00000    4.52988
 103.50000    4.52583
 104.00000    4.52268
 104.50000    4.52119
 105.00000    4.51933
 105.50000    4.51162
 106.00000    4.50729
 106.50000    4.50171
 107.00000    4.51073
 107.50000    4.50852
 108.00000    4.50840
 108.50000    4.50184
 109.00000    4.51016
 109.50000    4.50844
 110.00000    4.49806
 110.50000    4.49147
 111.00000    4.49558
 111.50000    4.49522
 112.00000    4.49173
 112.50000    4.49977
 113.00000    4.50258
 113.50000    4.49849
 114.00000    4.49385
 114.50000    4.48963
 115.00000    4.48198
 115.50000    4.48101
 116.00000    4.49112
 116.50000    4.49273
 117.00000    4.48772
 117.50000    4.48250
 118.00000    4.47457
 118.50000    4.46551
 119.00000    4.46702
 119.50000    4.47777
 120.00000    4.47729
 120.50000    4.47239
 121.00000    4.46822
 121.50000    4.46819
 122.00000    4.47088
 122.50000    4.46824
 123.00000    4.46190
 123.50000    4.45663
 124.00000    4.46920
 124.50000    4.47129
 125.00000    4.46884
 125.50000    4.46108
 126.00000    4.45991
 126.50000    4.46065
 127.00000    4.46086
 127.50000    4.45585
 128.00000    4.45770
 128.50000    4.45874
 129.00000    4.46210
 129.50000    4.45248
 130.00000    4.45046
 130.50000    4.44471
 131.00000    4.44775
 131.50000    4.44344
 132.00000    4.45099
 132.50000    4.44948
 133.00000    4.44712
 133.50000    4.43887
 134.00000    4.43827
 134.50000    4.43828
 135.00000    4.43989
 135.50000    4.43579
 136.00000    4.43125
 136.50000    4.43111
 137.00000    4.43676
 137.50000    4.43079
 138.00000    4.42340
 138.50000    4.42920
 139.00000    4.44173
 139.50000    4.43680
 140.00000    4.42897
 140.50000    4.43093
 141.00000    4.43386
 141.50000    4.42949
 142.00000    4.42602
 142.50000    4.42593
 143.00000    4.42483
 143.50000    4.42552
 144.00000    4.41999
 144.50000    4.42269
 145.00000    4.42081
 145.50000    4.42516
 146.00000    4.42186
 146.50000    4.42007
 147.00000    4.41038
 147.50000    4.42155
 148.00000    4.43534
 148.50000    4.44113
 149.00000    4.43403
 149.50000    4.42693
 150.00000    4.41336
