   0.00000    1.40650
   0.50000    3.05544
   1.00000    3.38171
   1.50000    3.34195
   2.00000    3.43921
   2.50000    3.46082
   3.00000    3.46118
   3.50000    3.46181
   4.00000    3.46748
   4.50000    3.48050
   5.00000    3.49557
   5.50000    3.49308
   6.00000    3.49151
   6.50000    3.49520
   7.00000    3.50252
   7.50000    3.50470
   8.00000    3.50900
   8.50000    3.52124
   9.00000    3.53661
   9.50000    3.53811
  10.00000    3.53653
  10.50000    3.53919
  11.00000    3.55265
  11.50000    3.56164
  12.00000    3.56513
  12.50000    3.56483
  13.00000    3.56542
  13.50000    3.57727
  14.00000    3.58848
  14.50000    3.59902
  15.00000    3.60977
  15.50000    3.61910
  16.00000    3.62252
  16.50000    3.62865
  17.00000    3.64861
  17.50000    3.67372
  18.00000    3.68506
  18.50000    3.69176
  19.00000    3.69238
  19.50000    3.69454
  20.00000    3.69910
  20.50000    3.71146
  21.00000    3.72350
  21.50000    3.73727
  22.00000    3.74413
  22.50000    3.75447
  23.00000    3.76652
  23.50000    3.78528
  24.00000    3.77816
  24.50000    3.75901
  25.00000    3.74381
  25.50000    3.75053
  26.00000    3.74257
  26.50000    3.70682
  27.00000    3.67390
  27.50000    3.66688
  28.00000    3.68822
  28.50000    3.73282
  29.00000    3.78431
  29.50000    3.82038
  30.00000    3.84429
  30.50000    3.86750
  31.00000    3.88845
  31.50000    3.90894
  32.00000    3.93737
  32.50000    3.97706
  33.00000    4.02038
  33.50000    4.08252
  34.00000    4.13230
  34.50000    4.19878
  35.00000    4.25334
  35.50000    4.31646
  36.00000    4.35291
  36.50000    4.39214
  37.00000    4.42034
  37.50000    4.44899
  38.00000    4.46253
  38.50000    4.47104
  39.00000    4.48855
  39.50000    4.50239
  40.00000    4.50172
  40.50000    4.49341
  41.00000    4.48978
  41.50000    4.49075
  42.00000    4.49711
  42.50000    4.50022
  43.00000    4.49893
  43.50000    4.49590
  44.00000    4.49060
  44.50000    4.48620
  45.00000    4.48386
  45.50000    4.47811
  46.00000    4.46945
  46.50000    4.46803
  47.00000    4.46600
  47.50000    4.47590
  48.00000    4.48469
  48.50000    4.48923
  49.00000    4.48979
  49.50000    4.49793
  50.00000    4.51444
  50.50000    4.52660
  51.00000    4.52822
  51.50000    4.52679
  52.00000    4.53137
  52.50000    4.53647
  53.00000    4.53638
  53.50000    4.54173
  54.00000    4.53632
  54.50000    4.54203
  55.00000    4.54354
  55.50000    4.54956
  56.00000    4.53844
  56.50000    4.52458
  57.00000    4.52572
  57.50000    4.53111
  58.00000    4.54206
  58.50000    4.52953
  59.00000    4.52544
  59.50000    4.51914
  60.00000    4.52274
  60.50000    4.52488
  61.00000    4.51893
  61.50000    4.51748
  62.00000    4.51590
  62.50000    4.52472
  63.00000    4.51527
  63.50000    4.50915
  64.00000    4.50538
  64.50000    4.51249
  65.00000    4.51447
  65.50000    4.51803
  66.00000    4.52205
  66.50000    4.51560
  67.00000    4.51286
  67.50000    4.50388
  68.00000    4.50028
  68.50000    4.49373
  69.00000    4.49882
  69.50000    4.50782
  70.00000    4.51327
  70.50000    4.50198
  71.00000    4.48728
  71.50000    4.49138
  72.00000    4.49782
  72.50000    4.50244
  73.00000    4.49663
  73.50000    4.49633
  74.00000    4.49097
  74.50000    4.49458
  75.00000    4.49449
  75.50000    4.49290
  76.00000    4.48447
  76.50000    4.48514
  77.00000    4.48777
  77.50000    4.48875
  78.00000    4.48185
  78.50000    4.48206
  79.00000    4.47941
  79.50000    4.48527
  80.00000    4.47502
  80.50000    4.47429
  81.00000    4.46385
  81.50000    4.47502
  82.00000    4.47584
  82.50000    4.47699
  83.00000    4.47185
  83.50000    4.46557
  84.00000    4.46107
  84.50000    4.45232
  85.00000    4.46310
  85.50000    4.45698
  86.00000    4.45599
  86.50000    4.45381
  87.00000    4.45619
  87.50000    4.44996
  88.00000    4.44595
  88.50000    4.44429
  89.00000    4.43482
  89.50000    4.44009
  90.00000    4.44887
  90.50000    4.45029
  91.00000    4.44466
  91.50000    4.44068
  92.00000    4.43862
  92.50000    4.42755
  93.00000    4.42980
  93.50000    4.43381
  94.00000    4.43760
  94.50000    4.42601
  95.00000    4.41544
  95.50000    4.41597
  96.00000    4.43246
  96.50000    4.42885
  97.00000    4.41765
  97.50000    4.40338
  98.00000    4.41044
  98.50000    4.41154
  99.00000    4.41238
  99.50000    4.40988
 100.00000    4.40462
 100.50000    4.40366
 101.00000    4.39875
 101.50000    4.40629
 102.00000    4.40461
 102.50000    4.40296
 103.00000    4.39305
 103.50000    4.39518
 104.00000    4.40067
 104.50000    4.40350
 105.00000    4.39253
 105.50000    4.39239
 106.00000    4.39217
 106.50000    4.39375
 107.00000    4.38191
 107.50000    4.38597
 108.00000    4.38984
 108.50000    4.39352
 109.00000    4.38340
 109.50000    4.37907
 110.00000    4.38616
 110.50000    4.38916
 111.00000    4.37883
 111.50000    4.36884
 112.00000    4.37187
 112.50000    4.36874
 113.00000    4.36599
 113.50000    4.36462
 114.00000    4.37422
 114.50000    4.38016
 115.00000    4.38089
 115.50000    4.37259
 116.00000    4.36531
 116.50000    4.36858
 117.00000    4.36590
 117.50000    4.37125
 118.00000    4.36624
 118.50000    4.36803
 119.00000    4.37104
 119.50000    4.37002
 120.00000    4.36062
 120.50000    4.36566
 121.00000    4.37801
 121.50000    4.36938
 122.00000    4.36738
 122.50000    4.37105
 123.00000    4.36342
 123.50000    4.35107
 124.00000    4.35663
 124.50000    4.35891
 125.00000    4.34927
 125.50000    4.34636
 126.00000    4.35455
 126.50000    4.35954
 127.00000    4.36867
 127.50000    4.36482
 128.00000    4.35846
 128.50000    4.35323
 129.00000    4.35240
 129.50000    4.35530
 130.00000    4.36350
 130.50000    4.37284
 131.00000    4.37008
 131.50000    4.37195
 132.00000    4.36643
 132.50000    4.35227
 133.00000    4.35002
 133.50000    4.35780
 134.00000    4.35728
 134.50000    4.35408
 135.00000    4.35609
 135.50000    4.36617
 136.00000    4.36204
 136.50000    4.36119
 137.00000    4.36003
 137.50000    4.36432
 138.00000    4.36077
 138.50000    4.36018
 139.00000    4.36767
 139.50000    4.36735
 140.00000    4.36637
 140.50000    4.37289
 141.00000    4.37657
 141.50000    4.37743
 142.00000    4.36759
 142.50000    4.36735
 143.00000    4.36351
 143.50000    4.37059
 144.00000    4.37438
 144.50000    4.37664
 145.00000    4.37546
 145.50000    4.37761
 146.00000    4.38039
 146.50000    4.38083
 147.00000    4.38049
 147.50000    4.38296
 148.00000    4.38220
 148.50000    4.38134
 149.00000    4.37374
 149.50000    4.36732
 150.00000    4.37625
