   0.00000    1.49196
   0.50000    2.51011
   1.00000    2.72082
   1.50000    2.86719
   2.00000    3.17581
   2.50000    3.37028
   3.00000    3.38163
   3.50000    3.33017
   4.00000    3.30198
   4.50000    3.29475
   5.00000    3.32095
   5.50000    3.32008
   6.00000    3.33524
   6.50000    3.34430
   7.00000    3.34450
   7.50000    3.30730
   8.00000    3.29384
   8.50000    3.29738
   9.00000    3.31664
   9.50000    3.30442
  10.00000    3.29753
  10.50000    3.29511
  11.00000    3.29823
  11.50000    3.28183
  12.00000    3.27740
  12.50000    3.27480
  13.00000    3.28871
  13.50000    3.28418
  14.00000    3.28412
  14.50000    3.28636
  15.00000    3.29932
  15.50000    3.29749
  16.00000    3.28338
  16.50000    3.29060
  17.00000    3.29948
  17.50000    3.30117
  18.00000    3.29797
  18.50000    3.31186
  19.00000    3.34480
  19.50000    3.35927
  20.00000    3.37759
  20.50000    3.38053
  21.00000    3.39630
  21.50000    3.39785
  22.00000    3.41875
  22.50000    3.43446
  23.00000    3.44094
  23.50000    3.44147
  24.00000    3.47191
  24.50000    3.53801
  25.00000    3.58164
  25.50000    3.57189
  26.00000    3.53421
  26.50000    3.53176
  27.00000    3.54724
  27.50000    3.53915
  28.00000    3.50496
  28.50000    3.49264
  29.00000    3.51178
  29.50000    3.54619
  30.00000    3.57136
  30.50000    3.57999
  31.00000    3.58668
  31.50000    3.60851
  32.00000    3.64749
  32.50000    3.65118
  33.00000    3.68089
  33.50000    3.71460
  34.00000    3.75047
  34.50000    3.75880
  35.00000    3.77159
  35.50000    3.79036
  36.00000    3.77653
  36.50000    3.78685
  37.00000    3.77707
  37.50000    3.78181
  38.00000    3.77795
  38.50000    3.78724
  39.00000    3.79020
  39.50000    3.79410
  40.00000    3.78135
  40.50000    3.75707
  41.00000    3.75609
  41.50000    3.78190
  42.00000    3.78315
  42.50000    3.77926
  43.00000    3.78727
  43.50000    3.81050
  44.00000    3.81661
  44.50000    3.81034
  45.00000    3.81185
  45.50000    3.83672
  46.00000    3.84702
  46.50000    3.85218
  47.00000    3.85714
  47.50000    3.86571
  48.00000    3.87190
  48.50000    3.89449
  49.00000    3.92467
  49.50000    3.96433
  50.00000    3.99584
  50.50000    4.00752
  51.00000    4.02324
  51.50000    4.10520
  52.00000    4.18616
  52.50000    4.25139
  53.00000    4.27418
  53.50000    4.33572
  54.00000    4.38219
  54.50000    4.43731
  55.00000    4.47305
  55.50000    4.52251
  56.00000    4.55014
  56.50000    4.57229
  57.00000    4.57909
  57.50000    4.58929
  58.00000    4.58944
  58.50000    4.59895
  59.00000    4.59469
  59.50000    4.58050
  60.00000    4.56944
  60.50000    4.56992
  61.00000    4.57839
  61.50000    4.58239
  62.00000    4.58341
  62.50000    4.58870
  63.00000    4.56627
  63.50000    4.55613
  64.00000    4.54515
  64.50000    4.55041
  65.00000    4.56137
  65.50000    4.58826
  66.00000    4.60286
  66.50000    4.58050
  67.00000    4.58090
  67.50000    4.58205
  68.00000    4.59327
  68.50000    4.58008
  69.00000    4.58472
  69.50000    4.57892
  70.00000    4.58220
  70.50000    4.57817
  71.00000    4.59518
  71.50000    4.60025
  72.00000    4.59006
  72.50000    4.57478
  73.00000    4.58571
  73.50000    4.59975
  74.00000    4.61312
  74.50000    4.60598
  75.00000    4.59644
  75.50000    4.58967
  76.00000    4.60307
  76.50000    4.60761
  77.00000    4.60737
  77.50000    4.59903
  78.00000    4.60109
  78.50000    4.59911
  79.00000    4.60309
  79.50000    4.60097
  80.00000    4.60984
  80.50000    4.59996
  81.00000    4.58080
  81.50000    4.58256
  82.00000    4.59698
  82.50000    4.60707
  83.00000    4.57478
  83.50000    4.56183
  84.00000    4.57224
  84.50000    4.58797
  85.00000    4.57053
  85.50000    4.56976
  86.00000    4.58817
  86.50000    4.58792
  87.00000    4.59797
  87.50000    4.60194
  88.00000    4.59531
  88.50000    4.58556
  89.00000    4.59428
  89.50000    4.57650
  90.00000    4.56427
  90.50000    4.58598
  91.00000    4.60057
  91.50000    4.58994
  92.00000    4.59285
  92.50000    4.60620
  93.00000    4.59340
  93.50000    4.56997
  94.00000    4.56056
  94.50000    4.56651
  95.00000    4.57037
  95.50000    4.57438
  96.00000    4.56534
  96.50000    4.57330
  97.00000    4.57407
  97.50000    4.58281
  98.00000    4.56509
  98.50000    4.57355
  99.00000    4.55331
  99.50000    4.55448
 100.00000    4.54319
 100.50000    4.55444
 101.00000    4.56238
 101.50000    4.58643
 102.00000    4.57658
 102.50000    4.57807
 103.00000    4.56819
 103.50000    4.57734
 104.00000    4.56015
 104.50000    4.55838
 105.00000    4.54632
 105.50000    4.55121
 106.00000    4.56878
 106.50000    4.58013
 107.00000    4.58397
 107.50000    4.56563
 108.00000    4.56638
 108.50000    4.56864
 109.00000    4.57226
 109.50000    4.57547
 110.00000    4.58082
 110.50000    4.57401
 111.00000    4.56362
 111.50000    4.57426
 112.00000    4.58485
 112.50000    4.58090
 113.00000    4.57503
 113.50000    4.55995
 114.00000    4.55761
 114.50000    4.55310
 115.00000    4.55234
 115.50000    4.56886
 116.00000    4.57983
 116.50000    4.57098
 117.00000    4.55306
 117.50000    4.55977
 118.00000    4.56226
 118.50000    4.56003
 119.00000    4.57163
 119.50000    4.58386
 120.00000    4.57684
 120.50000    4.56610
 121.00000    4.56196
 121.50000    4.56794
 122.00000    4.55076
 122.50000    4.56055
 123.00000    4.55919
 123.50000    4.57800
 124.00000    4.57814
 124.50000    4.58077
 125.00000    4.57179
 125.50000    4.57377
 126.00000    4.58985
 126.50000    4.58187
 127.00000    4.57723
 127.50000    4.57505
 128.00000    4.58727
 128.50000    4.57558
 129.00000    4.56301
 129.50000    4.55373
 130.00000    4.56760
 130.50000    4.58135
 131.00000    4.59784
 131.50000    4.58152
 132.00000    4.58863
 132.50000    4.58657
 133.00000    4.57742
 133.50000    4.56188
 134.00000    4.57238
 134.50000    4.58595
 135.00000    4.59136
 135.50000    4.58291
 136.00000    4.57528
 136.50000    4.57177
 137.00000    4.58977
 137.50000    4.58634
 138.00000    4.59279
 138.50000    4.58955
 139.00000    4.58865
 139.50000    4.56855
 140.00000    4.57942
 140.50000    4.59723
 141.00000    4.59724
 141.50000    4.57548
 142.00000    4.56642
 142.50000    4.57803
 143.00000    4.59748
 143.50000    4.58949
 144.00000    4.57252
 144.50000    4.55723
 145.00000    4.55505
 145.50000    4.55975
 146.00000    4.56973
 146.50000    4.56855
 147.00000    4.56770
 147.50000    4.58077
 148.00000    4.57306
 148.50000    4.56223
 149.00000    4.57179
 149.50000    4.59720
 150.00000    4.59228
