   0.00000    1.47091
   0.50000    2.71276
   1.00000    2.98043
   1.50000    2.98035
   2.00000    3.12410
   2.50000    3.28469
   3.00000    3.34575
   3.50000    3.31173
   4.00000    3.26749
   4.50000    3.22222
   5.00000    3.19728
   5.50000    3.20984
   6.00000    3.23113
   6.50000    3.23760
   7.00000    3.24743
   7.50000    3.26435
   8.00000    3.26699
   8.50000    3.27233
   9.00000    3.28871
   9.50000    3.30153
  10.00000    3.30617
  10.50000    3.31087
  11.00000    3.32753
  11.50000    3.35093
  12.00000    3.36789
  12.50000    3.36881
  13.00000    3.36900
  13.50000    3.37768
  14.00000    3.38531
  14.50000    3.39810
  15.00000    3.40902
  15.50000    3.43525
  16.00000    3.44518
  16.50000    3.45985
  17.00000    3.45946
  17.50000    3.48086
  18.00000    3.49419
  18.50000    3.50005
  19.00000    3.49479
  19.50000    3.50511
  20.00000    3.51945
  20.50000    3.52711
  21.00000    3.52418
  21.50000    3.54437
  22.00000    3.56142
  22.50000    3.57662
  23.00000    3.57039
  23.50000    3.57116
  24.00000    3.56291
  24.50000    3.55921
  25.00000    3.56508
  25.50000    3.58979
  26.00000    3.62217
  26.50000    3.65246
  27.00000    3.68056
  27.50000    3.70927
  28.00000    3.72881
  28.50000    3.74033
  29.00000    3.74729
  29.50000    3.74762
  30.00000    3.74533
  30.50000    3.73313
  31.00000    3.72692
  31.50000    3.73127
  32.00000    3.74531
  32.50000    3.72096
  33.00000    3.70017
  33.50000    3.67748
  34.00000    3.66494
  34.50000    3.62865
  35.00000    3.59736
  35.50000    3.57408
  36.00000    3.55746
  36.50000    3.54631
  37.00000    3.51873
  37.50000    3.49910
  38.00000    3.49097
  38.50000    3.49427
  39.00000    3.48203
  39.50000    3.47298
  40.00000    3.46838
  40.50000    3.46175
  41.00000    3.44984
  41.50000    3.44335
  42.00000    3.44277
  42.50000    3.43779
  43.00000    3.43806
  43.50000    3.44611
  44.00000    3.45468
  44.50000    3.44384
  45.00000    3.43459
  45.50000    3.44561
  46.00000    3.46357
  46.50000    3.48026
  47.00000    3.49904
  47.50000    3.51795
  48.00000    3.53728
  48.50000    3.56440
  49.00000    3.60714
  49.50000    3.65119
  50.00000    3.69466
  50.50000    3.72313
  51.00000    3.75312
  51.50000    3.78591
  52.00000    3.82112
  52.50000    3.84858
  53.00000    3.86271
  53.50000    3.90520
  54.00000    3.94843
  54.50000    3.99711
  55.00000    4.03830
  55.50000    4.09729
  56.00000    4.14961
  56.50000    4.20330
  57.00000    4.24831
  57.50000    4.28785
  58.00000    4.31053
  58.50000    4.33473
  59.00000    4.34410
  59.50000    4.35239
  60.00000    4.35305
  60.50000    4.36966
  61.00000    4.39641
  61.50000    4.40928
  62.00000    4.40139
  62.50000    4.39298
  63.00000    4.39919
  63.50000    4.40893
  64.00000    4.41787
  64.50000    4.41842
  65.00000    4.41236
  65.50000    4.41682
  66.00000    4.42159
  66.50000    4.42120
  67.00000    4.42261
  67.50000    4.43161
  68.00000    4.43685
  68.50000    4.43805
  69.00000    4.44761
  69.50000    4.45916
  70.00000    4.47790
  70.50000    4.48395
  71.00000    4.48892
  71.50000    4.49033
  72.00000    4.50061
  72.50000    4.49894
  73.00000    4.49828
  73.50000    4.49801
  74.00000    4.50995
  74.50000    4.52031
  75.00000    4.52032
  75.50000    4.51657
  76.00000    4.50977
  76.50000    4.52141
  77.00000    4.52448
  77.50000    4.52280
  78.00000    4.50920
  78.50000    4.51547
  79.00000    4.52305
  79.50000    4.52083
  80.00000    4.51244
  80.50000    4.51009
  81.00000    4.51219
  81.50000    4.51715
  82.00000    4.51940
  82.50000    4.51564
  83.00000    4.50375
  83.50000    4.51097
  84.00000    4.51684
  84.50000    4.51971
  85.00000    4.51382
  85.50000    4.50964
  86.00000    4.50609
  86.50000    4.50792
  87.00000    4.51688
  87.50000    4.51137
  88.00000    4.50118
  88.50000    4.49527
  89.00000    4.50388
  89.50000    4.50861
  90.00000    4.50862
  90.50000    4.49580
  91.00000    4.48660
  91.50000    4.48370
  92.00000    4.49146
  92.50000    4.49432
  93.00000    4.48872
  93.50000    4.48501
  94.00000    4.48094
  94.50000    4.49094
  95.00000    4.48655
  95.50000    4.48352
  96.00000    4.47485
  96.50000    4.47787
  97.00000    4.47399
  97.50000    4.47425
  98.00000    4.46823
  98.50000    4.46589
  99.00000    4.46600
  99.50000    4.47353
 100.00000    4.47309
 100.50000    4.47489
 101.00000    4.47172
 101.50000    4.47698
 102.00000    4.47370
 102.50000    4.47226
 103.00000    4.46742
 103.50000    4.46650
 104.00000    4.46647
 104.50000    4.45991
 105.00000    4.45833
 105.50000    4.44982
 106.00000    4.45602
 106.50000    4.45384
 107.00000    4.46256
 107.50000    4.46414
 108.00000    4.46837
 108.50000    4.46277
 109.00000    4.45771
 109.50000    4.45102
 110.00000    4.44754
 110.50000    4.44791
 111.00000    4.45255
 111.50000    4.45347
 112.00000    4.45424
 112.50000    4.45596
 113.00000    4.45774
 113.50000    4.45878
 114.00000    4.44942
 114.50000    4.44166
 115.00000    4.43918
 115.50000    4.45063
 116.00000    4.45824
 116.50000    4.46115
 117.00000    4.45228
 117.50000    4.44187
 118.00000    4.44130
 118.50000    4.44190
 119.00000    4.44034
 119.50000    4.44400
 120.00000    4.44747
 120.50000    4.44180
 121.00000    4.44088
 121.50000    4.44879
 122.00000    4.45205
 122.50000    4.45108
 123.00000    4.45025
 123.50000    4.45505
 124.00000    4.46082
 124.50000    4.46005
 125.00000    4.45588
 125.50000    4.44753
 126.00000    4.44790
 126.50000    4.44367
 127.00000    4.44196
 127.50000    4.44084
 128.00000    4.45400
 128.50000    4.46285
 129.00000    4.46476
 129.50000    4.45934
 130.00000    4.44615
 130.50000    4.43437
 131.00000    4.44179
 131.50000    4.45289
 132.00000    4.45078
 132.50000    4.45221
 133.00000    4.44900
 133.50000    4.44621
 134.00000    4.43789
 134.50000    4.44380
 135.00000    4.44136
 135.50000    4.43827
 136.00000    4.43074
 136.50000    4.43504
 137.00000    4.44458
 137.50000    4.44427
 138.00000    4.43795
 138.50000    4.44136
 139.00000    4.44336
 139.50000    4.44211
 140.00000    4.44117
 140.50000    4.44449
 141.00000    4.43916
 141.50000    4.44176
 142.00000    4.45037
 142.50000    4.45219
 143.00000    4.45326
 143.50000    4.45420
 144.00000    4.44814
 144.50000    4.44233
 145.00000    4.44067
 145.50000    4.44305
 146.00000    4.44001
 146.50000    4.44557
 147.00000    4.44786
 147.50000    4.45496
 148.00000    4.45442
 148.50000    4.44766
 149.00000    4.44687
 149.50000    4.44961
 150.00000    4.42842
