   0.00000    1.44427
   0.50000    3.02538
   1.00000    3.25133
   1.50000    3.16577
   2.00000    3.30282
   2.50000    3.33838
   3.00000    3.33600
   3.50000    3.34310
   4.00000    3.37694
   4.50000    3.42005
   5.00000    3.45830
   5.50000    3.47880
   6.00000    3.48381
   6.50000    3.48869
   7.00000    3.49613
   7.50000    3.49372
   8.00000    3.49211
   8.50000    3.50234
   9.00000    3.51623
   9.50000    3.51822
  10.00000    3.51400
  10.50000    3.52121
  11.00000    3.52948
  11.50000    3.52869
  12.00000    3.53034
  12.50000    3.54195
  13.00000    3.54998
  13.50000    3.54533
  14.00000    3.54521
  14.50000    3.55644
  15.00000    3.56431
  15.50000    3.56601
  16.00000    3.56666
  16.50000    3.57272
  17.00000    3.58841
  17.50000    3.60410
  18.00000    3.60536
  18.50000    3.59461
  19.00000    3.59829
  19.50000    3.60762
  20.00000    3.61236
  20.50000    3.62090
  21.00000    3.61927
  21.50000    3.62519
  22.00000    3.63308
  22.50000    3.64869
  23.00000    3.64971
  23.50000    3.66529
  24.00000    3.67007
  24.50000    3.65336
  25.00000    3.63845
  25.50000    3.65802
  26.00000    3.68128
  26.50000    3.68409
  27.00000    3.67690
  27.50000    3.70380
  28.00000    3.75269
  28.50000    3.82373
  29.00000    3.89582
  29.50000    3.97274
  30.00000    4.04249
  30.50000    4.11626
  31.00000    4.18032
  31.50000    4.20997
  32.00000    4.23550
  32.50000    4.25790
  33.00000    4.28923
  33.50000    4.32378
  34.00000    4.35229
  34.50000    4.37438
  35.00000    4.38431
  35.50000    4.42136
  36.00000    4.45423
  36.50000    4.47488
  37.00000    4.47564
  37.50000    4.47493
  38.00000    4.48411
  38.50000    4.48929
  39.00000    4.49919
  39.50000    4.49231
  40.00000    4.47479
  40.50000    4.46360
  41.00000    4.46327
  41.50000    4.46957
  42.00000    4.46203
  42.50000    4.46430
  43.00000    4.47074
  43.50000    4.49188
  44.00000    4.50381
  44.50000    4.50800
  45.00000    4.50642
  45.50000    4.50089
  46.00000    4.50240
  46.50000    4.50993
  47.00000    4.51383
  47.50000    4.51908
  48.00000    4.52418
  48.50000    4.52145
  49.00000    4.51866
  49.50000    4.53157
  50.00000    4.54371
  50.50000    4.54331
  51.00000    4.54613
  51.50000    4.55127
  52.00000    4.55152
  52.50000    4.54340
  53.00000    4.54747
  53.50000    4.55891
  54.00000    4.56517
  54.50000    4.57261
  55.00000    4.57937
  55.50000    4.57757
  56.00000    4.57825
  56.50000    4.58371
  57.00000    4.58891
  57.50000    4.58617
  58.00000    4.59378
  58.50000    4.59751
  59.00000    4.59672
  59.50000    4.60151
  60.00000    4.59062
  60.50000    4.59197
  61.00000    4.59116
  61.50000    4.60649
  62.00000    4.60600
  62.50000    4.61876
  63.00000    4.60807
  63.50000    4.60222
  64.00000    4.59973
  64.50000    4.61529
  65.00000    4.60727
  65.50000    4.60786
  66.00000    4.61135
  66.50000    4.61747
  67.00000    4.61026
  67.50000    4.59763
  68.00000    4.59108
  68.50000    4.59044
  69.00000    4.59651
  69.50000    4.59251
  70.00000    4.58784
  70.50000    4.57672
  71.00000    4.56954
  71.50000    4.55809
  72.00000    4.56103
  72.50000    4.56790
  73.00000    4.57007
  73.50000    4.55810
  74.00000    4.54573
  74.50000    4.55008
  75.00000    4.54532
  75.50000    4.53904
  76.00000    4.52194
  76.50000    4.52789
  77.00000    4.52854
  77.50000    4.53427
  78.00000    4.53538
  78.50000    4.53701
  79.00000    4.52813
  79.50000    4.52138
  80.00000    4.51633
  80.50000    4.52245
  81.00000    4.51524
  81.50000    4.51414
  82.00000    4.50949
  82.50000    4.51397
  83.00000    4.50794
  83.50000    4.50619
  84.00000    4.50622
  84.50000    4.50434
  85.00000    4.49823
  85.50000    4.48877
  86.00000    4.47795
  86.50000    4.48087
  87.00000    4.48644
  87.50000    4.48001
  88.00000    4.47720
  88.50000    4.48110
  89.00000    4.48424
  89.50000    4.47846
  90.00000    4.47624
  90.50000    4.46970
  91.00000    4.46376
  91.50000    4.45705
  92.00000    4.46015
  92.50000    4.46146
  93.00000    4.45884
  93.50000    4.44222
  94.00000    4.44177
  94.50000    4.43515
  95.00000    4.43012
  95.50000    4.43022
  96.00000    4.44434
  96.50000    4.43855
  97.00000    4.43180
  97.50000    4.42510
  98.00000    4.43817
  98.50000    4.42699
  99.00000    4.42132
  99.50000    4.41159
 100.00000    4.42185
 100.50000    4.41969
 101.00000    4.40692
 101.50000    4.41077
 102.00000    4.41282
 102.50000    4.41316
 103.00000    4.40049
 103.50000    4.40875
 104.00000    4.40785
 104.50000    4.39643
 105.00000    4.39316
 105.50000    4.39330
 106.00000    4.39548
 106.50000    4.38856
 107.00000    4.38280
 107.50000    4.37304
 108.00000    4.37905
 108.50000    4.37430
 109.00000    4.37006
 109.50000    4.36828
 110.00000    4.37255
 110.50000    4.36764
 111.00000    4.36482
 111.50000    4.36435
 112.00000    4.36295
 112.50000    4.36604
 113.00000    4.36091
 113.50000    4.35218
 114.00000    4.35348
 114.50000    4.35416
 115.00000    4.35156
 115.50000    4.34757
 116.00000    4.34847
 116.50000    4.34749
 117.00000    4.34280
 117.50000    4.34298
 118.00000    4.34083
 118.50000    4.33884
 119.00000    4.33517
 119.50000    4.33454
 120.00000    4.33128
 120.50000    4.32140
 121.00000    4.32303
 121.50000    4.32416
 122.00000    4.32898
 122.50000    4.32558
 123.00000    4.32038
 123.50000    4.31685
 124.00000    4.32291
 124.50000    4.32324
 125.00000    4.31610
 125.50000    4.31165
 126.00000    4.31173
 126.50000    4.31283
 127.00000    4.31386
 127.50000    4.31565
 128.00000    4.30349
 128.50000    4.29690
 129.00000    4.29244
 129.50000    4.30199
 130.00000    4.30018
 130.50000    4.29656
 131.00000    4.29464
 131.50000    4.30841
 132.00000    4.30286
 132.50000    4.29290
 133.00000    4.29062
 133.50000    4.29249
 134.00000    4.29295
 134.50000    4.29242
 135.00000    4.29102
 135.50000    4.28980
 136.00000    4.28970
 136.50000    4.29365
 137.00000    4.29538
 137.50000    4.30128
 138.00000    4.29133
 138.50000    4.29250
 139.00000    4.29904
 139.50000    4.29822
 140.00000    4.29156
 140.50000    4.28534
 141.00000    4.28667
 141.50000    4.29051
 142.00000    4.30103
 142.50000    4.30390
 143.00000    4.28861
 143.50000    4.28399
 144.00000    4.28061
 144.50000    4.29349
 145.00000    4.28706
 145.50000    4.29007
 146.00000    4.28384
 146.50000    4.29093
 147.00000    4.29348
 147.50000    4.29362
 148.00000    4.29439
 148.50000    4.29577
 149.00000    4.29025
 149.50000    4.27886
 150.00000    4.28761
