   0.00000    1.44039
   0.50000    2.14815
   1.00000    2.36054
   1.50000    2.49698
   2.00000    2.66365
   2.50000    2.75534
   3.00000    2.84460
   3.50000    2.99373
   4.00000    3.13194
   4.50000    3.19875
   5.00000    3.26286
   5.50000    3.33398
   6.00000    3.38450
   6.50000    3.40051
   7.00000    3.43012
   7.50000    3.46437
   8.00000    3.49633
   8.50000    3.48847
   9.00000    3.51757
   9.50000    3.53943
  10.00000    3.56855
  10.50000    3.57127
  11.00000    3.57600
  11.50000    3.59226
  12.00000    3.61095
  12.50000    3.62809
  13.00000    3.63282
  13.50000    3.66174
  14.00000    3.67238
  14.50000    3.68165
  15.00000    3.68255
  15.50000    3.68654
  16.00000    3.67738
  16.50000    3.68520
  17.00000    3.72307
  17.50000    3.72835
  18.00000    3.72853
  18.50000    3.72508
  19.00000    3.72776
  19.50000    3.71673
  20.00000    3.72572
  20.50000    3.75333
  21.00000    3.74763
  21.50000    3.78061
  22.00000    3.79869
  22.50000    3.80890
  23.00000    3.80071
  23.50000    3.82651
  24.00000    3.79781
  24.50000    3.75904
  25.00000    3.74226
  25.50000    3.76150
  26.00000    3.77114
  26.50000    3.78038
  27.00000    3.75967
  27.50000    3.74513
  28.00000    3.74723
  28.50000    3.74755
  29.00000    3.72106
  29.50000    3.69491
  30.00000    3.68395
  30.50000    3.66290
  31.00000    3.71023
  31.50000    3.74079
  32.00000    3.76299
  32.50000    3.75340
  33.00000    3.80966
  33.50000    3.82151
  34.00000    3.84634
  34.50000    3.87585
  35.00000    3.91936
  35.50000    3.96558
  36.00000    4.02064
  36.50000    4.04388
  37.00000    4.04144
  37.50000    4.05501
  38.00000    4.09739
  38.50000    4.12295
  39.00000    4.15650
  39.50000    4.18859
  40.00000    4.21294
  40.50000    4.21253
  41.00000    4.21631
  41.50000    4.21955
  42.00000    4.22908
  42.50000    4.24336
  43.00000    4.28143
  43.50000    4.35024
  44.00000    4.41570
  44.50000    4.44938
  45.00000    4.47418
  45.50000    4.52113
  46.00000    4.53885
  46.50000    4.54777
  47.00000    4.59032
  47.50000    4.63501
  48.00000    4.64211
  48.50000    4.62071
  49.00000    4.63328
  49.50000    4.66443
  50.00000    4.66702
  50.50000    4.64703
  51.00000    4.64224
  51.50000    4.64782
  52.00000    4.64831
  52.50000    4.61163
  53.00000    4.57704
  53.50000    4.56081
  54.00000    4.57215
  54.50000    4.56708
  55.00000    4.57109
  55.50000    4.57436
  56.00000    4.57606
  56.50000    4.59840
  57.00000    4.63268
  57.50000    4.64035
  58.00000    4.62604
  58.50000    4.61003
  59.00000    4.61283
  59.50000    4.61817
  60.00000    4.61598
  60.50000    4.62028
  61.00000    4.61350
  61.50000    4.59271
  62.00000    4.56158
  62.50000    4.58153
  63.00000    4.60307
  63.50000    4.62006
  64.00000    4.59152
  64.50000    4.59830
  65.00000    4.60457
  65.50000    4.63917
  66.00000    4.61742
  66.50000    4.60310
  67.00000    4.57596
  67.50000    4.58331
  68.00000    4.60149
  68.50000    4.62713
  69.00000    4.62996
  69.50000    4.60987
  70.00000    4.60920
  70.50000    4.60570
  71.00000    4.60232
  71.50000    4.58616
  72.00000    4.60943
  72.50000    4.61920
  73.00000    4.62183
  73.50000    4.60541
  74.00000    4.60746
  74.50000    4.59543
  75.00000    4.58488
  75.50000    4.58359
  76.00000    4.59142
  76.50000    4.61281
  77.00000    4.62817
  77.50000    4.63450
  78.00000    4.61165
  78.50000    4.61084
  79.00000    4.60943
  79.50000    4.60776
  80.00000    4.60429
  80.50000    4.60129
  81.00000    4.62065
  81.50000    4.64299
  82.00000    4.63399
  82.50000    4.62651
  83.00000    4.63131
  83.50000    4.65363
  84.00000    4.65151
  84.50000    4.66080
  85.00000    4.65800
  85.50000    4.64809
  86.00000    4.66400
  86.50000    4.67473
  87.00000    4.67998
  87.50000    4.66702
  88.00000    4.65676
  88.50000    4.66515
  89.00000    4.67372
  89.50000    4.67906
  90.00000    4.68351
  90.50000    4.69420
  91.00000    4.67275
  91.50000    4.67456
  92.00000    4.68350
  92.50000    4.71507
  93.00000    4.72833
  93.50000    4.72711
  94.00000    4.70352
  94.50000    4.69676
  95.00000    4.71840
  95.50000    4.71929
  96.00000    4.71262
  96.50000    4.71137
  97.00000    4.71233
  97.50000    4.71900
  98.00000    4.71532
  98.50000    4.73758
  99.00000    4.71969
  99.50000    4.71711
 100.00000    4.72995
 100.50000    4.74612
 101.00000    4.73337
 101.50000    4.75019
 102.00000    4.76692
 102.50000    4.77057
 103.00000    4.74687
 103.50000    4.76545
 104.00000    4.77168
 104.50000    4.77611
 105.00000    4.74563
 105.50000    4.76450
 106.00000    4.77716
 106.50000    4.79897
 107.00000    4.78624
 107.50000    4.79404
 108.00000    4.79093
 108.50000    4.81302
 109.00000    4.79723
 109.50000    4.78896
 110.00000    4.80874
 110.50000    4.80681
 111.00000    4.79527
 111.50000    4.79201
 112.00000    4.82429
 112.50000    4.80848
 113.00000    4.78378
 113.50000    4.76742
 114.00000    4.78459
 114.50000    4.78684
 115.00000    4.78847
 115.50000    4.80705
 116.00000    4.81211
 116.50000    4.79963
 117.00000    4.78992
 117.50000    4.79225
 118.00000    4.79377
 118.50000    4.79907
 119.00000    4.82633
 119.50000    4.82735
 120.00000    4.81694
 120.50000    4.81964
 121.00000    4.84477
 121.50000    4.85386
 122.00000    4.83386
 122.50000    4.82762
 123.00000    4.82145
 123.50000    4.83872
 124.00000    4.84595
 124.50000    4.84617
 125.00000    4.84638
 125.50000    4.81701
 126.00000    4.81783
 126.50000    4.82312
 127.00000    4.84935
 127.50000    4.83774
 128.00000    4.84177
 128.50000    4.82808
 129.00000    4.82907
 129.50000    4.83389
 130.00000    4.84780
 130.50000    4.84824
 131.00000    4.87473
 131.50000    4.85437
 132.00000    4.86286
 132.50000    4.85991
 133.00000    4.89164
 133.50000    4.88447
 134.00000    4.87537
 134.50000    4.84913
 135.00000    4.81358
 135.50000    4.80554
 136.00000    4.84326
 136.50000    4.85252
 137.00000    4.85477
 137.50000    4.85682
 138.00000    4.88897
 138.50000    4.88614
 139.00000    4.88067
 139.50000    4.87345
 140.00000    4.86334
 140.50000    4.88306
 141.00000    4.86628
 141.50000    4.86633
 142.00000    4.86366
 142.50000    4.88843
 143.00000    4.86916
 143.50000    4.82840
 144.00000    4.81392
 144.50000    4.83411
 145.00000    4.86210
 145.50000    4.81883
 146.00000    4.83209
 146.50000    4.84548
 147.00000    4.86217
 147.50000    4.85323
 148.00000    4.84799
 148.50000    4.85837
 149.00000    4.83150
 149.50000    4.82783
 150.00000    4.84834
