   0.00000    0.49730
   0.50000    1.07042
   1.00000    1.77096
   1.50000    2.21108
   2.00000    2.35335
   2.50000    2.66928
   3.00000    3.00470
   3.50000    3.21730
   4.00000    3.25982
   4.50000    3.30594
   5.00000    3.33944
   5.50000    3.38913
   6.00000    3.42662
   6.50000    3.47204
   7.00000    3.50707
   7.50000    3.50701
   8.00000    3.53470
   8.50000    3.56690
   9.00000    3.63324
   9.50000    3.65351
  10.00000    3.66356
  10.50000    3.67056
  11.00000    3.69349
  11.50000    3.71283
  12.00000    3.72484
  12.50000    3.76313
  13.00000    3.80365
  13.50000    3.81083
  14.00000    3.81761
  14.50000    3.83538
  15.00000    3.85051
  15.50000    3.86127
  16.00000    3.87889
  16.50000    3.89895
  17.00000    3.90644
  17.50000    3.94902
  18.00000    3.98455
  18.50000    4.01205
  19.00000    4.03207
  19.50000    4.07436
  20.00000    4.11924
  20.50000    4.13593
  21.00000    4.16459
  21.50000    4.22583
  22.00000    4.29744
  22.50000    4.38408
  23.00000    4.44494
  23.50000    4.51372
  24.00000    4.57259
  24.50000    4.65993
  25.00000    4.67026
  25.50000    4.64596
  26.00000    4.58896
  26.50000    4.55049
  27.00000    4.53479
  27.50000    4.53484
  28.00000    4.52068
  28.50000    4.50839
  29.00000    4.50374
  29.50000    4.49252
  30.00000    4.49848
  30.50000    4.54689
  31.00000    4.56440
  31.50000    4.55825
  32.00000    4.55782
  32.50000    4.58729
  33.00000    4.62233
  33.50000    4.64242
  34.00000    4.64957
  34.50000    4.64031
  35.00000    4.62851
  35.50000    4.64773
  36.00000    4.66405
  36.50000    4.67176
  37.00000    4.64710
  37.50000    4.62695
  38.00000    4.60824
  38.50000    4.61057
  39.00000    4.62364
  39.50000    4.60506
  40.00000    4.58057
  40.50000    4.60661
  41.00000    4.65488
  41.50000    4.66384
  42.00000    4.63318
  42.50000    4.61662
  43.00000    4.64483
  43.50000    4.66694
  44.00000    4.69625
  44.50000    4.69165
  45.00000    4.68482
  45.50000    4.67583
  46.00000    4.69911
  46.50000    4.70858
  47.00000    4.71725
  47.50000    4.72296
  48.00000    4.71897
  48.50000    4.70168
  49.00000    4.72369
  49.50000    4.73678
  50.00000    4.71897
  50.50000    4.70466
  51.00000    4.75856
  51.50000    4.78808
  52.00000    4.75779
  52.50000    4.72621
  53.00000    4.73190
  53.50000    4.73323
  54.00000    4.71587
  54.50000    4.70227
  55.00000    4.71513
  55.50000    4.71138
  56.00000    4.71815
  56.50000    4.70226
  57.00000    4.69387
  57.50000    4.67808
  58.00000    4.67681
  58.50000    4.67974
  59.00000    4.66532
  59.50000    4.67554
  60.00000    4.66498
  60.50000    4.66437
  61.00000    4.65718
  61.50000    4.67659
  62.00000    4.66204
  62.50000    4.65197
  63.00000    4.63719
  63.50000    4.63267
  64.00000    4.63161
  64.50000    4.63267
  65.00000    4.63964
  65.50000    4.62793
  66.00000    4.64208
  66.50000    4.63725
  67.00000    4.63071
  67.50000    4.58848
  68.00000    4.58658
  68.50000    4.61013
  69.00000    4.61963
  69.50000    4.60146
  70.00000    4.59196
  70.50000    4.58649
  71.00000    4.56866
  71.50000    4.55632
  72.00000    4.56237
  72.50000    4.56481
  73.00000    4.55694
  73.50000    4.53067
  74.00000    4.49166
  74.50000    4.49076
  75.00000    4.50597
  75.50000    4.51254
  76.00000    4.49799
  76.50000    4.50246
  77.00000    4.49882
  77.50000    4.47558
  78.00000    4.48785
  78.50000    4.49599
  79.00000    4.49399
  79.50000    4.47250
  80.00000    4.46788
  80.50000    4.46314
  81.00000    4.46399
  81.50000    4.46882
  82.00000    4.45825
  82.50000    4.44705
  83.00000    4.41947
  83.50000    4.40634
  84.00000    4.39768
  84.50000    4.41748
  85.00000    4.42010
  85.50000    4.42298
  86.00000    4.40224
  86.50000    4.40358
  87.00000    4.41360
  87.50000    4.43077
  88.00000    4.42301
  88.50000    4.40423
  89.00000    4.39233
  89.50000    4.39881
  90.00000    4.40759
  90.50000    4.40430
  91.00000    4.39260
  91.50000    4.37154
  92.00000    4.37886
  92.50000    4.37492
  93.00000    4.37497
  93.50000    4.35145
  94.00000    4.35667
  94.50000    4.34868
  95.00000    4.36126
  95.50000    4.34710
  96.00000    4.33779
  96.50000    4.32285
  97.00000    4.31682
  97.50000    4.32428
  98.00000    4.33470
  98.50000    4.34265
  99.00000    4.32089
  99.50000    4.29935
 100.00000    4.29595
 100.50000    4.31062
 101.00000    4.30725
 101.50000    4.30415
 102.00000    4.30559
 102.50000    4.30212
 103.00000    4.29965
 103.50000    4.29378
 104.00000    4.28798
 104.50000    4.28500
 105.00000    4.30536
 105.50000    4.31153
 106.00000    4.31174
 106.50000    4.29183
 107.00000    4.26263
 107.50000    4.24524
 108.00000    4.24946
 108.50000    4.24559
 109.00000    4.23527
 109.50000    4.24075
 110.00000    4.24381
 110.50000    4.25659
 111.00000    4.26267
 111.50000    4.25140
 112.00000    4.22753
 112.50000    4.22384
 113.00000    4.22912
 113.50000    4.21445
 114.00000    4.21327
 114.50000    4.21694
 115.00000    4.23165
 115.50000    4.21876
 116.00000    4.21446
 116.50000    4.22471
 117.00000    4.22208
 117.50000    4.20528
 118.00000    4.20340
 118.50000    4.24277
 119.00000    4.25575
 119.50000    4.23860
 120.00000    4.20487
 120.50000    4.21355
 121.00000    4.22984
 121.50000    4.22779
 122.00000    4.21153
 122.50000    4.21329
 123.00000    4.20059
 123.50000    4.21894
 124.00000    4.21863
 124.50000    4.22111
 125.00000    4.19553
 125.50000    4.19032
 126.00000    4.18764
 126.50000    4.22187
 127.00000    4.22325
 127.50000    4.20574
 128.00000    4.17432
 128.50000    4.18662
 129.00000    4.17983
 129.50000    4.18992
 130.00000    4.18414
 130.50000    4.17391
 131.00000    4.16209
 131.50000    4.15653
 132.00000    4.15428
 132.50000    4.15768
 133.00000    4.18410
 133.50000    4.19682
 134.00000    4.19602
 134.50000    4.18384
 135.00000    4.15706
 135.50000    4.13933
 136.00000    4.15225
 136.50000    4.16808
 137.00000    4.17210
 137.50000    4.17326
 138.00000    4.18305
 138.50000    4.18638
 139.00000    4.20540
 139.50000    4.20169
 140.00000    4.17652
 140.50000    4.16278
 141.00000    4.18500
 141.50000    4.19915
 142.00000    4.19052
 142.50000    4.18186
 143.00000    4.16449
 143.50000    4.16934
 144.00000    4.17880
 144.50000    4.20603
 145.00000    4.19476
 145.50000    4.18681
 146.00000    4.17276
 146.50000    4.19022
 147.00000    4.17709
 147.50000    4.17907
 148.00000    4.16030
 148.50000    4.18366
 149.00000    4.20381
 149.50000    4.24335
 150.00000    4.19848
