   0.00000    1.55217
   0.50000    2.74176
   1.00000    3.03553
   1.50000    3.09184
   2.00000    3.25944
   2.50000    3.30486
   3.00000    3.30279
   3.50000    3.31200
   4.00000    3.35081
   4.50000    3.39611
   5.00000    3.41381
   5.50000    3.40671
   6.00000    3.41824
   6.50000    3.44603
   7.00000    3.47738
   7.50000    3.48330
   8.00000    3.48002
   8.50000    3.49804
   9.00000    3.50375
   9.50000    3.49903
  10.00000    3.49381
  10.50000    3.51773
  11.00000    3.53018
  11.50000    3.53069
  12.00000    3.52755
  12.50000    3.54078
  13.00000    3.55483
  13.50000    3.58594
  14.00000    3.60044
  14.50000    3.60212
  15.00000    3.58716
  15.50000    3.58628
  16.00000    3.59800
  16.50000    3.61429
  17.00000    3.62594
  17.50000    3.62963
  18.00000    3.63597
  18.50000    3.63444
  19.00000    3.63956
  19.50000    3.63978
  20.00000    3.65038
  20.50000    3.66425
  21.00000    3.65758
  21.50000    3.65373
  22.00000    3.65436
  22.50000    3.67955
  23.00000    3.69362
  23.50000    3.71497
  24.00000    3.71597
  24.50000    3.70733
  25.00000    3.69615
  25.50000    3.70881
  26.00000    3.72864
  26.50000    3.75275
  27.00000    3.76639
  27.50000    3.79210
  28.00000    3.83177
  28.50000    3.88972
  29.00000    3.95058
  29.50000    4.01270
  30.00000    4.06997
  30.50000    4.10296
  31.00000    4.14123
  31.50000    4.19259
  32.00000    4.23681
  32.50000    4.25758
  33.00000    4.26543
  33.50000    4.28223
  34.00000    4.29450
  34.50000    4.31629
  35.00000    4.33143
  35.50000    4.35513
  36.00000    4.37129
  36.50000    4.39141
  37.00000    4.41217
  37.50000    4.41404
  38.00000    4.40855
  38.50000    4.41822
  39.00000    4.42095
  39.50000    4.41397
  40.00000    4.39656
  40.50000    4.39641
  41.00000    4.41047
  41.50000    4.43641
  42.00000    4.45074
  42.50000    4.44950
  43.00000    4.47350
  43.50000    4.49902
  44.00000    4.52953
  44.50000    4.53113
  45.00000    4.53540
  45.50000    4.52459
  46.00000    4.51590
  46.50000    4.49286
  47.00000    4.50641
  47.50000    4.51829
  48.00000    4.52330
  48.50000    4.49773
  49.00000    4.50459
  49.50000    4.50275
  50.00000    4.50735
  50.50000    4.50402
  51.00000    4.51190
  51.50000    4.50562
  52.00000    4.49390
  52.50000    4.49652
  53.00000    4.51399
  53.50000    4.53514
  54.00000    4.53677
  54.50000    4.52205
  55.00000    4.51793
  55.50000    4.51757
  56.00000    4.53276
  56.50000    4.52952
  57.00000    4.52794
  57.50000    4.53600
  58.00000    4.54367
  58.50000    4.54597
  59.00000    4.52272
  59.50000    4.52551
  60.00000    4.52591
  60.50000    4.53348
  61.00000    4.53601
  61.50000    4.53713
  62.00000    4.53903
  62.50000    4.53614
  63.00000    4.54569
  63.50000    4.54176
  64.00000    4.53882
  64.50000    4.54244
  65.00000    4.53958
  65.50000    4.53552
  66.00000    4.54175
  66.50000    4.53996
  67.00000    4.53472
  67.50000    4.53538
  68.00000    4.55986
  68.50000    4.56208
  69.00000    4.55155
  69.50000    4.52387
  70.00000    4.51862
  70.50000    4.53121
  71.00000    4.53595
  71.50000    4.52838
  72.00000    4.52949
  72.50000    4.53540
  73.00000    4.53640
  73.50000    4.53209
  74.00000    4.53585
  74.50000    4.53283
  75.00000    4.53883
  75.50000    4.53410
  76.00000    4.53391
  76.50000    4.52008
  77.00000    4.51697
  77.50000    4.51831
  78.00000    4.54040
  78.50000    4.54833
  79.00000    4.53639
  79.50000    4.51550
  80.00000    4.51521
  80.50000    4.52650
  81.00000    4.52851
  81.50000    4.53175
  82.00000    4.52220
  82.50000    4.51176
  83.00000    4.50555
  83.50000    4.51606
  84.00000    4.51502
  84.50000    4.51749
  85.00000    4.50959
  85.50000    4.51158
  86.00000    4.51327
  86.50000    4.50456
  87.00000    4.49309
  87.50000    4.50131
  88.00000    4.51288
  88.50000    4.49680
  89.00000    4.49215
  89.50000    4.49582
  90.00000    4.48688
  90.50000    4.48427
  91.00000    4.49241
  91.50000    4.49741
  92.00000    4.48197
  92.50000    4.47772
  93.00000    4.48323
  93.50000    4.49299
  94.00000    4.50121
  94.50000    4.47985
  95.00000    4.48204
  95.50000    4.48234
  96.00000    4.48546
  96.50000    4.46858
  97.00000    4.48392
  97.50000    4.48365
  98.00000    4.47134
  98.50000    4.46392
  99.00000    4.46649
  99.50000    4.46328
 100.00000    4.44964
 100.50000    4.45073
 101.00000    4.46072
 101.50000    4.46094
 102.00000    4.44435
 102.50000    4.44741
 103.00000    4.45093
 103.50000    4.44133
 104.00000    4.43553
 104.50000    4.45571
 105.00000    4.46231
 105.50000    4.45431
 106.00000    4.44935
 106.50000    4.45539
 107.00000    4.44318
 107.50000    4.45194
 108.00000    4.44800
 108.50000    4.44927
 109.00000    4.42582
 109.50000    4.43569
 110.00000    4.43633
 110.50000    4.43109
 111.00000    4.43038
 111.50000    4.44267
 112.00000    4.45370
 112.50000    4.44684
 113.00000    4.45540
 113.50000    4.45862
 114.00000    4.44534
 114.50000    4.42828
 115.00000    4.42970
 115.50000    4.43114
 116.00000    4.42697
 116.50000    4.40965
 117.00000    4.39917
 117.50000    4.40303
 118.00000    4.42976
 118.50000    4.43925
 119.00000    4.42610
 119.50000    4.42494
 120.00000    4.42860
 120.50000    4.42582
 121.00000    4.42578
 121.50000    4.42449
 122.00000    4.41902
 122.50000    4.40427
 123.00000    4.40556
 123.50000    4.41534
 124.00000    4.42373
 124.50000    4.42565
 125.00000    4.43166
 125.50000    4.42530
 126.00000    4.40284
 126.50000    4.40088
 127.00000    4.41804
 127.50000    4.42372
 128.00000    4.42082
 128.50000    4.41884
 129.00000    4.40528
 129.50000    4.39975
 130.00000    4.39434
 130.50000    4.40347
 131.00000    4.41293
 131.50000    4.41756
 132.00000    4.41140
 132.50000    4.41207
 133.00000    4.41959
 133.50000    4.40623
 134.00000    4.40446
 134.50000    4.41468
 135.00000    4.42524
 135.50000    4.41661
 136.00000    4.40399
 136.50000    4.41527
 137.00000    4.41144
 137.50000    4.41178
 138.00000    4.40484
 138.50000    4.41702
 139.00000    4.41349
 139.50000    4.41906
 140.00000    4.41151
 140.50000    4.39966
 141.00000    4.39653
 141.50000    4.39852
 142.00000    4.40456
 142.50000    4.41319
 143.00000    4.41881
 143.50000    4.40970
 144.00000    4.39801
 144.50000    4.40355
 145.00000    4.40515
 145.50000    4.41327
 146.00000    4.42049
 146.50000    4.43220
 147.00000    4.43191
 147.50000    4.42334
 148.00000    4.41709
 148.50000    4.41862
 149.00000    4.40753
 149.50000    4.39636
 150.00000    4.41269
