   0.00000    1.52039
   0.50000    2.02667
   1.00000    2.40016
   1.50000    2.66194
   2.00000    2.94572
   2.50000    3.09428
   3.00000    3.20668
   3.50000    3.26925
   4.00000    3.37986
   4.50000    3.47627
   5.00000    3.51596
   5.50000    3.51436
   6.00000    3.50641
   6.50000    3.51389
   7.00000    3.52363
   7.50000    3.52796
   8.00000    3.53072
   8.50000    3.53439
   9.00000    3.53872
   9.50000    3.54874
  10.00000    3.56049
  10.50000    3.56026
  11.00000    3.55299
  11.50000    3.55535
  12.00000    3.56101
  12.50000    3.56928
  13.00000    3.57171
  13.50000    3.57717
  14.00000    3.57637
  14.50000    3.58134
  15.00000    3.58528
  15.50000    3.59039
  16.00000    3.59419
  16.50000    3.59432
  17.00000    3.59202
  17.50000    3.59374
  18.00000    3.59805
  18.50000    3.59769
  19.00000    3.59761
  19.50000    3.60254
  20.00000    3.61020
  20.50000    3.61188
  21.00000    3.61312
  21.50000    3.61511
  22.00000    3.62051
  22.50000    3.62043
  23.00000    3.62372
  23.50000    3.63063
  24.00000    3.64084
  24.50000    3.65391
  25.00000    3.65989
  25.50000    3.64962
  26.00000    3.63098
  26.50000    3.61987
  27.00000    3.61101
  27.50000    3.60298
  28.00000    3.59696
  28.50000    3.60514
  29.00000    3.62015
  29.50000    3.64137
  30.00000    3.66137
  30.50000    3.68533
  31.00000    3.70713
  31.50000    3.72358
  32.00000    3.74181
  32.50000    3.75535
  33.00000    3.77391
  33.50000    3.79845
  34.00000    3.82226
  34.50000    3.84663
  35.00000    3.87487
  35.50000    3.90382
  36.00000    3.92522
  36.50000    3.93886
  37.00000    3.95263
  37.50000    3.96322
  38.00000    3.96826
  38.50000    3.96506
  39.00000    3.96147
  39.50000    3.97371
  40.00000    3.98402
  40.50000    4.00052
  41.00000    4.00901
  41.50000    4.02091
  42.00000    4.02660
  42.50000    4.03890
  43.00000    4.05207
  43.50000    4.05933
  44.00000    4.07257
  44.50000    4.09744
  45.00000    4.11959
  45.50000    4.12941
  46.00000    4.13135
  46.50000    4.13209
  47.00000    4.14561
  47.50000    4.17996
  48.00000    4.21910
  48.50000    4.26088
  49.00000    4.30946
  49.50000    4.36055
  50.00000    4.40165
  50.50000    4.42898
  51.00000    4.44767
  51.50000    4.46340
  52.00000    4.46952
  52.50000    4.47539
  53.00000    4.48334
  53.50000    4.49269
  54.00000    4.49477
  54.50000    4.51095
  55.00000    4.51733
  55.50000    4.52496
  56.00000    4.52971
  56.50000    4.53943
  57.00000    4.53901
  57.50000    4.53901
  58.00000    4.53919
  58.50000    4.54311
  59.00000    4.54756
  59.50000    4.55114
  60.00000    4.55385
  60.50000    4.55802
  61.00000    4.56074
  61.50000    4.56803
  62.00000    4.57464
  62.50000    4.57844
  63.00000    4.58202
  63.50000    4.58122
  64.00000    4.58049
  64.50000    4.57927
  65.00000    4.58607
  65.50000    4.58585
  66.00000    4.58822
  66.50000    4.58535
  67.00000    4.58978
  67.50000    4.59510
  68.00000    4.60187
  68.50000    4.59654
  69.00000    4.59006
  69.50000    4.59190
  70.00000    4.59659
  70.50000    4.60267
  71.00000    4.60500
  71.50000    4.60204
  72.00000    4.59749
  72.50000    4.59857
  73.00000    4.60334
  73.50000    4.60737
  74.00000    4.61161
  74.50000    4.61333
  75.00000    4.61112
  75.50000    4.61195
  76.00000    4.60920
  76.50000    4.61233
  77.00000    4.61488
  77.50000    4.61770
  78.00000    4.61783
  78.50000    4.61598
  79.00000    4.61372
  79.50000    4.61035
  80.00000    4.60939
  80.50000    4.60704
  81.00000    4.60928
  81.50000    4.61218
  82.00000    4.61298
  82.50000    4.61092
  83.00000    4.60974
  83.50000    4.61255
  84.00000    4.61584
  84.50000    4.61326
  85.00000    4.61079
  85.50000    4.61366
  86.00000    4.61160
  86.50000    4.60497
  87.00000    4.60209
  87.50000    4.60647
  88.00000    4.60616
  88.50000    4.60453
  89.00000    4.59826
  89.50000    4.59323
  90.00000    4.59200
  90.50000    4.59264
  91.00000    4.59690
  91.50000    4.60060
  92.00000    4.60537
  92.50000    4.59990
  93.00000    4.59365
  93.50000    4.58890
  94.00000    4.58669
  94.50000    4.58313
  95.00000    4.58633
  95.50000    4.59123
  96.00000    4.59240
  96.50000    4.58619
  97.00000    4.58076
  97.50000    4.58056
  98.00000    4.57898
  98.50000    4.57551
  99.00000    4.57589
  99.50000    4.57888
 100.00000    4.57904
 100.50000    4.57692
 101.00000    4.57996
 101.50000    4.57920
 102.00000    4.57815
 102.50000    4.57686
 103.00000    4.57522
 103.50000    4.57249
 104.00000    4.56690
 104.50000    4.56805
 105.00000    4.56816
 105.50000    4.56630
 106.00000    4.56262
 106.50000    4.56063
 107.00000    4.55865
 107.50000    4.55795
 108.00000    4.56555
 108.50000    4.56040
 109.00000    4.55844
 109.50000    4.55428
 110.00000    4.55889
 110.50000    4.55448
 111.00000    4.55595
 111.50000    4.55214
 112.00000    4.55138
 112.50000    4.55499
 113.00000    4.55389
 113.50000    4.54995
 114.00000    4.54763
 114.50000    4.54616
 115.00000    4.53758
 115.50000    4.53821
 116.00000    4.54277
 116.50000    4.54495
 117.00000    4.53761
 117.50000    4.54287
 118.00000    4.54462
 118.50000    4.54317
 119.00000    4.53587
 119.50000    4.54123
 120.00000    4.53818
 120.50000    4.53838
 121.00000    4.53361
 121.50000    4.53110
 122.00000    4.52443
 122.50000    4.53143
 123.00000    4.53162
 123.50000    4.52765
 124.00000    4.52618
 124.50000    4.52925
 125.00000    4.52913
 125.50000    4.52700
 126.00000    4.52608
 126.50000    4.52549
 127.00000    4.52654
 127.50000    4.52072
 128.00000    4.51679
 128.50000    4.51666
 129.00000    4.52139
 129.50000    4.52187
 130.00000    4.52022
 130.50000    4.51454
 131.00000    4.50955
 131.50000    4.50523
 132.00000    4.51144
 132.50000    4.51271
 133.00000    4.51120
 133.50000    4.50846
 134.00000    4.50829
 134.50000    4.50941
 135.00000    4.51140
 135.50000    4.51304
 136.00000    4.50630
 136.50000    4.50441
 137.00000    4.50489
 137.50000    4.50955
 138.00000    4.50869
 138.50000    4.51089
 139.00000    4.50660
 139.50000    4.50399
 140.00000    4.49821
 140.50000    4.50169
 141.00000    4.50080
 141.50000    4.50144
 142.00000    4.50095
 142.50000    4.49763
 143.00000    4.49655
 143.50000    4.50222
 144.00000    4.50622
 144.50000    4.49823
 145.00000    4.49584
 145.50000    4.49987
 146.00000    4.49940
 146.50000    4.49526
 147.00000    4.49486
 147.50000    4.49816
 148.00000    4.49209
 148.50000    4.49383
 149.00000    4.50064
 149.50000    4.50822
 150.00000    4.50067
