   0.00000    1.55313
   0.50000    2.63439
   1.00000    2.96962
   1.50000    3.12134
   2.00000    3.31363
   2.50000    3.47151
   3.00000    3.52382
   3.50000    3.54695
   4.00000    3.53669
   4.50000    3.53842
   5.00000    3.53344
   5.50000    3.53726
   6.00000    3.54046
   6.50000    3.55544
   7.00000    3.56779
   7.50000    3.57661
   8.00000    3.57088
   8.50000    3.57925
   9.00000    3.58693
   9.50000    3.59075
  10.00000    3.59250
  10.50000    3.60464
  11.00000    3.61898
  11.50000    3.62345
  12.00000    3.62681
  12.50000    3.62997
  13.00000    3.63553
  13.50000    3.64090
  14.00000    3.65405
  14.50000    3.66646
  15.00000    3.66973
  15.50000    3.66761
  16.00000    3.67795
  16.50000    3.69204
  17.00000    3.69857
  17.50000    3.70232
  18.00000    3.70511
  18.50000    3.71630
  19.00000    3.72498
  19.50000    3.73203
  20.00000    3.73320
  20.50000    3.74385
  21.00000    3.75166
  21.50000    3.75909
  22.00000    3.76235
  22.50000    3.76430
  23.00000    3.75646
  23.50000    3.75893
  24.00000    3.76703
  24.50000    3.77681
  25.00000    3.78336
  25.50000    3.80470
  26.00000    3.82325
  26.50000    3.83229
  27.00000    3.84074
  27.50000    3.84525
  28.00000    3.85813
  28.50000    3.87022
  29.00000    3.88559
  29.50000    3.87872
  30.00000    3.88518
  30.50000    3.88865
  31.00000    3.88772
  31.50000    3.88031
  32.00000    3.88466
  32.50000    3.89156
  33.00000    3.89386
  33.50000    3.89272
  34.00000    3.90037
  34.50000    3.90869
  35.00000    3.92295
  35.50000    3.94180
  36.00000    3.97766
  36.50000    3.99478
  37.00000    4.00654
  37.50000    4.01495
  38.00000    4.01792
  38.50000    4.02339
  39.00000    4.01716
  39.50000    4.03208
  40.00000    4.04598
  40.50000    4.06593
  41.00000    4.05973
  41.50000    4.06237
  42.00000    4.07677
  42.50000    4.09377
  43.00000    4.11576
  43.50000    4.14269
  44.00000    4.16553
  44.50000    4.18226
  45.00000    4.19414
  45.50000    4.21159
  46.00000    4.21669
  46.50000    4.22171
  47.00000    4.24434
  47.50000    4.28914
  48.00000    4.32178
  48.50000    4.34240
  49.00000    4.36188
  49.50000    4.38051
  50.00000    4.38757
  50.50000    4.39797
  51.00000    4.41358
  51.50000    4.42931
  52.00000    4.45314
  52.50000    4.46675
  53.00000    4.47404
  53.50000    4.46705
  54.00000    4.47219
  54.50000    4.47660
  55.00000    4.48526
  55.50000    4.49186
  56.00000    4.49385
  56.50000    4.49139
  57.00000    4.49239
  57.50000    4.50297
  58.00000    4.51166
  58.50000    4.51001
  59.00000    4.50379
  59.50000    4.50748
  60.00000    4.51337
  60.50000    4.52224
  61.00000    4.52574
  61.50000    4.52845
  62.00000    4.52842
  62.50000    4.53110
  63.00000    4.52403
  63.50000    4.51926
  64.00000    4.53632
  64.50000    4.54898
  65.00000    4.54816
  65.50000    4.53368
  66.00000    4.53509
  66.50000    4.54320
  67.00000    4.55144
  67.50000    4.54718
  68.00000    4.54388
  68.50000    4.55814
  69.00000    4.56607
  69.50000    4.56431
  70.00000    4.55904
  70.50000    4.55620
  71.00000    4.54851
  71.50000    4.54878
  72.00000    4.55886
  72.50000    4.55963
  73.00000    4.55326
  73.50000    4.55446
  74.00000    4.55909
  74.50000    4.56633
  75.00000    4.56070
  75.50000    4.55844
  76.00000    4.55878
  76.50000    4.56968
  77.00000    4.56549
  77.50000    4.55639
  78.00000    4.56204
  78.50000    4.56952
  79.00000    4.57525
  79.50000    4.56532
  80.00000    4.56213
  80.50000    4.55944
  81.00000    4.56605
  81.50000    4.56400
  82.00000    4.56473
  82.50000    4.55978
  83.00000    4.56574
  83.50000    4.56894
  84.00000    4.57465
  84.50000    4.56356
  85.00000    4.55177
  85.50000    4.54181
  86.00000    4.54427
  86.50000    4.55111
  87.00000    4.55432
  87.50000    4.55041
  88.00000    4.55008
  88.50000    4.55160
  89.00000    4.54973
  89.50000    4.54531
  90.00000    4.55051
  90.50000    4.55203
  91.00000    4.54852
  91.50000    4.54540
  92.00000    4.54355
  92.50000    4.53809
  93.00000    4.54245
  93.50000    4.54945
  94.00000    4.54854
  94.50000    4.53727
  95.00000    4.53196
  95.50000    4.52778
  96.00000    4.53212
  96.50000    4.53122
  97.00000    4.53129
  97.50000    4.52458
  98.00000    4.52808
  98.50000    4.52718
  99.00000    4.52529
  99.50000    4.51878
 100.00000    4.52460
 100.50000    4.52352
 101.00000    4.51675
 101.50000    4.51070
 102.00000    4.51434
 102.50000    4.51443
 103.00000    4.51399
 103.50000    4.50887
 104.00000    4.51125
 104.50000    4.50700
 105.00000    4.50438
 105.50000    4.49117
 106.00000    4.49563
 106.50000    4.49126
 107.00000    4.49386
 107.50000    4.48963
 108.00000    4.49583
 108.50000    4.48920
 109.00000    4.48586
 109.50000    4.47859
 110.00000    4.48588
 110.50000    4.48749
 111.00000    4.48598
 111.50000    4.48020
 112.00000    4.47742
 112.50000    4.47633
 113.00000    4.47312
 113.50000    4.47590
 114.00000    4.46919
 114.50000    4.46933
 115.00000    4.46795
 115.50000    4.47299
 116.00000    4.47220
 116.50000    4.46118
 117.00000    4.45696
 117.50000    4.45899
 118.00000    4.46325
 118.50000    4.45709
 119.00000    4.46159
 119.50000    4.46397
 120.00000    4.46370
 120.50000    4.45700
 121.00000    4.44774
 121.50000    4.44722
 122.00000    4.45094
 122.50000    4.45315
 123.00000    4.44317
 123.50000    4.44262
 124.00000    4.44880
 124.50000    4.45270
 125.00000    4.44335
 125.50000    4.43759
 126.00000    4.43833
 126.50000    4.44522
 127.00000    4.44091
 127.50000    4.43743
 128.00000    4.43773
 128.50000    4.43791
 129.00000    4.43482
 129.50000    4.42786
 130.00000    4.41775
 130.50000    4.41905
 131.00000    4.42347
 131.50000    4.43197
 132.00000    4.42141
 132.50000    4.42648
 133.00000    4.42426
 133.50000    4.42639
 134.00000    4.41817
 134.50000    4.41760
 135.00000    4.42544
 135.50000    4.42772
 136.00000    4.42239
 136.50000    4.41310
 137.00000    4.41053
 137.50000    4.41995
 138.00000    4.41623
 138.50000    4.41457
 139.00000    4.40825
 139.50000    4.41774
 140.00000    4.41139
 140.50000    4.40638
 141.00000    4.40677
 141.50000    4.41087
 142.00000    4.42038
 142.50000    4.41296
 143.00000    4.40870
 143.50000    4.40843
 144.00000    4.41741
 144.50000    4.41513
 145.00000    4.41323
 145.50000    4.41519
 146.00000    4.41100
 146.50000    4.41066
 147.00000    4.41313
 147.50000    4.40820
 148.00000    4.40695
 148.50000    4.41519
 149.00000    4.42289
 149.50000    4.41559
 150.00000    4.41461
