   0.00000    1.38828
   0.50000    2.07851
   1.00000    2.61218
   1.50000    2.94094
   2.00000    3.12267
   2.50000    3.19158
   3.00000    3.23646
   3.50000    3.26748
   4.00000    3.31372
   4.50000    3.35333
   5.00000    3.37569
   5.50000    3.39530
   6.00000    3.41294
   6.50000    3.42708
   7.00000    3.44196
   7.50000    3.45474
   8.00000    3.46187
   8.50000    3.47394
   9.00000    3.47889
   9.50000    3.48920
  10.00000    3.49856
  10.50000    3.51103
  11.00000    3.51541
  11.50000    3.52435
  12.00000    3.53357
  12.50000    3.53524
  13.00000    3.54042
  13.50000    3.54774
  14.00000    3.55459
  14.50000    3.55673
  15.00000    3.56367
  15.50000    3.57212
  16.00000    3.57378
  16.50000    3.57714
  17.00000    3.58180
  17.50000    3.58556
  18.00000    3.59055
  18.50000    3.58937
  19.00000    3.59031
  19.50000    3.58787
  20.00000    3.59522
  20.50000    3.60067
  21.00000    3.59989
  21.50000    3.59844
  22.00000    3.59995
  22.50000    3.60391
  23.00000    3.60101
  23.50000    3.59990
  24.00000    3.60086
  24.50000    3.60657
  25.00000    3.61885
  25.50000    3.62233
  26.00000    3.62093
  26.50000    3.61779
  27.00000    3.61416
  27.50000    3.61157
  28.00000    3.62057
  28.50000    3.63853
  29.00000    3.64324
  29.50000    3.63981
  30.00000    3.64262
  30.50000    3.64834
  31.00000    3.65188
  31.50000    3.65440
  32.00000    3.66358
  32.50000    3.66685
  33.00000    3.66593
  33.50000    3.66755
  34.00000    3.67817
  34.50000    3.69083
  35.00000    3.69567
  35.50000    3.70009
  36.00000    3.70658
  36.50000    3.71986
  37.00000    3.72219
  37.50000    3.72714
  38.00000    3.73240
  38.50000    3.74830
  39.00000    3.75700
  39.50000    3.76670
  40.00000    3.77740
  40.50000    3.79126
  41.00000    3.80760
  41.50000    3.81894
  42.00000    3.83349
  42.50000    3.84152
  43.00000    3.85289
  43.50000    3.86493
  44.00000    3.88563
  44.50000    3.90849
  45.00000    3.92401
  45.50000    3.94482
  46.00000    3.96179
  46.50000    3.98186
  47.00000    3.99653
  47.50000    4.03517
  48.00000    4.07991
  48.50000    4.11745
  49.00000    4.15685
  49.50000    4.20986
  50.00000    4.25269
  50.50000    4.26942
  51.00000    4.27805
  51.50000    4.29053
  52.00000    4.29873
  52.50000    4.30354
  53.00000    4.30658
  53.50000    4.30590
  54.00000    4.30865
  54.50000    4.31479
  55.00000    4.31789
  55.50000    4.31597
  56.00000    4.31746
  56.50000    4.31854
  57.00000    4.32311
  57.50000    4.32435
  58.00000    4.32394
  58.50000    4.31951
  59.00000    4.32109
  59.50000    4.32633
  60.00000    4.31881
  60.50000    4.30785
  61.00000    4.29958
  61.50000    4.30654
  62.00000    4.30429
  62.50000    4.29915
  63.00000    4.29387
  63.50000    4.28990
  64.00000    4.29697
  64.50000    4.30025
  65.00000    4.30106
  65.50000    4.29050
  66.00000    4.29441
  66.50000    4.29528
  67.00000    4.29448
  67.50000    4.28660
  68.00000    4.28970
  68.50000    4.29781
  69.00000    4.30078
  69.50000    4.30118
  70.00000    4.29976
  70.50000    4.29657
  71.00000    4.29007
  71.50000    4.29448
  72.00000    4.29690
  72.50000    4.29753
  73.00000    4.29721
  73.50000    4.30697
  74.00000    4.30948
  74.50000    4.30541
  75.00000    4.30563
  75.50000    4.30925
  76.00000    4.31294
  76.50000    4.31401
  77.00000    4.31569
  77.50000    4.30941
  78.00000    4.30761
  78.50000    4.31897
  79.00000    4.32691
  79.50000    4.32624
  80.00000    4.32134
  80.50000    4.32174
  81.00000    4.31517
  81.50000    4.31495
  82.00000    4.31833
  82.50000    4.32473
  83.00000    4.32045
  83.50000    4.31731
  84.00000    4.31553
  84.50000    4.32276
  85.00000    4.32717
  85.50000    4.32450
  86.00000    4.32134
  86.50000    4.32265
  87.00000    4.32880
  87.50000    4.32913
  88.00000    4.32994
  88.50000    4.32222
  89.00000    4.32973
  89.50000    4.33747
  90.00000    4.34523
  90.50000    4.33368
  91.00000    4.33035
  91.50000    4.33204
  92.00000    4.33733
  92.50000    4.33603
  93.00000    4.33492
  93.50000    4.33596
  94.00000    4.33547
  94.50000    4.34036
  95.00000    4.34438
  95.50000    4.34363
  96.00000    4.33670
  96.50000    4.33898
  97.00000    4.33982
  97.50000    4.34445
  98.00000    4.34895
  98.50000    4.34605
  99.00000    4.33903
  99.50000    4.34373
 100.00000    4.34867
 100.50000    4.34751
 101.00000    4.34698
 101.50000    4.35315
 102.00000    4.35236
 102.50000    4.35097
 103.00000    4.35460
 103.50000    4.35512
 104.00000    4.35404
 104.50000    4.35226
 105.00000    4.35938
 105.50000    4.35945
 106.00000    4.35772
 106.50000    4.35459
 107.00000    4.36385
 107.50000    4.37052
 108.00000    4.37390
 108.50000    4.36887
 109.00000    4.36664
 109.50000    4.36921
 110.00000    4.37367
 110.50000    4.37699
 111.00000    4.37698
 111.50000    4.38095
 112.00000    4.37724
 112.50000    4.37777
 113.00000    4.38047
 113.50000    4.39140
 114.00000    4.38973
 114.50000    4.38905
 115.00000    4.38741
 115.50000    4.39300
 116.00000    4.39053
 116.50000    4.39546
 117.00000    4.39522
 117.50000    4.39779
 118.00000    4.39542
 118.50000    4.40040
 119.00000    4.40062
 119.50000    4.40043
 120.00000    4.40245
 120.50000    4.40448
 121.00000    4.40733
 121.50000    4.40686
 122.00000    4.41298
 122.50000    4.41545
 123.00000    4.41953
 123.50000    4.41901
 124.00000    4.42253
 124.50000    4.42347
 125.00000    4.42584
 125.50000    4.42370
 126.00000    4.42766
 126.50000    4.42608
 127.00000    4.42951
 127.50000    4.43146
 128.00000    4.43474
 128.50000    4.43456
 129.00000    4.44151
 129.50000    4.44629
 130.00000    4.44583
 130.50000    4.44426
 131.00000    4.44587
 131.50000    4.44709
 132.00000    4.45013
 132.50000    4.45158
 133.00000    4.45474
 133.50000    4.45494
 134.00000    4.45349
 134.50000    4.45230
 135.00000    4.45650
 135.50000    4.46035
 136.00000    4.46527
 136.50000    4.46546
 137.00000    4.47134
 137.50000    4.46637
 138.00000    4.46793
 138.50000    4.47145
 139.00000    4.47649
 139.50000    4.47158
 140.00000    4.47333
 140.50000    4.47627
 141.00000    4.47944
 141.50000    4.47735
 142.00000    4.48167
 142.50000    4.48529
 143.00000    4.48905
 143.50000    4.48552
 144.00000    4.48606
 144.50000    4.48819
 145.00000    4.49363
 145.50000    4.49627
 146.00000    4.49260
 146.50000    4.48434
 147.00000    4.49025
 147.50000    4.49636
 148.00000    4.49951
 148.50000    4.49849
 149.00000    4.49797
 149.50000    4.49449
 150.00000    4.50427
