   0.00000    1.42739
   0.50000    3.29137
   1.00000    3.62860
   1.50000    3.51247
   2.00000    3.54269
   2.50000    3.53904
   3.00000    3.51323
   3.50000    3.48229
   4.00000    3.47960
   4.50000    3.47840
   5.00000    3.48411
   5.50000    3.49112
   6.00000    3.49570
   6.50000    3.49795
   7.00000    3.49125
   7.50000    3.49568
   8.00000    3.49132
   8.50000    3.48775
   9.00000    3.48178
   9.50000    3.48248
  10.00000    3.47810
  10.50000    3.47428
  11.00000    3.47386
  11.50000    3.47587
  12.00000    3.46665
  12.50000    3.45843
  13.00000    3.45687
  13.50000    3.45835
  14.00000    3.44902
  14.50000    3.44642
  15.00000    3.45205
  15.50000    3.45254
  16.00000    3.44174
  16.50000    3.43982
  17.00000    3.44129
  17.50000    3.43830
  18.00000    3.42926
  18.50000    3.42622
  19.00000    3.42506
  19.50000    3.42413
  20.00000    3.42057
  20.50000    3.41256
  21.00000    3.40957
  21.50000    3.40978
  22.00000    3.40709
  22.50000    3.40290
  23.00000    3.39650
  23.50000    3.39333
  24.00000    3.39778
  24.50000    3.39747
  25.00000    3.38453
  25.50000    3.37998
  26.00000    3.39837
  26.50000    3.41976
  27.00000    3.42372
  27.50000    3.42351
  28.00000    3.42719
  28.50000    3.44593
  29.00000    3.45886
  29.50000    3.46815
  30.00000    3.47951
  30.50000    3.48964
  31.00000    3.50024
  31.50000    3.50027
  32.00000    3.50599
  32.50000    3.49124
  33.00000    3.48932
  33.50000    3.49390
  34.00000    3.51092
  34.50000    3.52439
  35.00000    3.54100
  35.50000    3.55814
  36.00000    3.56466
  36.50000    3.56829
  37.00000    3.56887
  37.50000    3.56984
  38.00000    3.56933
  38.50000    3.57172
  39.00000    3.57260
  39.50000    3.57655
  40.00000    3.57653
  40.50000    3.57313
  41.00000    3.56983
  41.50000    3.57264
  42.00000    3.57425
  42.50000    3.56944
  43.00000    3.56801
  43.50000    3.56627
  44.00000    3.56702
  44.50000    3.56835
  45.00000    3.57810
  45.50000    3.58835
  46.00000    3.60024
  46.50000    3.61861
  47.00000    3.63429
  47.50000    3.64728
  48.00000    3.65646
  48.50000    3.67251
  49.00000    3.68961
  49.50000    3.72478
  50.00000    3.75002
  50.50000    3.76809
  51.00000    3.80166
  51.50000    3.84439
  52.00000    3.86960
  52.50000    3.87807
  53.00000    3.88255
  53.50000    3.90527
  54.00000    3.95233
  54.50000    4.01277
  55.00000    4.05270
  55.50000    4.10519
  56.00000    4.16252
  56.50000    4.21357
  57.00000    4.24300
  57.50000    4.28326
  58.00000    4.32734
  58.50000    4.36739
  59.00000    4.38721
  59.50000    4.39026
  60.00000    4.39235
  60.50000    4.39622
  61.00000    4.40977
  61.50000    4.41302
  62.00000    4.40789
  62.50000    4.40149
  63.00000    4.40519
  63.50000    4.41377
  64.00000    4.40720
  64.50000    4.40779
  65.00000    4.40811
  65.50000    4.41106
  66.00000    4.40630
  66.50000    4.39947
  67.00000    4.38612
  67.50000    4.39016
  68.00000    4.40329
  68.50000    4.41141
  69.00000    4.41376
  69.50000    4.43001
  70.00000    4.43621
  70.50000    4.43476
  71.00000    4.43015
  71.50000    4.43007
  72.00000    4.42259
  72.50000    4.41798
  73.00000    4.42405
  73.50000    4.43458
  74.00000    4.43979
  74.50000    4.43499
  75.00000    4.43001
  75.50000    4.43341
  76.00000    4.43560
  76.50000    4.43975
  77.00000    4.43827
  77.50000    4.44281
  78.00000    4.44499
  78.50000    4.44821
  79.00000    4.44029
  79.50000    4.43822
  80.00000    4.44444
  80.50000    4.45077
  81.00000    4.45037
  81.50000    4.44735
  82.00000    4.44891
  82.50000    4.45166
  83.00000    4.45440
  83.50000    4.45509
  84.00000    4.45786
  84.50000    4.45888
  85.00000    4.45744
  85.50000    4.46008
  86.00000    4.46370
  86.50000    4.46527
  87.00000    4.46761
  87.50000    4.47105
  88.00000    4.47291
  88.50000    4.47224
  89.00000    4.48027
  89.50000    4.48178
  90.00000    4.48202
  90.50000    4.47937
  91.00000    4.48041
  91.50000    4.47998
  92.00000    4.48106
  92.50000    4.48694
  93.00000    4.49099
  93.50000    4.49053
  94.00000    4.48784
  94.50000    4.48533
  95.00000    4.48630
  95.50000    4.47937
  96.00000    4.48305
  96.50000    4.48709
  97.00000    4.49318
  97.50000    4.49467
  98.00000    4.49466
  98.50000    4.49824
  99.00000    4.49800
  99.50000    4.50357
 100.00000    4.50471
 100.50000    4.50823
 101.00000    4.50369
 101.50000    4.50158
 102.00000    4.49944
 102.50000    4.50481
 103.00000    4.51202
 103.50000    4.51270
 104.00000    4.50558
 104.50000    4.50809
 105.00000    4.50884
 105.50000    4.50467
 106.00000    4.50082
 106.50000    4.50978
 107.00000    4.51233
 107.50000    4.51158
 108.00000    4.51340
 108.50000    4.51820
 109.00000    4.51383
 109.50000    4.51217
 110.00000    4.51953
 110.50000    4.52712
 111.00000    4.52678
 111.50000    4.52071
 112.00000    4.52366
 112.50000    4.53087
 113.00000    4.53454
 113.50000    4.52189
 114.00000    4.52128
 114.50000    4.52354
 115.00000    4.52367
 115.50000    4.52276
 116.00000    4.52370
 116.50000    4.52458
 117.00000    4.52593
 117.50000    4.53108
 118.00000    4.52756
 118.50000    4.52129
 119.00000    4.52349
 119.50000    4.53133
 120.00000    4.53338
 120.50000    4.53132
 121.00000    4.53204
 121.50000    4.52941
 122.00000    4.52808
 122.50000    4.52798
 123.00000    4.52605
 123.50000    4.52094
 124.00000    4.52281
 124.50000    4.52726
 125.00000    4.52685
 125.50000    4.52483
 126.00000    4.52499
 126.50000    4.53221
 127.00000    4.53539
 127.50000    4.52714
 128.00000    4.52839
 128.50000    4.53211
 129.00000    4.52695
 129.50000    4.52317
 130.00000    4.52314
 130.50000    4.53019
 131.00000    4.53140
 131.50000    4.52961
 132.00000    4.52198
 132.50000    4.52231
 133.00000    4.52610
 133.50000    4.52564
 134.00000    4.52604
 134.50000    4.52850
 135.00000    4.52924
 135.50000    4.52670
 136.00000    4.52559
 136.50000    4.51943
 137.00000    4.52014
 137.50000    4.51842
 138.00000    4.53024
 138.50000    4.53184
 139.00000    4.53466
 139.50000    4.52406
 140.00000    4.52179
 140.50000    4.51731
 141.00000    4.51673
 141.50000    4.51563
 142.00000    4.51755
 142.50000    4.52110
 143.00000    4.52104
 143.50000    4.51748
 144.00000    4.51372
 144.50000    4.51847
 145.00000    4.51592
 145.50000    4.51387
 146.00000    4.51169
 146.50000    4.51098
 147.00000    4.50542
 147.50000    4.51411
 148.00000    4.51535
 148.50000    4.51699
 149.00000    4.51470
 149.50000    4.51599
 150.00000    4.49947
