   0.00000    1.56620
   0.50000    1.80184
   1.00000    2.23629
   1.50000    2.62660
   2.00000    2.84946
   2.50000    2.89791
   3.00000    2.93442
   3.50000    2.99677
   4.00000    3.10108
   4.50000    3.15729
   5.00000    3.19801
   5.50000    3.24315
   6.00000    3.28670
   6.50000    3.31061
   7.00000    3.33764
   7.50000    3.36910
   8.00000    3.39469
   8.50000    3.42003
   9.00000    3.45458
   9.50000    3.47995
  10.00000    3.48810
  10.50000    3.49417
  11.00000    3.52057
  11.50000    3.56882
  12.00000    3.60422
  12.50000    3.61172
  13.00000    3.60582
  13.50000    3.61669
  14.00000    3.63594
  14.50000    3.65354
  15.00000    3.66436
  15.50000    3.67965
  16.00000    3.67684
  16.50000    3.69187
  17.00000    3.72405
  17.50000    3.74301
  18.00000    3.74899
  18.50000    3.73838
  19.00000    3.74081
  19.50000    3.73577
  20.00000    3.75323
  20.50000    3.77759
  21.00000    3.79195
  21.50000    3.80598
  22.00000    3.81770
  22.50000    3.82332
  23.00000    3.82101
  23.50000    3.83889
  24.00000    3.85530
  24.50000    3.84090
  25.00000    3.84744
  25.50000    3.88089
  26.00000    3.91587
  26.50000    3.96360
  27.00000    4.02442
  27.50000    4.10804
  28.00000    4.18357
  28.50000    4.26552
  29.00000    4.33263
  29.50000    4.37894
  30.00000    4.42597
  30.50000    4.45622
  31.00000    4.48536
  31.50000    4.47749
  32.00000    4.47098
  32.50000    4.42620
  33.00000    4.38898
  33.50000    4.32162
  34.00000    4.25597
  34.50000    4.18459
  35.00000    4.14174
  35.50000    4.13712
  36.00000    4.14459
  36.50000    4.16777
  37.00000    4.16680
  37.50000    4.17307
  38.00000    4.18284
  38.50000    4.21292
  39.00000    4.21658
  39.50000    4.22848
  40.00000    4.25032
  40.50000    4.28423
  41.00000    4.28961
  41.50000    4.29371
  42.00000    4.31499
  42.50000    4.32709
  43.00000    4.35804
  43.50000    4.40989
  44.00000    4.48373
  44.50000    4.49072
  45.00000    4.48088
  45.50000    4.46875
  46.00000    4.46433
  46.50000    4.44903
  47.00000    4.47687
  47.50000    4.50158
  48.00000    4.50865
  48.50000    4.48469
  49.00000    4.49832
  49.50000    4.51756
  50.00000    4.53636
  50.50000    4.53881
  51.00000    4.53118
  51.50000    4.51702
  52.00000    4.51362
  52.50000    4.51760
  53.00000    4.50213
  53.50000    4.48424
  54.00000    4.47048
  54.50000    4.46289
  55.00000    4.47781
  55.50000    4.48737
  56.00000    4.49861
  56.50000    4.51330
  57.00000    4.53995
  57.50000    4.53593
  58.00000    4.50845
  58.50000    4.50601
  59.00000    4.50153
  59.50000    4.50157
  60.00000    4.48465
  60.50000    4.50328
  61.00000    4.50289
  61.50000    4.49361
  62.00000    4.48790
  62.50000    4.50181
  63.00000    4.49862
  63.50000    4.48551
  64.00000    4.48220
  64.50000    4.49372
  65.00000    4.47674
  65.50000    4.45681
  66.00000    4.43534
  66.50000    4.41935
  67.00000    4.42971
  67.50000    4.43787
  68.00000    4.44212
  68.50000    4.43577
  69.00000    4.43678
  69.50000    4.42220
  70.00000    4.43336
  70.50000    4.45316
  71.00000    4.46225
  71.50000    4.44573
  72.00000    4.44935
  72.50000    4.44844
  73.00000    4.45192
  73.50000    4.44027
  74.00000    4.45273
  74.50000    4.45915
  75.00000    4.44330
  75.50000    4.43609
  76.00000    4.43887
  76.50000    4.44884
  77.00000    4.45127
  77.50000    4.45089
  78.00000    4.43683
  78.50000    4.42532
  79.00000    4.43025
  79.50000    4.40973
  80.00000    4.40397
  80.50000    4.40593
  81.00000    4.41782
  81.50000    4.41937
  82.00000    4.41599
  82.50000    4.41470
  83.00000    4.39909
  83.50000    4.40387
  84.00000    4.39916
  84.50000    4.40144
  85.00000    4.38412
  85.50000    4.37189
  86.00000    4.36425
  86.50000    4.38765
  87.00000    4.39682
  87.50000    4.39383
  88.00000    4.37950
  88.50000    4.37607
  89.00000    4.36984
  89.50000    4.37221
  90.00000    4.36520
  90.50000    4.36191
  91.00000    4.35797
  91.50000    4.36492
  92.00000    4.36274
  92.50000    4.36415
  93.00000    4.34525
  93.50000    4.34719
  94.00000    4.34475
  94.50000    4.35443
  95.00000    4.34666
  95.50000    4.33897
  96.00000    4.34032
  96.50000    4.34768
  97.00000    4.36234
  97.50000    4.34615
  98.00000    4.33202
  98.50000    4.31681
  99.00000    4.31329
  99.50000    4.31529
 100.00000    4.31032
 100.50000    4.32090
 101.00000    4.32015
 101.50000    4.33257
 102.00000    4.32641
 102.50000    4.31491
 103.00000    4.30918
 103.50000    4.32316
 104.00000    4.33128
 104.50000    4.32410
 105.00000    4.31171
 105.50000    4.30131
 106.00000    4.30111
 106.50000    4.30815
 107.00000    4.30989
 107.50000    4.30718
 108.00000    4.30557
 108.50000    4.29423
 109.00000    4.28685
 109.50000    4.28795
 110.00000    4.28991
 110.50000    4.28584
 111.00000    4.29338
 111.50000    4.30493
 112.00000    4.30833
 112.50000    4.31688
 113.00000    4.32314
 113.50000    4.31124
 114.00000    4.28838
 114.50000    4.27778
 115.00000    4.27255
 115.50000    4.28392
 116.00000    4.30273
 116.50000    4.31448
 117.00000    4.29870
 117.50000    4.28144
 118.00000    4.27834
 118.50000    4.27370
 119.00000    4.26699
 119.50000    4.27505
 120.00000    4.28362
 120.50000    4.27286
 121.00000    4.26601
 121.50000    4.26633
 122.00000    4.26903
 122.50000    4.25667
 123.00000    4.26997
 123.50000    4.28606
 124.00000    4.31611
 124.50000    4.29963
 125.00000    4.26703
 125.50000    4.26058
 126.00000    4.27961
 126.50000    4.28315
 127.00000    4.27444
 127.50000    4.27450
 128.00000    4.27293
 128.50000    4.25821
 129.00000    4.27086
 129.50000    4.28547
 130.00000    4.28326
 130.50000    4.27131
 131.00000    4.28148
 131.50000    4.29323
 132.00000    4.28742
 132.50000    4.28409
 133.00000    4.27717
 133.50000    4.27402
 134.00000    4.27275
 134.50000    4.27059
 135.00000    4.25589
 135.50000    4.24309
 136.00000    4.25218
 136.50000    4.26891
 137.00000    4.28520
 137.50000    4.29276
 138.00000    4.29295
 138.50000    4.28221
 139.00000    4.27214
 139.50000    4.26432
 140.00000    4.27628
 140.50000    4.28091
 141.00000    4.27714
 141.50000    4.26620
 142.00000    4.28134
 142.50000    4.28901
 143.00000    4.28305
 143.50000    4.27921
 144.00000    4.26918
 144.50000    4.26423
 145.00000    4.26419
 145.50000    4.27327
 146.00000    4.28153
 146.50000    4.27727
 147.00000    4.29084
 147.50000    4.29167
 148.00000    4.30157
 148.50000    4.28836
 149.00000    4.28626
 149.50000    4.27185
 150.00000    4.27401
