   0.00000    1.53112
   0.50000    2.85227
   1.00000    3.22457
   1.50000    3.27328
   2.00000    3.37531
   2.50000    3.45430
   3.00000    3.47353
   3.50000    3.44801
   4.00000    3.43559
   4.50000    3.44169
   5.00000    3.45928
   5.50000    3.48390
   6.00000    3.50051
   6.50000    3.50620
   7.00000    3.50437
   7.50000    3.51674
   8.00000    3.52210
   8.50000    3.53178
   9.00000    3.53795
   9.50000    3.54623
  10.00000    3.54087
  10.50000    3.54968
  11.00000    3.55951
  11.50000    3.57154
  12.00000    3.57726
  12.50000    3.58325
  13.00000    3.58513
  13.50000    3.58515
  14.00000    3.58276
  14.50000    3.57730
  15.00000    3.58636
  15.50000    3.59989
  16.00000    3.60566
  16.50000    3.60066
  17.00000    3.60101
  17.50000    3.60042
  18.00000    3.59304
  18.50000    3.58595
  19.00000    3.57970
  19.50000    3.57682
  20.00000    3.57991
  20.50000    3.58158
  21.00000    3.57341
  21.50000    3.57218
  22.00000    3.56543
  22.50000    3.55770
  23.00000    3.54349
  23.50000    3.54474
  24.00000    3.54896
  24.50000    3.54511
  25.00000    3.53619
  25.50000    3.53193
  26.00000    3.53990
  26.50000    3.54694
  27.00000    3.55624
  27.50000    3.55511
  28.00000    3.55260
  28.50000    3.55279
  29.00000    3.56362
  29.50000    3.56142
  30.00000    3.56893
  30.50000    3.56860
  31.00000    3.57144
  31.50000    3.55778
  32.00000    3.54745
  32.50000    3.53722
  33.00000    3.52573
  33.50000    3.51352
  34.00000    3.50174
  34.50000    3.50034
  35.00000    3.49238
  35.50000    3.48634
  36.00000    3.47471
  36.50000    3.46127
  37.00000    3.44270
  37.50000    3.43150
  38.00000    3.43288
  38.50000    3.43458
  39.00000    3.43343
  39.50000    3.43877
  40.00000    3.45162
  40.50000    3.45855
  41.00000    3.45858
  41.50000    3.46117
  42.00000    3.47070
  42.50000    3.47136
  43.00000    3.48661
  43.50000    3.50576
  44.00000    3.52656
  44.50000    3.52659
  45.00000    3.54746
  45.50000    3.56100
  46.00000    3.57369
  46.50000    3.58501
  47.00000    3.60729
  47.50000    3.61592
  48.00000    3.62519
  48.50000    3.64036
  49.00000    3.67071
  49.50000    3.71667
  50.00000    3.75393
  50.50000    3.77921
  51.00000    3.81581
  51.50000    3.86552
  52.00000    3.90714
  52.50000    3.93641
  53.00000    3.95350
  53.50000    3.99394
  54.00000    4.05041
  54.50000    4.11418
  55.00000    4.15443
  55.50000    4.22243
  56.00000    4.28199
  56.50000    4.33825
  57.00000    4.37626
  57.50000    4.42001
  58.00000    4.44879
  58.50000    4.47191
  59.00000    4.48442
  59.50000    4.48139
  60.00000    4.47534
  60.50000    4.47436
  61.00000    4.47806
  61.50000    4.48818
  62.00000    4.48824
  62.50000    4.48560
  63.00000    4.48170
  63.50000    4.48848
  64.00000    4.49204
  64.50000    4.49543
  65.00000    4.49661
  65.50000    4.49825
  66.00000    4.49831
  66.50000    4.48260
  67.00000    4.47266
  67.50000    4.48513
  68.00000    4.50946
  68.50000    4.50981
  69.00000    4.51056
  69.50000    4.51319
  70.00000    4.52680
  70.50000    4.52926
  71.00000    4.53950
  71.50000    4.54030
  72.00000    4.54055
  72.50000    4.53373
  73.00000    4.53882
  73.50000    4.54535
  74.00000    4.56099
  74.50000    4.56073
  75.00000    4.55767
  75.50000    4.55171
  76.00000    4.56104
  76.50000    4.56622
  77.00000    4.56677
  77.50000    4.55777
  78.00000    4.55774
  78.50000    4.56137
  79.00000    4.56094
  79.50000    4.54964
  80.00000    4.54814
  80.50000    4.55126
  81.00000    4.55985
  81.50000    4.56304
  82.00000    4.55948
  82.50000    4.55258
  83.00000    4.54651
  83.50000    4.55465
  84.00000    4.56451
  84.50000    4.56321
  85.00000    4.56064
  85.50000    4.55381
  86.00000    4.55959
  86.50000    4.55902
  87.00000    4.57128
  87.50000    4.56144
  88.00000    4.55679
  88.50000    4.55587
  89.00000    4.56056
  89.50000    4.55719
  90.00000    4.55019
  90.50000    4.54929
  91.00000    4.54486
  91.50000    4.54136
  92.00000    4.54297
  92.50000    4.54783
  93.00000    4.54583
  93.50000    4.53728
  94.00000    4.53618
  94.50000    4.53225
  95.00000    4.53802
  95.50000    4.53780
  96.00000    4.54380
  96.50000    4.53579
  97.00000    4.54007
  97.50000    4.53645
  98.00000    4.52982
  98.50000    4.52470
  99.00000    4.52752
  99.50000    4.52968
 100.00000    4.52834
 100.50000    4.53761
 101.00000    4.53622
 101.50000    4.52827
 102.00000    4.52178
 102.50000    4.52969
 103.00000    4.53593
 103.50000    4.53163
 104.00000    4.52686
 104.50000    4.52821
 105.00000    4.52883
 105.50000    4.52046
 106.00000    4.51965
 106.50000    4.51149
 107.00000    4.51101
 107.50000    4.50888
 108.00000    4.51543
 108.50000    4.51343
 109.00000    4.51705
 109.50000    4.51245
 110.00000    4.50914
 110.50000    4.50446
 111.00000    4.50689
 111.50000    4.50889
 112.00000    4.51950
 112.50000    4.52495
 113.00000    4.52563
 113.50000    4.51136
 114.00000    4.50321
 114.50000    4.50016
 115.00000    4.50436
 115.50000    4.50652
 116.00000    4.51038
 116.50000    4.50958
 117.00000    4.50769
 117.50000    4.50401
 118.00000    4.49981
 118.50000    4.48991
 119.00000    4.49118
 119.50000    4.50041
 120.00000    4.50202
 120.50000    4.49634
 121.00000    4.49794
 121.50000    4.49730
 122.00000    4.49513
 122.50000    4.49211
 123.00000    4.49086
 123.50000    4.48388
 124.00000    4.49120
 124.50000    4.49499
 125.00000    4.49553
 125.50000    4.48629
 126.00000    4.48233
 126.50000    4.48753
 127.00000    4.49648
 127.50000    4.48878
 128.00000    4.48608
 128.50000    4.48833
 129.00000    4.49139
 129.50000    4.48261
 130.00000    4.47472
 130.50000    4.46899
 131.00000    4.47543
 131.50000    4.48954
 132.00000    4.48729
 132.50000    4.48347
 133.00000    4.47256
 133.50000    4.47209
 134.00000    4.46768
 134.50000    4.47015
 135.00000    4.47213
 135.50000    4.47304
 136.00000    4.47286
 136.50000    4.46892
 137.00000    4.47669
 137.50000    4.47013
 138.00000    4.47020
 138.50000    4.47460
 139.00000    4.48050
 139.50000    4.47605
 140.00000    4.47261
 140.50000    4.47019
 141.00000    4.46387
 141.50000    4.46957
 142.00000    4.47565
 142.50000    4.47605
 143.00000    4.47164
 143.50000    4.47248
 144.00000    4.47169
 144.50000    4.46891
 145.00000    4.46593
 145.50000    4.46877
 146.00000    4.46929
 146.50000    4.46419
 147.00000    4.46579
 147.50000    4.48168
 148.00000    4.48277
 148.50000    4.46950
 149.00000    4.46314
 149.50000    4.46727
 150.00000    4.45447
