   0.00000    1.45804
   0.50000    2.64749
   1.00000    3.17752
   1.50000    3.38154
   2.00000    3.49245
   2.50000    3.50730
   3.00000    3.49082
   3.50000    3.46293
   4.00000    3.46500
   4.50000    3.48123
   5.00000    3.50065
   5.50000    3.51437
   6.00000    3.54086
   6.50000    3.55114
   7.00000    3.55645
   7.50000    3.56227
   8.00000    3.57444
   8.50000    3.57773
   9.00000    3.58875
   9.50000    3.60292
  10.00000    3.61187
  10.50000    3.61426
  11.00000    3.62551
  11.50000    3.64519
  12.00000    3.64746
  12.50000    3.64068
  13.00000    3.64267
  13.50000    3.65953
  14.00000    3.66879
  14.50000    3.67086
  15.00000    3.68194
  15.50000    3.68794
  16.00000    3.68963
  16.50000    3.68316
  17.00000    3.68579
  17.50000    3.68863
  18.00000    3.70012
  18.50000    3.70185
  19.00000    3.69067
  19.50000    3.68466
  20.00000    3.69749
  20.50000    3.70953
  21.00000    3.70459
  21.50000    3.71189
  22.00000    3.71488
  22.50000    3.71919
  23.00000    3.70957
  23.50000    3.70650
  24.00000    3.69779
  24.50000    3.70029
  25.00000    3.69269
  25.50000    3.68863
  26.00000    3.69368
  26.50000    3.70238
  27.00000    3.68348
  27.50000    3.66950
  28.00000    3.65402
  28.50000    3.65665
  29.00000    3.66212
  29.50000    3.66487
  30.00000    3.65046
  30.50000    3.64927
  31.00000    3.66853
  31.50000    3.68074
  32.00000    3.67971
  32.50000    3.67390
  33.00000    3.67256
  33.50000    3.68860
  34.00000    3.70399
  34.50000    3.73153
  35.00000    3.74977
  35.50000    3.76864
  36.00000    3.76467
  36.50000    3.75248
  37.00000    3.75570
  37.50000    3.76528
  38.00000    3.77239
  38.50000    3.75011
  39.00000    3.75089
  39.50000    3.75539
  40.00000    3.75351
  40.50000    3.73541
  41.00000    3.72262
  41.50000    3.72795
  42.00000    3.74183
  42.50000    3.73924
  43.00000    3.73150
  43.50000    3.73610
  44.00000    3.76294
  44.50000    3.78040
  45.00000    3.80216
  45.50000    3.82573
  46.00000    3.84954
  46.50000    3.86571
  47.00000    3.87009
  47.50000    3.88544
  48.00000    3.91714
  48.50000    3.94384
  49.00000    3.96501
  49.50000    3.99264
  50.00000    4.02613
  50.50000    4.03734
  51.00000    4.04136
  51.50000    4.07216
  52.00000    4.12577
  52.50000    4.16804
  53.00000    4.18865
  53.50000    4.22214
  54.00000    4.25402
  54.50000    4.28935
  55.00000    4.31602
  55.50000    4.34721
  56.00000    4.35013
  56.50000    4.36221
  57.00000    4.39521
  57.50000    4.44635
  58.00000    4.46530
  58.50000    4.46292
  59.00000    4.48017
  59.50000    4.49986
  60.00000    4.50668
  60.50000    4.48694
  61.00000    4.48016
  61.50000    4.48870
  62.00000    4.51071
  62.50000    4.52456
  63.00000    4.53147
  63.50000    4.53366
  64.00000    4.53671
  64.50000    4.53186
  65.00000    4.52665
  65.50000    4.53003
  66.00000    4.56155
  66.50000    4.57018
  67.00000    4.55829
  67.50000    4.53973
  68.00000    4.54486
  68.50000    4.55065
  69.00000    4.56223
  69.50000    4.56348
  70.00000    4.56460
  70.50000    4.55159
  71.00000    4.55892
  71.50000    4.55835
  72.00000    4.54674
  72.50000    4.52833
  73.00000    4.53790
  73.50000    4.55060
  74.00000    4.54252
  74.50000    4.51885
  75.00000    4.51703
  75.50000    4.53001
  76.00000    4.54269
  76.50000    4.53824
  77.00000    4.52947
  77.50000    4.52188
  78.00000    4.52163
  78.50000    4.53281
  79.00000    4.53513
  79.50000    4.52676
  80.00000    4.52256
  80.50000    4.52603
  81.00000    4.52606
  81.50000    4.51396
  82.00000    4.51605
  82.50000    4.52472
  83.00000    4.52908
  83.50000    4.51800
  84.00000    4.51266
  84.50000    4.51692
  85.00000    4.52152
  85.50000    4.51756
  86.00000    4.51718
  86.50000    4.51755
  87.00000    4.52762
  87.50000    4.53151
  88.00000    4.53026
  88.50000    4.50714
  89.00000    4.50346
  89.50000    4.51219
  90.00000    4.53019
  90.50000    4.52280
  91.00000    4.51373
  91.50000    4.51339
  92.00000    4.51947
  92.50000    4.52468
  93.00000    4.52315
  93.50000    4.52226
  94.00000    4.52679
  94.50000    4.53389
  95.00000    4.52946
  95.50000    4.52873
  96.00000    4.52083
  96.50000    4.52266
  97.00000    4.52216
  97.50000    4.53210
  98.00000    4.53073
  98.50000    4.53182
  99.00000    4.52287
  99.50000    4.52385
 100.00000    4.52551
 100.50000    4.52494
 101.00000    4.52841
 101.50000    4.54141
 102.00000    4.54220
 102.50000    4.53918
 103.00000    4.53603
 103.50000    4.52646
 104.00000    4.52655
 104.50000    4.54099
 105.00000    4.55352
 105.50000    4.54381
 106.00000    4.53748
 106.50000    4.53753
 107.00000    4.55028
 107.50000    4.55532
 108.00000    4.55497
 108.50000    4.55379
 109.00000    4.55587
 109.50000    4.55116
 110.00000    4.54484
 110.50000    4.54321
 111.00000    4.53969
 111.50000    4.53975
 112.00000    4.54506
 112.50000    4.54881
 113.00000    4.55156
 113.50000    4.56522
 114.00000    4.56823
 114.50000    4.56064
 115.00000    4.55351
 115.50000    4.55915
 116.00000    4.55488
 116.50000    4.55450
 117.00000    4.55903
 117.50000    4.56948
 118.00000    4.56778
 118.50000    4.56063
 119.00000    4.57009
 119.50000    4.56860
 120.00000    4.56700
 120.50000    4.56400
 121.00000    4.57480
 121.50000    4.57535
 122.00000    4.57839
 122.50000    4.57755
 123.00000    4.56997
 123.50000    4.56712
 124.00000    4.57267
 124.50000    4.57967
 125.00000    4.58011
 125.50000    4.58321
 126.00000    4.58229
 126.50000    4.57640
 127.00000    4.57381
 127.50000    4.58646
 128.00000    4.59882
 128.50000    4.60348
 129.00000    4.59934
 129.50000    4.59280
 130.00000    4.58920
 130.50000    4.59456
 131.00000    4.60066
 131.50000    4.59324
 132.00000    4.59247
 132.50000    4.59188
 133.00000    4.59277
 133.50000    4.59303
 134.00000    4.59348
 134.50000    4.59404
 135.00000    4.59392
 135.50000    4.60533
 136.00000    4.61285
 136.50000    4.61148
 137.00000    4.60539
 137.50000    4.60006
 138.00000    4.60160
 138.50000    4.60523
 139.00000    4.60292
 139.50000    4.60559
 140.00000    4.61207
 140.50000    4.61551
 141.00000    4.61301
 141.50000    4.60822
 142.00000    4.61021
 142.50000    4.60561
 143.00000    4.60748
 143.50000    4.59536
 144.00000    4.59991
 144.50000    4.59563
 145.00000    4.60796
 145.50000    4.60086
 146.00000    4.60855
 146.50000    4.60530
 147.00000    4.60819
 147.50000    4.59933
 148.00000    4.59895
 148.50000    4.59260
 149.00000    4.58796
 149.50000    4.59028
 150.00000    4.61234
