   0.00000    1.46386
   0.50000    3.10316
   1.00000    3.31732
   1.50000    3.17834
   2.00000    3.26343
   2.50000    3.30558
   3.00000    3.34307
   3.50000    3.36588
   4.00000    3.37731
   4.50000    3.37673
   5.00000    3.38157
   5.50000    3.37799
   6.00000    3.37313
   6.50000    3.37739
   7.00000    3.39046
   7.50000    3.39722
   8.00000    3.40106
   8.50000    3.41643
   9.00000    3.43180
   9.50000    3.43979
  10.00000    3.44332
  10.50000    3.45981
  11.00000    3.48014
  11.50000    3.48251
  12.00000    3.47839
  12.50000    3.48857
  13.00000    3.51052
  13.50000    3.51856
  14.00000    3.52686
  14.50000    3.53908
  15.00000    3.55652
  15.50000    3.56781
  16.00000    3.57866
  16.50000    3.58368
  17.00000    3.60049
  17.50000    3.61590
  18.00000    3.62746
  18.50000    3.62777
  19.00000    3.63849
  19.50000    3.64713
  20.00000    3.66498
  20.50000    3.68394
  21.00000    3.70352
  21.50000    3.70921
  22.00000    3.71691
  22.50000    3.73573
  23.00000    3.75385
  23.50000    3.76799
  24.00000    3.77319
  24.50000    3.78757
  25.00000    3.80395
  25.50000    3.83619
  26.00000    3.86555
  26.50000    3.86088
  27.00000    3.84269
  27.50000    3.84342
  28.00000    3.87629
  28.50000    3.91751
  29.00000    3.94962
  29.50000    3.96971
  30.00000    3.98552
  30.50000    4.01460
  31.00000    4.04323
  31.50000    4.05586
  32.00000    4.06111
  32.50000    4.07030
  33.00000    4.09519
  33.50000    4.13302
  34.00000    4.15675
  34.50000    4.18151
  35.00000    4.19789
  35.50000    4.23137
  36.00000    4.25866
  36.50000    4.28686
  37.00000    4.30529
  37.50000    4.31626
  38.00000    4.33497
  38.50000    4.34562
  39.00000    4.37389
  39.50000    4.38338
  40.00000    4.38902
  40.50000    4.36693
  41.00000    4.36392
  41.50000    4.35990
  42.00000    4.35870
  42.50000    4.35452
  43.00000    4.35538
  43.50000    4.35562
  44.00000    4.34585
  44.50000    4.33341
  45.00000    4.32257
  45.50000    4.31234
  46.00000    4.30276
  46.50000    4.29511
  47.00000    4.29631
  47.50000    4.30475
  48.00000    4.31041
  48.50000    4.31257
  49.00000    4.32940
  49.50000    4.34963
  50.00000    4.36352
  50.50000    4.36970
  51.00000    4.37066
  51.50000    4.38459
  52.00000    4.39737
  52.50000    4.41254
  53.00000    4.41236
  53.50000    4.42699
  54.00000    4.43517
  54.50000    4.44781
  55.00000    4.44873
  55.50000    4.45100
  56.00000    4.45016
  56.50000    4.45162
  57.00000    4.45699
  57.50000    4.46433
  58.00000    4.47473
  58.50000    4.47995
  59.00000    4.49140
  59.50000    4.49688
  60.00000    4.49084
  60.50000    4.49977
  61.00000    4.51014
  61.50000    4.51906
  62.00000    4.51151
  62.50000    4.51720
  63.00000    4.51607
  63.50000    4.51651
  64.00000    4.50939
  64.50000    4.51601
  65.00000    4.52065
  65.50000    4.52121
  66.00000    4.51858
  66.50000    4.52123
  67.00000    4.52642
  67.50000    4.51937
  68.00000    4.51685
  68.50000    4.52326
  69.00000    4.52738
  69.50000    4.52804
  70.00000    4.52014
  70.50000    4.51237
  71.00000    4.50413
  71.50000    4.50664
  72.00000    4.51117
  72.50000    4.51345
  73.00000    4.51511
  73.50000    4.51154
  74.00000    4.50598
  74.50000    4.50724
  75.00000    4.50312
  75.50000    4.49944
  76.00000    4.49850
  76.50000    4.50182
  77.00000    4.50028
  77.50000    4.50164
  78.00000    4.50412
  78.50000    4.50629
  79.00000    4.49968
  79.50000    4.49910
  80.00000    4.48810
  80.50000    4.49794
  81.00000    4.49724
  81.50000    4.50052
  82.00000    4.49160
  82.50000    4.49067
  83.00000    4.49469
  83.50000    4.49769
  84.00000    4.49145
  84.50000    4.48308
  85.00000    4.48500
  85.50000    4.47951
  86.00000    4.46908
  86.50000    4.47733
  87.00000    4.48641
  87.50000    4.48607
  88.00000    4.47686
  88.50000    4.47389
  89.00000    4.46846
  89.50000    4.47568
  90.00000    4.48116
  90.50000    4.47965
  91.00000    4.47445
  91.50000    4.47445
  92.00000    4.47560
  92.50000    4.46815
  93.00000    4.46353
  93.50000    4.46507
  94.00000    4.46941
  94.50000    4.46265
  95.00000    4.45270
  95.50000    4.44761
  96.00000    4.45381
  96.50000    4.44882
  97.00000    4.44915
  97.50000    4.44618
  98.00000    4.45686
  98.50000    4.45293
  99.00000    4.45124
  99.50000    4.44911
 100.00000    4.45215
 100.50000    4.44698
 101.00000    4.44242
 101.50000    4.44397
 102.00000    4.44089
 102.50000    4.44033
 103.00000    4.43004
 103.50000    4.43468
 104.00000    4.43934
 104.50000    4.44341
 105.00000    4.43285
 105.50000    4.42948
 106.00000    4.43009
 106.50000    4.42687
 107.00000    4.42502
 107.50000    4.42548
 108.00000    4.43071
 108.50000    4.42510
 109.00000    4.41730
 109.50000    4.41119
 110.00000    4.41588
 110.50000    4.41938
 111.00000    4.41493
 111.50000    4.40772
 112.00000    4.39681
 112.50000    4.39986
 113.00000    4.40105
 113.50000    4.40475
 114.00000    4.40413
 114.50000    4.40842
 115.00000    4.40940
 115.50000    4.40574
 116.00000    4.40406
 116.50000    4.40227
 117.00000    4.39776
 117.50000    4.39313
 118.00000    4.39830
 118.50000    4.39865
 119.00000    4.39967
 119.50000    4.38866
 120.00000    4.38869
 120.50000    4.39049
 121.00000    4.40199
 121.50000    4.39464
 122.00000    4.38235
 122.50000    4.38049
 123.00000    4.38197
 123.50000    4.38099
 124.00000    4.37636
 124.50000    4.38160
 125.00000    4.38153
 125.50000    4.37790
 126.00000    4.36880
 126.50000    4.37121
 127.00000    4.37279
 127.50000    4.37117
 128.00000    4.36681
 128.50000    4.36710
 129.00000    4.35839
 129.50000    4.35765
 130.00000    4.36835
 130.50000    4.37429
 131.00000    4.37227
 131.50000    4.37374
 132.00000    4.37068
 132.50000    4.36475
 133.00000    4.36266
 133.50000    4.36776
 134.00000    4.36355
 134.50000    4.35530
 135.00000    4.35928
 135.50000    4.36978
 136.00000    4.37076
 136.50000    4.36268
 137.00000    4.36428
 137.50000    4.36392
 138.00000    4.35991
 138.50000    4.35868
 139.00000    4.35862
 139.50000    4.35158
 140.00000    4.34971
 140.50000    4.35687
 141.00000    4.36705
 141.50000    4.36333
 142.00000    4.35971
 142.50000    4.35111
 143.00000    4.35352
 143.50000    4.35494
 144.00000    4.35645
 144.50000    4.35720
 145.00000    4.36648
 145.50000    4.36950
 146.00000    4.36608
 146.50000    4.36647
 147.00000    4.36506
 147.50000    4.35794
 148.00000    4.36393
 148.50000    4.36789
 149.00000    4.36055
 149.50000    4.35021
 150.00000    4.36675
