   0.00000    0.20530
   0.50000    0.19103
   1.00000    0.96343
   1.50000    1.74113
   2.00000    2.09506
   2.50000    2.62040
   3.00000    3.03636
   3.50000    3.24777
   4.00000    3.25306
   4.50000    3.25969
   5.00000    3.28671
   5.50000    3.31606
   6.00000    3.38616
   6.50000    3.42977
   7.00000    3.45935
   7.50000    3.49768
   8.00000    3.53764
   8.50000    3.57372
   9.00000    3.59140
   9.50000    3.62172
  10.00000    3.67463
  10.50000    3.71238
  11.00000    3.72477
  11.50000    3.72005
  12.00000    3.74049
  12.50000    3.78562
  13.00000    3.84041
  13.50000    3.85837
  14.00000    3.87142
  14.50000    3.89922
  15.00000    3.94600
  15.50000    3.95816
  16.00000    4.01865
  16.50000    4.07731
  17.00000    4.13953
  17.50000    4.16828
  18.00000    4.21905
  18.50000    4.22939
  19.00000    4.24013
  19.50000    4.26452
  20.00000    4.28391
  20.50000    4.29429
  21.00000    4.31652
  21.50000    4.34800
  22.00000    4.38605
  22.50000    4.43062
  23.00000    4.44683
  23.50000    4.47293
  24.00000    4.49802
  24.50000    4.50541
  25.00000    4.43490
  25.50000    4.39887
  26.00000    4.36564
  26.50000    4.37815
  27.00000    4.36584
  27.50000    4.36475
  28.00000    4.35735
  28.50000    4.36340
  29.00000    4.36043
  29.50000    4.35058
  30.00000    4.35098
  30.50000    4.36828
  31.00000    4.36021
  31.50000    4.34285
  32.00000    4.33960
  32.50000    4.36626
  33.00000    4.38365
  33.50000    4.39016
  34.00000    4.39458
  34.50000    4.35523
  35.00000    4.31723
  35.50000    4.29791
  36.00000    4.30967
  36.50000    4.27550
  37.00000    4.23259
  37.50000    4.24480
  38.00000    4.26987
  38.50000    4.26337
  39.00000    4.25084
  39.50000    4.28129
  40.00000    4.28109
  40.50000    4.25819
  41.00000    4.25929
  41.50000    4.28338
  42.00000    4.29353
  42.50000    4.30150
  43.00000    4.31720
  43.50000    4.32851
  44.00000    4.33746
  44.50000    4.37055
  45.00000    4.39969
  45.50000    4.42014
  46.00000    4.44168
  46.50000    4.47518
  47.00000    4.49816
  47.50000    4.55187
  48.00000    4.60639
  48.50000    4.62036
  49.00000    4.57492
  49.50000    4.56303
  50.00000    4.59215
  50.50000    4.62893
  51.00000    4.64572
  51.50000    4.63245
  52.00000    4.60196
  52.50000    4.58866
  53.00000    4.58895
  53.50000    4.59580
  54.00000    4.59199
  54.50000    4.58632
  55.00000    4.55989
  55.50000    4.55125
  56.00000    4.55911
  56.50000    4.56536
  57.00000    4.53552
  57.50000    4.53197
  58.00000    4.52479
  58.50000    4.52412
  59.00000    4.51351
  59.50000    4.52459
  60.00000    4.52133
  60.50000    4.50898
  61.00000    4.51101
  61.50000    4.52584
  62.00000    4.51913
  62.50000    4.49659
  63.00000    4.49233
  63.50000    4.48697
  64.00000    4.48437
  64.50000    4.48865
  65.00000    4.49778
  65.50000    4.48301
  66.00000    4.46884
  66.50000    4.47740
  67.00000    4.48861
  67.50000    4.48504
  68.00000    4.47390
  68.50000    4.46766
  69.00000    4.47831
  69.50000    4.47085
  70.00000    4.48403
  70.50000    4.49042
  71.00000    4.47962
  71.50000    4.43058
  72.00000    4.39927
  72.50000    4.41444
  73.00000    4.43877
  73.50000    4.44635
  74.00000    4.42917
  74.50000    4.43358
  75.00000    4.44042
  75.50000    4.46058
  76.00000    4.43551
  76.50000    4.41091
  77.00000    4.40087
  77.50000    4.42073
  78.00000    4.43017
  78.50000    4.42972
  79.00000    4.41111
  79.50000    4.39470
  80.00000    4.39702
  80.50000    4.41764
  81.00000    4.40518
  81.50000    4.40335
  82.00000    4.39029
  82.50000    4.40323
  83.00000    4.39078
  83.50000    4.39497
  84.00000    4.39038
  84.50000    4.38425
  85.00000    4.37950
  85.50000    4.37385
  86.00000    4.37275
  86.50000    4.34290
  87.00000    4.32975
  87.50000    4.32434
  88.00000    4.34339
  88.50000    4.33939
  89.00000    4.33191
  89.50000    4.33598
  90.00000    4.36095
  90.50000    4.34389
  91.00000    4.32775
  91.50000    4.30990
  92.00000    4.32428
  92.50000    4.30107
  93.00000    4.31933
  93.50000    4.30879
  94.00000    4.30971
  94.50000    4.29776
  95.00000    4.30350
  95.50000    4.30268
  96.00000    4.28898
  96.50000    4.29560
  97.00000    4.27578
  97.50000    4.27280
  98.00000    4.27483
  98.50000    4.29823
  99.00000    4.29660
  99.50000    4.27832
 100.00000    4.27497
 100.50000    4.25427
 101.00000    4.23805
 101.50000    4.24039
 102.00000    4.26174
 102.50000    4.27622
 103.00000    4.25779
 103.50000    4.25379
 104.00000    4.25717
 104.50000    4.26952
 105.00000    4.24751
 105.50000    4.23552
 106.00000    4.23122
 106.50000    4.23202
 107.00000    4.22697
 107.50000    4.21883
 108.00000    4.20721
 108.50000    4.20618
 109.00000    4.20345
 109.50000    4.20488
 110.00000    4.21156
 110.50000    4.22540
 111.00000    4.20286
 111.50000    4.20252
 112.00000    4.20107
 112.50000    4.21339
 113.00000    4.18963
 113.50000    4.18015
 114.00000    4.18819
 114.50000    4.21888
 115.00000    4.22117
 115.50000    4.21333
 116.00000    4.21616
 116.50000    4.20325
 117.00000    4.18675
 117.50000    4.17401
 118.00000    4.19128
 118.50000    4.19366
 119.00000    4.18905
 119.50000    4.20160
 120.00000    4.21426
 120.50000    4.23782
 121.00000    4.21413
 121.50000    4.19500
 122.00000    4.17814
 122.50000    4.18736
 123.00000    4.18251
 123.50000    4.17741
 124.00000    4.14872
 124.50000    4.15662
 125.00000    4.16928
 125.50000    4.18685
 126.00000    4.14998
 126.50000    4.15714
 127.00000    4.18105
 127.50000    4.19223
 128.00000    4.17175
 128.50000    4.16558
 129.00000    4.16937
 129.50000    4.13600
 130.00000    4.11405
 130.50000    4.13453
 131.00000    4.17219
 131.50000    4.16879
 132.00000    4.16239
 132.50000    4.15158
 133.00000    4.14029
 133.50000    4.12735
 134.00000    4.14131
 134.50000    4.14486
 135.00000    4.14154
 135.50000    4.14374
 136.00000    4.12862
 136.50000    4.13674
 137.00000    4.13477
 137.50000    4.13229
 138.00000    4.10082
 138.50000    4.11951
 139.00000    4.13710
 139.50000    4.12446
 140.00000    4.11340
 140.50000    4.10641
 141.00000    4.10809
 141.50000    4.10309
 142.00000    4.12548
 142.50000    4.10303
 143.00000    4.09355
 143.50000    4.10832
 144.00000    4.15278
 144.50000    4.12046
 145.00000    4.10311
 145.50000    4.11857
 146.00000    4.15644
 146.50000    4.11979
 147.00000    4.10117
 147.50000    4.10740
 148.00000    4.14050
 148.50000    4.15262
 149.00000    4.13028
 149.50000    4.09673
 150.00000    4.13523
