   0.00000    1.64300
   0.50000    1.81639
   1.00000    2.33845
   1.50000    2.78222
   2.00000    3.04528
   2.50000    3.14705
   3.00000    3.21473
   3.50000    3.25640
   4.00000    3.35890
   4.50000    3.49444
   5.00000    3.56448
   5.50000    3.58472
   6.00000    3.57234
   6.50000    3.58368
   7.00000    3.59167
   7.50000    3.62062
   8.00000    3.63586
   8.50000    3.64130
   9.00000    3.64682
   9.50000    3.66773
  10.00000    3.68162
  10.50000    3.68606
  11.00000    3.68522
  11.50000    3.69930
  12.00000    3.70786
  12.50000    3.72277
  13.00000    3.71224
  13.50000    3.72121
  14.00000    3.72840
  14.50000    3.73685
  15.00000    3.73605
  15.50000    3.74651
  16.00000    3.74462
  16.50000    3.73348
  17.00000    3.73704
  17.50000    3.74148
  18.00000    3.73430
  18.50000    3.72129
  19.00000    3.72194
  19.50000    3.71969
  20.00000    3.72145
  20.50000    3.70431
  21.00000    3.70128
  21.50000    3.70491
  22.00000    3.69955
  22.50000    3.69193
  23.00000    3.68521
  23.50000    3.68022
  24.00000    3.66787
  24.50000    3.66088
  25.00000    3.66045
  25.50000    3.66449
  26.00000    3.67346
  26.50000    3.67476
  27.00000    3.67511
  27.50000    3.68191
  28.00000    3.67390
  28.50000    3.66546
  29.00000    3.65795
  29.50000    3.66045
  30.00000    3.66690
  30.50000    3.66641
  31.00000    3.66355
  31.50000    3.64281
  32.00000    3.63849
  32.50000    3.64158
  33.00000    3.64399
  33.50000    3.64808
  34.00000    3.65824
  34.50000    3.67639
  35.00000    3.68855
  35.50000    3.71176
  36.00000    3.72726
  36.50000    3.73419
  37.00000    3.75359
  37.50000    3.77125
  38.00000    3.77757
  38.50000    3.78450
  39.00000    3.79333
  39.50000    3.82338
  40.00000    3.86379
  40.50000    3.91170
  41.00000    3.93650
  41.50000    3.95785
  42.00000    3.98085
  42.50000    4.00596
  43.00000    4.03769
  43.50000    4.06913
  44.00000    4.10034
  44.50000    4.13718
  45.00000    4.17732
  45.50000    4.21142
  46.00000    4.24905
  46.50000    4.29854
  47.00000    4.33850
  47.50000    4.36776
  48.00000    4.39358
  48.50000    4.42112
  49.00000    4.43249
  49.50000    4.47090
  50.00000    4.51254
  50.50000    4.54763
  51.00000    4.55618
  51.50000    4.55466
  52.00000    4.55076
  52.50000    4.56368
  53.00000    4.58463
  53.50000    4.59488
  54.00000    4.58633
  54.50000    4.57328
  55.00000    4.57636
  55.50000    4.60193
  56.00000    4.62316
  56.50000    4.61998
  57.00000    4.60655
  57.50000    4.60427
  58.00000    4.60258
  58.50000    4.59694
  59.00000    4.58891
  59.50000    4.58995
  60.00000    4.58872
  60.50000    4.58625
  61.00000    4.58725
  61.50000    4.58654
  62.00000    4.58535
  62.50000    4.58046
  63.00000    4.57263
  63.50000    4.57173
  64.00000    4.57529
  64.50000    4.57530
  65.00000    4.56484
  65.50000    4.54646
  66.00000    4.54529
  66.50000    4.54467
  67.00000    4.55696
  67.50000    4.54427
  68.00000    4.54651
  68.50000    4.53325
  69.00000    4.52996
  69.50000    4.52384
  70.00000    4.51949
  70.50000    4.51873
  71.00000    4.51876
  71.50000    4.51300
  72.00000    4.49823
  72.50000    4.49859
  73.00000    4.50160
  73.50000    4.49899
  74.00000    4.50753
  74.50000    4.51571
  75.00000    4.50209
  75.50000    4.48945
  76.00000    4.48250
  76.50000    4.49625
  77.00000    4.49587
  77.50000    4.48884
  78.00000    4.47326
  78.50000    4.47445
  79.00000    4.47407
  79.50000    4.45399
  80.00000    4.44902
  80.50000    4.45357
  81.00000    4.45998
  81.50000    4.45980
  82.00000    4.45962
  82.50000    4.44053
  83.00000    4.42359
  83.50000    4.43243
  84.00000    4.44726
  84.50000    4.44026
  85.00000    4.43025
  85.50000    4.42977
  86.00000    4.42359
  86.50000    4.41187
  87.00000    4.40437
  87.50000    4.41445
  88.00000    4.41286
  88.50000    4.40651
  89.00000    4.40722
  89.50000    4.41138
  90.00000    4.40227
  90.50000    4.38992
  91.00000    4.39647
  91.50000    4.39780
  92.00000    4.39401
  92.50000    4.38555
  93.00000    4.37275
  93.50000    4.36928
  94.00000    4.38241
  94.50000    4.38382
  95.00000    4.38330
  95.50000    4.37773
  96.00000    4.38410
  96.50000    4.38029
  97.00000    4.38347
  97.50000    4.37796
  98.00000    4.36743
  98.50000    4.36771
  99.00000    4.37378
  99.50000    4.38068
 100.00000    4.37984
 100.50000    4.37455
 101.00000    4.37371
 101.50000    4.36358
 102.00000    4.36098
 102.50000    4.36014
 103.00000    4.37117
 103.50000    4.37772
 104.00000    4.37120
 104.50000    4.36243
 105.00000    4.36150
 105.50000    4.36534
 106.00000    4.36115
 106.50000    4.35832
 107.00000    4.36508
 107.50000    4.36939
 108.00000    4.37066
 108.50000    4.36064
 109.00000    4.37021
 109.50000    4.36901
 110.00000    4.37451
 110.50000    4.36677
 111.00000    4.37670
 111.50000    4.37566
 112.00000    4.38253
 112.50000    4.38080
 113.00000    4.37971
 113.50000    4.38168
 114.00000    4.39199
 114.50000    4.39045
 115.00000    4.38623
 115.50000    4.39133
 116.00000    4.39572
 116.50000    4.39388
 117.00000    4.39423
 117.50000    4.40200
 118.00000    4.40358
 118.50000    4.40594
 119.00000    4.40760
 119.50000    4.40963
 120.00000    4.40493
 120.50000    4.40518
 121.00000    4.41204
 121.50000    4.41729
 122.00000    4.42207
 122.50000    4.42230
 123.00000    4.42297
 123.50000    4.41831
 124.00000    4.43014
 124.50000    4.43069
 125.00000    4.43808
 125.50000    4.43827
 126.00000    4.44505
 126.50000    4.44600
 127.00000    4.44818
 127.50000    4.44966
 128.00000    4.44550
 128.50000    4.45311
 129.00000    4.45917
 129.50000    4.47767
 130.00000    4.47280
 130.50000    4.47013
 131.00000    4.47000
 131.50000    4.48200
 132.00000    4.48048
 132.50000    4.47208
 133.00000    4.47261
 133.50000    4.48312
 134.00000    4.49700
 134.50000    4.50091
 135.00000    4.50028
 135.50000    4.50242
 136.00000    4.49905
 136.50000    4.50708
 137.00000    4.50808
 137.50000    4.53045
 138.00000    4.53518
 138.50000    4.53059
 139.00000    4.51554
 139.50000    4.51549
 140.00000    4.51938
 140.50000    4.51983
 141.00000    4.53040
 141.50000    4.53783
 142.00000    4.53470
 142.50000    4.53469
 143.00000    4.54048
 143.50000    4.55105
 144.00000    4.54406
 144.50000    4.55322
 145.00000    4.55190
 145.50000    4.55877
 146.00000    4.55567
 146.50000    4.56377
 147.00000    4.56470
 147.50000    4.57794
 148.00000    4.58308
 148.50000    4.58345
 149.00000    4.57895
 149.50000    4.58336
 150.00000    4.59721
