   0.00000    1.40797
   0.50000    3.34810
   1.00000    3.56887
   1.50000    3.34991
   2.00000    3.39253
   2.50000    3.39859
   3.00000    3.39966
   3.50000    3.40193
   4.00000    3.42933
   4.50000    3.44975
   5.00000    3.46102
   5.50000    3.46975
   6.00000    3.47142
   6.50000    3.46718
   7.00000    3.47049
   7.50000    3.47803
   8.00000    3.48738
   8.50000    3.49481
   9.00000    3.50710
   9.50000    3.49980
  10.00000    3.49120
  10.50000    3.50023
  11.00000    3.53017
  11.50000    3.54133
  12.00000    3.52582
  12.50000    3.52429
  13.00000    3.53352
  13.50000    3.53421
  14.00000    3.54245
  14.50000    3.55655
  15.00000    3.56458
  15.50000    3.56196
  16.00000    3.55270
  16.50000    3.55050
  17.00000    3.56936
  17.50000    3.58374
  18.00000    3.57619
  18.50000    3.56539
  19.00000    3.57399
  19.50000    3.58030
  20.00000    3.59332
  20.50000    3.61309
  21.00000    3.62411
  21.50000    3.62368
  22.00000    3.63440
  22.50000    3.64032
  23.00000    3.64042
  23.50000    3.64802
  24.00000    3.67071
  24.50000    3.67460
  25.00000    3.67654
  25.50000    3.69835
  26.00000    3.72500
  26.50000    3.74527
  27.00000    3.75817
  27.50000    3.80169
  28.00000    3.85778
  28.50000    3.91572
  29.00000    3.96146
  29.50000    4.00298
  30.00000    4.03574
  30.50000    4.07116
  31.00000    4.10859
  31.50000    4.11605
  32.00000    4.11002
  32.50000    4.10278
  33.00000    4.11683
  33.50000    4.15824
  34.00000    4.19941
  34.50000    4.24164
  35.00000    4.27505
  35.50000    4.32854
  36.00000    4.35750
  36.50000    4.37499
  37.00000    4.39126
  37.50000    4.39937
  38.00000    4.41616
  38.50000    4.41581
  39.00000    4.43146
  39.50000    4.44151
  40.00000    4.44418
  40.50000    4.43238
  41.00000    4.42010
  41.50000    4.42744
  42.00000    4.42185
  42.50000    4.40503
  43.00000    4.39700
  43.50000    4.40317
  44.00000    4.40935
  44.50000    4.38814
  45.00000    4.37184
  45.50000    4.35777
  46.00000    4.36378
  46.50000    4.36644
  47.00000    4.36743
  47.50000    4.36159
  48.00000    4.35781
  48.50000    4.35179
  49.00000    4.37105
  49.50000    4.38446
  50.00000    4.38335
  50.50000    4.37181
  51.00000    4.37251
  51.50000    4.38069
  52.00000    4.38262
  52.50000    4.37864
  53.00000    4.37545
  53.50000    4.38672
  54.00000    4.40030
  54.50000    4.40077
  55.00000    4.40183
  55.50000    4.39673
  56.00000    4.40522
  56.50000    4.41282
  57.00000    4.41986
  57.50000    4.42342
  58.00000    4.42813
  58.50000    4.44131
  59.00000    4.43846
  59.50000    4.44514
  60.00000    4.43584
  60.50000    4.44765
  61.00000    4.44698
  61.50000    4.45487
  62.00000    4.44338
  62.50000    4.45010
  63.00000    4.45234
  63.50000    4.45568
  64.00000    4.44390
  64.50000    4.46068
  65.00000    4.46571
  65.50000    4.46212
  66.00000    4.45057
  66.50000    4.45306
  67.00000    4.45866
  67.50000    4.45823
  68.00000    4.45939
  68.50000    4.45781
  69.00000    4.45890
  69.50000    4.45587
  70.00000    4.44486
  70.50000    4.44776
  71.00000    4.43695
  71.50000    4.42068
  72.00000    4.42404
  72.50000    4.43882
  73.00000    4.44855
  73.50000    4.43180
  74.00000    4.43367
  74.50000    4.42973
  75.00000    4.43399
  75.50000    4.43726
  76.00000    4.43608
  76.50000    4.43538
  77.00000    4.43135
  77.50000    4.44676
  78.00000    4.45071
  78.50000    4.44592
  79.00000    4.43148
  79.50000    4.41859
  80.00000    4.41271
  80.50000    4.41673
  81.00000    4.42271
  81.50000    4.41961
  82.00000    4.40830
  82.50000    4.41046
  83.00000    4.42137
  83.50000    4.42676
  84.00000    4.41587
  84.50000    4.41578
  85.00000    4.42061
  85.50000    4.41987
  86.00000    4.40575
  86.50000    4.41126
  87.00000    4.40756
  87.50000    4.40750
  88.00000    4.40673
  88.50000    4.41429
  89.00000    4.41039
  89.50000    4.41097
  90.00000    4.41286
  90.50000    4.40618
  91.00000    4.40162
  91.50000    4.40412
  92.00000    4.41231
  92.50000    4.41642
  93.00000    4.40943
  93.50000    4.39612
  94.00000    4.39483
  94.50000    4.39091
  95.00000    4.39241
  95.50000    4.38538
  96.00000    4.39328
  96.50000    4.39264
  97.00000    4.41146
  97.50000    4.40754
  98.00000    4.40303
  98.50000    4.38505
  99.00000    4.38518
  99.50000    4.38769
 100.00000    4.39069
 100.50000    4.38449
 101.00000    4.38084
 101.50000    4.39404
 102.00000    4.39619
 102.50000    4.38698
 103.00000    4.37234
 103.50000    4.38398
 104.00000    4.39933
 104.50000    4.40662
 105.00000    4.39785
 105.50000    4.38271
 106.00000    4.37059
 106.50000    4.36769
 107.00000    4.37597
 107.50000    4.38458
 108.00000    4.38755
 108.50000    4.37028
 109.00000    4.36725
 109.50000    4.37368
 110.00000    4.38086
 110.50000    4.37246
 111.00000    4.36641
 111.50000    4.36869
 112.00000    4.37143
 112.50000    4.38407
 113.00000    4.38403
 113.50000    4.37571
 114.00000    4.36618
 114.50000    4.36680
 115.00000    4.37107
 115.50000    4.36454
 116.00000    4.36209
 116.50000    4.36261
 117.00000    4.36375
 117.50000    4.35371
 118.00000    4.36459
 118.50000    4.37222
 119.00000    4.37114
 119.50000    4.35518
 120.00000    4.36319
 120.50000    4.35806
 121.00000    4.35656
 121.50000    4.35035
 122.00000    4.34940
 122.50000    4.33771
 123.00000    4.34470
 123.50000    4.35725
 124.00000    4.36423
 124.50000    4.36122
 125.00000    4.35448
 125.50000    4.34902
 126.00000    4.34829
 126.50000    4.35756
 127.00000    4.35172
 127.50000    4.35032
 128.00000    4.35303
 128.50000    4.35155
 129.00000    4.33975
 129.50000    4.34689
 130.00000    4.35703
 130.50000    4.35644
 131.00000    4.34957
 131.50000    4.34879
 132.00000    4.33695
 132.50000    4.34728
 133.00000    4.35231
 133.50000    4.36098
 134.00000    4.35867
 134.50000    4.36119
 135.00000    4.34847
 135.50000    4.33953
 136.00000    4.34279
 136.50000    4.34121
 137.00000    4.35116
 137.50000    4.35467
 138.00000    4.35389
 138.50000    4.34292
 139.00000    4.34647
 139.50000    4.34496
 140.00000    4.35116
 140.50000    4.34839
 141.00000    4.35122
 141.50000    4.35032
 142.00000    4.36501
 142.50000    4.35952
 143.00000    4.35260
 143.50000    4.35560
 144.00000    4.36137
 144.50000    4.36481
 145.00000    4.36588
 145.50000    4.36767
 146.00000    4.37380
 146.50000    4.37807
 147.00000    4.37419
 147.50000    4.35662
 148.00000    4.36423
 148.50000    4.37658
 149.00000    4.37723
 149.50000    4.36495
 150.00000    4.37760
