   0.00000    1.41136
   0.50000    2.14509
   1.00000    2.39264
   1.50000    2.55769
   2.00000    2.78298
   2.50000    2.88005
   3.00000    2.99343
   3.50000    3.12962
   4.00000    3.25735
   4.50000    3.26994
   5.00000    3.30253
   5.50000    3.35124
   6.00000    3.41757
   6.50000    3.44512
   7.00000    3.46447
   7.50000    3.48054
   8.00000    3.51632
   8.50000    3.51414
   9.00000    3.51946
   9.50000    3.52326
  10.00000    3.54429
  10.50000    3.54773
  11.00000    3.55571
  11.50000    3.58411
  12.00000    3.59227
  12.50000    3.60632
  13.00000    3.60865
  13.50000    3.63555
  14.00000    3.63999
  14.50000    3.64740
  15.00000    3.65877
  15.50000    3.66716
  16.00000    3.64173
  16.50000    3.62710
  17.00000    3.67394
  17.50000    3.71675
  18.00000    3.72419
  18.50000    3.70730
  19.00000    3.70450
  19.50000    3.70465
  20.00000    3.70990
  20.50000    3.72460
  21.00000    3.71124
  21.50000    3.75409
  22.00000    3.79475
  22.50000    3.80899
  23.00000    3.76782
  23.50000    3.77926
  24.00000    3.78016
  24.50000    3.75888
  25.00000    3.74844
  25.50000    3.76905
  26.00000    3.80946
  26.50000    3.83345
  27.00000    3.83388
  27.50000    3.81253
  28.00000    3.82273
  28.50000    3.82966
  29.00000    3.82323
  29.50000    3.79880
  30.00000    3.79044
  30.50000    3.75758
  31.00000    3.81514
  31.50000    3.86535
  32.00000    3.91255
  32.50000    3.88568
  33.00000    3.92288
  33.50000    3.93930
  34.00000    3.96812
  34.50000    3.98472
  35.00000    4.01534
  35.50000    4.04974
  36.00000    4.06875
  36.50000    4.06638
  37.00000    4.08101
  37.50000    4.09295
  38.00000    4.11264
  38.50000    4.11289
  39.00000    4.15427
  39.50000    4.16693
  40.00000    4.17574
  40.50000    4.15842
  41.00000    4.15415
  41.50000    4.14568
  42.00000    4.15244
  42.50000    4.17431
  43.00000    4.19183
  43.50000    4.25233
  44.00000    4.33058
  44.50000    4.39066
  45.00000    4.40841
  45.50000    4.43615
  46.00000    4.44717
  46.50000    4.46693
  47.00000    4.53082
  47.50000    4.57308
  48.00000    4.57789
  48.50000    4.54894
  49.00000    4.58265
  49.50000    4.62938
  50.00000    4.64719
  50.50000    4.60590
  51.00000    4.60592
  51.50000    4.62519
  52.00000    4.63205
  52.50000    4.58588
  53.00000    4.58369
  53.50000    4.58482
  54.00000    4.60033
  54.50000    4.58532
  55.00000    4.60207
  55.50000    4.59615
  56.00000    4.60739
  56.50000    4.64270
  57.00000    4.68103
  57.50000    4.68348
  58.00000    4.67885
  58.50000    4.68012
  59.00000    4.68000
  59.50000    4.68402
  60.00000    4.69053
  60.50000    4.70251
  61.00000    4.69873
  61.50000    4.67075
  62.00000    4.63949
  62.50000    4.66924
  63.00000    4.70780
  63.50000    4.71664
  64.00000    4.68432
  64.50000    4.69918
  65.00000    4.71099
  65.50000    4.74339
  66.00000    4.74221
  66.50000    4.74293
  67.00000    4.70403
  67.50000    4.70410
  68.00000    4.70692
  68.50000    4.72661
  69.00000    4.74401
  69.50000    4.72990
  70.00000    4.73636
  70.50000    4.72736
  71.00000    4.73443
  71.50000    4.70479
  72.00000    4.75117
  72.50000    4.76585
  73.00000    4.75843
  73.50000    4.73138
  74.00000    4.74386
  74.50000    4.74006
  75.00000    4.72835
  75.50000    4.72448
  76.00000    4.73440
  76.50000    4.76088
  77.00000    4.77446
  77.50000    4.77576
  78.00000    4.76485
  78.50000    4.78422
  79.00000    4.77541
  79.50000    4.75271
  80.00000    4.74496
  80.50000    4.75803
  81.00000    4.77829
  81.50000    4.79091
  82.00000    4.78426
  82.50000    4.78143
  83.00000    4.80136
  83.50000    4.83341
  84.00000    4.83227
  84.50000    4.82797
  85.00000    4.83745
  85.50000    4.83005
  86.00000    4.83433
  86.50000    4.83791
  87.00000    4.84956
  87.50000    4.82717
  88.00000    4.82794
  88.50000    4.84674
  89.00000    4.85914
  89.50000    4.85074
  90.00000    4.84749
  90.50000    4.86079
  91.00000    4.86102
  91.50000    4.87511
  92.00000    4.88059
  92.50000    4.91311
  93.00000    4.91929
  93.50000    4.90325
  94.00000    4.87746
  94.50000    4.89050
  95.00000    4.89997
  95.50000    4.88958
  96.00000    4.88487
  96.50000    4.88922
  97.00000    4.88758
  97.50000    4.90240
  98.00000    4.90042
  98.50000    4.90397
  99.00000    4.88607
  99.50000    4.89435
 100.00000    4.91233
 100.50000    4.93807
 101.00000    4.91740
 101.50000    4.92630
 102.00000    4.93640
 102.50000    4.93894
 103.00000    4.92125
 103.50000    4.93387
 104.00000    4.93870
 104.50000    4.94199
 105.00000    4.92606
 105.50000    4.93556
 106.00000    4.93935
 106.50000    4.95797
 107.00000    4.94141
 107.50000    4.94916
 108.00000    4.95556
 108.50000    4.99961
 109.00000    4.98635
 109.50000    4.97333
 110.00000    4.95721
 110.50000    4.95288
 111.00000    4.94912
 111.50000    4.96873
 112.00000    4.99725
 112.50000    4.97238
 113.00000    4.95944
 113.50000    4.92950
 114.00000    4.94313
 114.50000    4.94808
 115.00000    4.96674
 115.50000    4.97136
 116.00000    4.96921
 116.50000    4.96298
 117.00000    4.95006
 117.50000    4.95337
 118.00000    4.94991
 118.50000    4.95676
 119.00000    4.97179
 119.50000    4.96320
 120.00000    4.94115
 120.50000    4.95845
 121.00000    4.98712
 121.50000    4.98071
 122.00000    4.93894
 122.50000    4.94209
 123.00000    4.95906
 123.50000    4.98368
 124.00000    4.97667
 124.50000    4.96336
 125.00000    4.95957
 125.50000    4.94165
 126.00000    4.95859
 126.50000    4.95382
 127.00000    4.95715
 127.50000    4.95446
 128.00000    4.97844
 128.50000    4.96844
 129.00000    4.94192
 129.50000    4.94895
 130.00000    4.96542
 130.50000    4.96397
 131.00000    4.98453
 131.50000    4.98880
 132.00000    4.99565
 132.50000    4.97319
 133.00000    4.99307
 133.50000    4.99308
 134.00000    4.98226
 134.50000    4.94660
 135.00000    4.92127
 135.50000    4.90454
 136.00000    4.93717
 136.50000    4.94188
 137.00000    4.95530
 137.50000    4.93433
 138.00000    4.98072
 138.50000    4.98838
 139.00000    4.98815
 139.50000    4.95833
 140.00000    4.94968
 140.50000    4.95383
 141.00000    4.93325
 141.50000    4.94652
 142.00000    4.94626
 142.50000    4.97404
 143.00000    4.94654
 143.50000    4.91495
 144.00000    4.89590
 144.50000    4.91846
 145.00000    4.92629
 145.50000    4.88456
 146.00000    4.88561
 146.50000    4.90159
 147.00000    4.92754
 147.50000    4.92827
 148.00000    4.91651
 148.50000    4.90885
 149.00000    4.89380
 149.50000    4.89079
 150.00000    4.89397
