   0.00000    1.29971
   0.50000    1.33839
   1.00000    1.99412
   1.50000    2.66195
   2.00000    3.07916
   2.50000    3.34276
   3.00000    3.51432
   3.50000    3.57347
   4.00000    3.55988
   4.50000    3.57842
   5.00000    3.58761
   5.50000    3.60251
   6.00000    3.61145
   6.50000    3.62826
   7.00000    3.64319
   7.50000    3.65380
   8.00000    3.67139
   8.50000    3.67958
   9.00000    3.69414
   9.50000    3.70092
  10.00000    3.70831
  10.50000    3.70912
  11.00000    3.71387
  11.50000    3.72840
  12.00000    3.73787
  12.50000    3.74298
  13.00000    3.74277
  13.50000    3.75796
  14.00000    3.76712
  14.50000    3.76851
  15.00000    3.76434
  15.50000    3.77607
  16.00000    3.77862
  16.50000    3.78065
  17.00000    3.78067
  17.50000    3.78645
  18.00000    3.78353
  18.50000    3.78091
  19.00000    3.77718
  19.50000    3.78068
  20.00000    3.78226
  20.50000    3.78795
  21.00000    3.78445
  21.50000    3.77960
  22.00000    3.76391
  22.50000    3.76761
  23.00000    3.77412
  23.50000    3.77407
  24.00000    3.76828
  24.50000    3.76742
  25.00000    3.77017
  25.50000    3.76330
  26.00000    3.75453
  26.50000    3.75339
  27.00000    3.76166
  27.50000    3.76200
  28.00000    3.75071
  28.50000    3.75316
  29.00000    3.75526
  29.50000    3.74130
  30.00000    3.72167
  30.50000    3.70847
  31.00000    3.70392
  31.50000    3.69280
  32.00000    3.69758
  32.50000    3.69251
  33.00000    3.69079
  33.50000    3.69711
  34.00000    3.72032
  34.50000    3.74630
  35.00000    3.79174
  35.50000    3.85199
  36.00000    3.89364
  36.50000    3.91061
  37.00000    3.93863
  37.50000    3.96359
  38.00000    3.97151
  38.50000    3.97309
  39.00000    3.98626
  39.50000    4.00422
  40.00000    4.01934
  40.50000    4.02980
  41.00000    4.04453
  41.50000    4.06270
  42.00000    4.07792
  42.50000    4.09177
  43.00000    4.12961
  43.50000    4.18928
  44.00000    4.24168
  44.50000    4.29030
  45.00000    4.32674
  45.50000    4.35588
  46.00000    4.37555
  46.50000    4.40046
  47.00000    4.43496
  47.50000    4.47685
  48.00000    4.51940
  48.50000    4.54485
  49.00000    4.55179
  49.50000    4.57572
  50.00000    4.59853
  50.50000    4.61263
  51.00000    4.61497
  51.50000    4.62315
  52.00000    4.62731
  52.50000    4.62484
  53.00000    4.62209
  53.50000    4.61337
  54.00000    4.62160
  54.50000    4.61984
  55.00000    4.62222
  55.50000    4.62947
  56.00000    4.64301
  56.50000    4.63291
  57.00000    4.62946
  57.50000    4.63445
  58.00000    4.62749
  58.50000    4.60801
  59.00000    4.60821
  59.50000    4.61239
  60.00000    4.61035
  60.50000    4.59957
  61.00000    4.59364
  61.50000    4.59005
  62.00000    4.58743
  62.50000    4.57552
  63.00000    4.56562
  63.50000    4.56604
  64.00000    4.56598
  64.50000    4.55970
  65.00000    4.55954
  65.50000    4.56880
  66.00000    4.56160
  66.50000    4.55219
  67.00000    4.54212
  67.50000    4.54984
  68.00000    4.55373
  68.50000    4.55304
  69.00000    4.54646
  69.50000    4.55603
  70.00000    4.56291
  70.50000    4.56071
  71.00000    4.55435
  71.50000    4.55019
  72.00000    4.54532
  72.50000    4.54686
  73.00000    4.55532
  73.50000    4.55125
  74.00000    4.55261
  74.50000    4.55658
  75.00000    4.56425
  75.50000    4.56148
  76.00000    4.56139
  76.50000    4.56316
  77.00000    4.56509
  77.50000    4.55999
  78.00000    4.55394
  78.50000    4.55692
  79.00000    4.56009
  79.50000    4.55523
  80.00000    4.54352
  80.50000    4.54069
  81.00000    4.54163
  81.50000    4.54263
  82.00000    4.54299
  82.50000    4.54622
  83.00000    4.54363
  83.50000    4.54403
  84.00000    4.54456
  84.50000    4.54432
  85.00000    4.53982
  85.50000    4.53685
  86.00000    4.54312
  86.50000    4.54162
  87.00000    4.54107
  87.50000    4.53194
  88.00000    4.53754
  88.50000    4.52658
  89.00000    4.52757
  89.50000    4.52844
  90.00000    4.53661
  90.50000    4.53809
  91.00000    4.53955
  91.50000    4.53451
  92.00000    4.52629
  92.50000    4.53022
  93.00000    4.53879
  93.50000    4.54080
  94.00000    4.53001
  94.50000    4.52465
  95.00000    4.52153
  95.50000    4.52516
  96.00000    4.52960
  96.50000    4.53082
  97.00000    4.52327
  97.50000    4.51939
  98.00000    4.51710
  98.50000    4.51708
  99.00000    4.52381
  99.50000    4.52401
 100.00000    4.51880
 100.50000    4.50204
 101.00000    4.50330
 101.50000    4.50391
 102.00000    4.50828
 102.50000    4.49863
 103.00000    4.50885
 103.50000    4.51615
 104.00000    4.51025
 104.50000    4.50501
 105.00000    4.51067
 105.50000    4.51221
 106.00000    4.50950
 106.50000    4.51415
 107.00000    4.51046
 107.50000    4.50429
 108.00000    4.50505
 108.50000    4.51260
 109.00000    4.51142
 109.50000    4.51007
 110.00000    4.50885
 110.50000    4.50287
 111.00000    4.49079
 111.50000    4.48783
 112.00000    4.50063
 112.50000    4.50104
 113.00000    4.50269
 113.50000    4.50568
 114.00000    4.51195
 114.50000    4.50678
 115.00000    4.51011
 115.50000    4.51318
 116.00000    4.51293
 116.50000    4.50711
 117.00000    4.50956
 117.50000    4.51256
 118.00000    4.51033
 118.50000    4.50021
 119.00000    4.50798
 119.50000    4.52193
 120.00000    4.52142
 120.50000    4.51093
 121.00000    4.50850
 121.50000    4.51568
 122.00000    4.51923
 122.50000    4.51931
 123.00000    4.51099
 123.50000    4.50633
 124.00000    4.50921
 124.50000    4.50809
 125.00000    4.50983
 125.50000    4.50774
 126.00000    4.50610
 126.50000    4.49977
 127.00000    4.50698
 127.50000    4.51702
 128.00000    4.52675
 128.50000    4.52817
 129.00000    4.51522
 129.50000    4.50031
 130.00000    4.50200
 130.50000    4.51081
 131.00000    4.51506
 131.50000    4.50684
 132.00000    4.51018
 132.50000    4.51229
 133.00000    4.51786
 133.50000    4.51003
 134.00000    4.50774
 134.50000    4.51141
 135.00000    4.51017
 135.50000    4.51005
 136.00000    4.50900
 136.50000    4.51837
 137.00000    4.50480
 137.50000    4.50501
 138.00000    4.51548
 138.50000    4.52485
 139.00000    4.51679
 139.50000    4.51097
 140.00000    4.50887
 140.50000    4.51039
 141.00000    4.51539
 141.50000    4.52043
 142.00000    4.51900
 142.50000    4.51977
 143.00000    4.51082
 143.50000    4.51043
 144.00000    4.51712
 144.50000    4.52481
 145.00000    4.52100
 145.50000    4.51919
 146.00000    4.52287
 146.50000    4.52528
 147.00000    4.51763
 147.50000    4.51372
 148.00000    4.51551
 148.50000    4.52598
 149.00000    4.51904
 149.50000    4.51456
 150.00000    4.53014
