   0.00000    1.34448
   0.50000    1.21146
   1.00000    1.80534
   1.50000    2.36493
   2.00000    2.58681
   2.50000    2.70004
   3.00000    2.83962
   3.50000    2.94488
   4.00000    3.04832
   4.50000    3.10699
   5.00000    3.15946
   5.50000    3.20176
   6.00000    3.25680
   6.50000    3.28713
   7.00000    3.32293
   7.50000    3.35201
   8.00000    3.37986
   8.50000    3.40144
   9.00000    3.43621
   9.50000    3.47570
  10.00000    3.49802
  10.50000    3.50326
  11.00000    3.51368
  11.50000    3.55333
  12.00000    3.59579
  12.50000    3.61814
  13.00000    3.62283
  13.50000    3.63128
  14.00000    3.64642
  14.50000    3.65318
  15.00000    3.66011
  15.50000    3.67289
  16.00000    3.67710
  16.50000    3.69326
  17.00000    3.72957
  17.50000    3.75663
  18.00000    3.77532
  18.50000    3.76270
  19.00000    3.75353
  19.50000    3.74199
  20.00000    3.76516
  20.50000    3.78952
  21.00000    3.80395
  21.50000    3.80817
  22.00000    3.80927
  22.50000    3.83614
  23.00000    3.84423
  23.50000    3.84863
  24.00000    3.84628
  24.50000    3.84589
  25.00000    3.86894
  25.50000    3.91423
  26.00000    3.95932
  26.50000    3.97642
  27.00000    4.00231
  27.50000    4.06758
  28.00000    4.14935
  28.50000    4.21346
  29.00000    4.23753
  29.50000    4.24424
  30.00000    4.27030
  30.50000    4.30576
  31.00000    4.34978
  31.50000    4.34888
  32.00000    4.35132
  32.50000    4.32226
  33.00000    4.31274
  33.50000    4.26109
  34.00000    4.21685
  34.50000    4.17485
  35.00000    4.16290
  35.50000    4.16862
  36.00000    4.14564
  36.50000    4.14521
  37.00000    4.12727
  37.50000    4.13515
  38.00000    4.13604
  38.50000    4.15395
  39.00000    4.16330
  39.50000    4.17689
  40.00000    4.20227
  40.50000    4.23117
  41.00000    4.25579
  41.50000    4.26971
  42.00000    4.28156
  42.50000    4.28657
  43.00000    4.32726
  43.50000    4.40287
  44.00000    4.46995
  44.50000    4.46877
  45.00000    4.46878
  45.50000    4.47036
  46.00000    4.46672
  46.50000    4.46179
  47.00000    4.50908
  47.50000    4.54425
  48.00000    4.54989
  48.50000    4.51839
  49.00000    4.53278
  49.50000    4.56608
  50.00000    4.58312
  50.50000    4.56479
  51.00000    4.54686
  51.50000    4.53696
  52.00000    4.52431
  52.50000    4.50603
  53.00000    4.49767
  53.50000    4.47597
  54.00000    4.45483
  54.50000    4.43346
  55.00000    4.44755
  55.50000    4.45044
  56.00000    4.45960
  56.50000    4.48523
  57.00000    4.51549
  57.50000    4.50260
  58.00000    4.46823
  58.50000    4.46012
  59.00000    4.46490
  59.50000    4.45267
  60.00000    4.43051
  60.50000    4.43766
  61.00000    4.43805
  61.50000    4.42571
  62.00000    4.40313
  62.50000    4.41395
  63.00000    4.40552
  63.50000    4.40250
  64.00000    4.40206
  64.50000    4.41379
  65.00000    4.40076
  65.50000    4.38919
  66.00000    4.37301
  66.50000    4.35604
  67.00000    4.36236
  67.50000    4.37413
  68.00000    4.37079
  68.50000    4.36253
  69.00000    4.34720
  69.50000    4.34378
  70.00000    4.37092
  70.50000    4.39310
  71.00000    4.39676
  71.50000    4.38806
  72.00000    4.40096
  72.50000    4.40902
  73.00000    4.41492
  73.50000    4.40017
  74.00000    4.41244
  74.50000    4.41676
  75.00000    4.40705
  75.50000    4.41208
  76.00000    4.43111
  76.50000    4.44011
  77.00000    4.42539
  77.50000    4.41134
  78.00000    4.39503
  78.50000    4.39774
  79.00000    4.41655
  79.50000    4.40848
  80.00000    4.41150
  80.50000    4.41280
  81.00000    4.42141
  81.50000    4.41424
  82.00000    4.40635
  82.50000    4.40130
  83.00000    4.39441
  83.50000    4.40490
  84.00000    4.41394
  84.50000    4.41077
  85.00000    4.39603
  85.50000    4.37764
  86.00000    4.37721
  86.50000    4.40137
  87.00000    4.42009
  87.50000    4.40813
  88.00000    4.39142
  88.50000    4.39594
  89.00000    4.39216
  89.50000    4.38475
  90.00000    4.38478
  90.50000    4.38635
  91.00000    4.36991
  91.50000    4.37564
  92.00000    4.39529
  92.50000    4.41053
  93.00000    4.39849
  93.50000    4.39535
  94.00000    4.38393
  94.50000    4.38770
  95.00000    4.38000
  95.50000    4.37070
  96.00000    4.37910
  96.50000    4.38533
  97.00000    4.38758
  97.50000    4.37331
  98.00000    4.37816
  98.50000    4.37480
  99.00000    4.36240
  99.50000    4.35898
 100.00000    4.36876
 100.50000    4.39137
 101.00000    4.38202
 101.50000    4.38231
 102.00000    4.37154
 102.50000    4.37398
 103.00000    4.37752
 103.50000    4.38798
 104.00000    4.38185
 104.50000    4.38079
 105.00000    4.37028
 105.50000    4.36305
 106.00000    4.36772
 106.50000    4.37210
 107.00000    4.37485
 107.50000    4.37321
 108.00000    4.38910
 108.50000    4.37896
 109.00000    4.37243
 109.50000    4.35187
 110.00000    4.36129
 110.50000    4.36486
 111.00000    4.36444
 111.50000    4.35386
 112.00000    4.35767
 112.50000    4.37435
 113.00000    4.38843
 113.50000    4.38425
 114.00000    4.36632
 114.50000    4.34990
 115.00000    4.35079
 115.50000    4.36873
 116.00000    4.38214
 116.50000    4.39621
 117.00000    4.37722
 117.50000    4.36363
 118.00000    4.35437
 118.50000    4.35259
 119.00000    4.34755
 119.50000    4.37389
 120.00000    4.39009
 120.50000    4.37350
 121.00000    4.36725
 121.50000    4.36266
 122.00000    4.35216
 122.50000    4.34365
 123.00000    4.36737
 123.50000    4.38397
 124.00000    4.39774
 124.50000    4.38525
 125.00000    4.37285
 125.50000    4.36276
 126.00000    4.36743
 126.50000    4.36079
 127.00000    4.36098
 127.50000    4.36361
 128.00000    4.36573
 128.50000    4.35981
 129.00000    4.37361
 129.50000    4.38345
 130.00000    4.37907
 130.50000    4.37128
 131.00000    4.38843
 131.50000    4.38987
 132.00000    4.38049
 132.50000    4.36978
 133.00000    4.36898
 133.50000    4.36909
 134.00000    4.38271
 134.50000    4.37991
 135.00000    4.36665
 135.50000    4.34853
 136.00000    4.35284
 136.50000    4.36639
 137.00000    4.38756
 137.50000    4.39437
 138.00000    4.38982
 138.50000    4.38888
 139.00000    4.37975
 139.50000    4.36417
 140.00000    4.35780
 140.50000    4.36691
 141.00000    4.36376
 141.50000    4.36756
 142.00000    4.38475
 142.50000    4.39365
 143.00000    4.37986
 143.50000    4.37005
 144.00000    4.36529
 144.50000    4.36738
 145.00000    4.36465
 145.50000    4.36405
 146.00000    4.36369
 146.50000    4.37103
 147.00000    4.37043
 147.50000    4.37099
 148.00000    4.38198
 148.50000    4.38760
 149.00000    4.37910
 149.50000    4.35888
 150.00000    4.35570
