   0.00000    1.36963
   0.50000    3.02010
   1.00000    3.39630
   1.50000    3.34396
   2.00000    3.36660
   2.50000    3.34454
   3.00000    3.32685
   3.50000    3.33535
   4.00000    3.38099
   4.50000    3.41464
   5.00000    3.42832
   5.50000    3.42124
   6.00000    3.42240
   6.50000    3.42675
   7.00000    3.44560
   7.50000    3.46438
   8.00000    3.46809
   8.50000    3.47494
   9.00000    3.48148
   9.50000    3.48392
  10.00000    3.48595
  10.50000    3.50358
  11.00000    3.51375
  11.50000    3.50416
  12.00000    3.49791
  12.50000    3.51455
  13.00000    3.53721
  13.50000    3.56347
  14.00000    3.57303
  14.50000    3.58126
  15.00000    3.58606
  15.50000    3.58841
  16.00000    3.59309
  16.50000    3.59454
  17.00000    3.60760
  17.50000    3.62558
  18.00000    3.63921
  18.50000    3.64712
  19.00000    3.63965
  19.50000    3.64126
  20.00000    3.64508
  20.50000    3.67082
  21.00000    3.67960
  21.50000    3.68937
  22.00000    3.69876
  22.50000    3.70922
  23.00000    3.71296
  23.50000    3.72065
  24.00000    3.71557
  24.50000    3.71757
  25.00000    3.72471
  25.50000    3.73808
  26.00000    3.72162
  26.50000    3.73523
  27.00000    3.76219
  27.50000    3.78383
  28.00000    3.78920
  28.50000    3.81451
  29.00000    3.84360
  29.50000    3.85377
  30.00000    3.87321
  30.50000    3.88843
  31.00000    3.91198
  31.50000    3.93364
  32.00000    3.96475
  32.50000    4.00340
  33.00000    4.04232
  33.50000    4.07756
  34.00000    4.11445
  34.50000    4.17812
  35.00000    4.23794
  35.50000    4.27333
  36.00000    4.29289
  36.50000    4.31746
  37.00000    4.32147
  37.50000    4.32556
  38.00000    4.33419
  38.50000    4.36831
  39.00000    4.37010
  39.50000    4.36173
  40.00000    4.35061
  40.50000    4.35744
  41.00000    4.36380
  41.50000    4.36870
  42.00000    4.36639
  42.50000    4.35764
  43.00000    4.35536
  43.50000    4.35714
  44.00000    4.34954
  44.50000    4.35564
  45.00000    4.37951
  45.50000    4.40355
  46.00000    4.41008
  46.50000    4.40948
  47.00000    4.40343
  47.50000    4.40127
  48.00000    4.39995
  48.50000    4.39759
  49.00000    4.39356
  49.50000    4.39567
  50.00000    4.39097
  50.50000    4.39226
  51.00000    4.37749
  51.50000    4.37049
  52.00000    4.35565
  52.50000    4.35951
  53.00000    4.35482
  53.50000    4.35743
  54.00000    4.35781
  54.50000    4.35532
  55.00000    4.34452
  55.50000    4.34112
  56.00000    4.35079
  56.50000    4.35530
  57.00000    4.34981
  57.50000    4.34630
  58.00000    4.35526
  58.50000    4.35302
  59.00000    4.35154
  59.50000    4.34501
  60.00000    4.35785
  60.50000    4.35425
  61.00000    4.35113
  61.50000    4.34355
  62.00000    4.35328
  62.50000    4.35685
  63.00000    4.35650
  63.50000    4.35465
  64.00000    4.34371
  64.50000    4.32987
  65.00000    4.33714
  65.50000    4.34870
  66.00000    4.34317
  66.50000    4.32814
  67.00000    4.34364
  67.50000    4.35004
  68.00000    4.34544
  68.50000    4.33751
  69.00000    4.33438
  69.50000    4.32620
  70.00000    4.31935
  70.50000    4.32511
  71.00000    4.33412
  71.50000    4.33414
  72.00000    4.32584
  72.50000    4.32674
  73.00000    4.33305
  73.50000    4.32655
  74.00000    4.31027
  74.50000    4.30054
  75.00000    4.30066
  75.50000    4.30908
  76.00000    4.31215
  76.50000    4.29781
  77.00000    4.28837
  77.50000    4.28986
  78.00000    4.29674
  78.50000    4.30521
  79.00000    4.30416
  79.50000    4.30551
  80.00000    4.31242
  80.50000    4.32292
  81.00000    4.32155
  81.50000    4.32716
  82.00000    4.31621
  82.50000    4.29933
  83.00000    4.28924
  83.50000    4.28921
  84.00000    4.28398
  84.50000    4.27503
  85.00000    4.27846
  85.50000    4.28849
  86.00000    4.30164
  86.50000    4.28908
  87.00000    4.27698
  87.50000    4.27989
  88.00000    4.28936
  88.50000    4.27968
  89.00000    4.27080
  89.50000    4.27103
  90.00000    4.28286
  90.50000    4.29645
  91.00000    4.28694
  91.50000    4.28921
  92.00000    4.28514
  92.50000    4.29155
  93.00000    4.28947
  93.50000    4.29472
  94.00000    4.29774
  94.50000    4.29492
  95.00000    4.30278
  95.50000    4.30047
  96.00000    4.29500
  96.50000    4.28524
  97.00000    4.28340
  97.50000    4.29020
  98.00000    4.29123
  98.50000    4.30049
  99.00000    4.29921
  99.50000    4.29877
 100.00000    4.28855
 100.50000    4.30056
 101.00000    4.29588
 101.50000    4.29042
 102.00000    4.27746
 102.50000    4.29941
 103.00000    4.31504
 103.50000    4.30597
 104.00000    4.29653
 104.50000    4.30225
 105.00000    4.30502
 105.50000    4.31396
 106.00000    4.32953
 106.50000    4.33129
 107.00000    4.31424
 107.50000    4.32599
 108.00000    4.32279
 108.50000    4.32289
 109.00000    4.31783
 109.50000    4.31950
 110.00000    4.32069
 110.50000    4.32614
 111.00000    4.33715
 111.50000    4.33497
 112.00000    4.35222
 112.50000    4.34366
 113.00000    4.33932
 113.50000    4.34125
 114.00000    4.35276
 114.50000    4.35062
 115.00000    4.35543
 115.50000    4.34654
 116.00000    4.33493
 116.50000    4.33442
 117.00000    4.34955
 117.50000    4.35881
 118.00000    4.35184
 118.50000    4.35766
 119.00000    4.34930
 119.50000    4.36315
 120.00000    4.36872
 120.50000    4.37795
 121.00000    4.38157
 121.50000    4.37975
 122.00000    4.38652
 122.50000    4.37642
 123.00000    4.38214
 123.50000    4.38182
 124.00000    4.38428
 124.50000    4.38225
 125.00000    4.39261
 125.50000    4.40340
 126.00000    4.41232
 126.50000    4.40987
 127.00000    4.41006
 127.50000    4.39208
 128.00000    4.40046
 128.50000    4.41205
 129.00000    4.43177
 129.50000    4.42381
 130.00000    4.43143
 130.50000    4.42748
 131.00000    4.42939
 131.50000    4.42571
 132.00000    4.44103
 132.50000    4.43678
 133.00000    4.42990
 133.50000    4.43103
 134.00000    4.44005
 134.50000    4.44636
 135.00000    4.43542
 135.50000    4.44619
 136.00000    4.45273
 136.50000    4.46484
 137.00000    4.45236
 137.50000    4.44855
 138.00000    4.44299
 138.50000    4.45282
 139.00000    4.45496
 139.50000    4.46884
 140.00000    4.47084
 140.50000    4.48486
 141.00000    4.49432
 141.50000    4.49132
 142.00000    4.46877
 142.50000    4.46199
 143.00000    4.48115
 143.50000    4.48759
 144.00000    4.48669
 144.50000    4.48912
 145.00000    4.50120
 145.50000    4.50192
 146.00000    4.50430
 146.50000    4.50936
 147.00000    4.51271
 147.50000    4.50629
 148.00000    4.50981
 148.50000    4.50786
 149.00000    4.49817
 149.50000    4.49676
 150.00000    4.54590
