   0.00000    1.42543
   0.50000    3.00471
   1.00000    3.33260
   1.50000    3.29073
   2.00000    3.35558
   2.50000    3.43110
   3.00000    3.46086
   3.50000    3.50224
   4.00000    3.53298
   4.50000    3.55209
   5.00000    3.55145
   5.50000    3.54854
   6.00000    3.54581
   6.50000    3.53115
   7.00000    3.53562
   7.50000    3.53872
   8.00000    3.53340
   8.50000    3.54145
   9.00000    3.55640
   9.50000    3.56507
  10.00000    3.54551
  10.50000    3.55684
  11.00000    3.57882
  11.50000    3.59030
  12.00000    3.56881
  12.50000    3.56087
  13.00000    3.56564
  13.50000    3.57938
  14.00000    3.57588
  14.50000    3.58199
  15.00000    3.59204
  15.50000    3.60553
  16.00000    3.58885
  16.50000    3.58627
  17.00000    3.59260
  17.50000    3.61032
  18.00000    3.60787
  18.50000    3.59492
  19.00000    3.59509
  19.50000    3.59659
  20.00000    3.60652
  20.50000    3.60475
  21.00000    3.60261
  21.50000    3.61649
  22.00000    3.62508
  22.50000    3.62769
  23.00000    3.61239
  23.50000    3.61938
  24.00000    3.62147
  24.50000    3.61127
  25.00000    3.59403
  25.50000    3.59079
  26.00000    3.61544
  26.50000    3.65312
  27.00000    3.68244
  27.50000    3.69887
  28.00000    3.71729
  28.50000    3.74682
  29.00000    3.74807
  29.50000    3.73941
  30.00000    3.72586
  30.50000    3.72808
  31.00000    3.71956
  31.50000    3.69827
  32.00000    3.67299
  32.50000    3.66532
  33.00000    3.65286
  33.50000    3.65541
  34.00000    3.67367
  34.50000    3.70171
  35.00000    3.74126
  35.50000    3.82101
  36.00000    3.88073
  36.50000    3.90695
  37.00000    3.94113
  37.50000    3.98169
  38.00000    4.01338
  38.50000    4.03584
  39.00000    4.05931
  39.50000    4.09757
  40.00000    4.12864
  40.50000    4.15103
  41.00000    4.15461
  41.50000    4.16447
  42.00000    4.17979
  42.50000    4.18007
  43.00000    4.19449
  43.50000    4.21465
  44.00000    4.25293
  44.50000    4.25995
  45.00000    4.27103
  45.50000    4.27313
  46.00000    4.28449
  46.50000    4.30817
  47.00000    4.34592
  47.50000    4.37020
  48.00000    4.38406
  48.50000    4.37442
  49.00000    4.38209
  49.50000    4.40582
  50.00000    4.43417
  50.50000    4.44280
  51.00000    4.45585
  51.50000    4.46007
  52.00000    4.47384
  52.50000    4.48602
  53.00000    4.51787
  53.50000    4.53322
  54.00000    4.52484
  54.50000    4.49403
  55.00000    4.49861
  55.50000    4.50700
  56.00000    4.51603
  56.50000    4.51024
  57.00000    4.52003
  57.50000    4.50941
  58.00000    4.51210
  58.50000    4.51465
  59.00000    4.51682
  59.50000    4.51005
  60.00000    4.51342
  60.50000    4.52457
  61.00000    4.53330
  61.50000    4.52294
  62.00000    4.50897
  62.50000    4.51038
  63.00000    4.52487
  63.50000    4.52430
  64.00000    4.52386
  64.50000    4.53959
  65.00000    4.53363
  65.50000    4.50656
  66.00000    4.50760
  66.50000    4.51541
  67.00000    4.51969
  67.50000    4.50372
  68.00000    4.49682
  68.50000    4.50078
  69.00000    4.51665
  69.50000    4.49946
  70.00000    4.46115
  70.50000    4.45572
  71.00000    4.46124
  71.50000    4.46705
  72.00000    4.46033
  72.50000    4.45517
  73.00000    4.44470
  73.50000    4.44320
  74.00000    4.43938
  74.50000    4.42505
  75.00000    4.41745
  75.50000    4.41704
  76.00000    4.42031
  76.50000    4.44020
  77.00000    4.43534
  77.50000    4.42040
  78.00000    4.38980
  78.50000    4.39501
  79.00000    4.39053
  79.50000    4.37705
  80.00000    4.35817
  80.50000    4.36346
  81.00000    4.36107
  81.50000    4.34915
  82.00000    4.33981
  82.50000    4.34329
  83.00000    4.34185
  83.50000    4.33580
  84.00000    4.32640
  84.50000    4.32913
  85.00000    4.32329
  85.50000    4.31984
  86.00000    4.29755
  86.50000    4.30194
  87.00000    4.28708
  87.50000    4.29174
  88.00000    4.28734
  88.50000    4.29434
  89.00000    4.28819
  89.50000    4.27281
  90.00000    4.25229
  90.50000    4.24014
  91.00000    4.24775
  91.50000    4.27098
  92.00000    4.26824
  92.50000    4.26216
  93.00000    4.25667
  93.50000    4.26235
  94.00000    4.25936
  94.50000    4.25661
  95.00000    4.25777
  95.50000    4.23458
  96.00000    4.22819
  96.50000    4.23277
  97.00000    4.25805
  97.50000    4.24716
  98.00000    4.21750
  98.50000    4.20545
  99.00000    4.22192
  99.50000    4.22475
 100.00000    4.21392
 100.50000    4.20565
 101.00000    4.20928
 101.50000    4.21701
 102.00000    4.22190
 102.50000    4.21105
 103.00000    4.19411
 103.50000    4.20086
 104.00000    4.20778
 104.50000    4.21523
 105.00000    4.19679
 105.50000    4.19333
 106.00000    4.19039
 106.50000    4.19034
 107.00000    4.18389
 107.50000    4.19931
 108.00000    4.20055
 108.50000    4.19275
 109.00000    4.18408
 109.50000    4.19005
 110.00000    4.18862
 110.50000    4.18527
 111.00000    4.19347
 111.50000    4.19905
 112.00000    4.20272
 112.50000    4.19349
 113.00000    4.19206
 113.50000    4.19551
 114.00000    4.19745
 114.50000    4.19099
 115.00000    4.18379
 115.50000    4.18589
 116.00000    4.18834
 116.50000    4.19638
 117.00000    4.19139
 117.50000    4.19334
 118.00000    4.20723
 118.50000    4.21093
 119.00000    4.19426
 119.50000    4.18706
 120.00000    4.20650
 120.50000    4.20622
 121.00000    4.21469
 121.50000    4.20677
 122.00000    4.20824
 122.50000    4.20383
 123.00000    4.21455
 123.50000    4.21161
 124.00000    4.22515
 124.50000    4.23228
 125.00000    4.22563
 125.50000    4.21190
 126.00000    4.21727
 126.50000    4.22974
 127.00000    4.22580
 127.50000    4.22232
 128.00000    4.22029
 128.50000    4.23918
 129.00000    4.24380
 129.50000    4.25151
 130.00000    4.24727
 130.50000    4.24480
 131.00000    4.25502
 131.50000    4.25897
 132.00000    4.25563
 132.50000    4.24614
 133.00000    4.25103
 133.50000    4.26031
 134.00000    4.26502
 134.50000    4.27100
 135.00000    4.26394
 135.50000    4.26456
 136.00000    4.27159
 136.50000    4.27695
 137.00000    4.28108
 137.50000    4.28912
 138.00000    4.29356
 138.50000    4.29151
 139.00000    4.29115
 139.50000    4.29430
 140.00000    4.30107
 140.50000    4.30474
 141.00000    4.30823
 141.50000    4.30766
 142.00000    4.31673
 142.50000    4.32330
 143.00000    4.32012
 143.50000    4.32259
 144.00000    4.32512
 144.50000    4.32678
 145.00000    4.32424
 145.50000    4.32419
 146.00000    4.33775
 146.50000    4.34281
 147.00000    4.34577
 147.50000    4.35890
 148.00000    4.36926
 148.50000    4.37373
 149.00000    4.35569
 149.50000    4.35070
 150.00000    4.34051
