   0.00000    1.39131
   0.50000    3.09844
   1.00000    3.53700
   1.50000    3.53611
   2.00000    3.58233
   2.50000    3.54723
   3.00000    3.49054
   3.50000    3.46524
   4.00000    3.47306
   4.50000    3.50626
   5.00000    3.51679
   5.50000    3.52045
   6.00000    3.51282
   6.50000    3.50007
   7.00000    3.49846
   7.50000    3.51545
   8.00000    3.52640
   8.50000    3.53080
   9.00000    3.54628
   9.50000    3.55914
  10.00000    3.54835
  10.50000    3.54840
  11.00000    3.56680
  11.50000    3.58044
  12.00000    3.56963
  12.50000    3.57089
  13.00000    3.57778
  13.50000    3.58199
  14.00000    3.58058
  14.50000    3.58830
  15.00000    3.60123
  15.50000    3.60922
  16.00000    3.60699
  16.50000    3.60904
  17.00000    3.60428
  17.50000    3.61299
  18.00000    3.60581
  18.50000    3.60808
  19.00000    3.60559
  19.50000    3.61700
  20.00000    3.62547
  20.50000    3.63762
  21.00000    3.64696
  21.50000    3.63734
  22.00000    3.62674
  22.50000    3.62433
  23.00000    3.63267
  23.50000    3.63434
  24.00000    3.64208
  24.50000    3.65191
  25.00000    3.66662
  25.50000    3.66299
  26.00000    3.63601
  26.50000    3.61049
  27.00000    3.60197
  27.50000    3.60417
  28.00000    3.62115
  28.50000    3.66127
  29.00000    3.68409
  29.50000    3.68772
  30.00000    3.67404
  30.50000    3.69044
  31.00000    3.72321
  31.50000    3.74646
  32.00000    3.74597
  32.50000    3.75294
  33.00000    3.76620
  33.50000    3.79366
  34.00000    3.84404
  34.50000    3.92989
  35.00000    4.01712
  35.50000    4.10811
  36.00000    4.17187
  36.50000    4.21493
  37.00000    4.24785
  37.50000    4.27811
  38.00000    4.31094
  38.50000    4.32320
  39.00000    4.34852
  39.50000    4.37004
  40.00000    4.39053
  40.50000    4.39429
  41.00000    4.40345
  41.50000    4.41887
  42.00000    4.41079
  42.50000    4.39784
  43.00000    4.39354
  43.50000    4.39975
  44.00000    4.38307
  44.50000    4.36224
  45.00000    4.35571
  45.50000    4.35936
  46.00000    4.37031
  46.50000    4.38592
  47.00000    4.38399
  47.50000    4.38178
  48.00000    4.37499
  48.50000    4.39529
  49.00000    4.41461
  49.50000    4.43875
  50.00000    4.43647
  50.50000    4.44397
  51.00000    4.44914
  51.50000    4.46591
  52.00000    4.48148
  52.50000    4.48127
  53.00000    4.47564
  53.50000    4.47725
  54.00000    4.48957
  54.50000    4.49052
  55.00000    4.49564
  55.50000    4.49463
  56.00000    4.48664
  56.50000    4.48431
  57.00000    4.48700
  57.50000    4.48961
  58.00000    4.48595
  58.50000    4.48983
  59.00000    4.49399
  59.50000    4.48756
  60.00000    4.47739
  60.50000    4.47552
  61.00000    4.47438
  61.50000    4.46477
  62.00000    4.45822
  62.50000    4.46047
  63.00000    4.45596
  63.50000    4.44874
  64.00000    4.42751
  64.50000    4.42363
  65.00000    4.42759
  65.50000    4.44678
  66.00000    4.44737
  66.50000    4.45100
  67.00000    4.44193
  67.50000    4.43649
  68.00000    4.42771
  68.50000    4.42335
  69.00000    4.41950
  69.50000    4.42101
  70.00000    4.40920
  70.50000    4.41031
  71.00000    4.40753
  71.50000    4.41124
  72.00000    4.39639
  72.50000    4.40605
  73.00000    4.40530
  73.50000    4.39550
  74.00000    4.38019
  74.50000    4.37636
  75.00000    4.37061
  75.50000    4.36706
  76.00000    4.36551
  76.50000    4.36998
  77.00000    4.36879
  77.50000    4.37488
  78.00000    4.36876
  78.50000    4.36372
  79.00000    4.35681
  79.50000    4.36126
  80.00000    4.35709
  80.50000    4.35162
  81.00000    4.34169
  81.50000    4.34325
  82.00000    4.33641
  82.50000    4.34006
  83.00000    4.34056
  83.50000    4.34496
  84.00000    4.32947
  84.50000    4.32243
  85.00000    4.32642
  85.50000    4.33426
  86.00000    4.32248
  86.50000    4.31515
  87.00000    4.31129
  87.50000    4.31503
  88.00000    4.31108
  88.50000    4.31138
  89.00000    4.29679
  89.50000    4.29714
  90.00000    4.30196
  90.50000    4.31250
  91.00000    4.30140
  91.50000    4.29467
  92.00000    4.29965
  92.50000    4.30654
  93.00000    4.30012
  93.50000    4.29711
  94.00000    4.29211
  94.50000    4.28426
  95.00000    4.27266
  95.50000    4.27387
  96.00000    4.28935
  96.50000    4.29297
  97.00000    4.27815
  97.50000    4.26516
  98.00000    4.27341
  98.50000    4.27914
  99.00000    4.28286
  99.50000    4.28076
 100.00000    4.27342
 100.50000    4.26821
 101.00000    4.26655
 101.50000    4.27066
 102.00000    4.27299
 102.50000    4.27163
 103.00000    4.25417
 103.50000    4.25102
 104.00000    4.25285
 104.50000    4.26276
 105.00000    4.25785
 105.50000    4.25308
 106.00000    4.25306
 106.50000    4.24899
 107.00000    4.25566
 107.50000    4.26348
 108.00000    4.26835
 108.50000    4.25360
 109.00000    4.25675
 109.50000    4.25776
 110.00000    4.26485
 110.50000    4.26049
 111.00000    4.25768
 111.50000    4.24641
 112.00000    4.25139
 112.50000    4.24880
 113.00000    4.24449
 113.50000    4.24542
 114.00000    4.25533
 114.50000    4.25678
 115.00000    4.25145
 115.50000    4.24796
 116.00000    4.24462
 116.50000    4.24618
 117.00000    4.24967
 117.50000    4.25306
 118.00000    4.25447
 118.50000    4.25620
 119.00000    4.25303
 119.50000    4.24806
 120.00000    4.25764
 120.50000    4.25453
 121.00000    4.26249
 121.50000    4.25973
 122.00000    4.26568
 122.50000    4.24573
 123.00000    4.24671
 123.50000    4.24701
 124.00000    4.25514
 124.50000    4.25809
 125.00000    4.25823
 125.50000    4.25580
 126.00000    4.25638
 126.50000    4.26330
 127.00000    4.26138
 127.50000    4.25336
 128.00000    4.25167
 128.50000    4.25333
 129.00000    4.26074
 129.50000    4.26241
 130.00000    4.27293
 130.50000    4.26802
 131.00000    4.26984
 131.50000    4.27352
 132.00000    4.27613
 132.50000    4.27033
 133.00000    4.26401
 133.50000    4.27769
 134.00000    4.28503
 134.50000    4.28454
 135.00000    4.27207
 135.50000    4.27609
 136.00000    4.28081
 136.50000    4.27990
 137.00000    4.28072
 137.50000    4.28304
 138.00000    4.28359
 138.50000    4.28297
 139.00000    4.28225
 139.50000    4.28219
 140.00000    4.29741
 140.50000    4.31121
 141.00000    4.30900
 141.50000    4.30384
 142.00000    4.30576
 142.50000    4.29842
 143.00000    4.29985
 143.50000    4.30024
 144.00000    4.30081
 144.50000    4.29807
 145.00000    4.31831
 145.50000    4.32122
 146.00000    4.32081
 146.50000    4.32685
 147.00000    4.32724
 147.50000    4.31350
 148.00000    4.31276
 148.50000    4.32391
 149.00000    4.32311
 149.50000    4.31868
 150.00000    4.33275
