   0.00000    1.67100
   0.50000    1.99056
   1.00000    2.20675
   1.50000    2.33740
   2.00000    2.43747
   2.50000    2.48750
   3.00000    2.58816
   3.50000    2.72340
   4.00000    2.85120
   4.50000    2.91449
   5.00000    2.95159
   5.50000    2.99921
   6.00000    3.04067
   6.50000    3.06382
   7.00000    3.06702
   7.50000    3.07292
   8.00000    3.09318
   8.50000    3.12618
   9.00000    3.14166
   9.50000    3.14673
  10.00000    3.15637
  10.50000    3.18685
  11.00000    3.20298
  11.50000    3.22275
  12.00000    3.23154
  12.50000    3.25750
  13.00000    3.28031
  13.50000    3.28098
  14.00000    3.28626
  14.50000    3.29175
  15.00000    3.31184
  15.50000    3.30981
  16.00000    3.33318
  16.50000    3.35022
  17.00000    3.37661
  17.50000    3.39263
  18.00000    3.40070
  18.50000    3.40933
  19.00000    3.42991
  19.50000    3.45380
  20.00000    3.47139
  20.50000    3.48791
  21.00000    3.49504
  21.50000    3.50368
  22.00000    3.51124
  22.50000    3.52606
  23.00000    3.54305
  23.50000    3.55809
  24.00000    3.56583
  24.50000    3.58384
  25.00000    3.60709
  25.50000    3.59784
  26.00000    3.59069
  26.50000    3.59583
  27.00000    3.62824
  27.50000    3.63450
  28.00000    3.64686
  28.50000    3.66921
  29.00000    3.70304
  29.50000    3.71822
  30.00000    3.73600
  30.50000    3.76261
  31.00000    3.81788
  31.50000    3.87421
  32.00000    3.91380
  32.50000    3.92372
  33.00000    3.95148
  33.50000    3.98320
  34.00000    3.99866
  34.50000    4.00136
  35.00000    4.00741
  35.50000    4.01608
  36.00000    4.03045
  36.50000    4.04060
  37.00000    4.05394
  37.50000    4.05964
  38.00000    4.05538
  38.50000    4.04013
  39.00000    4.06074
  39.50000    4.09163
  40.00000    4.10900
  40.50000    4.12061
  41.00000    4.14308
  41.50000    4.16388
  42.00000    4.15515
  42.50000    4.16844
  43.00000    4.18742
  43.50000    4.22322
  44.00000    4.25682
  44.50000    4.28815
  45.00000    4.31162
  45.50000    4.32473
  46.00000    4.33985
  46.50000    4.33346
  47.00000    4.33370
  47.50000    4.33516
  48.00000    4.35605
  48.50000    4.37370
  49.00000    4.38369
  49.50000    4.38488
  50.00000    4.39871
  50.50000    4.40381
  51.00000    4.40745
  51.50000    4.40788
  52.00000    4.42490
  52.50000    4.41908
  53.00000    4.40530
  53.50000    4.39758
  54.00000    4.40885
  54.50000    4.43118
  55.00000    4.43420
  55.50000    4.43289
  56.00000    4.41693
  56.50000    4.42643
  57.00000    4.42938
  57.50000    4.44838
  58.00000    4.45494
  58.50000    4.46984
  59.00000    4.46840
  59.50000    4.47368
  60.00000    4.47275
  60.50000    4.48576
  61.00000    4.47759
  61.50000    4.47640
  62.00000    4.47136
  62.50000    4.48046
  63.00000    4.49127
  63.50000    4.51179
  64.00000    4.49840
  64.50000    4.49521
  65.00000    4.50180
  65.50000    4.52435
  66.00000    4.52979
  66.50000    4.54052
  67.00000    4.54233
  67.50000    4.55349
  68.00000    4.56654
  68.50000    4.55623
  69.00000    4.55581
  69.50000    4.55462
  70.00000    4.56702
  70.50000    4.57107
  71.00000    4.57584
  71.50000    4.57329
  72.00000    4.57364
  72.50000    4.58984
  73.00000    4.59371
  73.50000    4.59959
  74.00000    4.60225
  74.50000    4.61183
  75.00000    4.61627
  75.50000    4.62631
  76.00000    4.62279
  76.50000    4.61879
  77.00000    4.62842
  77.50000    4.64916
  78.00000    4.65679
  78.50000    4.66293
  79.00000    4.65194
  79.50000    4.65049
  80.00000    4.65162
  80.50000    4.66286
  81.00000    4.66634
  81.50000    4.67113
  82.00000    4.68034
  82.50000    4.68660
  83.00000    4.69291
  83.50000    4.69683
  84.00000    4.70814
  84.50000    4.70472
  85.00000    4.70366
  85.50000    4.71136
  86.00000    4.73052
  86.50000    4.72908
  87.00000    4.72764
  87.50000    4.71340
  88.00000    4.73786
  88.50000    4.76268
  89.00000    4.75802
  89.50000    4.73531
  90.00000    4.74452
  90.50000    4.75806
  91.00000    4.75776
  91.50000    4.75934
  92.00000    4.76770
  92.50000    4.76481
  93.00000    4.76837
  93.50000    4.76991
  94.00000    4.77467
  94.50000    4.77471
  95.00000    4.78336
  95.50000    4.78237
  96.00000    4.79468
  96.50000    4.79679
  97.00000    4.80162
  97.50000    4.78966
  98.00000    4.77884
  98.50000    4.78079
  99.00000    4.79804
  99.50000    4.79793
 100.00000    4.78461
 100.50000    4.79021
 101.00000    4.80848
 101.50000    4.81239
 102.00000    4.79852
 102.50000    4.79532
 103.00000    4.79537
 103.50000    4.80755
 104.00000    4.79973
 104.50000    4.80071
 105.00000    4.81209
 105.50000    4.81056
 106.00000    4.80320
 106.50000    4.81339
 107.00000    4.82861
 107.50000    4.82741
 108.00000    4.81908
 108.50000    4.82384
 109.00000    4.81825
 109.50000    4.81400
 110.00000    4.81530
 110.50000    4.81858
 111.00000    4.81538
 111.50000    4.81597
 112.00000    4.81816
 112.50000    4.81507
 113.00000    4.80263
 113.50000    4.81012
 114.00000    4.82660
 114.50000    4.82468
 115.00000    4.82028
 115.50000    4.82836
 116.00000    4.83181
 116.50000    4.81430
 117.00000    4.81072
 117.50000    4.81537
 118.00000    4.82528
 118.50000    4.82720
 119.00000    4.83518
 119.50000    4.82422
 120.00000    4.82604
 120.50000    4.82886
 121.00000    4.83225
 121.50000    4.82191
 122.00000    4.80248
 122.50000    4.79805
 123.00000    4.80385
 123.50000    4.81292
 124.00000    4.81421
 124.50000    4.80833
 125.00000    4.79374
 125.50000    4.79130
 126.00000    4.79807
 126.50000    4.79994
 127.00000    4.79603
 127.50000    4.79172
 128.00000    4.78707
 128.50000    4.79130
 129.00000    4.79593
 129.50000    4.79166
 130.00000    4.79468
 130.50000    4.80493
 131.00000    4.80111
 131.50000    4.78333
 132.00000    4.78056
 132.50000    4.77955
 133.00000    4.78666
 133.50000    4.78929
 134.00000    4.78597
 134.50000    4.77463
 135.00000    4.76251
 135.50000    4.75906
 136.00000    4.75447
 136.50000    4.75175
 137.00000    4.74411
 137.50000    4.74350
 138.00000    4.75074
 138.50000    4.74580
 139.00000    4.74497
 139.50000    4.73977
 140.00000    4.74368
 140.50000    4.74838
 141.00000    4.75196
 141.50000    4.73750
 142.00000    4.73138
 142.50000    4.72647
 143.00000    4.73456
 143.50000    4.73845
 144.00000    4.74683
 144.50000    4.72956
 145.00000    4.71689
 145.50000    4.70979
 146.00000    4.71984
 146.50000    4.71971
 147.00000    4.71722
 147.50000    4.70918
 148.00000    4.70463
 148.50000    4.70210
 149.00000    4.70324
 149.50000    4.70430
 150.00000    4.69899
