   0.00000    1.53528
   0.50000    2.09215
   1.00000    2.54729
   1.50000    2.88127
   2.00000    3.03178
   2.50000    3.05857
   3.00000    3.09503
   3.50000    3.17212
   4.00000    3.23043
   4.50000    3.26603
   5.00000    3.29168
   5.50000    3.30354
   6.00000    3.31094
   6.50000    3.32472
   7.00000    3.33868
   7.50000    3.35898
   8.00000    3.37376
   8.50000    3.39696
   9.00000    3.39911
   9.50000    3.39941
  10.00000    3.41073
  10.50000    3.42953
  11.00000    3.43319
  11.50000    3.44710
  12.00000    3.47841
  12.50000    3.49755
  13.00000    3.50342
  13.50000    3.50046
  14.00000    3.50011
  14.50000    3.51455
  15.00000    3.53292
  15.50000    3.54617
  16.00000    3.54778
  16.50000    3.56391
  17.00000    3.58458
  17.50000    3.59981
  18.00000    3.61433
  18.50000    3.61525
  19.00000    3.61884
  19.50000    3.61783
  20.00000    3.63175
  20.50000    3.64100
  21.00000    3.63572
  21.50000    3.64276
  22.00000    3.66087
  22.50000    3.68640
  23.00000    3.68828
  23.50000    3.69390
  24.00000    3.70603
  24.50000    3.72790
  25.00000    3.75789
  25.50000    3.79087
  26.00000    3.83722
  26.50000    3.87330
  27.00000    3.89558
  27.50000    3.90760
  28.00000    3.93889
  28.50000    3.96645
  29.00000    3.99075
  29.50000    4.01164
  30.00000    4.03338
  30.50000    4.04058
  31.00000    4.05359
  31.50000    4.06973
  32.00000    4.08855
  32.50000    4.08578
  33.00000    4.09068
  33.50000    4.08552
  34.00000    4.08814
  34.50000    4.07971
  35.00000    4.07287
  35.50000    4.06022
  36.00000    4.05173
  36.50000    4.04545
  37.00000    4.03203
  37.50000    4.01003
  38.00000    3.98904
  38.50000    3.98227
  39.00000    3.98813
  39.50000    3.98704
  40.00000    3.99239
  40.50000    3.97875
  41.00000    3.96288
  41.50000    3.95567
  42.00000    3.98945
  42.50000    3.98902
  43.00000    3.98039
  43.50000    3.99297
  44.00000    4.01781
  44.50000    4.02282
  45.00000    4.02224
  45.50000    4.02697
  46.00000    4.01825
  46.50000    4.01895
  47.00000    4.03344
  47.50000    4.05378
  48.00000    4.06417
  48.50000    4.07026
  49.00000    4.08324
  49.50000    4.10559
  50.00000    4.12263
  50.50000    4.14356
  51.00000    4.16207
  51.50000    4.17651
  52.00000    4.18746
  52.50000    4.21261
  53.00000    4.21737
  53.50000    4.21650
  54.00000    4.22769
  54.50000    4.24235
  55.00000    4.24152
  55.50000    4.23729
  56.00000    4.25246
  56.50000    4.27019
  57.00000    4.28496
  57.50000    4.28219
  58.00000    4.28462
  58.50000    4.29721
  59.00000    4.30146
  59.50000    4.30636
  60.00000    4.30968
  60.50000    4.32177
  61.00000    4.32938
  61.50000    4.33858
  62.00000    4.32964
  62.50000    4.33716
  63.00000    4.36009
  63.50000    4.36962
  64.00000    4.37642
  64.50000    4.38860
  65.00000    4.40516
  65.50000    4.39580
  66.00000    4.40384
  66.50000    4.41117
  67.00000    4.42170
  67.50000    4.41597
  68.00000    4.42441
  68.50000    4.43734
  69.00000    4.44750
  69.50000    4.44410
  70.00000    4.44428
  70.50000    4.45280
  71.00000    4.46521
  71.50000    4.46819
  72.00000    4.46605
  72.50000    4.45691
  73.00000    4.44766
  73.50000    4.46719
  74.00000    4.48988
  74.50000    4.50216
  75.00000    4.49712
  75.50000    4.51149
  76.00000    4.52717
  76.50000    4.52931
  77.00000    4.51722
  77.50000    4.51392
  78.00000    4.52135
  78.50000    4.52775
  79.00000    4.54050
  79.50000    4.54646
  80.00000    4.54308
  80.50000    4.53540
  81.00000    4.54674
  81.50000    4.55648
  82.00000    4.56270
  82.50000    4.56432
  83.00000    4.56421
  83.50000    4.56571
  84.00000    4.57028
  84.50000    4.57824
  85.00000    4.59036
  85.50000    4.59183
  86.00000    4.59237
  86.50000    4.60363
  87.00000    4.61333
  87.50000    4.60842
  88.00000    4.60331
  88.50000    4.60609
  89.00000    4.61785
  89.50000    4.62731
  90.00000    4.62773
  90.50000    4.61641
  91.00000    4.62048
  91.50000    4.63084
  92.00000    4.62266
  92.50000    4.61707
  93.00000    4.61367
  93.50000    4.62331
  94.00000    4.62363
  94.50000    4.63909
  95.00000    4.64442
  95.50000    4.63162
  96.00000    4.62104
  96.50000    4.62047
  97.00000    4.63430
  97.50000    4.62927
  98.00000    4.63746
  98.50000    4.63432
  99.00000    4.63630
  99.50000    4.63771
 100.00000    4.64271
 100.50000    4.64234
 101.00000    4.64093
 101.50000    4.64404
 102.00000    4.65209
 102.50000    4.64583
 103.00000    4.64573
 103.50000    4.63613
 104.00000    4.64895
 104.50000    4.64426
 105.00000    4.64748
 105.50000    4.64143
 106.00000    4.64251
 106.50000    4.63647
 107.00000    4.64344
 107.50000    4.64649
 108.00000    4.64639
 108.50000    4.63848
 109.00000    4.63788
 109.50000    4.64406
 110.00000    4.64652
 110.50000    4.63966
 111.00000    4.63905
 111.50000    4.64758
 112.00000    4.64692
 112.50000    4.64730
 113.00000    4.65516
 113.50000    4.66173
 114.00000    4.65187
 114.50000    4.64476
 115.00000    4.63178
 115.50000    4.63505
 116.00000    4.63619
 116.50000    4.64384
 117.00000    4.63568
 117.50000    4.63602
 118.00000    4.62469
 118.50000    4.62268
 119.00000    4.62271
 119.50000    4.63135
 120.00000    4.62933
 120.50000    4.61725
 121.00000    4.61961
 121.50000    4.62806
 122.00000    4.63411
 122.50000    4.62857
 123.00000    4.62998
 123.50000    4.63232
 124.00000    4.64110
 124.50000    4.63635
 125.00000    4.62474
 125.50000    4.61150
 126.00000    4.61496
 126.50000    4.61245
 127.00000    4.60658
 127.50000    4.60890
 128.00000    4.61699
 128.50000    4.61553
 129.00000    4.61498
 129.50000    4.61692
 130.00000    4.61465
 130.50000    4.61287
 131.00000    4.60583
 131.50000    4.59959
 132.00000    4.59417
 132.50000    4.60162
 133.00000    4.59644
 133.50000    4.60492
 134.00000    4.60692
 134.50000    4.60113
 135.00000    4.58643
 135.50000    4.59150
 136.00000    4.60428
 136.50000    4.60680
 137.00000    4.59577
 137.50000    4.58790
 138.00000    4.59180
 138.50000    4.59380
 139.00000    4.59177
 139.50000    4.59388
 140.00000    4.58823
 140.50000    4.58504
 141.00000    4.57882
 141.50000    4.58294
 142.00000    4.58265
 142.50000    4.58737
 143.00000    4.57930
 143.50000    4.57742
 144.00000    4.58509
 144.50000    4.59786
 145.00000    4.59646
 145.50000    4.58653
 146.00000    4.57407
 146.50000    4.56192
 147.00000    4.56837
 147.50000    4.57455
 148.00000    4.58039
 148.50000    4.58020
 149.00000    4.58047
 149.50000    4.56982
 150.00000    4.57358
