   0.00000    1.66189
   0.50000    2.29787
   1.00000    2.82051
   1.50000    3.16044
   2.00000    3.32721
   2.50000    3.37813
   3.00000    3.38867
   3.50000    3.38688
   4.00000    3.40318
   4.50000    3.44854
   5.00000    3.48700
   5.50000    3.51008
   6.00000    3.51957
   6.50000    3.53105
   7.00000    3.54360
   7.50000    3.56101
   8.00000    3.57744
   8.50000    3.58804
   9.00000    3.59840
   9.50000    3.61188
  10.00000    3.62047
  10.50000    3.62418
  11.00000    3.63232
  11.50000    3.64917
  12.00000    3.65930
  12.50000    3.66904
  13.00000    3.66771
  13.50000    3.67465
  14.00000    3.67715
  14.50000    3.68381
  15.00000    3.68365
  15.50000    3.68913
  16.00000    3.69022
  16.50000    3.68751
  17.00000    3.68886
  17.50000    3.69052
  18.00000    3.69495
  18.50000    3.69615
  19.00000    3.70008
  19.50000    3.69685
  20.00000    3.69341
  20.50000    3.69385
  21.00000    3.69967
  21.50000    3.70043
  22.00000    3.69050
  22.50000    3.68766
  23.00000    3.68388
  23.50000    3.68177
  24.00000    3.67732
  24.50000    3.67057
  25.00000    3.66869
  25.50000    3.67008
  26.00000    3.67926
  26.50000    3.68306
  27.00000    3.68650
  27.50000    3.69676
  28.00000    3.70852
  28.50000    3.72104
  29.00000    3.73068
  29.50000    3.73622
  30.00000    3.73713
  30.50000    3.73575
  31.00000    3.74822
  31.50000    3.75694
  32.00000    3.76815
  32.50000    3.77304
  33.00000    3.77599
  33.50000    3.77477
  34.00000    3.77724
  34.50000    3.79489
  35.00000    3.81761
  35.50000    3.85035
  36.00000    3.87474
  36.50000    3.89329
  37.00000    3.91122
  37.50000    3.92348
  38.00000    3.93170
  38.50000    3.93674
  39.00000    3.95872
  39.50000    3.98193
  40.00000    4.00709
  40.50000    4.02874
  41.00000    4.04685
  41.50000    4.06298
  42.00000    4.07388
  42.50000    4.09940
  43.00000    4.12578
  43.50000    4.15579
  44.00000    4.16783
  44.50000    4.19289
  45.00000    4.22731
  45.50000    4.26449
  46.00000    4.28689
  46.50000    4.31056
  47.00000    4.34223
  47.50000    4.36543
  48.00000    4.36654
  48.50000    4.35782
  49.00000    4.35046
  49.50000    4.35370
  50.00000    4.35217
  50.50000    4.35781
  51.00000    4.36481
  51.50000    4.36472
  52.00000    4.35858
  52.50000    4.35683
  53.00000    4.36273
  53.50000    4.36878
  54.00000    4.36445
  54.50000    4.35476
  55.00000    4.35591
  55.50000    4.36154
  56.00000    4.35514
  56.50000    4.35001
  57.00000    4.35536
  57.50000    4.35751
  58.00000    4.34813
  58.50000    4.34326
  59.00000    4.34350
  59.50000    4.34277
  60.00000    4.33964
  60.50000    4.33885
  61.00000    4.33726
  61.50000    4.33218
  62.00000    4.33246
  62.50000    4.33424
  63.00000    4.33403
  63.50000    4.33221
  64.00000    4.33697
  64.50000    4.33334
  65.00000    4.33319
  65.50000    4.32843
  66.00000    4.33187
  66.50000    4.32568
  67.00000    4.32968
  67.50000    4.32711
  68.00000    4.33335
  68.50000    4.33297
  69.00000    4.33043
  69.50000    4.32397
  70.00000    4.32485
  70.50000    4.32997
  71.00000    4.33146
  71.50000    4.33273
  72.00000    4.32347
  72.50000    4.32427
  73.00000    4.32758
  73.50000    4.32962
  74.00000    4.33059
  74.50000    4.33880
  75.00000    4.34155
  75.50000    4.33542
  76.00000    4.33307
  76.50000    4.33809
  77.00000    4.33993
  77.50000    4.33966
  78.00000    4.33842
  78.50000    4.33922
  79.00000    4.34176
  79.50000    4.34056
  80.00000    4.34370
  80.50000    4.34332
  81.00000    4.34200
  81.50000    4.34138
  82.00000    4.34479
  82.50000    4.34628
  83.00000    4.34449
  83.50000    4.34755
  84.00000    4.35184
  84.50000    4.35227
  85.00000    4.35242
  85.50000    4.35497
  86.00000    4.35570
  86.50000    4.35260
  87.00000    4.35241
  87.50000    4.35929
  88.00000    4.36206
  88.50000    4.36005
  89.00000    4.35895
  89.50000    4.36764
  90.00000    4.37112
  90.50000    4.37470
  91.00000    4.37292
  91.50000    4.36967
  92.00000    4.36728
  92.50000    4.37514
  93.00000    4.37774
  93.50000    4.38319
  94.00000    4.38266
  94.50000    4.38635
  95.00000    4.39083
  95.50000    4.39593
  96.00000    4.39582
  96.50000    4.39199
  97.00000    4.39324
  97.50000    4.39712
  98.00000    4.40499
  98.50000    4.40815
  99.00000    4.40731
  99.50000    4.40930
 100.00000    4.40787
 100.50000    4.41522
 101.00000    4.41780
 101.50000    4.42039
 102.00000    4.41690
 102.50000    4.42285
 103.00000    4.42391
 103.50000    4.43094
 104.00000    4.43004
 104.50000    4.43080
 105.00000    4.43199
 105.50000    4.43469
 106.00000    4.43567
 106.50000    4.43701
 107.00000    4.44250
 107.50000    4.44584
 108.00000    4.45015
 108.50000    4.45053
 109.00000    4.45848
 109.50000    4.46024
 110.00000    4.46011
 110.50000    4.45475
 111.00000    4.46256
 111.50000    4.46781
 112.00000    4.47564
 112.50000    4.47498
 113.00000    4.47445
 113.50000    4.47844
 114.00000    4.48277
 114.50000    4.48241
 115.00000    4.47995
 115.50000    4.48694
 116.00000    4.49370
 116.50000    4.49928
 117.00000    4.50161
 117.50000    4.50309
 118.00000    4.50328
 118.50000    4.50478
 119.00000    4.50502
 119.50000    4.51082
 120.00000    4.51221
 120.50000    4.51257
 121.00000    4.51505
 121.50000    4.52249
 122.00000    4.52313
 122.50000    4.52260
 123.00000    4.52798
 123.50000    4.53539
 124.00000    4.53703
 124.50000    4.54345
 125.00000    4.54855
 125.50000    4.55148
 126.00000    4.54656
 126.50000    4.54799
 127.00000    4.55305
 127.50000    4.55903
 128.00000    4.56035
 128.50000    4.56269
 129.00000    4.56493
 129.50000    4.57068
 130.00000    4.56836
 130.50000    4.57504
 131.00000    4.57671
 131.50000    4.58030
 132.00000    4.57512
 132.50000    4.57528
 133.00000    4.57454
 133.50000    4.58398
 134.00000    4.59308
 134.50000    4.59899
 135.00000    4.59706
 135.50000    4.59646
 136.00000    4.59627
 136.50000    4.60740
 137.00000    4.60973
 137.50000    4.61323
 138.00000    4.61173
 138.50000    4.61549
 139.00000    4.61417
 139.50000    4.61835
 140.00000    4.62031
 140.50000    4.61884
 141.00000    4.62022
 141.50000    4.62309
 142.00000    4.63104
 142.50000    4.63283
 143.00000    4.63533
 143.50000    4.63489
 144.00000    4.63380
 144.50000    4.63513
 145.00000    4.64080
 145.50000    4.64475
 146.00000    4.63835
 146.50000    4.64110
 147.00000    4.64519
 147.50000    4.65091
 148.00000    4.65102
 148.50000    4.65420
 149.00000    4.65519
 149.50000    4.65714
 150.00000    4.66110
