   0.00000    1.63275
   0.50000    2.66985
   1.00000    2.96419
   1.50000    3.00692
   2.00000    3.18241
   2.50000    3.31341
   3.00000    3.43176
   3.50000    3.48120
   4.00000    3.53273
   4.50000    3.57107
   5.00000    3.57903
   5.50000    3.57081
   6.00000    3.57184
   6.50000    3.57733
   7.00000    3.57196
   7.50000    3.57359
   8.00000    3.57818
   8.50000    3.57491
   9.00000    3.57933
   9.50000    3.59284
  10.00000    3.58418
  10.50000    3.57448
  11.00000    3.58041
  11.50000    3.59189
  12.00000    3.58909
  12.50000    3.58934
  13.00000    3.59145
  13.50000    3.60145
  14.00000    3.60422
  14.50000    3.59727
  15.00000    3.59599
  15.50000    3.60279
  16.00000    3.60815
  16.50000    3.61198
  17.00000    3.61281
  17.50000    3.61856
  18.00000    3.62248
  18.50000    3.63073
  19.00000    3.62883
  19.50000    3.62835
  20.00000    3.62843
  20.50000    3.62833
  21.00000    3.63316
  21.50000    3.63911
  22.00000    3.64286
  22.50000    3.64870
  23.00000    3.65404
  23.50000    3.65772
  24.00000    3.65941
  24.50000    3.67477
  25.00000    3.69116
  25.50000    3.69128
  26.00000    3.67482
  26.50000    3.66600
  27.00000    3.66392
  27.50000    3.64954
  28.00000    3.62620
  28.50000    3.62795
  29.00000    3.64688
  29.50000    3.66174
  30.00000    3.65466
  30.50000    3.64563
  31.00000    3.65348
  31.50000    3.66591
  32.00000    3.68406
  32.50000    3.68498
  33.00000    3.69025
  33.50000    3.71210
  34.00000    3.74726
  34.50000    3.77910
  35.00000    3.80104
  35.50000    3.84622
  36.00000    3.88111
  36.50000    3.91252
  37.00000    3.93687
  37.50000    3.97400
  38.00000    3.99191
  38.50000    4.00075
  39.00000    4.00354
  39.50000    4.02524
  40.00000    4.03359
  40.50000    4.04248
  41.00000    4.04574
  41.50000    4.05738
  42.00000    4.05132
  42.50000    4.04947
  43.00000    4.04970
  43.50000    4.05190
  44.00000    4.05861
  44.50000    4.07045
  45.00000    4.07216
  45.50000    4.06507
  46.00000    4.05965
  46.50000    4.04979
  47.00000    4.05244
  47.50000    4.07524
  48.00000    4.10721
  48.50000    4.15260
  49.00000    4.20705
  49.50000    4.27742
  50.00000    4.33202
  50.50000    4.37747
  51.00000    4.40206
  51.50000    4.43686
  52.00000    4.46784
  52.50000    4.48295
  53.00000    4.48966
  53.50000    4.49796
  54.00000    4.50736
  54.50000    4.51680
  55.00000    4.53825
  55.50000    4.55232
  56.00000    4.54545
  56.50000    4.53841
  57.00000    4.53633
  57.50000    4.54359
  58.00000    4.54627
  58.50000    4.55655
  59.00000    4.56228
  59.50000    4.56130
  60.00000    4.56469
  60.50000    4.57458
  61.00000    4.57758
  61.50000    4.56291
  62.00000    4.56191
  62.50000    4.57439
  63.00000    4.58234
  63.50000    4.58716
  64.00000    4.57629
  64.50000    4.57167
  65.00000    4.57425
  65.50000    4.59307
  66.00000    4.59647
  66.50000    4.60533
  67.00000    4.61319
  67.50000    4.61786
  68.00000    4.61479
  68.50000    4.61917
  69.00000    4.62132
  69.50000    4.62915
  70.00000    4.63190
  70.50000    4.63095
  71.00000    4.62781
  71.50000    4.62539
  72.00000    4.63398
  72.50000    4.63541
  73.00000    4.64469
  73.50000    4.63613
  74.00000    4.63756
  74.50000    4.64215
  75.00000    4.65833
  75.50000    4.65770
  76.00000    4.64939
  76.50000    4.65260
  77.00000    4.66423
  77.50000    4.66894
  78.00000    4.66445
  78.50000    4.66755
  79.00000    4.66649
  79.50000    4.67191
  80.00000    4.67275
  80.50000    4.67633
  81.00000    4.67501
  81.50000    4.68359
  82.00000    4.68374
  82.50000    4.68613
  83.00000    4.69198
  83.50000    4.69413
  84.00000    4.68426
  84.50000    4.68300
  85.00000    4.68667
  85.50000    4.68534
  86.00000    4.68859
  86.50000    4.69399
  87.00000    4.69494
  87.50000    4.69571
  88.00000    4.70054
  88.50000    4.69649
  89.00000    4.69167
  89.50000    4.69632
  90.00000    4.69945
  90.50000    4.69773
  91.00000    4.68887
  91.50000    4.68472
  92.00000    4.69059
  92.50000    4.70703
  93.00000    4.71329
  93.50000    4.70699
  94.00000    4.69417
  94.50000    4.69202
  95.00000    4.69053
  95.50000    4.69734
  96.00000    4.71064
  96.50000    4.71815
  97.00000    4.71164
  97.50000    4.69843
  98.00000    4.69376
  98.50000    4.69055
  99.00000    4.69457
  99.50000    4.69895
 100.00000    4.70990
 100.50000    4.70486
 101.00000    4.69970
 101.50000    4.69359
 102.00000    4.69952
 102.50000    4.69996
 103.00000    4.69997
 103.50000    4.69266
 104.00000    4.69401
 104.50000    4.70261
 105.00000    4.69640
 105.50000    4.69549
 106.00000    4.69666
 106.50000    4.70106
 107.00000    4.69483
 107.50000    4.70097
 108.00000    4.69134
 108.50000    4.68460
 109.00000    4.68467
 109.50000    4.69513
 110.00000    4.69586
 110.50000    4.69792
 111.00000    4.69386
 111.50000    4.68214
 112.00000    4.67872
 112.50000    4.67458
 113.00000    4.67276
 113.50000    4.66473
 114.00000    4.67168
 114.50000    4.66854
 115.00000    4.67652
 115.50000    4.67963
 116.00000    4.67629
 116.50000    4.66584
 117.00000    4.66510
 117.50000    4.66934
 118.00000    4.67391
 118.50000    4.67624
 119.00000    4.67640
 119.50000    4.66908
 120.00000    4.65989
 120.50000    4.65592
 121.00000    4.66277
 121.50000    4.66885
 122.00000    4.66351
 122.50000    4.65058
 123.00000    4.64127
 123.50000    4.64519
 124.00000    4.65135
 124.50000    4.65696
 125.00000    4.65594
 125.50000    4.65160
 126.00000    4.64887
 126.50000    4.64853
 127.00000    4.63982
 127.50000    4.63085
 128.00000    4.62914
 128.50000    4.63446
 129.00000    4.63846
 129.50000    4.63883
 130.00000    4.63260
 130.50000    4.62394
 131.00000    4.62211
 131.50000    4.62207
 132.00000    4.62283
 132.50000    4.61876
 133.00000    4.61132
 133.50000    4.60727
 134.00000    4.59991
 134.50000    4.59705
 135.00000    4.60041
 135.50000    4.60867
 136.00000    4.59966
 136.50000    4.58811
 137.00000    4.59126
 137.50000    4.59823
 138.00000    4.59974
 138.50000    4.58949
 139.00000    4.58307
 139.50000    4.58010
 140.00000    4.57862
 140.50000    4.58910
 141.00000    4.57641
 141.50000    4.57195
 142.00000    4.56396
 142.50000    4.57858
 143.00000    4.57651
 143.50000    4.57744
 144.00000    4.56552
 144.50000    4.55017
 145.00000    4.55557
 145.50000    4.56126
 146.00000    4.56475
 146.50000    4.57036
 147.00000    4.57334
 147.50000    4.56439
 148.00000    4.56130
 148.50000    4.56833
 149.00000    4.55989
 149.50000    4.54613
 150.00000    4.55265
