   0.00000    1.58382
   0.50000    2.92294
   1.00000    3.43603
   1.50000    3.56846
   2.00000    3.61481
   2.50000    3.61445
   3.00000    3.57225
   3.50000    3.53985
   4.00000    3.52832
   4.50000    3.53999
   5.00000    3.55051
   5.50000    3.57554
   6.00000    3.57613
   6.50000    3.56233
   7.00000    3.55907
   7.50000    3.58171
   8.00000    3.60148
   8.50000    3.60272
   9.00000    3.60550
   9.50000    3.60987
  10.00000    3.61306
  10.50000    3.62193
  11.00000    3.63418
  11.50000    3.64600
  12.00000    3.64254
  12.50000    3.63687
  13.00000    3.63808
  13.50000    3.64396
  14.00000    3.63976
  14.50000    3.64656
  15.00000    3.66994
  15.50000    3.68573
  16.00000    3.67867
  16.50000    3.67410
  17.00000    3.66579
  17.50000    3.66737
  18.00000    3.67270
  18.50000    3.68198
  19.00000    3.67792
  19.50000    3.67818
  20.00000    3.68107
  20.50000    3.68103
  21.00000    3.68387
  21.50000    3.67300
  22.00000    3.65823
  22.50000    3.67039
  23.00000    3.69024
  23.50000    3.70017
  24.00000    3.69549
  24.50000    3.69677
  25.00000    3.68598
  25.50000    3.68030
  26.00000    3.68273
  26.50000    3.69431
  27.00000    3.71607
  27.50000    3.72451
  28.00000    3.72307
  28.50000    3.74488
  29.00000    3.75850
  29.50000    3.75312
  30.00000    3.72991
  30.50000    3.71518
  31.00000    3.71660
  31.50000    3.73797
  32.00000    3.75032
  32.50000    3.74707
  33.00000    3.73741
  33.50000    3.74094
  34.00000    3.76924
  34.50000    3.81970
  35.00000    3.87092
  35.50000    3.92439
  36.00000    3.96939
  36.50000    3.97799
  37.00000    3.98982
  37.50000    4.00773
  38.00000    4.02272
  38.50000    4.03693
  39.00000    4.06604
  39.50000    4.09562
  40.00000    4.10908
  40.50000    4.11779
  41.00000    4.11345
  41.50000    4.11304
  42.00000    4.10517
  42.50000    4.09843
  43.00000    4.10394
  43.50000    4.11877
  44.00000    4.13055
  44.50000    4.13173
  45.00000    4.16052
  45.50000    4.18358
  46.00000    4.20876
  46.50000    4.22164
  47.00000    4.24233
  47.50000    4.24702
  48.00000    4.25024
  48.50000    4.25250
  49.00000    4.25839
  49.50000    4.26866
  50.00000    4.27177
  50.50000    4.26905
  51.00000    4.26860
  51.50000    4.27768
  52.00000    4.29416
  52.50000    4.30013
  53.00000    4.30407
  53.50000    4.32080
  54.00000    4.33723
  54.50000    4.34311
  55.00000    4.34674
  55.50000    4.34880
  56.00000    4.34806
  56.50000    4.35150
  57.00000    4.36311
  57.50000    4.35265
  58.00000    4.36088
  58.50000    4.36515
  59.00000    4.36962
  59.50000    4.36501
  60.00000    4.36699
  60.50000    4.36797
  61.00000    4.36745
  61.50000    4.36615
  62.00000    4.37066
  62.50000    4.37505
  63.00000    4.36930
  63.50000    4.35768
  64.00000    4.35558
  64.50000    4.37315
  65.00000    4.38566
  65.50000    4.39217
  66.00000    4.38550
  66.50000    4.37619
  67.00000    4.37275
  67.50000    4.36911
  68.00000    4.37383
  68.50000    4.36339
  69.00000    4.36779
  69.50000    4.36847
  70.00000    4.36326
  70.50000    4.36266
  71.00000    4.37156
  71.50000    4.37827
  72.00000    4.36663
  72.50000    4.36333
  73.00000    4.35385
  73.50000    4.35703
  74.00000    4.35644
  74.50000    4.37324
  75.00000    4.37374
  75.50000    4.37638
  76.00000    4.36697
  76.50000    4.36726
  77.00000    4.37254
  77.50000    4.37485
  78.00000    4.36690
  78.50000    4.36324
  79.00000    4.37130
  79.50000    4.37953
  80.00000    4.38133
  80.50000    4.37855
  81.00000    4.37044
  81.50000    4.36837
  82.00000    4.36773
  82.50000    4.36817
  83.00000    4.37313
  83.50000    4.37771
  84.00000    4.37519
  84.50000    4.37547
  85.00000    4.38979
  85.50000    4.40387
  86.00000    4.39007
  86.50000    4.37628
  87.00000    4.38503
  87.50000    4.40199
  88.00000    4.38527
  88.50000    4.37012
  89.00000    4.37419
  89.50000    4.39151
  90.00000    4.39658
  90.50000    4.40060
  91.00000    4.39187
  91.50000    4.39838
  92.00000    4.39499
  92.50000    4.40824
  93.00000    4.40356
  93.50000    4.40862
  94.00000    4.39789
  94.50000    4.40394
  95.00000    4.41051
  95.50000    4.40811
  96.00000    4.39745
  96.50000    4.39730
  97.00000    4.41163
  97.50000    4.41200
  98.00000    4.41576
  98.50000    4.42501
  99.00000    4.43385
  99.50000    4.42043
 100.00000    4.41065
 100.50000    4.42037
 101.00000    4.44102
 101.50000    4.44067
 102.00000    4.42988
 102.50000    4.42528
 103.00000    4.42891
 103.50000    4.43219
 104.00000    4.43848
 104.50000    4.44121
 105.00000    4.42925
 105.50000    4.43263
 106.00000    4.44231
 106.50000    4.45536
 107.00000    4.44768
 107.50000    4.45286
 108.00000    4.44917
 108.50000    4.45068
 109.00000    4.45684
 109.50000    4.46353
 110.00000    4.46873
 110.50000    4.47061
 111.00000    4.46766
 111.50000    4.45546
 112.00000    4.45851
 112.50000    4.46704
 113.00000    4.47212
 113.50000    4.48353
 114.00000    4.49084
 114.50000    4.48863
 115.00000    4.47903
 115.50000    4.47225
 116.00000    4.46691
 116.50000    4.48131
 117.00000    4.49138
 117.50000    4.49433
 118.00000    4.48829
 118.50000    4.48522
 119.00000    4.48182
 119.50000    4.49615
 120.00000    4.51663
 120.50000    4.51779
 121.00000    4.51410
 121.50000    4.50879
 122.00000    4.51780
 122.50000    4.51808
 123.00000    4.51639
 123.50000    4.50608
 124.00000    4.49959
 124.50000    4.50130
 125.00000    4.51027
 125.50000    4.51691
 126.00000    4.51116
 126.50000    4.50348
 127.00000    4.51224
 127.50000    4.52629
 128.00000    4.53467
 128.50000    4.53537
 129.00000    4.52373
 129.50000    4.52886
 130.00000    4.53719
 130.50000    4.54300
 131.00000    4.53601
 131.50000    4.54717
 132.00000    4.54067
 132.50000    4.53149
 133.00000    4.53199
 133.50000    4.55460
 134.00000    4.56261
 134.50000    4.55548
 135.00000    4.54729
 135.50000    4.54521
 136.00000    4.55326
 136.50000    4.54799
 137.00000    4.54038
 137.50000    4.55150
 138.00000    4.56748
 138.50000    4.57123
 139.00000    4.56600
 139.50000    4.56999
 140.00000    4.57646
 140.50000    4.57783
 141.00000    4.57776
 141.50000    4.56843
 142.00000    4.57150
 142.50000    4.57424
 143.00000    4.57677
 143.50000    4.58230
 144.00000    4.59873
 144.50000    4.59593
 145.00000    4.58957
 145.50000    4.57514
 146.00000    4.57884
 146.50000    4.58936
 147.00000    4.60003
 147.50000    4.59621
 148.00000    4.58741
 148.50000    4.58629
 149.00000    4.60312
 149.50000    4.62414
 150.00000    4.58837
