   0.00000    0.24239
   0.50000    0.54523
   1.00000    1.50771
   1.50000    2.30962
   2.00000    2.55920
   2.50000    2.85615
   3.00000    3.15062
   3.50000    3.35965
   4.00000    3.38250
   4.50000    3.34977
   5.00000    3.34487
   5.50000    3.36256
   6.00000    3.41940
   6.50000    3.47552
   7.00000    3.50851
   7.50000    3.52955
   8.00000    3.55949
   8.50000    3.61920
   9.00000    3.64758
   9.50000    3.67047
  10.00000    3.70420
  10.50000    3.75047
  11.00000    3.77346
  11.50000    3.77790
  12.00000    3.79322
  12.50000    3.83288
  13.00000    3.89908
  13.50000    3.92139
  14.00000    3.93392
  14.50000    3.96521
  15.00000    4.02237
  15.50000    4.04088
  16.00000    4.10465
  16.50000    4.16373
  17.00000    4.20601
  17.50000    4.23434
  18.00000    4.28613
  18.50000    4.31479
  19.00000    4.33857
  19.50000    4.39403
  20.00000    4.42596
  20.50000    4.43156
  21.00000    4.45904
  21.50000    4.50557
  22.00000    4.55330
  22.50000    4.60118
  23.00000    4.62529
  23.50000    4.62309
  24.00000    4.60080
  24.50000    4.58954
  25.00000    4.50573
  25.50000    4.45159
  26.00000    4.40425
  26.50000    4.42187
  27.00000    4.41919
  27.50000    4.40534
  28.00000    4.38712
  28.50000    4.37693
  29.00000    4.37447
  29.50000    4.37380
  30.00000    4.39034
  30.50000    4.40392
  31.00000    4.40124
  31.50000    4.40081
  32.00000    4.40458
  32.50000    4.41091
  33.00000    4.43503
  33.50000    4.44594
  34.00000    4.46822
  34.50000    4.43592
  35.00000    4.42875
  35.50000    4.43186
  36.00000    4.45273
  36.50000    4.42845
  37.00000    4.40297
  37.50000    4.44306
  38.00000    4.47556
  38.50000    4.47393
  39.00000    4.46977
  39.50000    4.48926
  40.00000    4.48383
  40.50000    4.46522
  41.00000    4.49781
  41.50000    4.52717
  42.00000    4.53778
  42.50000    4.56245
  43.00000    4.59308
  43.50000    4.59946
  44.00000    4.57578
  44.50000    4.60178
  45.00000    4.61330
  45.50000    4.63409
  46.00000    4.64788
  46.50000    4.67346
  47.00000    4.65972
  47.50000    4.67308
  48.00000    4.69381
  48.50000    4.73593
  49.00000    4.73881
  49.50000    4.74619
  50.00000    4.74388
  50.50000    4.75247
  51.00000    4.75598
  51.50000    4.74468
  52.00000    4.73841
  52.50000    4.73828
  53.00000    4.74011
  53.50000    4.74982
  54.00000    4.75894
  54.50000    4.77887
  55.00000    4.75311
  55.50000    4.73893
  56.00000    4.70641
  56.50000    4.71265
  57.00000    4.68600
  57.50000    4.69393
  58.00000    4.66871
  58.50000    4.67937
  59.00000    4.67591
  59.50000    4.67284
  60.00000    4.65366
  60.50000    4.64247
  61.00000    4.65352
  61.50000    4.66656
  62.00000    4.67506
  62.50000    4.63911
  63.00000    4.63242
  63.50000    4.63438
  64.00000    4.63017
  64.50000    4.62262
  65.00000    4.62947
  65.50000    4.64018
  66.00000    4.62698
  66.50000    4.62885
  67.00000    4.61532
  67.50000    4.62771
  68.00000    4.63915
  68.50000    4.65049
  69.00000    4.66446
  69.50000    4.65229
  70.00000    4.65904
  70.50000    4.67919
  71.00000    4.66385
  71.50000    4.60742
  72.00000    4.55653
  72.50000    4.60002
  73.00000    4.63697
  73.50000    4.65106
  74.00000    4.61689
  74.50000    4.62388
  75.00000    4.62257
  75.50000    4.61890
  76.00000    4.60504
  76.50000    4.59654
  77.00000    4.59731
  77.50000    4.61112
  78.00000    4.64121
  78.50000    4.63855
  79.00000    4.61692
  79.50000    4.60282
  80.00000    4.61588
  80.50000    4.62159
  81.00000    4.60521
  81.50000    4.59890
  82.00000    4.57797
  82.50000    4.58201
  83.00000    4.57316
  83.50000    4.59816
  84.00000    4.60491
  84.50000    4.60719
  85.00000    4.58912
  85.50000    4.58959
  86.00000    4.58473
  86.50000    4.56369
  87.00000    4.56695
  87.50000    4.56258
  88.00000    4.56348
  88.50000    4.54502
  89.00000    4.54897
  89.50000    4.55086
  90.00000    4.56866
  90.50000    4.55422
  91.00000    4.55089
  91.50000    4.53002
  92.00000    4.53457
  92.50000    4.52403
  93.00000    4.54797
  93.50000    4.54618
  94.00000    4.54394
  94.50000    4.52651
  95.00000    4.53045
  95.50000    4.54185
  96.00000    4.53065
  96.50000    4.52612
  97.00000    4.51258
  97.50000    4.52204
  98.00000    4.52912
  98.50000    4.55054
  99.00000    4.55033
  99.50000    4.54686
 100.00000    4.54895
 100.50000    4.50709
 101.00000    4.46674
 101.50000    4.45446
 102.00000    4.49462
 102.50000    4.51839
 103.00000    4.50740
 103.50000    4.50252
 104.00000    4.50906
 104.50000    4.51376
 105.00000    4.49911
 105.50000    4.49067
 106.00000    4.47450
 106.50000    4.46445
 107.00000    4.48980
 107.50000    4.49360
 108.00000    4.47582
 108.50000    4.45497
 109.00000    4.45352
 109.50000    4.44892
 110.00000    4.45540
 110.50000    4.46741
 111.00000    4.47582
 111.50000    4.48180
 112.00000    4.48266
 112.50000    4.48156
 113.00000    4.46239
 113.50000    4.45268
 114.00000    4.47490
 114.50000    4.48895
 115.00000    4.46478
 115.50000    4.45120
 116.00000    4.45432
 116.50000    4.44957
 117.00000    4.43513
 117.50000    4.44946
 118.00000    4.46053
 118.50000    4.47201
 119.00000    4.46132
 119.50000    4.46565
 120.00000    4.46593
 120.50000    4.49880
 121.00000    4.49194
 121.50000    4.45970
 122.00000    4.43565
 122.50000    4.45197
 123.00000    4.45036
 123.50000    4.44146
 124.00000    4.40665
 124.50000    4.42217
 125.00000    4.44309
 125.50000    4.46931
 126.00000    4.42791
 126.50000    4.43155
 127.00000    4.45609
 127.50000    4.46968
 128.00000    4.45378
 128.50000    4.43313
 129.00000    4.42005
 129.50000    4.37993
 130.00000    4.36806
 130.50000    4.38045
 131.00000    4.40952
 131.50000    4.40457
 132.00000    4.42286
 132.50000    4.41854
 133.00000    4.41478
 133.50000    4.39704
 134.00000    4.41049
 134.50000    4.40226
 135.00000    4.38629
 135.50000    4.41032
 136.00000    4.40870
 136.50000    4.41695
 137.00000    4.38706
 137.50000    4.38001
 138.00000    4.35777
 138.50000    4.37867
 139.00000    4.38749
 139.50000    4.36611
 140.00000    4.37688
 140.50000    4.38809
 141.00000    4.37956
 141.50000    4.35328
 142.00000    4.36699
 142.50000    4.35591
 143.00000    4.35428
 143.50000    4.36683
 144.00000    4.39437
 144.50000    4.36742
 145.00000    4.35198
 145.50000    4.38082
 146.00000    4.40498
 146.50000    4.37202
 147.00000    4.34557
 147.50000    4.36428
 148.00000    4.39542
 148.50000    4.39744
 149.00000    4.35561
 149.50000    4.32097
 150.00000    4.40423
