   0.00000    0.27773
   0.50000    0.42087
   1.00000    1.03806
   1.50000    1.59086
   2.00000    1.87093
   2.50000    2.39902
   3.00000    2.90406
   3.50000    3.23045
   4.00000    3.24645
   4.50000    3.23685
   5.00000    3.23352
   5.50000    3.27296
   6.00000    3.32819
   6.50000    3.38206
   7.00000    3.42616
   7.50000    3.42004
   8.00000    3.45133
   8.50000    3.50029
   9.00000    3.56288
   9.50000    3.59330
  10.00000    3.62248
  10.50000    3.64844
  11.00000    3.67866
  11.50000    3.68782
  12.00000    3.71662
  12.50000    3.76553
  13.00000    3.83255
  13.50000    3.85342
  14.00000    3.87981
  14.50000    3.89572
  15.00000    3.90308
  15.50000    3.90805
  16.00000    3.93957
  16.50000    3.98494
  17.00000    4.01791
  17.50000    4.06433
  18.00000    4.10359
  18.50000    4.13813
  19.00000    4.17027
  19.50000    4.19266
  20.00000    4.20427
  20.50000    4.21869
  21.00000    4.25471
  21.50000    4.30623
  22.00000    4.36225
  22.50000    4.41947
  23.00000    4.44228
  23.50000    4.48917
  24.00000    4.55904
  24.50000    4.63389
  25.00000    4.62997
  25.50000    4.57969
  26.00000    4.51307
  26.50000    4.48901
  27.00000    4.47915
  27.50000    4.43893
  28.00000    4.39320
  28.50000    4.37338
  29.00000    4.35839
  29.50000    4.32941
  30.00000    4.31842
  30.50000    4.34432
  31.00000    4.35573
  31.50000    4.36635
  32.00000    4.36419
  32.50000    4.37583
  33.00000    4.38749
  33.50000    4.40598
  34.00000    4.42049
  34.50000    4.41976
  35.00000    4.41497
  35.50000    4.41561
  36.00000    4.42892
  36.50000    4.42698
  37.00000    4.41062
  37.50000    4.39060
  38.00000    4.40698
  38.50000    4.40656
  39.00000    4.40046
  39.50000    4.37841
  40.00000    4.38847
  40.50000    4.38722
  41.00000    4.41458
  41.50000    4.40514
  42.00000    4.37413
  42.50000    4.34582
  43.00000    4.38162
  43.50000    4.40530
  44.00000    4.40803
  44.50000    4.41027
  45.00000    4.41717
  45.50000    4.40547
  46.00000    4.41086
  46.50000    4.42248
  47.00000    4.44046
  47.50000    4.44589
  48.00000    4.45361
  48.50000    4.44957
  49.00000    4.48872
  49.50000    4.52367
  50.00000    4.51423
  50.50000    4.49583
  51.00000    4.54179
  51.50000    4.55026
  52.00000    4.52205
  52.50000    4.50790
  53.00000    4.53417
  53.50000    4.54514
  54.00000    4.55684
  54.50000    4.56000
  55.00000    4.55294
  55.50000    4.55399
  56.00000    4.57447
  56.50000    4.57671
  57.00000    4.57042
  57.50000    4.57520
  58.00000    4.57739
  58.50000    4.57677
  59.00000    4.57981
  59.50000    4.58520
  60.00000    4.55530
  60.50000    4.53356
  61.00000    4.54155
  61.50000    4.56719
  62.00000    4.58560
  62.50000    4.58504
  63.00000    4.56510
  63.50000    4.55067
  64.00000    4.56518
  64.50000    4.58058
  65.00000    4.57241
  65.50000    4.57043
  66.00000    4.59925
  66.50000    4.61261
  67.00000    4.58569
  67.50000    4.56224
  68.00000    4.57510
  68.50000    4.57433
  69.00000    4.56914
  69.50000    4.56514
  70.00000    4.54848
  70.50000    4.51599
  71.00000    4.49133
  71.50000    4.49054
  72.00000    4.47357
  72.50000    4.48322
  73.00000    4.46918
  73.50000    4.47192
  74.00000    4.44149
  74.50000    4.45099
  75.00000    4.43796
  75.50000    4.43490
  76.00000    4.43511
  76.50000    4.43216
  77.00000    4.43007
  77.50000    4.43188
  78.00000    4.44759
  78.50000    4.43090
  79.00000    4.41006
  79.50000    4.40828
  80.00000    4.39489
  80.50000    4.39317
  81.00000    4.38905
  81.50000    4.39033
  82.00000    4.37906
  82.50000    4.38249
  83.00000    4.36897
  83.50000    4.36456
  84.00000    4.37525
  84.50000    4.38740
  85.00000    4.38277
  85.50000    4.36119
  86.00000    4.34311
  86.50000    4.33358
  87.00000    4.35185
  87.50000    4.36462
  88.00000    4.36420
  88.50000    4.34854
  89.00000    4.32635
  89.50000    4.31736
  90.00000    4.33008
  90.50000    4.33066
  91.00000    4.34017
  91.50000    4.31902
  92.00000    4.32868
  92.50000    4.31708
  93.00000    4.33463
  93.50000    4.30655
  94.00000    4.29729
  94.50000    4.29417
  95.00000    4.30961
  95.50000    4.30707
  96.00000    4.30393
  96.50000    4.30142
  97.00000    4.29174
  97.50000    4.29255
  98.00000    4.29630
  98.50000    4.29490
  99.00000    4.27178
  99.50000    4.25900
 100.00000    4.27007
 100.50000    4.28390
 101.00000    4.26608
 101.50000    4.27498
 102.00000    4.27673
 102.50000    4.27278
 103.00000    4.25117
 103.50000    4.26342
 104.00000    4.27812
 104.50000    4.27336
 105.00000    4.27877
 105.50000    4.27279
 106.00000    4.28205
 106.50000    4.25218
 107.00000    4.22865
 107.50000    4.22091
 108.00000    4.23076
 108.50000    4.23770
 109.00000    4.23872
 109.50000    4.23109
 110.00000    4.19902
 110.50000    4.19301
 111.00000    4.21225
 111.50000    4.21873
 112.00000    4.21456
 112.50000    4.20517
 113.00000    4.19999
 113.50000    4.19240
 114.00000    4.22095
 114.50000    4.22921
 115.00000    4.24645
 115.50000    4.22143
 116.00000    4.22708
 116.50000    4.21416
 117.00000    4.21578
 117.50000    4.20656
 118.00000    4.24040
 118.50000    4.25247
 119.00000    4.26072
 119.50000    4.24221
 120.00000    4.21353
 120.50000    4.20516
 121.00000    4.23176
 121.50000    4.24031
 122.00000    4.23041
 122.50000    4.24354
 123.00000    4.24872
 123.50000    4.23927
 124.00000    4.21614
 124.50000    4.19942
 125.00000    4.20436
 125.50000    4.22871
 126.00000    4.24124
 126.50000    4.25246
 127.00000    4.24222
 127.50000    4.23406
 128.00000    4.21462
 128.50000    4.23860
 129.00000    4.23189
 129.50000    4.22990
 130.00000    4.22919
 130.50000    4.24547
 131.00000    4.23528
 131.50000    4.20645
 132.00000    4.21108
 132.50000    4.23583
 133.00000    4.23751
 133.50000    4.20734
 134.00000    4.18628
 134.50000    4.20778
 135.00000    4.20396
 135.50000    4.18700
 136.00000    4.18525
 136.50000    4.21625
 137.00000    4.22855
 137.50000    4.22360
 138.00000    4.23766
 138.50000    4.24521
 139.00000    4.23318
 139.50000    4.23533
 140.00000    4.22299
 140.50000    4.22197
 141.00000    4.22930
 141.50000    4.25406
 142.00000    4.24071
 142.50000    4.21609
 143.00000    4.20245
 143.50000    4.22364
 144.00000    4.25814
 144.50000    4.25395
 145.00000    4.22343
 145.50000    4.20894
 146.00000    4.21976
 146.50000    4.22940
 147.00000    4.22605
 147.50000    4.22273
 148.00000    4.23108
 148.50000    4.25195
 149.00000    4.25437
 149.50000    4.24997
 150.00000    4.24861
