   0.00000    1.65433
   0.50000    2.11154
   1.00000    2.32257
   1.50000    2.47861
   2.00000    2.66010
   2.50000    2.75516
   3.00000    2.83799
   3.50000    2.91890
   4.00000    3.05874
   4.50000    3.14994
   5.00000    3.21766
   5.50000    3.21944
   6.00000    3.24283
   6.50000    3.26933
   7.00000    3.30832
   7.50000    3.32706
   8.00000    3.34214
   8.50000    3.35337
   9.00000    3.36900
   9.50000    3.38945
  10.00000    3.40952
  10.50000    3.41804
  11.00000    3.42106
  11.50000    3.44269
  12.00000    3.45917
  12.50000    3.46798
  13.00000    3.47118
  13.50000    3.50694
  14.00000    3.52026
  14.50000    3.52542
  15.00000    3.53566
  15.50000    3.55886
  16.00000    3.55652
  16.50000    3.56156
  17.00000    3.58609
  17.50000    3.58605
  18.00000    3.58868
  18.50000    3.59175
  19.00000    3.60069
  19.50000    3.59560
  20.00000    3.60976
  20.50000    3.63824
  21.00000    3.65154
  21.50000    3.68063
  22.00000    3.68286
  22.50000    3.69827
  23.00000    3.70108
  23.50000    3.72710
  24.00000    3.72120
  24.50000    3.72746
  25.00000    3.73566
  25.50000    3.77149
  26.00000    3.78966
  26.50000    3.81695
  27.00000    3.82594
  27.50000    3.85248
  28.00000    3.86746
  28.50000    3.87647
  29.00000    3.87325
  29.50000    3.89189
  30.00000    3.93481
  30.50000    3.94387
  31.00000    3.94142
  31.50000    3.93467
  32.00000    3.96390
  32.50000    3.96274
  33.00000    3.97728
  33.50000    3.98173
  34.00000    3.99659
  34.50000    3.99108
  35.00000    3.97928
  35.50000    3.97984
  36.00000    3.96396
  36.50000    3.95550
  37.00000    3.94187
  37.50000    3.95441
  38.00000    3.95825
  38.50000    3.97919
  39.00000    3.99814
  39.50000    4.02844
  40.00000    4.05538
  40.50000    4.08849
  41.00000    4.10462
  41.50000    4.11122
  42.00000    4.12779
  42.50000    4.13623
  43.00000    4.14783
  43.50000    4.17162
  44.00000    4.20812
  44.50000    4.23204
  45.00000    4.25633
  45.50000    4.29605
  46.00000    4.32597
  46.50000    4.35225
  47.00000    4.38652
  47.50000    4.42904
  48.00000    4.46779
  48.50000    4.50044
  49.00000    4.54063
  49.50000    4.57391
  50.00000    4.60236
  50.50000    4.61288
  51.00000    4.61328
  51.50000    4.62255
  52.00000    4.62264
  52.50000    4.61561
  53.00000    4.60151
  53.50000    4.60890
  54.00000    4.60246
  54.50000    4.61214
  55.00000    4.61077
  55.50000    4.62063
  56.00000    4.62227
  56.50000    4.64847
  57.00000    4.66622
  57.50000    4.66876
  58.00000    4.66213
  58.50000    4.66300
  59.00000    4.66652
  59.50000    4.65921
  60.00000    4.65431
  60.50000    4.66268
  61.00000    4.67358
  61.50000    4.67633
  62.00000    4.66728
  62.50000    4.67121
  63.00000    4.67320
  63.50000    4.66427
  64.00000    4.67048
  64.50000    4.67588
  65.00000    4.68004
  65.50000    4.67023
  66.00000    4.67899
  66.50000    4.67802
  67.00000    4.67772
  67.50000    4.67216
  68.00000    4.68463
  68.50000    4.68798
  69.00000    4.67328
  69.50000    4.65947
  70.00000    4.67146
  70.50000    4.67701
  71.00000    4.67821
  71.50000    4.67869
  72.00000    4.69358
  72.50000    4.69232
  73.00000    4.68207
  73.50000    4.67959
  74.00000    4.70135
  74.50000    4.69734
  75.00000    4.67099
  75.50000    4.66963
  76.00000    4.68710
  76.50000    4.70048
  77.00000    4.69260
  77.50000    4.68762
  78.00000    4.67105
  78.50000    4.67505
  79.00000    4.69450
  79.50000    4.69857
  80.00000    4.69190
  80.50000    4.67661
  81.00000    4.68392
  81.50000    4.68969
  82.00000    4.69694
  82.50000    4.68314
  83.00000    4.66695
  83.50000    4.67875
  84.00000    4.69556
  84.50000    4.69808
  85.00000    4.68808
  85.50000    4.68837
  86.00000    4.68640
  86.50000    4.69026
  87.00000    4.69641
  87.50000    4.70273
  88.00000    4.68830
  88.50000    4.68584
  89.00000    4.68879
  89.50000    4.68996
  90.00000    4.67536
  90.50000    4.67546
  91.00000    4.68597
  91.50000    4.69288
  92.00000    4.69766
  92.50000    4.70627
  93.00000    4.70527
  93.50000    4.69227
  94.00000    4.68344
  94.50000    4.69319
  95.00000    4.70388
  95.50000    4.70136
  96.00000    4.68475
  96.50000    4.68826
  97.00000    4.67420
  97.50000    4.67999
  98.00000    4.69006
  98.50000    4.71127
  99.00000    4.69379
  99.50000    4.69667
 100.00000    4.70331
 100.50000    4.71338
 101.00000    4.70812
 101.50000    4.71113
 102.00000    4.70246
 102.50000    4.71000
 103.00000    4.70842
 103.50000    4.71484
 104.00000    4.71835
 104.50000    4.72236
 105.00000    4.70617
 105.50000    4.69385
 106.00000    4.70540
 106.50000    4.71572
 107.00000    4.72245
 107.50000    4.71078
 108.00000    4.71968
 108.50000    4.72883
 109.00000    4.72689
 109.50000    4.72011
 110.00000    4.72618
 110.50000    4.72518
 111.00000    4.71430
 111.50000    4.71422
 112.00000    4.72533
 112.50000    4.73695
 113.00000    4.73813
 113.50000    4.73007
 114.00000    4.71936
 114.50000    4.71589
 115.00000    4.71957
 115.50000    4.72667
 116.00000    4.73133
 116.50000    4.73547
 117.00000    4.73253
 117.50000    4.73073
 118.00000    4.71919
 118.50000    4.71997
 119.00000    4.72085
 119.50000    4.74476
 120.00000    4.73216
 120.50000    4.72472
 121.00000    4.71682
 121.50000    4.72669
 122.00000    4.72859
 122.50000    4.73208
 123.00000    4.74180
 123.50000    4.74756
 124.00000    4.75196
 124.50000    4.73773
 125.00000    4.73923
 125.50000    4.73488
 126.00000    4.73487
 126.50000    4.71951
 127.00000    4.71397
 127.50000    4.71277
 128.00000    4.73384
 128.50000    4.73021
 129.00000    4.73770
 129.50000    4.73398
 130.00000    4.75179
 130.50000    4.74219
 131.00000    4.74749
 131.50000    4.73029
 132.00000    4.75854
 132.50000    4.76872
 133.00000    4.76288
 133.50000    4.75015
 134.00000    4.74973
 134.50000    4.75010
 135.00000    4.74524
 135.50000    4.75335
 136.00000    4.74327
 136.50000    4.74422
 137.00000    4.75735
 137.50000    4.77204
 138.00000    4.76410
 138.50000    4.75651
 139.00000    4.75519
 139.50000    4.76110
 140.00000    4.76456
 140.50000    4.77731
 141.00000    4.76630
 141.50000    4.75775
 142.00000    4.76002
 142.50000    4.77172
 143.00000    4.76111
 143.50000    4.75098
 144.00000    4.75120
 144.50000    4.75131
 145.00000    4.76113
 145.50000    4.75691
 146.00000    4.75345
 146.50000    4.74217
 147.00000    4.75183
 147.50000    4.75425
 148.00000    4.74875
 148.50000    4.75039
 149.00000    4.75524
 149.50000    4.75771
 150.00000    4.75489
