   0.00000    1.78987
   0.50000    2.57321
   1.00000    2.70918
   1.50000    2.72086
   2.00000    2.85183
   2.50000    2.94709
   3.00000    3.06133
   3.50000    3.21327
   4.00000    3.35535
   4.50000    3.37421
   5.00000    3.36532
   5.50000    3.38246
   6.00000    3.43321
   6.50000    3.44019
   7.00000    3.43327
   7.50000    3.45009
   8.00000    3.48585
   8.50000    3.48275
   9.00000    3.48624
   9.50000    3.48831
  10.00000    3.48828
  10.50000    3.48164
  11.00000    3.50336
  11.50000    3.52930
  12.00000    3.54731
  12.50000    3.54302
  13.00000    3.53699
  13.50000    3.53414
  14.00000    3.53941
  14.50000    3.52764
  15.00000    3.54450
  15.50000    3.56251
  16.00000    3.57729
  16.50000    3.57683
  17.00000    3.58422
  17.50000    3.59798
  18.00000    3.61082
  18.50000    3.61386
  19.00000    3.61043
  19.50000    3.60376
  20.00000    3.61488
  20.50000    3.62380
  21.00000    3.62212
  21.50000    3.63078
  22.00000    3.65844
  22.50000    3.68093
  23.00000    3.67964
  23.50000    3.68962
  24.00000    3.69486
  24.50000    3.70725
  25.00000    3.72459
  25.50000    3.73347
  26.00000    3.75239
  26.50000    3.78108
  27.00000    3.80306
  27.50000    3.80133
  28.00000    3.80267
  28.50000    3.82310
  29.00000    3.85009
  29.50000    3.85751
  30.00000    3.84501
  30.50000    3.83745
  31.00000    3.86418
  31.50000    3.87684
  32.00000    3.89133
  32.50000    3.85925
  33.00000    3.84379
  33.50000    3.81815
  34.00000    3.80332
  34.50000    3.73862
  35.00000    3.69722
  35.50000    3.69011
  36.00000    3.69478
  36.50000    3.70032
  37.00000    3.69338
  37.50000    3.68585
  38.00000    3.67149
  38.50000    3.67842
  39.00000    3.66010
  39.50000    3.64641
  40.00000    3.63741
  40.50000    3.64018
  41.00000    3.62393
  41.50000    3.62444
  42.00000    3.63920
  42.50000    3.66776
  43.00000    3.69023
  43.50000    3.73415
  44.00000    3.79114
  44.50000    3.83417
  45.00000    3.86325
  45.50000    3.89581
  46.00000    3.91414
  46.50000    3.92046
  47.00000    3.93901
  47.50000    3.96372
  48.00000    3.98864
  48.50000    4.00397
  49.00000    4.04524
  49.50000    4.10531
  50.00000    4.16789
  50.50000    4.20889
  51.00000    4.24152
  51.50000    4.26362
  52.00000    4.27600
  52.50000    4.26954
  53.00000    4.27403
  53.50000    4.29824
  54.00000    4.32439
  54.50000    4.32513
  55.00000    4.33899
  55.50000    4.36100
  56.00000    4.38020
  56.50000    4.40819
  57.00000    4.44085
  57.50000    4.44770
  58.00000    4.44101
  58.50000    4.45229
  59.00000    4.46140
  59.50000    4.46030
  60.00000    4.46647
  60.50000    4.49186
  61.00000    4.50115
  61.50000    4.49812
  62.00000    4.50551
  62.50000    4.52527
  63.00000    4.53351
  63.50000    4.54018
  64.00000    4.53751
  64.50000    4.55220
  65.00000    4.55925
  65.50000    4.58064
  66.00000    4.56724
  66.50000    4.55992
  67.00000    4.55843
  67.50000    4.58662
  68.00000    4.60567
  68.50000    4.60365
  69.00000    4.61043
  69.50000    4.62480
  70.00000    4.65422
  70.50000    4.64772
  71.00000    4.64563
  71.50000    4.63938
  72.00000    4.65581
  72.50000    4.65357
  73.00000    4.66004
  73.50000    4.66884
  74.00000    4.68435
  74.50000    4.68231
  75.00000    4.67917
  75.50000    4.68826
  76.00000    4.69283
  76.50000    4.69461
  77.00000    4.69398
  77.50000    4.70042
  78.00000    4.70317
  78.50000    4.71639
  79.00000    4.72276
  79.50000    4.70759
  80.00000    4.69980
  80.50000    4.70929
  81.00000    4.72265
  81.50000    4.72427
  82.00000    4.72760
  82.50000    4.72583
  83.00000    4.72884
  83.50000    4.73195
  84.00000    4.73034
  84.50000    4.73522
  85.00000    4.73744
  85.50000    4.72298
  86.00000    4.71456
  86.50000    4.74714
  87.00000    4.77396
  87.50000    4.76528
  88.00000    4.73863
  88.50000    4.73389
  89.00000    4.74327
  89.50000    4.74806
  90.00000    4.74270
  90.50000    4.74365
  91.00000    4.74388
  91.50000    4.75690
  92.00000    4.76052
  92.50000    4.77218
  93.00000    4.76876
  93.50000    4.77532
  94.00000    4.76127
  94.50000    4.76318
  95.00000    4.74803
  95.50000    4.75823
  96.00000    4.77128
  96.50000    4.77806
  97.00000    4.77460
  97.50000    4.76978
  98.00000    4.75869
  98.50000    4.75395
  99.00000    4.75843
  99.50000    4.77224
 100.00000    4.76748
 100.50000    4.76620
 101.00000    4.75840
 101.50000    4.78019
 102.00000    4.78047
 102.50000    4.75939
 103.00000    4.74853
 103.50000    4.75866
 104.00000    4.77032
 104.50000    4.77345
 105.00000    4.75461
 105.50000    4.74422
 106.00000    4.75572
 106.50000    4.77339
 107.00000    4.75145
 107.50000    4.76038
 108.00000    4.77424
 108.50000    4.78353
 109.00000    4.76223
 109.50000    4.75582
 110.00000    4.75779
 110.50000    4.75426
 111.00000    4.75742
 111.50000    4.75698
 112.00000    4.76235
 112.50000    4.75202
 113.00000    4.74703
 113.50000    4.73383
 114.00000    4.73122
 114.50000    4.73373
 115.00000    4.74920
 115.50000    4.75652
 116.00000    4.76441
 116.50000    4.75476
 117.00000    4.74687
 117.50000    4.73710
 118.00000    4.73366
 118.50000    4.72646
 119.00000    4.72697
 119.50000    4.73503
 120.00000    4.72785
 120.50000    4.73076
 121.00000    4.73401
 121.50000    4.74584
 122.00000    4.72493
 122.50000    4.71898
 123.00000    4.71775
 123.50000    4.73725
 124.00000    4.73298
 124.50000    4.71989
 125.00000    4.70166
 125.50000    4.71181
 126.00000    4.71056
 126.50000    4.70397
 127.00000    4.69945
 127.50000    4.71406
 128.00000    4.71025
 128.50000    4.70811
 129.00000    4.70247
 129.50000    4.70835
 130.00000    4.68148
 130.50000    4.66800
 131.00000    4.67696
 131.50000    4.70193
 132.00000    4.69444
 132.50000    4.68201
 133.00000    4.67889
 133.50000    4.69093
 134.00000    4.69114
 134.50000    4.67987
 135.00000    4.65788
 135.50000    4.65022
 136.00000    4.65482
 136.50000    4.65530
 137.00000    4.66212
 137.50000    4.66818
 138.00000    4.67213
 138.50000    4.65640
 139.00000    4.65122
 139.50000    4.64822
 140.00000    4.64368
 140.50000    4.64058
 141.00000    4.63858
 141.50000    4.64116
 142.00000    4.64466
 142.50000    4.64107
 143.00000    4.64594
 143.50000    4.64126
 144.00000    4.63686
 144.50000    4.61783
 145.00000    4.62059
 145.50000    4.61300
 146.00000    4.61476
 146.50000    4.60904
 147.00000    4.61244
 147.50000    4.62125
 148.00000    4.62439
 148.50000    4.61087
 149.00000    4.60152
 149.50000    4.59729
 150.00000    4.58802
