   0.00000    1.17940
   0.50000    2.04848
   1.00000    2.37029
   1.50000    2.62603
   2.00000    2.94491
   2.50000    3.14834
   3.00000    3.21858
   3.50000    3.26076
   4.00000    3.29700
   4.50000    3.34557
   5.00000    3.37518
   5.50000    3.39283
   6.00000    3.40800
   6.50000    3.41855
   7.00000    3.42537
   7.50000    3.44807
   8.00000    3.47312
   8.50000    3.49311
   9.00000    3.51208
   9.50000    3.52010
  10.00000    3.51473
  10.50000    3.52180
  11.00000    3.55284
  11.50000    3.58161
  12.00000    3.59040
  12.50000    3.59203
  13.00000    3.59930
  13.50000    3.61433
  14.00000    3.63149
  14.50000    3.64045
  15.00000    3.65565
  15.50000    3.66596
  16.00000    3.68028
  16.50000    3.68347
  17.00000    3.70984
  17.50000    3.73372
  18.00000    3.75580
  18.50000    3.74231
  19.00000    3.74571
  19.50000    3.75647
  20.00000    3.77310
  20.50000    3.77345
  21.00000    3.77870
  21.50000    3.79281
  22.00000    3.80370
  22.50000    3.80910
  23.00000    3.80831
  23.50000    3.81738
  24.00000    3.82293
  24.50000    3.83320
  25.00000    3.85789
  25.50000    3.86687
  26.00000    3.83477
  26.50000    3.79784
  27.00000    3.78255
  27.50000    3.78025
  28.00000    3.79439
  28.50000    3.83914
  29.00000    3.88769
  29.50000    3.93002
  30.00000    3.96243
  30.50000    4.00879
  31.00000    4.05081
  31.50000    4.06047
  32.00000    4.06519
  32.50000    4.07055
  33.00000    4.09885
  33.50000    4.13140
  34.00000    4.17080
  34.50000    4.19343
  35.00000    4.20961
  35.50000    4.25001
  36.00000    4.28752
  36.50000    4.31019
  37.00000    4.32406
  37.50000    4.34183
  38.00000    4.35953
  38.50000    4.36773
  39.00000    4.37871
  39.50000    4.37257
  40.00000    4.36424
  40.50000    4.35308
  41.00000    4.35100
  41.50000    4.34992
  42.00000    4.34739
  42.50000    4.32661
  43.00000    4.32484
  43.50000    4.34816
  44.00000    4.37927
  44.50000    4.37564
  45.00000    4.35590
  45.50000    4.32443
  46.00000    4.32443
  46.50000    4.34273
  47.00000    4.35957
  47.50000    4.37417
  48.00000    4.39457
  48.50000    4.41371
  49.00000    4.43055
  49.50000    4.45613
  50.00000    4.47738
  50.50000    4.47763
  51.00000    4.48775
  51.50000    4.50758
  52.00000    4.51857
  52.50000    4.49998
  53.00000    4.48461
  53.50000    4.48564
  54.00000    4.49329
  54.50000    4.50181
  55.00000    4.51626
  55.50000    4.51876
  56.00000    4.51268
  56.50000    4.50627
  57.00000    4.51027
  57.50000    4.51337
  58.00000    4.52186
  58.50000    4.52278
  59.00000    4.51039
  59.50000    4.50159
  60.00000    4.49752
  60.50000    4.51473
  61.00000    4.51644
  61.50000    4.51559
  62.00000    4.50755
  62.50000    4.51348
  63.00000    4.50055
  63.50000    4.49718
  64.00000    4.49429
  64.50000    4.50785
  65.00000    4.50095
  65.50000    4.50406
  66.00000    4.49790
  66.50000    4.49515
  67.00000    4.49519
  67.50000    4.49276
  68.00000    4.48783
  68.50000    4.48316
  69.00000    4.49148
  69.50000    4.49552
  70.00000    4.50058
  70.50000    4.48782
  71.00000    4.47667
  71.50000    4.47218
  72.00000    4.48896
  72.50000    4.49575
  73.00000    4.50183
  73.50000    4.49422
  74.00000    4.48527
  74.50000    4.48739
  75.00000    4.49215
  75.50000    4.48713
  76.00000    4.48726
  76.50000    4.49263
  77.00000    4.49093
  77.50000    4.48524
  78.00000    4.48047
  78.50000    4.48698
  79.00000    4.48637
  79.50000    4.48429
  80.00000    4.46154
  80.50000    4.47327
  81.00000    4.47962
  81.50000    4.48603
  82.00000    4.47735
  82.50000    4.48656
  83.00000    4.48046
  83.50000    4.47992
  84.00000    4.47480
  84.50000    4.47036
  85.00000    4.46753
  85.50000    4.46725
  86.00000    4.46135
  86.50000    4.46405
  87.00000    4.46659
  87.50000    4.46538
  88.00000    4.46361
  88.50000    4.46729
  89.00000    4.46248
  89.50000    4.45501
  90.00000    4.46504
  90.50000    4.46804
  91.00000    4.45543
  91.50000    4.45360
  92.00000    4.46291
  92.50000    4.46129
  93.00000    4.44568
  93.50000    4.44800
  94.00000    4.45294
  94.50000    4.45351
  95.00000    4.44087
  95.50000    4.43171
  96.00000    4.44717
  96.50000    4.46023
  97.00000    4.45476
  97.50000    4.43998
  98.00000    4.44211
  98.50000    4.43665
  99.00000    4.42348
  99.50000    4.42265
 100.00000    4.43928
 100.50000    4.44730
 101.00000    4.43236
 101.50000    4.42786
 102.00000    4.43934
 102.50000    4.43314
 103.00000    4.41821
 103.50000    4.42280
 104.00000    4.45094
 104.50000    4.45009
 105.00000    4.43812
 105.50000    4.42599
 106.00000    4.42717
 106.50000    4.43024
 107.00000    4.43017
 107.50000    4.42536
 108.00000    4.42393
 108.50000    4.41749
 109.00000    4.40683
 109.50000    4.41088
 110.00000    4.41472
 110.50000    4.41782
 111.00000    4.41455
 111.50000    4.40661
 112.00000    4.40464
 112.50000    4.41400
 113.00000    4.41726
 113.50000    4.41107
 114.00000    4.42148
 114.50000    4.42405
 115.00000    4.41332
 115.50000    4.41025
 116.00000    4.41064
 116.50000    4.40980
 117.00000    4.40051
 117.50000    4.40319
 118.00000    4.40679
 118.50000    4.40932
 119.00000    4.41572
 119.50000    4.41460
 120.00000    4.41633
 120.50000    4.40139
 121.00000    4.40227
 121.50000    4.40230
 122.00000    4.40408
 122.50000    4.39502
 123.00000    4.39411
 123.50000    4.40554
 124.00000    4.41637
 124.50000    4.41312
 125.00000    4.39673
 125.50000    4.39243
 126.00000    4.40445
 126.50000    4.41489
 127.00000    4.41570
 127.50000    4.40806
 128.00000    4.38953
 128.50000    4.38740
 129.00000    4.40139
 129.50000    4.40606
 130.00000    4.39892
 130.50000    4.38954
 131.00000    4.39146
 131.50000    4.40525
 132.00000    4.40500
 132.50000    4.39070
 133.00000    4.38570
 133.50000    4.39972
 134.00000    4.39774
 134.50000    4.38889
 135.00000    4.38359
 135.50000    4.38614
 136.00000    4.38843
 136.50000    4.38888
 137.00000    4.39914
 137.50000    4.40161
 138.00000    4.39288
 138.50000    4.38634
 139.00000    4.39596
 139.50000    4.39663
 140.00000    4.38822
 140.50000    4.39775
 141.00000    4.39391
 141.50000    4.39221
 142.00000    4.39420
 142.50000    4.40153
 143.00000    4.38990
 143.50000    4.39726
 144.00000    4.40961
 144.50000    4.40276
 145.00000    4.39310
 145.50000    4.39415
 146.00000    4.39529
 146.50000    4.39376
 147.00000    4.40226
 147.50000    4.40311
 148.00000    4.40805
 148.50000    4.40716
 149.00000    4.39969
 149.50000    4.38138
 150.00000    4.39602
