   0.00000    0.51011
   0.50000    0.76817
   1.00000    1.45705
   1.50000    2.02597
   2.00000    2.32805
   2.50000    2.75872
   3.00000    3.07509
   3.50000    3.18204
   4.00000    3.21551
   4.50000    3.26099
   5.00000    3.31943
   5.50000    3.38820
   6.00000    3.44956
   6.50000    3.47338
   7.00000    3.48290
   7.50000    3.52794
   8.00000    3.56779
   8.50000    3.60087
   9.00000    3.62921
   9.50000    3.66154
  10.00000    3.69801
  10.50000    3.72104
  11.00000    3.72913
  11.50000    3.72636
  12.00000    3.74842
  12.50000    3.79506
  13.00000    3.84358
  13.50000    3.85012
  14.00000    3.84995
  14.50000    3.88271
  15.00000    3.91290
  15.50000    3.92632
  16.00000    3.96461
  16.50000    4.03164
  17.00000    4.08852
  17.50000    4.13380
  18.00000    4.16492
  18.50000    4.16417
  19.00000    4.16444
  19.50000    4.17421
  20.00000    4.18899
  20.50000    4.18537
  21.00000    4.22151
  21.50000    4.28337
  22.00000    4.32684
  22.50000    4.36588
  23.00000    4.39660
  23.50000    4.44444
  24.00000    4.47382
  24.50000    4.49187
  25.00000    4.44478
  25.50000    4.41286
  26.00000    4.41670
  26.50000    4.44647
  27.00000    4.45385
  27.50000    4.47236
  28.00000    4.48041
  28.50000    4.48356
  29.00000    4.46678
  29.50000    4.46483
  30.00000    4.44601
  30.50000    4.44318
  31.00000    4.42507
  31.50000    4.40374
  32.00000    4.38999
  32.50000    4.40471
  33.00000    4.41985
  33.50000    4.40476
  34.00000    4.41787
  34.50000    4.40537
  35.00000    4.38027
  35.50000    4.36855
  36.00000    4.38811
  36.50000    4.37511
  37.00000    4.35299
  37.50000    4.38332
  38.00000    4.39518
  38.50000    4.38293
  39.00000    4.37353
  39.50000    4.40732
  40.00000    4.41945
  40.50000    4.40282
  41.00000    4.37276
  41.50000    4.37378
  42.00000    4.37629
  42.50000    4.38005
  43.00000    4.37812
  43.50000    4.38907
  44.00000    4.39499
  44.50000    4.40118
  45.00000    4.41852
  45.50000    4.44239
  46.00000    4.48183
  46.50000    4.51869
  47.00000    4.55034
  47.50000    4.57149
  48.00000    4.58029
  48.50000    4.59114
  49.00000    4.57100
  49.50000    4.56097
  50.00000    4.56843
  50.50000    4.58762
  51.00000    4.59518
  51.50000    4.58413
  52.00000    4.57348
  52.50000    4.55717
  53.00000    4.54664
  53.50000    4.52896
  54.00000    4.51582
  54.50000    4.52479
  55.00000    4.52283
  55.50000    4.51515
  56.00000    4.50386
  56.50000    4.51754
  57.00000    4.50190
  57.50000    4.49047
  58.00000    4.47569
  58.50000    4.47123
  59.00000    4.45687
  59.50000    4.45187
  60.00000    4.45104
  60.50000    4.44555
  61.00000    4.44921
  61.50000    4.44399
  62.00000    4.44271
  62.50000    4.44087
  63.00000    4.42941
  63.50000    4.40881
  64.00000    4.39995
  64.50000    4.40682
  65.00000    4.41217
  65.50000    4.41837
  66.00000    4.42059
  66.50000    4.42118
  67.00000    4.41576
  67.50000    4.40520
  68.00000    4.38908
  68.50000    4.38770
  69.00000    4.40304
  69.50000    4.40670
  70.00000    4.39876
  70.50000    4.38593
  71.00000    4.38342
  71.50000    4.37435
  72.00000    4.35103
  72.50000    4.35239
  73.00000    4.36324
  73.50000    4.37349
  74.00000    4.35592
  74.50000    4.35792
  75.00000    4.35368
  75.50000    4.36107
  76.00000    4.34659
  76.50000    4.33171
  77.00000    4.32698
  77.50000    4.34211
  78.00000    4.32866
  78.50000    4.32618
  79.00000    4.33111
  79.50000    4.35130
  80.00000    4.33869
  80.50000    4.33515
  81.00000    4.32298
  81.50000    4.32461
  82.00000    4.32300
  82.50000    4.31984
  83.00000    4.31384
  83.50000    4.31455
  84.00000    4.30533
  84.50000    4.30580
  85.00000    4.30684
  85.50000    4.31005
  86.00000    4.29876
  86.50000    4.28552
  87.00000    4.28682
  87.50000    4.29251
  88.00000    4.29649
  88.50000    4.28862
  89.00000    4.26868
  89.50000    4.27195
  90.00000    4.28408
  90.50000    4.29285
  91.00000    4.27168
  91.50000    4.24649
  92.00000    4.25352
  92.50000    4.24391
  93.00000    4.25773
  93.50000    4.26158
  94.00000    4.26144
  94.50000    4.25646
  95.00000    4.25618
  95.50000    4.27099
  96.00000    4.26626
  96.50000    4.26564
  97.00000    4.23484
  97.50000    4.23487
  98.00000    4.22824
  98.50000    4.23809
  99.00000    4.21141
  99.50000    4.20833
 100.00000    4.20480
 100.50000    4.21271
 101.00000    4.20080
 101.50000    4.20555
 102.00000    4.21305
 102.50000    4.22082
 103.00000    4.21076
 103.50000    4.21736
 104.00000    4.22002
 104.50000    4.22020
 105.00000    4.20079
 105.50000    4.20682
 106.00000    4.21242
 106.50000    4.20626
 107.00000    4.19758
 107.50000    4.19177
 108.00000    4.18861
 108.50000    4.19351
 109.00000    4.19211
 109.50000    4.18794
 110.00000    4.19606
 110.50000    4.20898
 111.00000    4.19234
 111.50000    4.19171
 112.00000    4.19263
 112.50000    4.19411
 113.00000    4.17268
 113.50000    4.15673
 114.00000    4.16620
 114.50000    4.17923
 115.00000    4.18972
 115.50000    4.17750
 116.00000    4.19504
 116.50000    4.18666
 117.00000    4.18418
 117.50000    4.16625
 118.00000    4.17900
 118.50000    4.16776
 119.00000    4.16166
 119.50000    4.17862
 120.00000    4.19156
 120.50000    4.20115
 121.00000    4.18841
 121.50000    4.18217
 122.00000    4.17056
 122.50000    4.17597
 123.00000    4.17347
 123.50000    4.16811
 124.00000    4.14758
 124.50000    4.14293
 125.00000    4.14865
 125.50000    4.16626
 126.00000    4.14629
 126.50000    4.14067
 127.00000    4.15383
 127.50000    4.16558
 128.00000    4.15923
 128.50000    4.17060
 129.00000    4.17144
 129.50000    4.14434
 130.00000    4.13460
 130.50000    4.15195
 131.00000    4.17026
 131.50000    4.17081
 132.00000    4.16992
 132.50000    4.14727
 133.00000    4.12836
 133.50000    4.12894
 134.00000    4.13558
 134.50000    4.13258
 135.00000    4.12975
 135.50000    4.13655
 136.00000    4.13912
 136.50000    4.14469
 137.00000    4.14085
 137.50000    4.13598
 138.00000    4.13150
 138.50000    4.13759
 139.00000    4.13264
 139.50000    4.10731
 140.00000    4.10848
 140.50000    4.11099
 141.00000    4.12354
 141.50000    4.12254
 142.00000    4.12260
 142.50000    4.10234
 143.00000    4.10043
 143.50000    4.12094
 144.00000    4.14471
 144.50000    4.13138
 145.00000    4.12195
 145.50000    4.11323
 146.00000    4.12562
 146.50000    4.11981
 147.00000    4.12082
 147.50000    4.12982
 148.00000    4.12322
 148.50000    4.13163
 149.00000    4.11759
 149.50000    4.12111
 150.00000    4.11550
