   0.00000    1.14957
   0.50000    1.51053
   1.00000    1.97082
   1.50000    2.51621
   2.00000    2.91851
   2.50000    3.15893
   3.00000    3.20950
   3.50000    3.26072
   4.00000    3.32479
   4.50000    3.39755
   5.00000    3.43499
   5.50000    3.43373
   6.00000    3.43449
   6.50000    3.44051
   7.00000    3.45134
   7.50000    3.47310
   8.00000    3.49223
   8.50000    3.49488
   9.00000    3.50235
   9.50000    3.50275
  10.00000    3.52135
  10.50000    3.53005
  11.00000    3.53924
  11.50000    3.53540
  12.00000    3.54842
  12.50000    3.57173
  13.00000    3.58480
  13.50000    3.59172
  14.00000    3.58754
  14.50000    3.59595
  15.00000    3.61355
  15.50000    3.63386
  16.00000    3.64100
  16.50000    3.64224
  17.00000    3.65915
  17.50000    3.67548
  18.00000    3.68931
  18.50000    3.69169
  19.00000    3.69640
  19.50000    3.70242
  20.00000    3.70884
  20.50000    3.72250
  21.00000    3.71397
  21.50000    3.71726
  22.00000    3.72674
  22.50000    3.75758
  23.00000    3.76269
  23.50000    3.76857
  24.00000    3.78322
  24.50000    3.80003
  25.00000    3.81258
  25.50000    3.80775
  26.00000    3.79938
  26.50000    3.79577
  27.00000    3.81883
  27.50000    3.82268
  28.00000    3.81483
  28.50000    3.80970
  29.00000    3.81446
  29.50000    3.81726
  30.00000    3.82420
  30.50000    3.83230
  31.00000    3.81885
  31.50000    3.81135
  32.00000    3.82763
  32.50000    3.84573
  33.00000    3.85024
  33.50000    3.86447
  34.00000    3.89273
  34.50000    3.89592
  35.00000    3.88350
  35.50000    3.89388
  36.00000    3.91725
  36.50000    3.94002
  37.00000    3.96380
  37.50000    3.97153
  38.00000    3.96468
  38.50000    3.96275
  39.00000    3.98471
  39.50000    3.98533
  40.00000    3.98911
  40.50000    3.99013
  41.00000    4.00222
  41.50000    4.00697
  42.00000    4.02670
  42.50000    4.02569
  43.00000    4.02943
  43.50000    4.04932
  44.00000    4.07790
  44.50000    4.09387
  45.00000    4.08989
  45.50000    4.09558
  46.00000    4.12593
  46.50000    4.19472
  47.00000    4.23957
  47.50000    4.26429
  48.00000    4.27951
  48.50000    4.30625
  49.00000    4.32785
  49.50000    4.34708
  50.00000    4.36584
  50.50000    4.38824
  51.00000    4.40141
  51.50000    4.40312
  52.00000    4.41369
  52.50000    4.42456
  53.00000    4.41730
  53.50000    4.41039
  54.00000    4.42829
  54.50000    4.42284
  55.00000    4.40891
  55.50000    4.40053
  56.00000    4.41134
  56.50000    4.41915
  57.00000    4.42007
  57.50000    4.42268
  58.00000    4.41892
  58.50000    4.42549
  59.00000    4.42423
  59.50000    4.43852
  60.00000    4.44523
  60.50000    4.43749
  61.00000    4.43722
  61.50000    4.43800
  62.00000    4.43562
  62.50000    4.42647
  63.00000    4.42560
  63.50000    4.42436
  64.00000    4.42236
  64.50000    4.43037
  65.00000    4.43154
  65.50000    4.44279
  66.00000    4.44793
  66.50000    4.46103
  67.00000    4.45748
  67.50000    4.46286
  68.00000    4.45903
  68.50000    4.46489
  69.00000    4.45620
  69.50000    4.45227
  70.00000    4.44335
  70.50000    4.43825
  71.00000    4.44496
  71.50000    4.45086
  72.00000    4.45866
  72.50000    4.45546
  73.00000    4.46684
  73.50000    4.46705
  74.00000    4.47258
  74.50000    4.46905
  75.00000    4.47644
  75.50000    4.47286
  76.00000    4.48484
  76.50000    4.48588
  77.00000    4.47863
  77.50000    4.47554
  78.00000    4.47663
  78.50000    4.48096
  79.00000    4.48658
  79.50000    4.49893
  80.00000    4.48258
  80.50000    4.48295
  81.00000    4.49887
  81.50000    4.52266
  82.00000    4.52337
  82.50000    4.52443
  83.00000    4.51652
  83.50000    4.50703
  84.00000    4.50216
  84.50000    4.50462
  85.00000    4.51436
  85.50000    4.51276
  86.00000    4.51936
  86.50000    4.52724
  87.00000    4.52572
  87.50000    4.51423
  88.00000    4.52278
  88.50000    4.53275
  89.00000    4.53944
  89.50000    4.54372
  90.00000    4.54555
  90.50000    4.52599
  91.00000    4.51701
  91.50000    4.52784
  92.00000    4.53519
  92.50000    4.52351
  93.00000    4.52667
  93.50000    4.54211
  94.00000    4.54628
  94.50000    4.54343
  95.00000    4.54011
  95.50000    4.54406
  96.00000    4.54659
  96.50000    4.54969
  97.00000    4.55126
  97.50000    4.55041
  98.00000    4.55500
  98.50000    4.54928
  99.00000    4.54675
  99.50000    4.54620
 100.00000    4.54823
 100.50000    4.54951
 101.00000    4.54767
 101.50000    4.55389
 102.00000    4.55972
 102.50000    4.56724
 103.00000    4.56699
 103.50000    4.55928
 104.00000    4.56125
 104.50000    4.57306
 105.00000    4.57319
 105.50000    4.56804
 106.00000    4.57403
 106.50000    4.58661
 107.00000    4.57659
 107.50000    4.57037
 108.00000    4.56779
 108.50000    4.57094
 109.00000    4.56648
 109.50000    4.58302
 110.00000    4.57914
 110.50000    4.57433
 111.00000    4.57396
 111.50000    4.59088
 112.00000    4.59482
 112.50000    4.58463
 113.00000    4.58340
 113.50000    4.59300
 114.00000    4.60109
 114.50000    4.59006
 115.00000    4.57808
 115.50000    4.58512
 116.00000    4.59114
 116.50000    4.59879
 117.00000    4.59479
 117.50000    4.59018
 118.00000    4.59058
 118.50000    4.59711
 119.00000    4.60403
 119.50000    4.59988
 120.00000    4.60063
 120.50000    4.58323
 121.00000    4.58877
 121.50000    4.60277
 122.00000    4.61251
 122.50000    4.60119
 123.00000    4.60738
 123.50000    4.61885
 124.00000    4.63237
 124.50000    4.62584
 125.00000    4.61753
 125.50000    4.60773
 126.00000    4.61811
 126.50000    4.62757
 127.00000    4.62596
 127.50000    4.62813
 128.00000    4.61962
 128.50000    4.62513
 129.00000    4.63308
 129.50000    4.63976
 130.00000    4.63410
 130.50000    4.62139
 131.00000    4.62789
 131.50000    4.62374
 132.00000    4.64100
 132.50000    4.63846
 133.00000    4.63670
 133.50000    4.61985
 134.00000    4.62219
 134.50000    4.62206
 135.00000    4.62262
 135.50000    4.62652
 136.00000    4.63542
 136.50000    4.63656
 137.00000    4.63547
 137.50000    4.62997
 138.00000    4.63913
 138.50000    4.63279
 139.00000    4.62641
 139.50000    4.62697
 140.00000    4.63279
 140.50000    4.64069
 141.00000    4.64215
 141.50000    4.64668
 142.00000    4.64451
 142.50000    4.64808
 143.00000    4.63649
 143.50000    4.62357
 144.00000    4.64138
 144.50000    4.66260
 145.00000    4.65962
 145.50000    4.64608
 146.00000    4.64611
 146.50000    4.64967
 147.00000    4.65530
 147.50000    4.65409
 148.00000    4.65176
 148.50000    4.64039
 149.00000    4.63705
 149.50000    4.63802
 150.00000    4.66068
