   0.00000    1.51728
   0.50000    1.58947
   1.00000    1.84842
   1.50000    2.13925
   2.00000    2.37099
   2.50000    2.52946
   3.00000    2.72552
   3.50000    2.95295
   4.00000    3.15554
   4.50000    3.23379
   5.00000    3.28814
   5.50000    3.32560
   6.00000    3.37206
   6.50000    3.39200
   7.00000    3.43191
   7.50000    3.45459
   8.00000    3.47603
   8.50000    3.48545
   9.00000    3.50950
   9.50000    3.51403
  10.00000    3.51250
  10.50000    3.52889
  11.00000    3.54833
  11.50000    3.57009
  12.00000    3.59203
  12.50000    3.60647
  13.00000    3.60319
  13.50000    3.61066
  14.00000    3.61689
  14.50000    3.64156
  15.00000    3.66345
  15.50000    3.67504
  16.00000    3.66275
  16.50000    3.67734
  17.00000    3.68921
  17.50000    3.69970
  18.00000    3.70615
  18.50000    3.72386
  19.00000    3.72744
  19.50000    3.72454
  20.00000    3.73326
  20.50000    3.73565
  21.00000    3.73488
  21.50000    3.76762
  22.00000    3.79338
  22.50000    3.81714
  23.00000    3.81636
  23.50000    3.83209
  24.00000    3.83258
  24.50000    3.84232
  25.00000    3.85680
  25.50000    3.88099
  26.00000    3.91173
  26.50000    3.92135
  27.00000    3.93455
  27.50000    3.96875
  28.00000    3.99108
  28.50000    3.99691
  29.00000    3.99273
  29.50000    3.99392
  30.00000    3.99405
  30.50000    3.97731
  31.00000    3.96683
  31.50000    3.95206
  32.00000    3.95748
  32.50000    3.94303
  33.00000    3.92319
  33.50000    3.89071
  34.00000    3.88907
  34.50000    3.86481
  35.00000    3.82914
  35.50000    3.80323
  36.00000    3.77082
  36.50000    3.72990
  37.00000    3.69996
  37.50000    3.68642
  38.00000    3.67862
  38.50000    3.68749
  39.00000    3.72625
  39.50000    3.74608
  40.00000    3.77715
  40.50000    3.77859
  41.00000    3.79011
  41.50000    3.82050
  42.00000    3.84839
  42.50000    3.85060
  43.00000    3.85479
  43.50000    3.90077
  44.00000    3.92864
  44.50000    3.95117
  45.00000    3.98286
  45.50000    4.02305
  46.00000    4.05673
  46.50000    4.09630
  47.00000    4.12399
  47.50000    4.15309
  48.00000    4.19423
  48.50000    4.22850
  49.00000    4.24746
  49.50000    4.30686
  50.00000    4.36667
  50.50000    4.40866
  51.00000    4.43146
  51.50000    4.45111
  52.00000    4.45847
  52.50000    4.46439
  53.00000    4.47204
  53.50000    4.48093
  54.00000    4.48651
  54.50000    4.47333
  55.00000    4.46707
  55.50000    4.49324
  56.00000    4.54140
  56.50000    4.57411
  57.00000    4.58068
  57.50000    4.55952
  58.00000    4.55790
  58.50000    4.56506
  59.00000    4.58667
  59.50000    4.59075
  60.00000    4.59920
  60.50000    4.59074
  61.00000    4.60195
  61.50000    4.59156
  62.00000    4.58807
  62.50000    4.60613
  63.00000    4.63154
  63.50000    4.62121
  64.00000    4.60370
  64.50000    4.62047
  65.00000    4.64264
  65.50000    4.64177
  66.00000    4.63206
  66.50000    4.61654
  67.00000    4.61600
  67.50000    4.62542
  68.00000    4.64364
  68.50000    4.63973
  69.00000    4.64720
  69.50000    4.66138
  70.00000    4.66823
  70.50000    4.66911
  71.00000    4.68242
  71.50000    4.69080
  72.00000    4.68863
  72.50000    4.67390
  73.00000    4.65736
  73.50000    4.66038
  74.00000    4.68524
  74.50000    4.67972
  75.00000    4.66720
  75.50000    4.67327
  76.00000    4.69077
  76.50000    4.69962
  77.00000    4.68934
  77.50000    4.68037
  78.00000    4.66925
  78.50000    4.67798
  79.00000    4.68819
  79.50000    4.68470
  80.00000    4.68432
  80.50000    4.68353
  81.00000    4.70671
  81.50000    4.71746
  82.00000    4.71897
  82.50000    4.69025
  83.00000    4.67148
  83.50000    4.68105
  84.00000    4.70173
  84.50000    4.70617
  85.00000    4.70342
  85.50000    4.69740
  86.00000    4.69526
  86.50000    4.70035
  87.00000    4.71812
  87.50000    4.71457
  88.00000    4.68828
  88.50000    4.68217
  89.00000    4.69529
  89.50000    4.69638
  90.00000    4.67486
  90.50000    4.66625
  91.00000    4.67261
  91.50000    4.68281
  92.00000    4.68474
  92.50000    4.69088
  93.00000    4.68342
  93.50000    4.69179
  94.00000    4.69153
  94.50000    4.69396
  95.00000    4.67243
  95.50000    4.66729
  96.00000    4.67319
  96.50000    4.66903
  97.00000    4.66763
  97.50000    4.67011
  98.00000    4.66225
  98.50000    4.67155
  99.00000    4.68038
  99.50000    4.67943
 100.00000    4.65016
 100.50000    4.65433
 101.00000    4.65531
 101.50000    4.66403
 102.00000    4.66162
 102.50000    4.66867
 103.00000    4.66742
 103.50000    4.66615
 104.00000    4.66227
 104.50000    4.66173
 105.00000    4.64894
 105.50000    4.65134
 106.00000    4.64488
 106.50000    4.66377
 107.00000    4.66229
 107.50000    4.66905
 108.00000    4.66039
 108.50000    4.66798
 109.00000    4.66566
 109.50000    4.64673
 110.00000    4.65094
 110.50000    4.64524
 111.00000    4.64809
 111.50000    4.63392
 112.00000    4.64445
 112.50000    4.64810
 113.00000    4.65444
 113.50000    4.64677
 114.00000    4.64238
 114.50000    4.63504
 115.00000    4.62707
 115.50000    4.63251
 116.00000    4.64284
 116.50000    4.65003
 117.00000    4.63851
 117.50000    4.63147
 118.00000    4.60865
 118.50000    4.60331
 119.00000    4.61392
 119.50000    4.64036
 120.00000    4.63040
 120.50000    4.62174
 121.00000    4.62656
 121.50000    4.63625
 122.00000    4.63624
 122.50000    4.63683
 123.00000    4.62009
 123.50000    4.61457
 124.00000    4.62847
 124.50000    4.62713
 125.00000    4.61635
 125.50000    4.60216
 126.00000    4.60033
 126.50000    4.59056
 127.00000    4.60562
 127.50000    4.61942
 128.00000    4.62574
 128.50000    4.61762
 129.00000    4.60892
 129.50000    4.59863
 130.00000    4.60021
 130.50000    4.60652
 131.00000    4.62248
 131.50000    4.60756
 132.00000    4.60308
 132.50000    4.60256
 133.00000    4.60317
 133.50000    4.60855
 134.00000    4.61964
 134.50000    4.61417
 135.00000    4.58585
 135.50000    4.58923
 136.00000    4.60018
 136.50000    4.59658
 137.00000    4.58256
 137.50000    4.59400
 138.00000    4.60999
 138.50000    4.61669
 139.00000    4.60440
 139.50000    4.58934
 140.00000    4.59476
 140.50000    4.61130
 141.00000    4.61955
 141.50000    4.61200
 142.00000    4.60394
 142.50000    4.58764
 143.00000    4.58389
 143.50000    4.57825
 144.00000    4.58679
 144.50000    4.59201
 145.00000    4.59647
 145.50000    4.57554
 146.00000    4.57010
 146.50000    4.57005
 147.00000    4.57820
 147.50000    4.59036
 148.00000    4.59827
 148.50000    4.58851
 149.00000    4.57895
 149.50000    4.57908
 150.00000    4.57741
