   0.00000    1.71480
   0.50000    1.97165
   1.00000    2.46369
   1.50000    2.88919
   2.00000    3.18888
   2.50000    3.40714
   3.00000    3.57788
   3.50000    3.61876
   4.00000    3.58264
   4.50000    3.58270
   5.00000    3.59937
   5.50000    3.60766
   6.00000    3.61576
   6.50000    3.62206
   7.00000    3.62722
   7.50000    3.63034
   8.00000    3.63704
   8.50000    3.65183
   9.00000    3.66227
   9.50000    3.67391
  10.00000    3.67175
  10.50000    3.67672
  11.00000    3.68307
  11.50000    3.68966
  12.00000    3.69325
  12.50000    3.69532
  13.00000    3.70459
  13.50000    3.71548
  14.00000    3.71630
  14.50000    3.71239
  15.00000    3.71680
  15.50000    3.72937
  16.00000    3.72764
  16.50000    3.72170
  17.00000    3.71494
  17.50000    3.72414
  18.00000    3.72318
  18.50000    3.72146
  19.00000    3.72003
  19.50000    3.72881
  20.00000    3.73373
  20.50000    3.73254
  21.00000    3.73570
  21.50000    3.73537
  22.00000    3.73757
  22.50000    3.72813
  23.00000    3.73468
  23.50000    3.75023
  24.00000    3.77645
  24.50000    3.79613
  25.00000    3.80790
  25.50000    3.80752
  26.00000    3.80413
  26.50000    3.80600
  27.00000    3.82013
  27.50000    3.82233
  28.00000    3.81916
  28.50000    3.81011
  29.00000    3.82157
  29.50000    3.83073
  30.00000    3.82818
  30.50000    3.82441
  31.00000    3.83547
  31.50000    3.83617
  32.00000    3.84409
  32.50000    3.85814
  33.00000    3.87219
  33.50000    3.87786
  34.00000    3.89402
  34.50000    3.91698
  35.00000    3.92280
  35.50000    3.93766
  36.00000    3.96171
  36.50000    3.97717
  37.00000    3.98076
  37.50000    3.98409
  38.00000    3.99348
  38.50000    3.99067
  39.00000    3.99126
  39.50000    4.00214
  40.00000    4.00673
  40.50000    3.99849
  41.00000    4.00136
  41.50000    4.00152
  42.00000    3.98663
  42.50000    3.97016
  43.00000    3.97442
  43.50000    3.97340
  44.00000    3.95900
  44.50000    3.95825
  45.00000    3.95521
  45.50000    3.95127
  46.00000    3.93438
  46.50000    3.93152
  47.00000    3.94621
  47.50000    3.99967
  48.00000    4.05216
  48.50000    4.10369
  49.00000    4.15585
  49.50000    4.21316
  50.00000    4.26013
  50.50000    4.30660
  51.00000    4.34891
  51.50000    4.39344
  52.00000    4.42836
  52.50000    4.44437
  53.00000    4.44642
  53.50000    4.46074
  54.00000    4.48095
  54.50000    4.49203
  55.00000    4.50714
  55.50000    4.51813
  56.00000    4.53587
  56.50000    4.55052
  57.00000    4.55927
  57.50000    4.55977
  58.00000    4.56384
  58.50000    4.57902
  59.00000    4.58348
  59.50000    4.58268
  60.00000    4.58903
  60.50000    4.59932
  61.00000    4.60982
  61.50000    4.61239
  62.00000    4.62464
  62.50000    4.63792
  63.00000    4.64830
  63.50000    4.64138
  64.00000    4.62423
  64.50000    4.62848
  65.00000    4.64474
  65.50000    4.65617
  66.00000    4.65456
  66.50000    4.65605
  67.00000    4.66603
  67.50000    4.67534
  68.00000    4.68186
  68.50000    4.66776
  69.00000    4.66277
  69.50000    4.66439
  70.00000    4.67685
  70.50000    4.68505
  71.00000    4.68705
  71.50000    4.67464
  72.00000    4.67418
  72.50000    4.68034
  73.00000    4.68897
  73.50000    4.68013
  74.00000    4.67998
  74.50000    4.68332
  75.00000    4.69454
  75.50000    4.69705
  76.00000    4.69522
  76.50000    4.69506
  77.00000    4.69895
  77.50000    4.70050
  78.00000    4.69329
  78.50000    4.68899
  79.00000    4.68990
  79.50000    4.69041
  80.00000    4.68835
  80.50000    4.68951
  81.00000    4.69105
  81.50000    4.69351
  82.00000    4.69373
  82.50000    4.69032
  83.00000    4.68611
  83.50000    4.67792
  84.00000    4.67714
  84.50000    4.68448
  85.00000    4.68876
  85.50000    4.68724
  86.00000    4.69182
  86.50000    4.68816
  87.00000    4.68145
  87.50000    4.68312
  88.00000    4.69358
  88.50000    4.68741
  89.00000    4.67411
  89.50000    4.67259
  90.00000    4.67114
  90.50000    4.67166
  91.00000    4.66589
  91.50000    4.66726
  92.00000    4.66097
  92.50000    4.67274
  93.00000    4.67282
  93.50000    4.66523
  94.00000    4.65064
  94.50000    4.64842
  95.00000    4.64836
  95.50000    4.64738
  96.00000    4.65195
  96.50000    4.66129
  97.00000    4.65885
  97.50000    4.64489
  98.00000    4.64074
  98.50000    4.63197
  99.00000    4.62195
  99.50000    4.61871
 100.00000    4.63279
 100.50000    4.62718
 101.00000    4.61974
 101.50000    4.61521
 102.00000    4.61053
 102.50000    4.60672
 103.00000    4.60426
 103.50000    4.60690
 104.00000    4.60160
 104.50000    4.60205
 105.00000    4.59912
 105.50000    4.59899
 106.00000    4.59426
 106.50000    4.58169
 107.00000    4.57448
 107.50000    4.57259
 108.00000    4.58241
 108.50000    4.57378
 109.00000    4.57635
 109.50000    4.57231
 110.00000    4.57795
 110.50000    4.57328
 111.00000    4.56816
 111.50000    4.56705
 112.00000    4.56341
 112.50000    4.55665
 113.00000    4.54810
 113.50000    4.54604
 114.00000    4.54442
 114.50000    4.54001
 115.00000    4.54211
 115.50000    4.53872
 116.00000    4.52765
 116.50000    4.52342
 117.00000    4.52394
 117.50000    4.52415
 118.00000    4.51697
 118.50000    4.51360
 119.00000    4.50896
 119.50000    4.51270
 120.00000    4.51561
 120.50000    4.51502
 121.00000    4.51083
 121.50000    4.50413
 122.00000    4.49794
 122.50000    4.49241
 123.00000    4.48746
 123.50000    4.47996
 124.00000    4.47645
 124.50000    4.47074
 125.00000    4.47106
 125.50000    4.47067
 126.00000    4.47465
 126.50000    4.46571
 127.00000    4.46307
 127.50000    4.45558
 128.00000    4.45965
 128.50000    4.45848
 129.00000    4.45778
 129.50000    4.45281
 130.00000    4.44823
 130.50000    4.44308
 131.00000    4.43831
 131.50000    4.43761
 132.00000    4.44458
 132.50000    4.44849
 133.00000    4.43913
 133.50000    4.43389
 134.00000    4.43461
 134.50000    4.42699
 135.00000    4.40721
 135.50000    4.40742
 136.00000    4.41745
 136.50000    4.42060
 137.00000    4.41816
 137.50000    4.40726
 138.00000    4.40066
 138.50000    4.40305
 139.00000    4.40773
 139.50000    4.40390
 140.00000    4.40611
 140.50000    4.41203
 141.00000    4.40612
 141.50000    4.39340
 142.00000    4.38557
 142.50000    4.39277
 143.00000    4.39409
 143.50000    4.39289
 144.00000    4.38625
 144.50000    4.38354
 145.00000    4.38437
 145.50000    4.38252
 146.00000    4.38488
 146.50000    4.38449
 147.00000    4.38184
 147.50000    4.37267
 148.00000    4.36946
 148.50000    4.37330
 149.00000    4.37556
 149.50000    4.38094
 150.00000    4.37942
