   0.00000    1.71231
   0.50000    2.75949
   1.00000    3.00642
   1.50000    3.01633
   2.00000    3.10780
   2.50000    3.16348
   3.00000    3.22702
   3.50000    3.31328
   4.00000    3.40250
   4.50000    3.40564
   5.00000    3.38453
   5.50000    3.39004
   6.00000    3.42055
   6.50000    3.42451
   7.00000    3.40751
   7.50000    3.41417
   8.00000    3.43838
   8.50000    3.43965
   9.00000    3.44416
   9.50000    3.44364
  10.00000    3.43338
  10.50000    3.43421
  11.00000    3.45405
  11.50000    3.47225
  12.00000    3.47929
  12.50000    3.47878
  13.00000    3.47587
  13.50000    3.47382
  14.00000    3.47916
  14.50000    3.47259
  15.00000    3.48228
  15.50000    3.49651
  16.00000    3.51006
  16.50000    3.50976
  17.00000    3.50555
  17.50000    3.51981
  18.00000    3.53969
  18.50000    3.55189
  19.00000    3.54712
  19.50000    3.54758
  20.00000    3.56005
  20.50000    3.56707
  21.00000    3.56079
  21.50000    3.56235
  22.00000    3.58812
  22.50000    3.60705
  23.00000    3.61670
  23.50000    3.62556
  24.00000    3.64112
  24.50000    3.66247
  25.00000    3.68113
  25.50000    3.68186
  26.00000    3.68902
  26.50000    3.70752
  27.00000    3.73491
  27.50000    3.74524
  28.00000    3.75622
  28.50000    3.77673
  29.00000    3.81203
  29.50000    3.83351
  30.00000    3.83147
  30.50000    3.83526
  31.00000    3.87732
  31.50000    3.90259
  32.00000    3.91794
  32.50000    3.89661
  33.00000    3.89560
  33.50000    3.89157
  34.00000    3.89685
  34.50000    3.85934
  35.00000    3.82528
  35.50000    3.81052
  36.00000    3.79803
  36.50000    3.78204
  37.00000    3.75424
  37.50000    3.71848
  38.00000    3.68142
  38.50000    3.66627
  39.00000    3.64012
  39.50000    3.60906
  40.00000    3.58347
  40.50000    3.57507
  41.00000    3.55667
  41.50000    3.55301
  42.00000    3.56183
  42.50000    3.58454
  43.00000    3.59615
  43.50000    3.62137
  44.00000    3.66028
  44.50000    3.69246
  45.00000    3.71065
  45.50000    3.72475
  46.00000    3.72707
  46.50000    3.72131
  47.00000    3.72016
  47.50000    3.73210
  48.00000    3.75480
  48.50000    3.77869
  49.00000    3.82793
  49.50000    3.89356
  50.00000    3.95554
  50.50000    3.99668
  51.00000    4.04000
  51.50000    4.08553
  52.00000    4.10969
  52.50000    4.10963
  53.00000    4.11425
  53.50000    4.14462
  54.00000    4.18222
  54.50000    4.20295
  55.00000    4.20899
  55.50000    4.21998
  56.00000    4.23889
  56.50000    4.27843
  57.00000    4.30557
  57.50000    4.31667
  58.00000    4.33302
  58.50000    4.35672
  59.00000    4.36743
  59.50000    4.35343
  60.00000    4.36925
  60.50000    4.39416
  61.00000    4.40454
  61.50000    4.39726
  62.00000    4.40783
  62.50000    4.42698
  63.00000    4.43661
  63.50000    4.44625
  64.00000    4.45122
  64.50000    4.46671
  65.00000    4.48599
  65.50000    4.50897
  66.00000    4.51369
  66.50000    4.51005
  67.00000    4.51212
  67.50000    4.52883
  68.00000    4.55129
  68.50000    4.55954
  69.00000    4.57566
  69.50000    4.58869
  70.00000    4.59728
  70.50000    4.58261
  71.00000    4.57927
  71.50000    4.58599
  72.00000    4.60533
  72.50000    4.61352
  73.00000    4.62162
  73.50000    4.63036
  74.00000    4.64818
  74.50000    4.65226
  75.00000    4.65789
  75.50000    4.65908
  76.00000    4.66106
  76.50000    4.66318
  77.00000    4.66587
  77.50000    4.67525
  78.00000    4.67743
  78.50000    4.69762
  79.00000    4.69893
  79.50000    4.70106
  80.00000    4.69676
  80.50000    4.71054
  81.00000    4.72193
  81.50000    4.72235
  82.00000    4.71651
  82.50000    4.70864
  83.00000    4.71740
  83.50000    4.72156
  84.00000    4.72520
  84.50000    4.73587
  85.00000    4.74304
  85.50000    4.73722
  86.00000    4.72597
  86.50000    4.74732
  87.00000    4.77004
  87.50000    4.77046
  88.00000    4.74645
  88.50000    4.74389
  89.00000    4.75481
  89.50000    4.75885
  90.00000    4.75211
  90.50000    4.75987
  91.00000    4.76354
  91.50000    4.77227
  92.00000    4.76711
  92.50000    4.77801
  93.00000    4.77834
  93.50000    4.78926
  94.00000    4.77088
  94.50000    4.77084
  95.00000    4.76155
  95.50000    4.77786
  96.00000    4.78701
  96.50000    4.78463
  97.00000    4.77349
  97.50000    4.77156
  98.00000    4.77052
  98.50000    4.76724
  99.00000    4.76680
  99.50000    4.77872
 100.00000    4.78056
 100.50000    4.78044
 101.00000    4.77010
 101.50000    4.77774
 102.00000    4.77883
 102.50000    4.77154
 103.00000    4.75656
 103.50000    4.76377
 104.00000    4.77400
 104.50000    4.78534
 105.00000    4.76006
 105.50000    4.75279
 106.00000    4.75888
 106.50000    4.77416
 107.00000    4.75314
 107.50000    4.76334
 108.00000    4.77197
 108.50000    4.77850
 109.00000    4.75909
 109.50000    4.74982
 110.00000    4.75127
 110.50000    4.75315
 111.00000    4.75739
 111.50000    4.74701
 112.00000    4.74417
 112.50000    4.73923
 113.00000    4.73556
 113.50000    4.72984
 114.00000    4.72827
 114.50000    4.73190
 115.00000    4.74578
 115.50000    4.74991
 116.00000    4.74852
 116.50000    4.73340
 117.00000    4.73371
 117.50000    4.73123
 118.00000    4.72473
 118.50000    4.71558
 119.00000    4.71225
 119.50000    4.71948
 120.00000    4.71494
 120.50000    4.71840
 121.00000    4.72296
 121.50000    4.72768
 122.00000    4.70803
 122.50000    4.69836
 123.00000    4.70068
 123.50000    4.70888
 124.00000    4.69568
 124.50000    4.68065
 125.00000    4.67482
 125.50000    4.68551
 126.00000    4.67968
 126.50000    4.67292
 127.00000    4.67281
 127.50000    4.68271
 128.00000    4.67579
 128.50000    4.67732
 129.00000    4.66443
 129.50000    4.65868
 130.00000    4.64287
 130.50000    4.63827
 131.00000    4.64224
 131.50000    4.65925
 132.00000    4.65671
 132.50000    4.63784
 133.00000    4.62624
 133.50000    4.64744
 134.00000    4.65329
 134.50000    4.64236
 135.00000    4.61777
 135.50000    4.61199
 136.00000    4.61037
 136.50000    4.60961
 137.00000    4.62029
 137.50000    4.61598
 138.00000    4.61308
 138.50000    4.60353
 139.00000    4.60740
 139.50000    4.60027
 140.00000    4.58933
 140.50000    4.58948
 141.00000    4.59016
 141.50000    4.59017
 142.00000    4.59162
 142.50000    4.59053
 143.00000    4.59250
 143.50000    4.58812
 144.00000    4.58953
 144.50000    4.57193
 145.00000    4.57409
 145.50000    4.57144
 146.00000    4.57636
 146.50000    4.56881
 147.00000    4.55976
 147.50000    4.56455
 148.00000    4.56868
 148.50000    4.56651
 149.00000    4.55332
 149.50000    4.54885
 150.00000    4.53468
