   0.00000    1.47990
   0.50000    1.57783
   1.00000    1.89346
   1.50000    2.20741
   2.00000    2.44428
   2.50000    2.62536
   3.00000    2.83154
   3.50000    2.98815
   4.00000    3.13217
   4.50000    3.19803
   5.00000    3.26568
   5.50000    3.29944
   6.00000    3.34267
   6.50000    3.37850
   7.00000    3.40229
   7.50000    3.41648
   8.00000    3.44768
   8.50000    3.46197
   9.00000    3.46463
   9.50000    3.46363
  10.00000    3.49031
  10.50000    3.49983
  11.00000    3.50372
  11.50000    3.51533
  12.00000    3.54744
  12.50000    3.57181
  13.00000    3.57786
  13.50000    3.58536
  14.00000    3.59173
  14.50000    3.61279
  15.00000    3.62156
  15.50000    3.62887
  16.00000    3.63058
  16.50000    3.63704
  17.00000    3.65016
  17.50000    3.66378
  18.00000    3.67911
  18.50000    3.67534
  19.00000    3.67464
  19.50000    3.67028
  20.00000    3.68043
  20.50000    3.69296
  21.00000    3.69899
  21.50000    3.71387
  22.00000    3.72957
  22.50000    3.75407
  23.00000    3.74623
  23.50000    3.74597
  24.00000    3.75396
  24.50000    3.77757
  25.00000    3.77491
  25.50000    3.76758
  26.00000    3.78085
  26.50000    3.80287
  27.00000    3.83036
  27.50000    3.86094
  28.00000    3.88696
  28.50000    3.92105
  29.00000    3.94960
  29.50000    3.98314
  30.00000    4.01324
  30.50000    4.03302
  31.00000    4.04363
  31.50000    4.06004
  32.00000    4.08376
  32.50000    4.08484
  33.00000    4.09165
  33.50000    4.07694
  34.00000    4.05733
  34.50000    4.03963
  35.00000    4.02586
  35.50000    4.02068
  36.00000    3.99493
  36.50000    3.97333
  37.00000    3.93700
  37.50000    3.92321
  38.00000    3.90166
  38.50000    3.89287
  39.00000    3.90992
  39.50000    3.92016
  40.00000    3.92279
  40.50000    3.90716
  41.00000    3.89857
  41.50000    3.89145
  42.00000    3.89692
  42.50000    3.90223
  43.00000    3.90554
  43.50000    3.91967
  44.00000    3.93975
  44.50000    3.94076
  45.00000    3.93910
  45.50000    3.93678
  46.00000    3.95195
  46.50000    3.96606
  47.00000    4.00438
  47.50000    4.04488
  48.00000    4.08940
  48.50000    4.10508
  49.00000    4.12577
  49.50000    4.16941
  50.00000    4.21834
  50.50000    4.22970
  51.00000    4.23678
  51.50000    4.26425
  52.00000    4.29033
  52.50000    4.29950
  53.00000    4.29991
  53.50000    4.28835
  54.00000    4.28196
  54.50000    4.29047
  55.00000    4.30021
  55.50000    4.30847
  56.00000    4.33082
  56.50000    4.36168
  57.00000    4.37233
  57.50000    4.37107
  58.00000    4.37434
  58.50000    4.40083
  59.00000    4.42155
  59.50000    4.41979
  60.00000    4.41629
  60.50000    4.42699
  61.00000    4.44928
  61.50000    4.44503
  62.00000    4.44367
  62.50000    4.46307
  63.00000    4.48065
  63.50000    4.48157
  64.00000    4.47346
  64.50000    4.48552
  65.00000    4.49751
  65.50000    4.50235
  66.00000    4.51101
  66.50000    4.52000
  67.00000    4.52637
  67.50000    4.52587
  68.00000    4.54149
  68.50000    4.54571
  69.00000    4.53983
  69.50000    4.55027
  70.00000    4.57428
  70.50000    4.58822
  71.00000    4.60383
  71.50000    4.60605
  72.00000    4.60492
  72.50000    4.59917
  73.00000    4.60589
  73.50000    4.61862
  74.00000    4.63872
  74.50000    4.64257
  75.00000    4.63814
  75.50000    4.64010
  76.00000    4.64792
  76.50000    4.66494
  77.00000    4.67232
  77.50000    4.66850
  78.00000    4.65118
  78.50000    4.65656
  79.00000    4.65753
  79.50000    4.66722
  80.00000    4.67331
  80.50000    4.67831
  81.00000    4.67929
  81.50000    4.68839
  82.00000    4.69189
  82.50000    4.68994
  83.00000    4.69262
  83.50000    4.71758
  84.00000    4.73261
  84.50000    4.73122
  85.00000    4.72638
  85.50000    4.72830
  86.00000    4.72531
  86.50000    4.72449
  87.00000    4.72681
  87.50000    4.72660
  88.00000    4.72505
  88.50000    4.73688
  89.00000    4.74596
  89.50000    4.73398
  90.00000    4.71958
  90.50000    4.73043
  91.00000    4.74374
  91.50000    4.75572
  92.00000    4.75884
  92.50000    4.76412
  93.00000    4.74064
  93.50000    4.75139
  94.00000    4.75996
  94.50000    4.76948
  95.00000    4.75422
  95.50000    4.75498
  96.00000    4.75142
  96.50000    4.74500
  97.00000    4.75113
  97.50000    4.75517
  98.00000    4.74342
  98.50000    4.73978
  99.00000    4.75095
  99.50000    4.76170
 100.00000    4.74958
 100.50000    4.75799
 101.00000    4.77077
 101.50000    4.77405
 102.00000    4.77164
 102.50000    4.78298
 103.00000    4.79632
 103.50000    4.78253
 104.00000    4.77711
 104.50000    4.79015
 105.00000    4.78247
 105.50000    4.75788
 106.00000    4.75305
 106.50000    4.77908
 107.00000    4.77676
 107.50000    4.76408
 108.00000    4.75765
 108.50000    4.76741
 109.00000    4.77607
 109.50000    4.77814
 110.00000    4.77602
 110.50000    4.76780
 111.00000    4.76003
 111.50000    4.76079
 112.00000    4.77726
 112.50000    4.78467
 113.00000    4.77729
 113.50000    4.77084
 114.00000    4.76415
 114.50000    4.75040
 115.00000    4.74767
 115.50000    4.75784
 116.00000    4.76252
 116.50000    4.77121
 117.00000    4.76270
 117.50000    4.75755
 118.00000    4.75167
 118.50000    4.76062
 119.00000    4.75560
 119.50000    4.76792
 120.00000    4.75809
 120.50000    4.75597
 121.00000    4.75199
 121.50000    4.75069
 122.00000    4.74453
 122.50000    4.74504
 123.00000    4.74636
 123.50000    4.75178
 124.00000    4.76547
 124.50000    4.76021
 125.00000    4.74249
 125.50000    4.73604
 126.00000    4.73731
 126.50000    4.72268
 127.00000    4.71741
 127.50000    4.72981
 128.00000    4.74347
 128.50000    4.73231
 129.00000    4.72998
 129.50000    4.72196
 130.00000    4.72568
 130.50000    4.72348
 131.00000    4.73947
 131.50000    4.72366
 132.00000    4.72900
 132.50000    4.72340
 133.00000    4.72713
 133.50000    4.72735
 134.00000    4.73707
 134.50000    4.72709
 135.00000    4.71065
 135.50000    4.70439
 136.00000    4.70361
 136.50000    4.69546
 137.00000    4.69441
 137.50000    4.71701
 138.00000    4.74048
 138.50000    4.73375
 139.00000    4.71207
 139.50000    4.69680
 140.00000    4.70004
 140.50000    4.70513
 141.00000    4.69732
 141.50000    4.69533
 142.00000    4.69334
 142.50000    4.69174
 143.00000    4.68380
 143.50000    4.69404
 144.00000    4.69916
 144.50000    4.69605
 145.00000    4.69737
 145.50000    4.68692
 146.00000    4.67196
 146.50000    4.65650
 147.00000    4.66554
 147.50000    4.67790
 148.00000    4.67936
 148.50000    4.67877
 149.00000    4.67709
 149.50000    4.67198
 150.00000    4.65887
