   0.00000    1.45552
   0.50000    3.07830
   1.00000    3.34001
   1.50000    3.25563
   2.00000    3.35566
   2.50000    3.41522
   3.00000    3.43322
   3.50000    3.44293
   4.00000    3.45428
   4.50000    3.47902
   5.00000    3.49079
   5.50000    3.49672
   6.00000    3.50163
   6.50000    3.50586
   7.00000    3.51525
   7.50000    3.52375
   8.00000    3.52641
   8.50000    3.52498
   9.00000    3.53812
   9.50000    3.54296
  10.00000    3.54073
  10.50000    3.53428
  11.00000    3.53527
  11.50000    3.54647
  12.00000    3.55657
  12.50000    3.56266
  13.00000    3.56301
  13.50000    3.57834
  14.00000    3.58405
  14.50000    3.58142
  15.00000    3.58496
  15.50000    3.59917
  16.00000    3.60611
  16.50000    3.60260
  17.00000    3.61254
  17.50000    3.63106
  18.00000    3.64027
  18.50000    3.64190
  19.00000    3.64398
  19.50000    3.64979
  20.00000    3.65010
  20.50000    3.65985
  21.00000    3.65983
  21.50000    3.66293
  22.00000    3.66289
  22.50000    3.66829
  23.00000    3.68028
  23.50000    3.69624
  24.00000    3.69482
  24.50000    3.68130
  25.00000    3.68498
  25.50000    3.68947
  26.00000    3.66087
  26.50000    3.64189
  27.00000    3.63213
  27.50000    3.63900
  28.00000    3.64384
  28.50000    3.68092
  29.00000    3.73397
  29.50000    3.79382
  30.00000    3.82061
  30.50000    3.83211
  31.00000    3.85404
  31.50000    3.87758
  32.00000    3.90790
  32.50000    3.94712
  33.00000    3.99107
  33.50000    4.04531
  34.00000    4.11476
  34.50000    4.20310
  35.00000    4.27138
  35.50000    4.33210
  36.00000    4.36323
  36.50000    4.39686
  37.00000    4.41595
  37.50000    4.43291
  38.00000    4.44649
  38.50000    4.45967
  39.00000    4.47023
  39.50000    4.47170
  40.00000    4.46709
  40.50000    4.46340
  41.00000    4.46751
  41.50000    4.47884
  42.00000    4.47553
  42.50000    4.46885
  43.00000    4.46916
  43.50000    4.47783
  44.00000    4.48590
  44.50000    4.48769
  45.00000    4.49116
  45.50000    4.46947
  46.00000    4.46877
  46.50000    4.47564
  47.00000    4.48669
  47.50000    4.49361
  48.00000    4.50384
  48.50000    4.50424
  49.00000    4.49636
  49.50000    4.50764
  50.00000    4.51383
  50.50000    4.51591
  51.00000    4.51414
  51.50000    4.51587
  52.00000    4.51743
  52.50000    4.51094
  53.00000    4.51350
  53.50000    4.51289
  54.00000    4.51020
  54.50000    4.50495
  55.00000    4.50994
  55.50000    4.51520
  56.00000    4.51143
  56.50000    4.49985
  57.00000    4.49414
  57.50000    4.49518
  58.00000    4.50092
  58.50000    4.49838
  59.00000    4.49370
  59.50000    4.48831
  60.00000    4.48599
  60.50000    4.49067
  61.00000    4.48208
  61.50000    4.47272
  62.00000    4.47347
  62.50000    4.48388
  63.00000    4.47378
  63.50000    4.46288
  64.00000    4.45952
  64.50000    4.45898
  65.00000    4.45973
  65.50000    4.46906
  66.00000    4.47139
  66.50000    4.46194
  67.00000    4.45335
  67.50000    4.45383
  68.00000    4.45075
  68.50000    4.44011
  69.00000    4.43651
  69.50000    4.44803
  70.00000    4.45610
  70.50000    4.45053
  71.00000    4.43647
  71.50000    4.43637
  72.00000    4.43319
  72.50000    4.44638
  73.00000    4.44575
  73.50000    4.44527
  74.00000    4.43407
  74.50000    4.43123
  75.00000    4.42923
  75.50000    4.43066
  76.00000    4.42573
  76.50000    4.42353
  77.00000    4.42192
  77.50000    4.42879
  78.00000    4.42697
  78.50000    4.43282
  79.00000    4.42818
  79.50000    4.42873
  80.00000    4.42498
  80.50000    4.42878
  81.00000    4.41900
  81.50000    4.42167
  82.00000    4.41086
  82.50000    4.41889
  83.00000    4.41433
  83.50000    4.41710
  84.00000    4.40622
  84.50000    4.41096
  85.00000    4.41519
  85.50000    4.41887
  86.00000    4.41802
  86.50000    4.40845
  87.00000    4.39742
  87.50000    4.39812
  88.00000    4.41160
  88.50000    4.40795
  89.00000    4.39951
  89.50000    4.39705
  90.00000    4.40405
  90.50000    4.40397
  91.00000    4.39957
  91.50000    4.39667
  92.00000    4.39741
  92.50000    4.40590
  93.00000    4.40874
  93.50000    4.40557
  94.00000    4.40000
  94.50000    4.39499
  95.00000    4.39019
  95.50000    4.39857
  96.00000    4.40516
  96.50000    4.40124
  97.00000    4.39235
  97.50000    4.38949
  98.00000    4.38556
  98.50000    4.38258
  99.00000    4.38384
  99.50000    4.38929
 100.00000    4.39201
 100.50000    4.39656
 101.00000    4.38463
 101.50000    4.38704
 102.00000    4.38963
 102.50000    4.39530
 103.00000    4.38869
 103.50000    4.38867
 104.00000    4.39004
 104.50000    4.39051
 105.00000    4.38630
 105.50000    4.38778
 106.00000    4.39643
 106.50000    4.38917
 107.00000    4.38093
 107.50000    4.38355
 108.00000    4.39091
 108.50000    4.39168
 109.00000    4.39349
 109.50000    4.39694
 110.00000    4.38686
 110.50000    4.38435
 111.00000    4.38504
 111.50000    4.38268
 112.00000    4.38771
 112.50000    4.38458
 113.00000    4.39008
 113.50000    4.39001
 114.00000    4.40262
 114.50000    4.40075
 115.00000    4.40196
 115.50000    4.39229
 116.00000    4.39045
 116.50000    4.39371
 117.00000    4.39285
 117.50000    4.40226
 118.00000    4.40870
 118.50000    4.41030
 119.00000    4.39624
 119.50000    4.40368
 120.00000    4.40886
 120.50000    4.40428
 121.00000    4.40464
 121.50000    4.41198
 122.00000    4.41821
 122.50000    4.41442
 123.00000    4.41331
 123.50000    4.41014
 124.00000    4.40932
 124.50000    4.41178
 125.00000    4.41502
 125.50000    4.41313
 126.00000    4.41454
 126.50000    4.42125
 127.00000    4.41898
 127.50000    4.41608
 128.00000    4.41267
 128.50000    4.42187
 129.00000    4.42626
 129.50000    4.43131
 130.00000    4.43037
 130.50000    4.42402
 131.00000    4.42389
 131.50000    4.43522
 132.00000    4.44091
 132.50000    4.43796
 133.00000    4.43028
 133.50000    4.42634
 134.00000    4.42510
 134.50000    4.44153
 135.00000    4.43472
 135.50000    4.43175
 136.00000    4.42543
 136.50000    4.44116
 137.00000    4.43438
 137.50000    4.43667
 138.00000    4.43643
 138.50000    4.45276
 139.00000    4.45514
 139.50000    4.44775
 140.00000    4.44118
 140.50000    4.45168
 141.00000    4.45312
 141.50000    4.45374
 142.00000    4.45136
 142.50000    4.46293
 143.00000    4.45652
 143.50000    4.45449
 144.00000    4.45654
 144.50000    4.46174
 145.00000    4.45070
 145.50000    4.45466
 146.00000    4.46584
 146.50000    4.47186
 147.00000    4.46789
 147.50000    4.46972
 148.00000    4.46555
 148.50000    4.46056
 149.00000    4.45076
 149.50000    4.44588
 150.00000    4.46115
