   0.00000    1.42862
   0.50000    3.34415
   1.00000    3.57828
   1.50000    3.37012
   2.00000    3.38715
   2.50000    3.42557
   3.00000    3.44411
   3.50000    3.45301
   4.00000    3.44359
   4.50000    3.45568
   5.00000    3.46895
   5.50000    3.48027
   6.00000    3.47665
   6.50000    3.47139
   7.00000    3.47381
   7.50000    3.48455
   8.00000    3.48661
   8.50000    3.48434
   9.00000    3.49264
   9.50000    3.50348
  10.00000    3.50382
  10.50000    3.50229
  11.00000    3.50671
  11.50000    3.51463
  12.00000    3.51889
  12.50000    3.52175
  13.00000    3.51861
  13.50000    3.51791
  14.00000    3.51575
  14.50000    3.51536
  15.00000    3.51539
  15.50000    3.51939
  16.00000    3.52306
  16.50000    3.52778
  17.00000    3.53337
  17.50000    3.53616
  18.00000    3.53540
  18.50000    3.54232
  19.00000    3.54470
  19.50000    3.54505
  20.00000    3.54544
  20.50000    3.55177
  21.00000    3.55363
  21.50000    3.55911
  22.00000    3.56663
  22.50000    3.56528
  23.00000    3.56296
  23.50000    3.56604
  24.00000    3.57743
  24.50000    3.58564
  25.00000    3.59261
  25.50000    3.60490
  26.00000    3.61281
  26.50000    3.61270
  27.00000    3.60560
  27.50000    3.60743
  28.00000    3.61761
  28.50000    3.63813
  29.00000    3.65670
  29.50000    3.66692
  30.00000    3.67002
  30.50000    3.67400
  31.00000    3.69981
  31.50000    3.73386
  32.00000    3.76700
  32.50000    3.79638
  33.00000    3.82852
  33.50000    3.86833
  34.00000    3.94262
  34.50000    4.04201
  35.00000    4.12166
  35.50000    4.18915
  36.00000    4.25195
  36.50000    4.29246
  37.00000    4.31247
  37.50000    4.33361
  38.00000    4.36192
  38.50000    4.38450
  39.00000    4.40251
  39.50000    4.41411
  40.00000    4.41975
  40.50000    4.42542
  41.00000    4.42628
  41.50000    4.43015
  42.00000    4.43066
  42.50000    4.43004
  43.00000    4.44090
  43.50000    4.44752
  44.00000    4.44062
  44.50000    4.41978
  45.00000    4.41234
  45.50000    4.41152
  46.00000    4.41341
  46.50000    4.41521
  47.00000    4.41660
  47.50000    4.42287
  48.00000    4.42499
  48.50000    4.42606
  49.00000    4.42600
  49.50000    4.43771
  50.00000    4.43828
  50.50000    4.44050
  51.00000    4.44374
  51.50000    4.45270
  52.00000    4.46414
  52.50000    4.46220
  53.00000    4.45808
  53.50000    4.45510
  54.00000    4.46616
  54.50000    4.46627
  55.00000    4.46836
  55.50000    4.46760
  56.00000    4.46895
  56.50000    4.47292
  57.00000    4.47428
  57.50000    4.46957
  58.00000    4.47097
  58.50000    4.47350
  59.00000    4.47348
  59.50000    4.47239
  60.00000    4.47241
  60.50000    4.46757
  61.00000    4.46746
  61.50000    4.46987
  62.00000    4.46896
  62.50000    4.47033
  63.00000    4.47088
  63.50000    4.47445
  64.00000    4.47521
  64.50000    4.47805
  65.00000    4.47676
  65.50000    4.47914
  66.00000    4.47702
  66.50000    4.47437
  67.00000    4.47340
  67.50000    4.47423
  68.00000    4.47527
  68.50000    4.46957
  69.00000    4.46625
  69.50000    4.46481
  70.00000    4.46373
  70.50000    4.46021
  71.00000    4.45394
  71.50000    4.45154
  72.00000    4.45216
  72.50000    4.45543
  73.00000    4.44640
  73.50000    4.44502
  74.00000    4.44715
  74.50000    4.44757
  75.00000    4.44499
  75.50000    4.45794
  76.00000    4.45696
  76.50000    4.45367
  77.00000    4.44947
  77.50000    4.45656
  78.00000    4.45133
  78.50000    4.44432
  79.00000    4.43627
  79.50000    4.43572
  80.00000    4.44296
  80.50000    4.44049
  81.00000    4.43515
  81.50000    4.43164
  82.00000    4.43119
  82.50000    4.43287
  83.00000    4.43989
  83.50000    4.44076
  84.00000    4.43443
  84.50000    4.42746
  85.00000    4.42475
  85.50000    4.42269
  86.00000    4.42590
  86.50000    4.42574
  87.00000    4.41817
  87.50000    4.41948
  88.00000    4.42250
  88.50000    4.42825
  89.00000    4.42889
  89.50000    4.42821
  90.00000    4.41937
  90.50000    4.41395
  91.00000    4.41105
  91.50000    4.40995
  92.00000    4.40699
  92.50000    4.41099
  93.00000    4.41242
  93.50000    4.41240
  94.00000    4.40952
  94.50000    4.40846
  95.00000    4.40674
  95.50000    4.40169
  96.00000    4.40435
  96.50000    4.40303
  97.00000    4.40076
  97.50000    4.39353
  98.00000    4.39641
  98.50000    4.39410
  99.00000    4.39559
  99.50000    4.38913
 100.00000    4.39482
 100.50000    4.39318
 101.00000    4.39101
 101.50000    4.38382
 102.00000    4.39041
 102.50000    4.38812
 103.00000    4.37979
 103.50000    4.37444
 104.00000    4.37691
 104.50000    4.37840
 105.00000    4.37110
 105.50000    4.36458
 106.00000    4.36352
 106.50000    4.36165
 107.00000    4.35907
 107.50000    4.35949
 108.00000    4.36475
 108.50000    4.35942
 109.00000    4.35430
 109.50000    4.35104
 110.00000    4.35150
 110.50000    4.35072
 111.00000    4.35140
 111.50000    4.35263
 112.00000    4.35162
 112.50000    4.35220
 113.00000    4.35101
 113.50000    4.34642
 114.00000    4.33909
 114.50000    4.33438
 115.00000    4.33571
 115.50000    4.33905
 116.00000    4.34107
 116.50000    4.34049
 117.00000    4.33625
 117.50000    4.32898
 118.00000    4.32886
 118.50000    4.33086
 119.00000    4.32891
 119.50000    4.32306
 120.00000    4.32974
 120.50000    4.32834
 121.00000    4.32505
 121.50000    4.32159
 122.00000    4.32605
 122.50000    4.31721
 123.00000    4.31548
 123.50000    4.31410
 124.00000    4.32122
 124.50000    4.32225
 125.00000    4.31927
 125.50000    4.30853
 126.00000    4.30721
 126.50000    4.31144
 127.00000    4.30697
 127.50000    4.30201
 128.00000    4.30047
 128.50000    4.30049
 129.00000    4.29867
 129.50000    4.30069
 130.00000    4.29661
 130.50000    4.29487
 131.00000    4.29042
 131.50000    4.29618
 132.00000    4.29324
 132.50000    4.29652
 133.00000    4.29313
 133.50000    4.29160
 134.00000    4.29221
 134.50000    4.29481
 135.00000    4.29399
 135.50000    4.28909
 136.00000    4.28968
 136.50000    4.28291
 137.00000    4.28041
 137.50000    4.28198
 138.00000    4.28338
 138.50000    4.28343
 139.00000    4.28969
 139.50000    4.29681
 140.00000    4.29847
 140.50000    4.29603
 141.00000    4.28849
 141.50000    4.28788
 142.00000    4.29559
 142.50000    4.29941
 143.00000    4.29507
 143.50000    4.29213
 144.00000    4.29105
 144.50000    4.29108
 145.00000    4.29642
 145.50000    4.29572
 146.00000    4.28719
 146.50000    4.28857
 147.00000    4.29573
 147.50000    4.30153
 148.00000    4.30074
 148.50000    4.30410
 149.00000    4.29799
 149.50000    4.29531
 150.00000    4.30531
