   0.00000    0.36476
   0.50000    0.40936
   1.00000    1.04330
   1.50000    1.60951
   2.00000    1.84102
   2.50000    2.36955
   3.00000    2.86508
   3.50000    3.18268
   4.00000    3.19584
   4.50000    3.17112
   5.00000    3.15106
   5.50000    3.18705
   6.00000    3.22491
   6.50000    3.25983
   7.00000    3.29576
   7.50000    3.30461
   8.00000    3.34465
   8.50000    3.39212
   9.00000    3.44803
   9.50000    3.49096
  10.00000    3.53306
  10.50000    3.55881
  11.00000    3.59060
  11.50000    3.60605
  12.00000    3.64532
  12.50000    3.70000
  13.00000    3.79647
  13.50000    3.83028
  14.00000    3.86753
  14.50000    3.87725
  15.00000    3.89266
  15.50000    3.91075
  16.00000    3.99056
  16.50000    4.06088
  17.00000    4.10671
  17.50000    4.13257
  18.00000    4.18141
  18.50000    4.21619
  19.00000    4.27319
  19.50000    4.30615
  20.00000    4.33473
  20.50000    4.35992
  21.00000    4.43461
  21.50000    4.49555
  22.00000    4.56718
  22.50000    4.64036
  23.00000    4.70062
  23.50000    4.74199
  24.00000    4.79203
  24.50000    4.81298
  25.00000    4.78218
  25.50000    4.72064
  26.00000    4.66273
  26.50000    4.62170
  27.00000    4.60291
  27.50000    4.54877
  28.00000    4.50258
  28.50000    4.45745
  29.00000    4.43764
  29.50000    4.41200
  30.00000    4.41957
  30.50000    4.44623
  31.00000    4.44984
  31.50000    4.44030
  32.00000    4.42582
  32.50000    4.43961
  33.00000    4.45215
  33.50000    4.45303
  34.00000    4.45994
  34.50000    4.43975
  35.00000    4.44461
  35.50000    4.44568
  36.00000    4.45014
  36.50000    4.42951
  37.00000    4.41631
  37.50000    4.40433
  38.00000    4.42362
  38.50000    4.43668
  39.00000    4.42567
  39.50000    4.39341
  40.00000    4.39471
  40.50000    4.39021
  41.00000    4.40364
  41.50000    4.40334
  42.00000    4.39119
  42.50000    4.36540
  43.00000    4.38676
  43.50000    4.39960
  44.00000    4.40995
  44.50000    4.41650
  45.00000    4.43782
  45.50000    4.41689
  46.00000    4.42348
  46.50000    4.41477
  47.00000    4.41817
  47.50000    4.40605
  48.00000    4.40682
  48.50000    4.41920
  49.00000    4.47669
  49.50000    4.52920
  50.00000    4.48978
  50.50000    4.48004
  51.00000    4.53136
  51.50000    4.54255
  52.00000    4.50453
  52.50000    4.50074
  53.00000    4.53268
  53.50000    4.53419
  54.00000    4.54949
  54.50000    4.57277
  55.00000    4.57213
  55.50000    4.55523
  56.00000    4.55512
  56.50000    4.56473
  57.00000    4.57356
  57.50000    4.58765
  58.00000    4.59759
  58.50000    4.59070
  59.00000    4.59436
  59.50000    4.59025
  60.00000    4.56932
  60.50000    4.55081
  61.00000    4.56132
  61.50000    4.56641
  62.00000    4.60835
  62.50000    4.61748
  63.00000    4.60919
  63.50000    4.58510
  64.00000    4.61038
  64.50000    4.63184
  65.00000    4.62713
  65.50000    4.62622
  66.00000    4.63993
  66.50000    4.66334
  67.00000    4.63706
  67.50000    4.62602
  68.00000    4.63819
  68.50000    4.64954
  69.00000    4.65228
  69.50000    4.65384
  70.00000    4.62658
  70.50000    4.58446
  71.00000    4.55954
  71.50000    4.55152
  72.00000    4.52054
  72.50000    4.54205
  73.00000    4.53613
  73.50000    4.55092
  74.00000    4.49423
  74.50000    4.50624
  75.00000    4.49098
  75.50000    4.51495
  76.00000    4.50820
  76.50000    4.50130
  77.00000    4.48666
  77.50000    4.49886
  78.00000    4.52327
  78.50000    4.50728
  79.00000    4.47414
  79.50000    4.46405
  80.00000    4.46926
  80.50000    4.47447
  81.00000    4.45977
  81.50000    4.42022
  82.00000    4.42811
  82.50000    4.44088
  83.00000    4.43424
  83.50000    4.40759
  84.00000    4.42457
  84.50000    4.43690
  85.00000    4.42612
  85.50000    4.39393
  86.00000    4.36571
  86.50000    4.37596
  87.00000    4.39887
  87.50000    4.43027
  88.00000    4.43032
  88.50000    4.41474
  89.00000    4.37402
  89.50000    4.37342
  90.00000    4.38462
  90.50000    4.38451
  91.00000    4.38125
  91.50000    4.35517
  92.00000    4.36032
  92.50000    4.34924
  93.00000    4.35762
  93.50000    4.34711
  94.00000    4.34718
  94.50000    4.35279
  95.00000    4.35227
  95.50000    4.36529
  96.00000    4.34822
  96.50000    4.34026
  97.00000    4.32057
  97.50000    4.31716
  98.00000    4.33380
  98.50000    4.32015
  99.00000    4.29809
  99.50000    4.27517
 100.00000    4.29995
 100.50000    4.30607
 101.00000    4.30840
 101.50000    4.30033
 102.00000    4.28131
 102.50000    4.27252
 103.00000    4.28408
 103.50000    4.30315
 104.00000    4.31381
 104.50000    4.31500
 105.00000    4.32102
 105.50000    4.29611
 106.00000    4.28874
 106.50000    4.26599
 107.00000    4.25340
 107.50000    4.24930
 108.00000    4.26626
 108.50000    4.28080
 109.00000    4.28143
 109.50000    4.27085
 110.00000    4.22842
 110.50000    4.22370
 111.00000    4.23713
 111.50000    4.24926
 112.00000    4.23313
 112.50000    4.23173
 113.00000    4.23436
 113.50000    4.23890
 114.00000    4.25303
 114.50000    4.25183
 115.00000    4.26727
 115.50000    4.24199
 116.00000    4.25464
 116.50000    4.24314
 117.00000    4.25349
 117.50000    4.22473
 118.00000    4.25530
 118.50000    4.27823
 119.00000    4.28834
 119.50000    4.25281
 120.00000    4.23181
 120.50000    4.24002
 121.00000    4.24900
 121.50000    4.25439
 122.00000    4.25158
 122.50000    4.26491
 123.00000    4.27044
 123.50000    4.27931
 124.00000    4.26235
 124.50000    4.24416
 125.00000    4.25369
 125.50000    4.28417
 126.00000    4.30082
 126.50000    4.31617
 127.00000    4.29134
 127.50000    4.28087
 128.00000    4.27777
 128.50000    4.29789
 129.00000    4.28986
 129.50000    4.28716
 130.00000    4.28366
 130.50000    4.27587
 131.00000    4.27387
 131.50000    4.24585
 132.00000    4.26888
 132.50000    4.29068
 133.00000    4.30799
 133.50000    4.25458
 134.00000    4.23285
 134.50000    4.25476
 135.00000    4.28564
 135.50000    4.27435
 136.00000    4.25496
 136.50000    4.29126
 137.00000    4.28722
 137.50000    4.26851
 138.00000    4.27543
 138.50000    4.29219
 139.00000    4.28173
 139.50000    4.28552
 140.00000    4.29224
 140.50000    4.28352
 141.00000    4.26957
 141.50000    4.27916
 142.00000    4.27283
 142.50000    4.25775
 143.00000    4.25114
 143.50000    4.27501
 144.00000    4.30890
 144.50000    4.28994
 145.00000    4.25823
 145.50000    4.25005
 146.00000    4.28883
 146.50000    4.31529
 147.00000    4.29589
 147.50000    4.27891
 148.00000    4.29219
 148.50000    4.32969
 149.00000    4.32258
 149.50000    4.30327
 150.00000    4.28454
