   0.00000    1.42005
   0.50000    1.70684
   1.00000    2.07251
   1.50000    2.38097
   2.00000    2.60622
   2.50000    2.75178
   3.00000    2.90980
   3.50000    3.01562
   4.00000    3.11748
   4.50000    3.15394
   5.00000    3.21379
   5.50000    3.25013
   6.00000    3.29723
   6.50000    3.31914
   7.00000    3.34237
   7.50000    3.35664
   8.00000    3.37679
   8.50000    3.39338
   9.00000    3.39854
   9.50000    3.40063
  10.00000    3.42400
  10.50000    3.44595
  11.00000    3.44689
  11.50000    3.45453
  12.00000    3.48113
  12.50000    3.50026
  13.00000    3.50499
  13.50000    3.52661
  14.00000    3.53764
  14.50000    3.55356
  15.00000    3.54760
  15.50000    3.55042
  16.00000    3.55449
  16.50000    3.57853
  17.00000    3.59341
  17.50000    3.59587
  18.00000    3.60739
  18.50000    3.61145
  19.00000    3.62081
  19.50000    3.62050
  20.00000    3.64034
  20.50000    3.65364
  21.00000    3.65599
  21.50000    3.66428
  22.00000    3.68729
  22.50000    3.71794
  23.00000    3.72247
  23.50000    3.73489
  24.00000    3.74916
  24.50000    3.75752
  25.00000    3.76391
  25.50000    3.78137
  26.00000    3.81406
  26.50000    3.82765
  27.00000    3.84661
  27.50000    3.86766
  28.00000    3.90679
  28.50000    3.93932
  29.00000    3.96318
  29.50000    3.97578
  30.00000    3.99888
  30.50000    4.00107
  31.00000    4.01433
  31.50000    4.02601
  32.00000    4.05009
  32.50000    4.03671
  33.00000    4.04088
  33.50000    4.02171
  34.00000    4.01940
  34.50000    4.01519
  35.00000    4.01110
  35.50000    3.99207
  36.00000    3.96659
  36.50000    3.95762
  37.00000    3.94586
  37.50000    3.92892
  38.00000    3.91139
  38.50000    3.90956
  39.00000    3.92990
  39.50000    3.93197
  40.00000    3.93352
  40.50000    3.92861
  41.00000    3.91685
  41.50000    3.90294
  42.00000    3.91198
  42.50000    3.91710
  43.00000    3.90831
  43.50000    3.91596
  44.00000    3.94104
  44.50000    3.93507
  45.00000    3.91831
  45.50000    3.91488
  46.00000    3.92174
  46.50000    3.93293
  47.00000    3.96325
  47.50000    4.00540
  48.00000    4.03798
  48.50000    4.04447
  49.00000    4.06517
  49.50000    4.10045
  50.00000    4.12344
  50.50000    4.11684
  51.00000    4.12750
  51.50000    4.16460
  52.00000    4.19247
  52.50000    4.20325
  53.00000    4.20152
  53.50000    4.19462
  54.00000    4.18524
  54.50000    4.19094
  55.00000    4.20157
  55.50000    4.19898
  56.00000    4.21853
  56.50000    4.24496
  57.00000    4.26116
  57.50000    4.24806
  58.00000    4.24675
  58.50000    4.26027
  59.00000    4.28179
  59.50000    4.27201
  60.00000    4.26624
  60.50000    4.26783
  61.00000    4.29074
  61.50000    4.29318
  62.00000    4.29932
  62.50000    4.31336
  63.00000    4.32306
  63.50000    4.32603
  64.00000    4.32609
  64.50000    4.34656
  65.00000    4.35177
  65.50000    4.34369
  66.00000    4.34101
  66.50000    4.35322
  67.00000    4.36836
  67.50000    4.37567
  68.00000    4.37764
  68.50000    4.39317
  69.00000    4.39390
  69.50000    4.39446
  70.00000    4.40594
  70.50000    4.41906
  71.00000    4.44497
  71.50000    4.45608
  72.00000    4.46964
  72.50000    4.45615
  73.00000    4.45929
  73.50000    4.48184
  74.00000    4.50210
  74.50000    4.50696
  75.00000    4.49534
  75.50000    4.50105
  76.00000    4.50599
  76.50000    4.52164
  77.00000    4.51865
  77.50000    4.51585
  78.00000    4.51505
  78.50000    4.53192
  79.00000    4.53608
  79.50000    4.54414
  80.00000    4.55508
  80.50000    4.56124
  81.00000    4.55669
  81.50000    4.56337
  82.00000    4.56288
  82.50000    4.57547
  83.00000    4.56873
  83.50000    4.58761
  84.00000    4.59361
  84.50000    4.60719
  85.00000    4.60421
  85.50000    4.60079
  86.00000    4.60012
  86.50000    4.61491
  87.00000    4.63324
  87.50000    4.63109
  88.00000    4.61780
  88.50000    4.62339
  89.00000    4.64003
  89.50000    4.64497
  90.00000    4.63245
  90.50000    4.63398
  91.00000    4.63434
  91.50000    4.65114
  92.00000    4.65187
  92.50000    4.66403
  93.00000    4.65112
  93.50000    4.66175
  94.00000    4.66159
  94.50000    4.67479
  95.00000    4.67707
  95.50000    4.67131
  96.00000    4.65249
  96.50000    4.64725
  97.00000    4.65814
  97.50000    4.66805
  98.00000    4.66693
  98.50000    4.66371
  99.00000    4.65605
  99.50000    4.66271
 100.00000    4.67142
 100.50000    4.68802
 101.00000    4.69436
 101.50000    4.69755
 102.00000    4.68947
 102.50000    4.69842
 103.00000    4.70114
 103.50000    4.69501
 104.00000    4.69589
 104.50000    4.71337
 105.00000    4.69961
 105.50000    4.68268
 106.00000    4.68193
 106.50000    4.70411
 107.00000    4.70226
 107.50000    4.70455
 108.00000    4.70415
 108.50000    4.70900
 109.00000    4.69908
 109.50000    4.70067
 110.00000    4.70893
 110.50000    4.70888
 111.00000    4.69633
 111.50000    4.69666
 112.00000    4.72000
 112.50000    4.73244
 113.00000    4.72865
 113.50000    4.71112
 114.00000    4.69883
 114.50000    4.69360
 115.00000    4.69582
 115.50000    4.70005
 116.00000    4.70673
 116.50000    4.72437
 117.00000    4.71431
 117.50000    4.69957
 118.00000    4.69343
 118.50000    4.70061
 119.00000    4.69796
 119.50000    4.70709
 120.00000    4.70870
 120.50000    4.70408
 121.00000    4.69880
 121.50000    4.70022
 122.00000    4.69707
 122.50000    4.69598
 123.00000    4.70049
 123.50000    4.70773
 124.00000    4.70392
 124.50000    4.69852
 125.00000    4.69899
 125.50000    4.69813
 126.00000    4.68796
 126.50000    4.66766
 127.00000    4.67342
 127.50000    4.68879
 128.00000    4.69851
 128.50000    4.68874
 129.00000    4.70003
 129.50000    4.69890
 130.00000    4.69597
 130.50000    4.68643
 131.00000    4.70162
 131.50000    4.69574
 132.00000    4.69907
 132.50000    4.69350
 133.00000    4.68335
 133.50000    4.67747
 134.00000    4.68123
 134.50000    4.68093
 135.00000    4.66901
 135.50000    4.66619
 136.00000    4.66723
 136.50000    4.66505
 137.00000    4.67080
 137.50000    4.67669
 138.00000    4.68598
 138.50000    4.68683
 139.00000    4.67929
 139.50000    4.67285
 140.00000    4.68077
 140.50000    4.68162
 141.00000    4.65710
 141.50000    4.64020
 142.00000    4.65054
 142.50000    4.66430
 143.00000    4.66737
 143.50000    4.65575
 144.00000    4.65317
 144.50000    4.64893
 145.00000    4.66203
 145.50000    4.64877
 146.00000    4.63677
 146.50000    4.62138
 147.00000    4.64119
 147.50000    4.64566
 148.00000    4.63803
 148.50000    4.63281
 149.00000    4.64186
 149.50000    4.64163
 150.00000    4.62204
