   0.00000    1.60067
   0.50000    3.00710
   1.00000    3.28045
   1.50000    3.21744
   2.00000    3.26585
   2.50000    3.37470
   3.00000    3.44272
   3.50000    3.48571
   4.00000    3.53062
   4.50000    3.55771
   5.00000    3.57944
   5.50000    3.58457
   6.00000    3.60521
   6.50000    3.60873
   7.00000    3.60802
   7.50000    3.59648
   8.00000    3.61792
   8.50000    3.64318
   9.00000    3.64411
   9.50000    3.63916
  10.00000    3.63632
  10.50000    3.65586
  11.00000    3.66223
  11.50000    3.66793
  12.00000    3.68048
  12.50000    3.68955
  13.00000    3.68460
  13.50000    3.67994
  14.00000    3.68931
  14.50000    3.69894
  15.00000    3.70241
  15.50000    3.70798
  16.00000    3.71914
  16.50000    3.73398
  17.00000    3.74583
  17.50000    3.75256
  18.00000    3.75941
  18.50000    3.75316
  19.00000    3.75645
  19.50000    3.75848
  20.00000    3.75340
  20.50000    3.74458
  21.00000    3.75442
  21.50000    3.74588
  22.00000    3.73426
  22.50000    3.73020
  23.00000    3.74466
  23.50000    3.75504
  24.00000    3.76732
  24.50000    3.76577
  25.00000    3.77526
  25.50000    3.77780
  26.00000    3.79146
  26.50000    3.80332
  27.00000    3.83495
  27.50000    3.84301
  28.00000    3.86416
  28.50000    3.89068
  29.00000    3.90400
  29.50000    3.88743
  30.00000    3.86683
  30.50000    3.86892
  31.00000    3.87134
  31.50000    3.88060
  32.00000    3.87174
  32.50000    3.88504
  33.00000    3.88718
  33.50000    3.89673
  34.00000    3.90913
  34.50000    3.92984
  35.00000    3.96220
  35.50000    4.00078
  36.00000    4.03162
  36.50000    4.02065
  37.00000    4.02560
  37.50000    4.03295
  38.00000    4.01975
  38.50000    4.01370
  39.00000    4.01601
  39.50000    4.03501
  40.00000    4.05007
  40.50000    4.07388
  41.00000    4.07447
  41.50000    4.07729
  42.00000    4.07726
  42.50000    4.07963
  43.00000    4.09958
  43.50000    4.14258
  44.00000    4.17619
  44.50000    4.21177
  45.00000    4.22676
  45.50000    4.23757
  46.00000    4.22123
  46.50000    4.22320
  47.00000    4.23326
  47.50000    4.25561
  48.00000    4.26959
  48.50000    4.27839
  49.00000    4.28128
  49.50000    4.27325
  50.00000    4.27219
  50.50000    4.28530
  51.00000    4.28973
  51.50000    4.30741
  52.00000    4.32790
  52.50000    4.33729
  53.00000    4.33446
  53.50000    4.34841
  54.00000    4.35651
  54.50000    4.35431
  55.00000    4.36747
  55.50000    4.38252
  56.00000    4.38584
  56.50000    4.38448
  57.00000    4.40137
  57.50000    4.41108
  58.00000    4.42671
  58.50000    4.42316
  59.00000    4.42649
  59.50000    4.42373
  60.00000    4.42693
  60.50000    4.43452
  61.00000    4.44407
  61.50000    4.43945
  62.00000    4.43904
  62.50000    4.45090
  63.00000    4.47761
  63.50000    4.48249
  64.00000    4.46326
  64.50000    4.45720
  65.00000    4.46793
  65.50000    4.48864
  66.00000    4.47154
  66.50000    4.47548
  67.00000    4.45809
  67.50000    4.46396
  68.00000    4.46261
  68.50000    4.47901
  69.00000    4.48166
  69.50000    4.47774
  70.00000    4.45594
  70.50000    4.45785
  71.00000    4.45289
  71.50000    4.45413
  72.00000    4.45931
  72.50000    4.48429
  73.00000    4.47985
  73.50000    4.47757
  74.00000    4.47165
  74.50000    4.47733
  75.00000    4.47952
  75.50000    4.49080
  76.00000    4.49076
  76.50000    4.47967
  77.00000    4.47039
  77.50000    4.48318
  78.00000    4.50211
  78.50000    4.50364
  79.00000    4.48751
  79.50000    4.48292
  80.00000    4.46519
  80.50000    4.47387
  81.00000    4.48889
  81.50000    4.50658
  82.00000    4.49052
  82.50000    4.49209
  83.00000    4.51452
  83.50000    4.52103
  84.00000    4.50146
  84.50000    4.48509
  85.00000    4.49767
  85.50000    4.52285
  86.00000    4.52576
  86.50000    4.51517
  87.00000    4.49116
  87.50000    4.49576
  88.00000    4.49780
  88.50000    4.51618
  89.00000    4.52506
  89.50000    4.53883
  90.00000    4.53295
  90.50000    4.53928
  91.00000    4.53743
  91.50000    4.53810
  92.00000    4.51695
  92.50000    4.53193
  93.00000    4.54351
  93.50000    4.54971
  94.00000    4.52924
  94.50000    4.52897
  95.00000    4.53479
  95.50000    4.54176
  96.00000    4.54342
  96.50000    4.53732
  97.00000    4.53756
  97.50000    4.53061
  98.00000    4.53473
  98.50000    4.53422
  99.00000    4.55289
  99.50000    4.54754
 100.00000    4.53826
 100.50000    4.53551
 101.00000    4.54839
 101.50000    4.55006
 102.00000    4.54362
 102.50000    4.53970
 103.00000    4.53301
 103.50000    4.53144
 104.00000    4.53430
 104.50000    4.52791
 105.00000    4.52046
 105.50000    4.52376
 106.00000    4.53205
 106.50000    4.53381
 107.00000    4.52968
 107.50000    4.53467
 108.00000    4.53144
 108.50000    4.54220
 109.00000    4.53357
 109.50000    4.52191
 110.00000    4.51053
 110.50000    4.52912
 111.00000    4.53962
 111.50000    4.53885
 112.00000    4.54152
 112.50000    4.53724
 113.00000    4.53768
 113.50000    4.53470
 114.00000    4.52792
 114.50000    4.52762
 115.00000    4.53028
 115.50000    4.51683
 116.00000    4.50815
 116.50000    4.50940
 117.00000    4.51355
 117.50000    4.50363
 118.00000    4.50506
 118.50000    4.50700
 119.00000    4.50492
 119.50000    4.50623
 120.00000    4.51470
 120.50000    4.52439
 121.00000    4.50542
 121.50000    4.49372
 122.00000    4.50134
 122.50000    4.50766
 123.00000    4.50788
 123.50000    4.49544
 124.00000    4.48101
 124.50000    4.46860
 125.00000    4.47801
 125.50000    4.48538
 126.00000    4.47584
 126.50000    4.46791
 127.00000    4.47496
 127.50000    4.46827
 128.00000    4.46210
 128.50000    4.45928
 129.00000    4.45821
 129.50000    4.45792
 130.00000    4.45852
 130.50000    4.46901
 131.00000    4.46090
 131.50000    4.47076
 132.00000    4.43731
 132.50000    4.43243
 133.00000    4.43312
 133.50000    4.45833
 134.00000    4.45819
 134.50000    4.44862
 135.00000    4.43853
 135.50000    4.43739
 136.00000    4.44181
 136.50000    4.42515
 137.00000    4.41582
 137.50000    4.41895
 138.00000    4.41929
 138.50000    4.41707
 139.00000    4.41875
 139.50000    4.43204
 140.00000    4.44085
 140.50000    4.44145
 141.00000    4.42853
 141.50000    4.41768
 142.00000    4.41996
 142.50000    4.43251
 143.00000    4.43350
 143.50000    4.43038
 144.00000    4.42823
 144.50000    4.43326
 145.00000    4.43413
 145.50000    4.41312
 146.00000    4.40785
 146.50000    4.40938
 147.00000    4.42247
 147.50000    4.40339
 148.00000    4.40493
 148.50000    4.40835
 149.00000    4.42366
 149.50000    4.41855
 150.00000    4.39924
