   0.00000    1.49029
   0.50000    3.08034
   1.00000    3.31784
   1.50000    3.21298
   2.00000    3.31412
   2.50000    3.34228
   3.00000    3.35141
   3.50000    3.36614
   4.00000    3.38805
   4.50000    3.40662
   5.00000    3.42623
   5.50000    3.43247
   6.00000    3.44276
   6.50000    3.44674
   7.00000    3.47309
   7.50000    3.48510
   8.00000    3.49111
   8.50000    3.49707
   9.00000    3.50334
   9.50000    3.51435
  10.00000    3.52528
  10.50000    3.53083
  11.00000    3.52855
  11.50000    3.52587
  12.00000    3.53796
  12.50000    3.55248
  13.00000    3.57199
  13.50000    3.58835
  14.00000    3.59239
  14.50000    3.58841
  15.00000    3.59527
  15.50000    3.61356
  16.00000    3.63076
  16.50000    3.62598
  17.00000    3.63113
  17.50000    3.63977
  18.00000    3.65321
  18.50000    3.65664
  19.00000    3.66756
  19.50000    3.67181
  20.00000    3.67358
  20.50000    3.68470
  21.00000    3.68002
  21.50000    3.67649
  22.00000    3.67790
  22.50000    3.70657
  23.00000    3.71000
  23.50000    3.71253
  24.00000    3.70562
  24.50000    3.71472
  25.00000    3.72524
  25.50000    3.73087
  26.00000    3.70602
  26.50000    3.68972
  27.00000    3.68113
  27.50000    3.68434
  28.00000    3.68757
  28.50000    3.72297
  29.00000    3.77775
  29.50000    3.83933
  30.00000    3.89088
  30.50000    3.91722
  31.00000    3.94508
  31.50000    3.97847
  32.00000    4.03362
  32.50000    4.07995
  33.00000    4.13037
  33.50000    4.17406
  34.00000    4.22783
  34.50000    4.27798
  35.00000    4.32078
  35.50000    4.35636
  36.00000    4.39283
  36.50000    4.42434
  37.00000    4.43919
  37.50000    4.45124
  38.00000    4.46998
  38.50000    4.49189
  39.00000    4.49781
  39.50000    4.49373
  40.00000    4.48095
  40.50000    4.47882
  41.00000    4.49240
  41.50000    4.50593
  42.00000    4.51800
  42.50000    4.51631
  43.00000    4.52505
  43.50000    4.53188
  44.00000    4.53468
  44.50000    4.52794
  45.00000    4.51873
  45.50000    4.50948
  46.00000    4.50053
  46.50000    4.49725
  47.00000    4.50437
  47.50000    4.50559
  48.00000    4.50763
  48.50000    4.48055
  49.00000    4.47928
  49.50000    4.48244
  50.00000    4.49820
  50.50000    4.49122
  51.00000    4.49608
  51.50000    4.48592
  52.00000    4.47385
  52.50000    4.47705
  53.00000    4.50103
  53.50000    4.50581
  54.00000    4.49386
  54.50000    4.47707
  55.00000    4.48472
  55.50000    4.48611
  56.00000    4.49660
  56.50000    4.49692
  57.00000    4.50162
  57.50000    4.50324
  58.00000    4.50291
  58.50000    4.50384
  59.00000    4.49894
  59.50000    4.50008
  60.00000    4.49523
  60.50000    4.49744
  61.00000    4.49246
  61.50000    4.49178
  62.00000    4.50233
  62.50000    4.50924
  63.00000    4.50833
  63.50000    4.49304
  64.00000    4.49555
  64.50000    4.49387
  65.00000    4.50326
  65.50000    4.49541
  66.00000    4.49915
  66.50000    4.48857
  67.00000    4.49159
  67.50000    4.49233
  68.00000    4.50800
  68.50000    4.50661
  69.00000    4.49819
  69.50000    4.48342
  70.00000    4.49391
  70.50000    4.51009
  71.00000    4.50560
  71.50000    4.49717
  72.00000    4.49524
  72.50000    4.49657
  73.00000    4.48950
  73.50000    4.49595
  74.00000    4.49217
  74.50000    4.49275
  75.00000    4.48916
  75.50000    4.49235
  76.00000    4.48984
  76.50000    4.49440
  77.00000    4.49278
  77.50000    4.47945
  78.00000    4.47897
  78.50000    4.48340
  79.00000    4.48888
  79.50000    4.47810
  80.00000    4.48476
  80.50000    4.49626
  81.00000    4.49617
  81.50000    4.49096
  82.00000    4.48284
  82.50000    4.48124
  83.00000    4.47143
  83.50000    4.46619
  84.00000    4.46616
  84.50000    4.47462
  85.00000    4.47768
  85.50000    4.47812
  86.00000    4.47886
  86.50000    4.46973
  87.00000    4.46507
  87.50000    4.46312
  88.00000    4.46704
  88.50000    4.45952
  89.00000    4.46613
  89.50000    4.46468
  90.00000    4.45629
  90.50000    4.45622
  91.00000    4.46044
  91.50000    4.46178
  92.00000    4.45054
  92.50000    4.45932
  93.00000    4.46765
  93.50000    4.46691
  94.00000    4.45730
  94.50000    4.44938
  95.00000    4.45447
  95.50000    4.45703
  96.00000    4.45422
  96.50000    4.45550
  97.00000    4.46014
  97.50000    4.45415
  98.00000    4.43569
  98.50000    4.43410
  99.00000    4.43924
  99.50000    4.44219
 100.00000    4.43567
 100.50000    4.43983
 101.00000    4.44376
 101.50000    4.44748
 102.00000    4.43430
 102.50000    4.44022
 103.00000    4.44661
 103.50000    4.44643
 104.00000    4.43683
 104.50000    4.44067
 105.00000    4.44420
 105.50000    4.45483
 106.00000    4.46025
 106.50000    4.45782
 107.00000    4.44648
 107.50000    4.44852
 108.00000    4.44747
 108.50000    4.45187
 109.00000    4.44829
 109.50000    4.44389
 110.00000    4.43592
 110.50000    4.43525
 111.00000    4.44938
 111.50000    4.45939
 112.00000    4.46853
 112.50000    4.45290
 113.00000    4.45514
 113.50000    4.45456
 114.00000    4.46012
 114.50000    4.44864
 115.00000    4.44911
 115.50000    4.44824
 116.00000    4.44770
 116.50000    4.44820
 117.00000    4.44813
 117.50000    4.44794
 118.00000    4.45478
 118.50000    4.46220
 119.00000    4.45926
 119.50000    4.46393
 120.00000    4.46177
 120.50000    4.45559
 121.00000    4.45677
 121.50000    4.46639
 122.00000    4.46221
 122.50000    4.46048
 123.00000    4.46371
 123.50000    4.46687
 124.00000    4.46693
 124.50000    4.46807
 125.00000    4.47545
 125.50000    4.47572
 126.00000    4.47166
 126.50000    4.47722
 127.00000    4.48443
 127.50000    4.48605
 128.00000    4.47895
 128.50000    4.48668
 129.00000    4.48570
 129.50000    4.48515
 130.00000    4.48152
 130.50000    4.48170
 131.00000    4.48596
 131.50000    4.48818
 132.00000    4.49243
 132.50000    4.49227
 133.00000    4.48681
 133.50000    4.47620
 134.00000    4.47720
 134.50000    4.48758
 135.00000    4.48283
 135.50000    4.47991
 136.00000    4.47808
 136.50000    4.48897
 137.00000    4.49003
 137.50000    4.49124
 138.00000    4.48979
 138.50000    4.49356
 139.00000    4.49790
 139.50000    4.50429
 140.00000    4.49553
 140.50000    4.49243
 141.00000    4.49477
 141.50000    4.50951
 142.00000    4.50278
 142.50000    4.51150
 143.00000    4.50925
 143.50000    4.50815
 144.00000    4.49293
 144.50000    4.49650
 145.00000    4.48785
 145.50000    4.49553
 146.00000    4.50701
 146.50000    4.51708
 147.00000    4.51763
 147.50000    4.52413
 148.00000    4.52216
 148.50000    4.51196
 149.00000    4.50875
 149.50000    4.51633
 150.00000    4.50767
