   0.00000    1.40666
   0.50000    3.09086
   1.00000    3.47629
   1.50000    3.45784
   2.00000    3.51356
   2.50000    3.50105
   3.00000    3.48157
   3.50000    3.49573
   4.00000    3.51276
   4.50000    3.53662
   5.00000    3.54927
   5.50000    3.55457
   6.00000    3.55221
   6.50000    3.55664
   7.00000    3.56622
   7.50000    3.57560
   8.00000    3.57567
   8.50000    3.57690
   9.00000    3.59416
   9.50000    3.59675
  10.00000    3.59071
  10.50000    3.58949
  11.00000    3.60284
  11.50000    3.61644
  12.00000    3.62142
  12.50000    3.62107
  13.00000    3.61641
  13.50000    3.62164
  14.00000    3.62291
  14.50000    3.62956
  15.00000    3.64547
  15.50000    3.65338
  16.00000    3.65451
  16.50000    3.65039
  17.00000    3.66051
  17.50000    3.67045
  18.00000    3.67750
  18.50000    3.67704
  19.00000    3.67367
  19.50000    3.67607
  20.00000    3.68585
  20.50000    3.70886
  21.00000    3.72119
  21.50000    3.72736
  22.00000    3.71254
  22.50000    3.71143
  23.00000    3.72107
  23.50000    3.75050
  24.00000    3.74994
  24.50000    3.73352
  25.00000    3.71889
  25.50000    3.71217
  26.00000    3.68349
  26.50000    3.65659
  27.00000    3.66205
  27.50000    3.69639
  28.00000    3.73820
  28.50000    3.79015
  29.00000    3.82243
  29.50000    3.84245
  30.00000    3.84506
  30.50000    3.85686
  31.00000    3.87010
  31.50000    3.90400
  32.00000    3.94354
  32.50000    3.98674
  33.00000    4.01416
  33.50000    4.06987
  34.00000    4.12687
  34.50000    4.20826
  35.00000    4.26708
  35.50000    4.32711
  36.00000    4.35102
  36.50000    4.37517
  37.00000    4.39488
  37.50000    4.41150
  38.00000    4.41199
  38.50000    4.41053
  39.00000    4.42755
  39.50000    4.44034
  40.00000    4.44338
  40.50000    4.44135
  41.00000    4.43858
  41.50000    4.44706
  42.00000    4.44885
  42.50000    4.45237
  43.00000    4.45374
  43.50000    4.46915
  44.00000    4.47337
  44.50000    4.46405
  45.00000    4.46062
  45.50000    4.45653
  46.00000    4.46682
  46.50000    4.46430
  47.00000    4.46198
  47.50000    4.47046
  48.00000    4.48156
  48.50000    4.49583
  49.00000    4.49460
  49.50000    4.50542
  50.00000    4.50698
  50.50000    4.51867
  51.00000    4.51397
  51.50000    4.52020
  52.00000    4.52586
  52.50000    4.52399
  53.00000    4.50997
  53.50000    4.51446
  54.00000    4.51650
  54.50000    4.52306
  55.00000    4.52309
  55.50000    4.53372
  56.00000    4.52190
  56.50000    4.50809
  57.00000    4.50020
  57.50000    4.50263
  58.00000    4.50440
  58.50000    4.48631
  59.00000    4.48448
  59.50000    4.47587
  60.00000    4.47886
  60.50000    4.47138
  61.00000    4.47457
  61.50000    4.46566
  62.00000    4.45441
  62.50000    4.45092
  63.00000    4.44127
  63.50000    4.43404
  64.00000    4.41548
  64.50000    4.41789
  65.00000    4.42159
  65.50000    4.43074
  66.00000    4.42490
  66.50000    4.42418
  67.00000    4.41720
  67.50000    4.40578
  68.00000    4.40168
  68.50000    4.40416
  69.00000    4.40563
  69.50000    4.41036
  70.00000    4.40926
  70.50000    4.40132
  71.00000    4.39092
  71.50000    4.39652
  72.00000    4.40107
  72.50000    4.41351
  73.00000    4.41373
  73.50000    4.40687
  74.00000    4.39865
  74.50000    4.39493
  75.00000    4.39504
  75.50000    4.39213
  76.00000    4.39302
  76.50000    4.39098
  77.00000    4.39501
  77.50000    4.39506
  78.00000    4.38824
  78.50000    4.38731
  79.00000    4.38064
  79.50000    4.38349
  80.00000    4.38156
  80.50000    4.37834
  81.00000    4.36494
  81.50000    4.36325
  82.00000    4.36956
  82.50000    4.36839
  83.00000    4.37271
  83.50000    4.36740
  84.00000    4.36025
  84.50000    4.34838
  85.00000    4.36346
  85.50000    4.36680
  86.00000    4.36683
  86.50000    4.35225
  87.00000    4.34877
  87.50000    4.34652
  88.00000    4.34962
  88.50000    4.34837
  89.00000    4.34076
  89.50000    4.34284
  90.00000    4.34424
  90.50000    4.34556
  91.00000    4.33637
  91.50000    4.33313
  92.00000    4.33365
  92.50000    4.33337
  93.00000    4.33212
  93.50000    4.33530
  94.00000    4.33393
  94.50000    4.32326
  95.00000    4.31831
  95.50000    4.32626
  96.00000    4.32842
  96.50000    4.31835
  97.00000    4.31591
  97.50000    4.30981
  98.00000    4.31327
  98.50000    4.31112
  99.00000    4.32276
  99.50000    4.31833
 100.00000    4.31479
 100.50000    4.30729
 101.00000    4.31010
 101.50000    4.31780
 102.00000    4.32004
 102.50000    4.31170
 103.00000    4.30434
 103.50000    4.29914
 104.00000    4.30414
 104.50000    4.30730
 105.00000    4.30768
 105.50000    4.29944
 106.00000    4.29612
 106.50000    4.29390
 107.00000    4.30157
 107.50000    4.30432
 108.00000    4.30567
 108.50000    4.29695
 109.00000    4.30035
 109.50000    4.29704
 110.00000    4.30679
 110.50000    4.30607
 111.00000    4.29777
 111.50000    4.28199
 112.00000    4.28403
 112.50000    4.28198
 113.00000    4.27904
 113.50000    4.27953
 114.00000    4.28916
 114.50000    4.29213
 115.00000    4.28815
 115.50000    4.29092
 116.00000    4.28931
 116.50000    4.29509
 117.00000    4.28931
 117.50000    4.29099
 118.00000    4.28352
 118.50000    4.29243
 119.00000    4.29447
 119.50000    4.29298
 120.00000    4.28627
 120.50000    4.28650
 121.00000    4.29238
 121.50000    4.29785
 122.00000    4.30832
 122.50000    4.30555
 123.00000    4.29467
 123.50000    4.28925
 124.00000    4.29170
 124.50000    4.29610
 125.00000    4.28762
 125.50000    4.28383
 126.00000    4.28046
 126.50000    4.29114
 127.00000    4.29495
 127.50000    4.29290
 128.00000    4.28960
 128.50000    4.29601
 129.00000    4.29797
 129.50000    4.29779
 130.00000    4.30714
 130.50000    4.31100
 131.00000    4.30334
 131.50000    4.29915
 132.00000    4.30123
 132.50000    4.29468
 133.00000    4.29203
 133.50000    4.30193
 134.00000    4.30999
 134.50000    4.31322
 135.00000    4.30491
 135.50000    4.30790
 136.00000    4.30750
 136.50000    4.31325
 137.00000    4.30465
 137.50000    4.31019
 138.00000    4.31038
 138.50000    4.32003
 139.00000    4.32618
 139.50000    4.33099
 140.00000    4.33222
 140.50000    4.33424
 141.00000    4.32713
 141.50000    4.32666
 142.00000    4.33287
 142.50000    4.33947
 143.00000    4.32862
 143.50000    4.32612
 144.00000    4.33085
 144.50000    4.33946
 145.00000    4.34435
 145.50000    4.35102
 146.00000    4.35033
 146.50000    4.35132
 147.00000    4.34251
 147.50000    4.33947
 148.00000    4.33112
 148.50000    4.33488
 149.00000    4.33345
 149.50000    4.34466
 150.00000    4.36588
