   0.00000    1.43027
   0.50000    1.70091
   1.00000    2.20268
   1.50000    2.64727
   2.00000    2.86610
   2.50000    2.95591
   3.00000    3.05117
   3.50000    3.17046
   4.00000    3.23490
   4.50000    3.22647
   5.00000    3.22104
   5.50000    3.23643
   6.00000    3.26573
   6.50000    3.28690
   7.00000    3.30728
   7.50000    3.32231
   8.00000    3.34685
   8.50000    3.37352
   9.00000    3.38540
   9.50000    3.38110
  10.00000    3.37611
  10.50000    3.39579
  11.00000    3.41082
  11.50000    3.42991
  12.00000    3.45203
  12.50000    3.47260
  13.00000    3.48137
  13.50000    3.48548
  14.00000    3.49293
  14.50000    3.50462
  15.00000    3.51900
  15.50000    3.52113
  16.00000    3.52868
  16.50000    3.55068
  17.00000    3.57097
  17.50000    3.58859
  18.00000    3.60932
  18.50000    3.61525
  19.00000    3.61521
  19.50000    3.62609
  20.00000    3.65428
  20.50000    3.66087
  21.00000    3.65960
  21.50000    3.68292
  22.00000    3.71631
  22.50000    3.74524
  23.00000    3.76838
  23.50000    3.81177
  24.00000    3.83588
  24.50000    3.84213
  25.00000    3.84464
  25.50000    3.86234
  26.00000    3.89203
  26.50000    3.90098
  27.00000    3.90600
  27.50000    3.89748
  28.00000    3.88451
  28.50000    3.86690
  29.00000    3.87018
  29.50000    3.89120
  30.00000    3.88236
  30.50000    3.87887
  31.00000    3.88747
  31.50000    3.92669
  32.00000    3.94830
  32.50000    3.94341
  33.00000    3.93690
  33.50000    3.92870
  34.00000    3.95285
  34.50000    3.93890
  35.00000    3.93480
  35.50000    3.93130
  36.00000    3.92817
  36.50000    3.91422
  37.00000    3.90833
  37.50000    3.89673
  38.00000    3.87740
  38.50000    3.87212
  39.00000    3.87503
  39.50000    3.84542
  40.00000    3.83842
  40.50000    3.81949
  41.00000    3.80232
  41.50000    3.79338
  42.00000    3.79699
  42.50000    3.78731
  43.00000    3.76868
  43.50000    3.79203
  44.00000    3.80232
  44.50000    3.81206
  45.00000    3.80892
  45.50000    3.82075
  46.00000    3.80621
  46.50000    3.80519
  47.00000    3.81121
  47.50000    3.82619
  48.00000    3.82737
  48.50000    3.84776
  49.00000    3.87118
  49.50000    3.90936
  50.00000    3.93989
  50.50000    3.97993
  51.00000    4.01414
  51.50000    4.04696
  52.00000    4.08761
  52.50000    4.11711
  53.00000    4.14227
  53.50000    4.15442
  54.00000    4.16856
  54.50000    4.17946
  55.00000    4.19180
  55.50000    4.20016
  56.00000    4.20494
  56.50000    4.22353
  57.00000    4.23740
  57.50000    4.24297
  58.00000    4.25509
  58.50000    4.27468
  59.00000    4.28297
  59.50000    4.27991
  60.00000    4.30226
  60.50000    4.31944
  61.00000    4.33774
  61.50000    4.32697
  62.00000    4.33550
  62.50000    4.33627
  63.00000    4.35951
  63.50000    4.37370
  64.00000    4.38260
  64.50000    4.39080
  65.00000    4.39914
  65.50000    4.41470
  66.00000    4.42110
  66.50000    4.42282
  67.00000    4.42203
  67.50000    4.44263
  68.00000    4.45659
  68.50000    4.46571
  69.00000    4.46785
  69.50000    4.47543
  70.00000    4.48215
  70.50000    4.49883
  71.00000    4.51301
  71.50000    4.52018
  72.00000    4.53458
  72.50000    4.53830
  73.00000    4.53087
  73.50000    4.52998
  74.00000    4.55590
  74.50000    4.56828
  75.00000    4.57942
  75.50000    4.58313
  76.00000    4.59818
  76.50000    4.60358
  77.00000    4.60961
  77.50000    4.60891
  78.00000    4.60808
  78.50000    4.61435
  79.00000    4.61583
  79.50000    4.63224
  80.00000    4.64008
  80.50000    4.64061
  81.00000    4.65206
  81.50000    4.66915
  82.00000    4.67590
  82.50000    4.67264
  83.00000    4.67629
  83.50000    4.67774
  84.00000    4.68296
  84.50000    4.70147
  85.00000    4.70965
  85.50000    4.70788
  86.00000    4.70791
  86.50000    4.72235
  87.00000    4.73454
  87.50000    4.72836
  88.00000    4.72676
  88.50000    4.72769
  89.00000    4.73857
  89.50000    4.74153
  90.00000    4.74520
  90.50000    4.74053
  91.00000    4.73560
  91.50000    4.74907
  92.00000    4.75835
  92.50000    4.75594
  93.00000    4.74739
  93.50000    4.75541
  94.00000    4.75785
  94.50000    4.76116
  95.00000    4.76714
  95.50000    4.76655
  96.00000    4.76134
  96.50000    4.76711
  97.00000    4.77678
  97.50000    4.77077
  98.00000    4.76040
  98.50000    4.77327
  99.00000    4.78499
  99.50000    4.78248
 100.00000    4.77498
 100.50000    4.78555
 101.00000    4.78217
 101.50000    4.77956
 102.00000    4.77687
 102.50000    4.78426
 103.00000    4.77134
 103.50000    4.77596
 104.00000    4.79217
 104.50000    4.79849
 105.00000    4.77500
 105.50000    4.77469
 106.00000    4.77863
 106.50000    4.78263
 107.00000    4.77801
 107.50000    4.78789
 108.00000    4.78383
 108.50000    4.78683
 109.00000    4.77800
 109.50000    4.77189
 110.00000    4.77604
 110.50000    4.77845
 111.00000    4.77312
 111.50000    4.76861
 112.00000    4.78111
 112.50000    4.78353
 113.00000    4.77640
 113.50000    4.77463
 114.00000    4.77163
 114.50000    4.76722
 115.00000    4.76516
 115.50000    4.77712
 116.00000    4.77436
 116.50000    4.76384
 117.00000    4.75660
 117.50000    4.76159
 118.00000    4.75546
 118.50000    4.74236
 119.00000    4.73460
 119.50000    4.75076
 120.00000    4.75604
 120.50000    4.74629
 121.00000    4.73949
 121.50000    4.74517
 122.00000    4.74668
 122.50000    4.74070
 123.00000    4.74420
 123.50000    4.73645
 124.00000    4.73668
 124.50000    4.72551
 125.00000    4.72686
 125.50000    4.71765
 126.00000    4.71543
 126.50000    4.70406
 127.00000    4.70372
 127.50000    4.71272
 128.00000    4.71727
 128.50000    4.71319
 129.00000    4.71442
 129.50000    4.69988
 130.00000    4.68782
 130.50000    4.68317
 131.00000    4.69509
 131.50000    4.68871
 132.00000    4.68347
 132.50000    4.68082
 133.00000    4.67649
 133.50000    4.68221
 134.00000    4.68709
 134.50000    4.67210
 135.00000    4.65180
 135.50000    4.64632
 136.00000    4.64887
 136.50000    4.64450
 137.00000    4.64317
 137.50000    4.64223
 138.00000    4.64083
 138.50000    4.63392
 139.00000    4.63701
 139.50000    4.63393
 140.00000    4.62946
 140.50000    4.62786
 141.00000    4.62722
 141.50000    4.61353
 142.00000    4.61413
 142.50000    4.62247
 143.00000    4.62851
 143.50000    4.60852
 144.00000    4.60299
 144.50000    4.60316
 145.00000    4.61105
 145.50000    4.59756
 146.00000    4.58477
 146.50000    4.58012
 147.00000    4.58397
 147.50000    4.58675
 148.00000    4.59220
 148.50000    4.59007
 149.00000    4.58567
 149.50000    4.57282
 150.00000    4.56987
