   0.00000    1.48984
   0.50000    2.41111
   1.00000    2.81906
   1.50000    3.02366
   2.00000    3.24755
   2.50000    3.42658
   3.00000    3.56683
   3.50000    3.62084
   4.00000    3.61567
   4.50000    3.59282
   5.00000    3.58054
   5.50000    3.58453
   6.00000    3.57468
   6.50000    3.56829
   7.00000    3.55709
   7.50000    3.56790
   8.00000    3.56519
   8.50000    3.55808
   9.00000    3.55757
   9.50000    3.57325
  10.00000    3.57962
  10.50000    3.57852
  11.00000    3.58050
  11.50000    3.58347
  12.00000    3.57138
  12.50000    3.57563
  13.00000    3.57635
  13.50000    3.59143
  14.00000    3.59629
  14.50000    3.60822
  15.00000    3.60967
  15.50000    3.61399
  16.00000    3.60621
  16.50000    3.61131
  17.00000    3.62237
  17.50000    3.63959
  18.00000    3.65102
  18.50000    3.66538
  19.00000    3.65910
  19.50000    3.65362
  20.00000    3.66670
  20.50000    3.68783
  21.00000    3.69817
  21.50000    3.72198
  22.00000    3.74479
  22.50000    3.74863
  23.00000    3.73995
  23.50000    3.74399
  24.00000    3.74219
  24.50000    3.72013
  25.00000    3.69434
  25.50000    3.69568
  26.00000    3.70572
  26.50000    3.71893
  27.00000    3.73168
  27.50000    3.75164
  28.00000    3.75207
  28.50000    3.76136
  29.00000    3.77300
  29.50000    3.78219
  30.00000    3.79578
  30.50000    3.80442
  31.00000    3.81391
  31.50000    3.82275
  32.00000    3.85127
  32.50000    3.86708
  33.00000    3.87064
  33.50000    3.89755
  34.00000    3.91588
  34.50000    3.92453
  35.00000    3.91489
  35.50000    3.92802
  36.00000    3.93373
  36.50000    3.93105
  37.00000    3.93461
  37.50000    3.94692
  38.00000    3.94276
  38.50000    3.92512
  39.00000    3.91656
  39.50000    3.92991
  40.00000    3.91863
  40.50000    3.91197
  41.00000    3.90255
  41.50000    3.89424
  42.00000    3.87630
  42.50000    3.86691
  43.00000    3.86156
  43.50000    3.84931
  44.00000    3.85371
  44.50000    3.87021
  45.00000    3.88527
  45.50000    3.88882
  46.00000    3.90017
  46.50000    3.93208
  47.00000    3.99509
  47.50000    4.07040
  48.00000    4.14232
  48.50000    4.20162
  49.00000    4.26203
  49.50000    4.29699
  50.00000    4.32868
  50.50000    4.36853
  51.00000    4.41606
  51.50000    4.45846
  52.00000    4.49262
  52.50000    4.51131
  53.00000    4.52244
  53.50000    4.53325
  54.00000    4.53446
  54.50000    4.53310
  55.00000    4.53932
  55.50000    4.55413
  56.00000    4.56960
  56.50000    4.58010
  57.00000    4.58848
  57.50000    4.59671
  58.00000    4.61403
  58.50000    4.62509
  59.00000    4.63939
  59.50000    4.64962
  60.00000    4.66851
  60.50000    4.67042
  61.00000    4.67262
  61.50000    4.67266
  62.00000    4.68528
  62.50000    4.69681
  63.00000    4.69734
  63.50000    4.70541
  64.00000    4.70740
  64.50000    4.71619
  65.00000    4.72176
  65.50000    4.73090
  66.00000    4.73228
  66.50000    4.73536
  67.00000    4.75188
  67.50000    4.75323
  68.00000    4.75124
  68.50000    4.74945
  69.00000    4.74247
  69.50000    4.73119
  70.00000    4.72554
  70.50000    4.72269
  71.00000    4.72675
  71.50000    4.72156
  72.00000    4.72809
  72.50000    4.72468
  73.00000    4.73369
  73.50000    4.71852
  74.00000    4.71668
  74.50000    4.71071
  75.00000    4.71727
  75.50000    4.72409
  76.00000    4.72792
  76.50000    4.72960
  77.00000    4.73677
  77.50000    4.73621
  78.00000    4.72247
  78.50000    4.71613
  79.00000    4.72204
  79.50000    4.71762
  80.00000    4.71543
  80.50000    4.71838
  81.00000    4.71849
  81.50000    4.71763
  82.00000    4.71832
  82.50000    4.70779
  83.00000    4.70206
  83.50000    4.70575
  84.00000    4.71987
  84.50000    4.71104
  85.00000    4.70330
  85.50000    4.69162
  86.00000    4.69579
  86.50000    4.69074
  87.00000    4.68250
  87.50000    4.67454
  88.00000    4.67298
  88.50000    4.67911
  89.00000    4.68045
  89.50000    4.67660
  90.00000    4.66770
  90.50000    4.66709
  91.00000    4.66460
  91.50000    4.65793
  92.00000    4.66486
  92.50000    4.66485
  93.00000    4.66058
  93.50000    4.64880
  94.00000    4.65472
  94.50000    4.65561
  95.00000    4.65023
  95.50000    4.64361
  96.00000    4.64806
  96.50000    4.65981
  97.00000    4.65090
  97.50000    4.63368
  98.00000    4.62090
  98.50000    4.62903
  99.00000    4.62672
  99.50000    4.62185
 100.00000    4.62282
 100.50000    4.62427
 101.00000    4.62012
 101.50000    4.61314
 102.00000    4.61596
 102.50000    4.61217
 103.00000    4.60795
 103.50000    4.60232
 104.00000    4.60753
 104.50000    4.60764
 105.00000    4.59764
 105.50000    4.58494
 106.00000    4.58770
 106.50000    4.58426
 107.00000    4.57945
 107.50000    4.57918
 108.00000    4.58383
 108.50000    4.57281
 109.00000    4.57032
 109.50000    4.57294
 110.00000    4.58062
 110.50000    4.57582
 111.00000    4.57250
 111.50000    4.56871
 112.00000    4.57048
 112.50000    4.57196
 113.00000    4.56113
 113.50000    4.55606
 114.00000    4.55175
 114.50000    4.54064
 115.00000    4.53712
 115.50000    4.53916
 116.00000    4.54254
 116.50000    4.53651
 117.00000    4.53035
 117.50000    4.52325
 118.00000    4.53049
 118.50000    4.54323
 119.00000    4.54905
 119.50000    4.53717
 120.00000    4.52544
 120.50000    4.52418
 121.00000    4.52657
 121.50000    4.51938
 122.00000    4.51952
 122.50000    4.51801
 123.00000    4.51600
 123.50000    4.50785
 124.00000    4.51201
 124.50000    4.51280
 125.00000    4.51130
 125.50000    4.50718
 126.00000    4.51307
 126.50000    4.52740
 127.00000    4.51636
 127.50000    4.50307
 128.00000    4.49801
 128.50000    4.50456
 129.00000    4.50170
 129.50000    4.50438
 130.00000    4.50094
 130.50000    4.49761
 131.00000    4.49291
 131.50000    4.49073
 132.00000    4.48529
 132.50000    4.47998
 133.00000    4.47837
 133.50000    4.48083
 134.00000    4.47149
 134.50000    4.46905
 135.00000    4.47760
 135.50000    4.48798
 136.00000    4.47278
 136.50000    4.45899
 137.00000    4.46051
 137.50000    4.48074
 138.00000    4.48954
 138.50000    4.47895
 139.00000    4.47265
 139.50000    4.48192
 140.00000    4.48622
 140.50000    4.46990
 141.00000    4.45991
 141.50000    4.46308
 142.00000    4.46901
 142.50000    4.46799
 143.00000    4.46573
 143.50000    4.46335
 144.00000    4.45730
 144.50000    4.45833
 145.00000    4.46232
 145.50000    4.46018
 146.00000    4.46020
 146.50000    4.46259
 147.00000    4.46668
 147.50000    4.46277
 148.00000    4.46928
 148.50000    4.46847
 149.00000    4.45983
 149.50000    4.44239
 150.00000    4.44658
