   0.00000    1.32206
   0.50000    3.13498
   1.00000    3.33513
   1.50000    3.17155
   2.00000    3.24663
   2.50000    3.37286
   3.00000    3.45371
   3.50000    3.49972
   4.00000    3.48003
   4.50000    3.46849
   5.00000    3.46141
   5.50000    3.45906
   6.00000    3.45712
   6.50000    3.46022
   7.00000    3.46278
   7.50000    3.46526
   8.00000    3.47436
   8.50000    3.47511
   9.00000    3.48167
   9.50000    3.47680
  10.00000    3.47756
  10.50000    3.48315
  11.00000    3.49611
  11.50000    3.50013
  12.00000    3.49486
  12.50000    3.49926
  13.00000    3.50084
  13.50000    3.50954
  14.00000    3.50941
  14.50000    3.51574
  15.00000    3.51626
  15.50000    3.52005
  16.00000    3.51859
  16.50000    3.52519
  17.00000    3.53524
  17.50000    3.53336
  18.00000    3.52876
  18.50000    3.53617
  19.00000    3.54752
  19.50000    3.55156
  20.00000    3.55130
  20.50000    3.56131
  21.00000    3.56559
  21.50000    3.57908
  22.00000    3.58401
  22.50000    3.58314
  23.00000    3.57966
  23.50000    3.58696
  24.00000    3.58951
  24.50000    3.58129
  25.00000    3.57884
  25.50000    3.60544
  26.00000    3.63427
  26.50000    3.66248
  27.00000    3.68518
  27.50000    3.71908
  28.00000    3.74680
  28.50000    3.76909
  29.00000    3.78210
  29.50000    3.78234
  30.00000    3.78894
  30.50000    3.79321
  31.00000    3.79693
  31.50000    3.79998
  32.00000    3.79574
  32.50000    3.79029
  33.00000    3.78904
  33.50000    3.81651
  34.00000    3.86945
  34.50000    3.94337
  35.00000    4.01243
  35.50000    4.09148
  36.00000    4.16389
  36.50000    4.21681
  37.00000    4.24484
  37.50000    4.26739
  38.00000    4.27677
  38.50000    4.28599
  39.00000    4.29800
  39.50000    4.31054
  40.00000    4.31519
  40.50000    4.31579
  41.00000    4.32289
  41.50000    4.34063
  42.00000    4.35979
  42.50000    4.37749
  43.00000    4.40613
  43.50000    4.44155
  44.00000    4.46200
  44.50000    4.47333
  45.00000    4.47724
  45.50000    4.48553
  46.00000    4.49430
  46.50000    4.49514
  47.00000    4.49142
  47.50000    4.49204
  48.00000    4.49782
  48.50000    4.50215
  49.00000    4.49792
  49.50000    4.50455
  50.00000    4.49981
  50.50000    4.51163
  51.00000    4.51358
  51.50000    4.52004
  52.00000    4.51814
  52.50000    4.51165
  53.00000    4.51143
  53.50000    4.51171
  54.00000    4.52455
  54.50000    4.51890
  55.00000    4.51756
  55.50000    4.51208
  56.00000    4.51658
  56.50000    4.51271
  57.00000    4.51489
  57.50000    4.51407
  58.00000    4.51517
  58.50000    4.51795
  59.00000    4.51677
  59.50000    4.51649
  60.00000    4.51655
  60.50000    4.52283
  61.00000    4.52015
  61.50000    4.52391
  62.00000    4.51598
  62.50000    4.51875
  63.00000    4.52881
  63.50000    4.53932
  64.00000    4.53747
  64.50000    4.53310
  65.00000    4.53565
  65.50000    4.52878
  66.00000    4.53187
  66.50000    4.53611
  67.00000    4.54258
  67.50000    4.53479
  68.00000    4.52645
  68.50000    4.52752
  69.00000    4.53650
  69.50000    4.53538
  70.00000    4.52125
  70.50000    4.50976
  71.00000    4.50465
  71.50000    4.49962
  72.00000    4.49874
  72.50000    4.49427
  73.00000    4.48752
  73.50000    4.48483
  74.00000    4.48677
  74.50000    4.48700
  75.00000    4.48239
  75.50000    4.48080
  76.00000    4.47365
  76.50000    4.48009
  77.00000    4.48163
  77.50000    4.48161
  78.00000    4.47681
  78.50000    4.46774
  79.00000    4.45922
  79.50000    4.45368
  80.00000    4.45642
  80.50000    4.44791
  81.00000    4.44199
  81.50000    4.44055
  82.00000    4.44405
  82.50000    4.44381
  83.00000    4.44543
  83.50000    4.43952
  84.00000    4.43630
  84.50000    4.42550
  85.00000    4.42488
  85.50000    4.41541
  86.00000    4.41620
  86.50000    4.41125
  87.00000    4.40941
  87.50000    4.40114
  88.00000    4.40600
  88.50000    4.40987
  89.00000    4.41075
  89.50000    4.39768
  90.00000    4.39592
  90.50000    4.38899
  91.00000    4.38825
  91.50000    4.38042
  92.00000    4.37883
  92.50000    4.37691
  93.00000    4.37111
  93.50000    4.36593
  94.00000    4.36484
  94.50000    4.37028
  95.00000    4.36976
  95.50000    4.36029
  96.00000    4.35479
  96.50000    4.35107
  97.00000    4.35122
  97.50000    4.34672
  98.00000    4.34440
  98.50000    4.34544
  99.00000    4.34800
  99.50000    4.34345
 100.00000    4.33305
 100.50000    4.33098
 101.00000    4.33683
 101.50000    4.33497
 102.00000    4.33080
 102.50000    4.32614
 103.00000    4.31958
 103.50000    4.30709
 104.00000    4.30678
 104.50000    4.31367
 105.00000    4.31741
 105.50000    4.30653
 106.00000    4.30184
 106.50000    4.29834
 107.00000    4.29891
 107.50000    4.28902
 108.00000    4.28357
 108.50000    4.27850
 109.00000    4.28779
 109.50000    4.29340
 110.00000    4.28843
 110.50000    4.27570
 111.00000    4.27454
 111.50000    4.28409
 112.00000    4.28756
 112.50000    4.28708
 113.00000    4.28272
 113.50000    4.27520
 114.00000    4.26560
 114.50000    4.26366
 115.00000    4.26362
 115.50000    4.26713
 116.00000    4.27202
 116.50000    4.26850
 117.00000    4.26170
 117.50000    4.25501
 118.00000    4.25548
 118.50000    4.25946
 119.00000    4.25721
 119.50000    4.25518
 120.00000    4.24912
 120.50000    4.24523
 121.00000    4.23722
 121.50000    4.24105
 122.00000    4.24906
 122.50000    4.25153
 123.00000    4.24666
 123.50000    4.24385
 124.00000    4.24808
 124.50000    4.25251
 125.00000    4.24637
 125.50000    4.23702
 126.00000    4.23277
 126.50000    4.23936
 127.00000    4.23723
 127.50000    4.23464
 128.00000    4.23146
 128.50000    4.23261
 129.00000    4.22942
 129.50000    4.23350
 130.00000    4.22950
 130.50000    4.22989
 131.00000    4.22439
 131.50000    4.22355
 132.00000    4.22035
 132.50000    4.23140
 133.00000    4.23791
 133.50000    4.23139
 134.00000    4.22734
 134.50000    4.22639
 135.00000    4.23175
 135.50000    4.22863
 136.00000    4.23506
 136.50000    4.23508
 137.00000    4.23331
 137.50000    4.22789
 138.00000    4.23082
 138.50000    4.23439
 139.00000    4.24373
 139.50000    4.24329
 140.00000    4.24347
 140.50000    4.23733
 141.00000    4.23711
 141.50000    4.23543
 142.00000    4.24526
 142.50000    4.25424
 143.00000    4.25345
 143.50000    4.24848
 144.00000    4.24434
 144.50000    4.24940
 145.00000    4.25223
 145.50000    4.25882
 146.00000    4.25588
 146.50000    4.25363
 147.00000    4.25590
 147.50000    4.25809
 148.00000    4.25925
 148.50000    4.26310
 149.00000    4.26575
 149.50000    4.26587
 150.00000    4.28185
