   0.00000    1.46791
   0.50000    2.61398
   1.00000    2.95997
   1.50000    3.06496
   2.00000    3.22316
   2.50000    3.27135
   3.00000    3.28036
   3.50000    3.29891
   4.00000    3.34564
   4.50000    3.39677
   5.00000    3.42931
   5.50000    3.44387
   6.00000    3.44474
   6.50000    3.46281
   7.00000    3.47786
   7.50000    3.48710
   8.00000    3.48068
   8.50000    3.48669
   9.00000    3.49250
   9.50000    3.49374
  10.00000    3.48748
  10.50000    3.49186
  11.00000    3.49956
  11.50000    3.50648
  12.00000    3.51088
  12.50000    3.51458
  13.00000    3.50570
  13.50000    3.49818
  14.00000    3.50817
  14.50000    3.52030
  15.00000    3.52518
  15.50000    3.52913
  16.00000    3.53555
  16.50000    3.53326
  17.00000    3.53616
  17.50000    3.54302
  18.00000    3.54624
  18.50000    3.53711
  19.00000    3.53285
  19.50000    3.53666
  20.00000    3.54635
  20.50000    3.55669
  21.00000    3.56017
  21.50000    3.56543
  22.00000    3.57236
  22.50000    3.57915
  23.00000    3.58584
  23.50000    3.60478
  24.00000    3.62192
  24.50000    3.62946
  25.00000    3.63428
  25.50000    3.65060
  26.00000    3.66536
  26.50000    3.68966
  27.00000    3.71640
  27.50000    3.76796
  28.00000    3.83600
  28.50000    3.92831
  29.00000    4.02204
  29.50000    4.11968
  30.00000    4.19876
  30.50000    4.26277
  31.00000    4.31414
  31.50000    4.35260
  32.00000    4.38458
  32.50000    4.41401
  33.00000    4.44148
  33.50000    4.45880
  34.00000    4.46163
  34.50000    4.46356
  35.00000    4.46621
  35.50000    4.48270
  36.00000    4.49231
  36.50000    4.48877
  37.00000    4.48578
  37.50000    4.47052
  38.00000    4.45032
  38.50000    4.42873
  39.00000    4.43414
  39.50000    4.43240
  40.00000    4.42309
  40.50000    4.40557
  41.00000    4.39897
  41.50000    4.40313
  42.00000    4.41124
  42.50000    4.41569
  43.00000    4.42963
  43.50000    4.44615
  44.00000    4.46991
  44.50000    4.48066
  45.00000    4.48272
  45.50000    4.47588
  46.00000    4.46923
  46.50000    4.46498
  47.00000    4.46176
  47.50000    4.47660
  48.00000    4.47845
  48.50000    4.48322
  49.00000    4.47410
  49.50000    4.46676
  50.00000    4.46815
  50.50000    4.48066
  51.00000    4.48303
  51.50000    4.47778
  52.00000    4.47726
  52.50000    4.47900
  53.00000    4.46877
  53.50000    4.47025
  54.00000    4.47439
  54.50000    4.48465
  55.00000    4.48363
  55.50000    4.49222
  56.00000    4.49014
  56.50000    4.48301
  57.00000    4.47822
  57.50000    4.48934
  58.00000    4.48823
  58.50000    4.49121
  59.00000    4.48438
  59.50000    4.48495
  60.00000    4.47756
  60.50000    4.48671
  61.00000    4.49102
  61.50000    4.49262
  62.00000    4.48976
  62.50000    4.48900
  63.00000    4.49094
  63.50000    4.49076
  64.00000    4.48954
  64.50000    4.49944
  65.00000    4.49915
  65.50000    4.49327
  66.00000    4.48964
  66.50000    4.49142
  67.00000    4.48882
  67.50000    4.47866
  68.00000    4.48511
  68.50000    4.48028
  69.00000    4.47932
  69.50000    4.47294
  70.00000    4.47300
  70.50000    4.46308
  71.00000    4.45884
  71.50000    4.45322
  72.00000    4.45443
  72.50000    4.45937
  73.00000    4.46186
  73.50000    4.46406
  74.00000    4.46374
  74.50000    4.46595
  75.00000    4.47094
  75.50000    4.47917
  76.00000    4.47497
  76.50000    4.46568
  77.00000    4.46751
  77.50000    4.47405
  78.00000    4.47850
  78.50000    4.48197
  79.00000    4.47511
  79.50000    4.47042
  80.00000    4.46472
  80.50000    4.46846
  81.00000    4.46897
  81.50000    4.47720
  82.00000    4.48305
  82.50000    4.48286
  83.00000    4.48034
  83.50000    4.47931
  84.00000    4.47952
  84.50000    4.47543
  85.00000    4.47912
  85.50000    4.48547
  86.00000    4.48868
  86.50000    4.48367
  87.00000    4.47793
  87.50000    4.48452
  88.00000    4.48957
  88.50000    4.48674
  89.00000    4.48224
  89.50000    4.49226
  90.00000    4.48768
  90.50000    4.47696
  91.00000    4.48101
  91.50000    4.48977
  92.00000    4.48305
  92.50000    4.47278
  93.00000    4.47477
  93.50000    4.48394
  94.00000    4.49280
  94.50000    4.48878
  95.00000    4.48494
  95.50000    4.48130
  96.00000    4.47981
  96.50000    4.47510
  97.00000    4.48409
  97.50000    4.48930
  98.00000    4.48871
  98.50000    4.47923
  99.00000    4.47464
  99.50000    4.47591
 100.00000    4.47719
 100.50000    4.47714
 101.00000    4.46993
 101.50000    4.47363
 102.00000    4.47407
 102.50000    4.47120
 103.00000    4.46142
 103.50000    4.46461
 104.00000    4.47529
 104.50000    4.47719
 105.00000    4.47960
 105.50000    4.47139
 106.00000    4.46518
 106.50000    4.46779
 107.00000    4.46796
 107.50000    4.46673
 108.00000    4.46427
 108.50000    4.46818
 109.00000    4.46024
 109.50000    4.46139
 110.00000    4.46769
 110.50000    4.46958
 111.00000    4.46644
 111.50000    4.45779
 112.00000    4.45267
 112.50000    4.45007
 113.00000    4.45297
 113.50000    4.45509
 114.00000    4.45042
 114.50000    4.44880
 115.00000    4.45273
 115.50000    4.45448
 116.00000    4.45262
 116.50000    4.45085
 117.00000    4.44639
 117.50000    4.43615
 118.00000    4.43691
 118.50000    4.44616
 119.00000    4.45233
 119.50000    4.44313
 120.00000    4.43521
 120.50000    4.43476
 121.00000    4.44289
 121.50000    4.44630
 122.00000    4.44426
 122.50000    4.43448
 123.00000    4.43118
 123.50000    4.42974
 124.00000    4.42862
 124.50000    4.42851
 125.00000    4.42642
 125.50000    4.42103
 126.00000    4.42208
 126.50000    4.42451
 127.00000    4.42243
 127.50000    4.41866
 128.00000    4.41858
 128.50000    4.41653
 129.00000    4.41206
 129.50000    4.41430
 130.00000    4.41380
 130.50000    4.41967
 131.00000    4.41442
 131.50000    4.41360
 132.00000    4.40393
 132.50000    4.40587
 133.00000    4.41160
 133.50000    4.41897
 134.00000    4.40989
 134.50000    4.40029
 135.00000    4.39321
 135.50000    4.39396
 136.00000    4.39029
 136.50000    4.39502
 137.00000    4.39208
 137.50000    4.39231
 138.00000    4.38810
 138.50000    4.39033
 139.00000    4.39103
 139.50000    4.38943
 140.00000    4.38748
 140.50000    4.38698
 141.00000    4.38685
 141.50000    4.37920
 142.00000    4.38251
 142.50000    4.38438
 143.00000    4.37747
 143.50000    4.37454
 144.00000    4.38119
 144.50000    4.38136
 145.00000    4.38421
 145.50000    4.38863
 146.00000    4.38880
 146.50000    4.38566
 147.00000    4.38738
 147.50000    4.38085
 148.00000    4.38062
 148.50000    4.38028
 149.00000    4.37526
 149.50000    4.36449
 150.00000    4.37263
