   0.00000    1.53778
   0.50000    1.74553
   1.00000    2.29013
   1.50000    2.78110
   2.00000    3.02418
   2.50000    3.16176
   3.00000    3.24502
   3.50000    3.31822
   4.00000    3.35942
   4.50000    3.35943
   5.00000    3.34291
   5.50000    3.34871
   6.00000    3.37300
   6.50000    3.37931
   7.00000    3.38366
   7.50000    3.38527
   8.00000    3.41868
   8.50000    3.43227
   9.00000    3.44414
   9.50000    3.43610
  10.00000    3.45233
  10.50000    3.46581
  11.00000    3.47395
  11.50000    3.48553
  12.00000    3.50362
  12.50000    3.51941
  13.00000    3.52605
  13.50000    3.54281
  14.00000    3.55545
  14.50000    3.56849
  15.00000    3.58176
  15.50000    3.59891
  16.00000    3.61836
  16.50000    3.63734
  17.00000    3.64230
  17.50000    3.65521
  18.00000    3.68419
  18.50000    3.70475
  19.00000    3.69795
  19.50000    3.70413
  20.00000    3.73706
  20.50000    3.74245
  21.00000    3.73335
  21.50000    3.75287
  22.00000    3.78472
  22.50000    3.81151
  23.00000    3.83611
  23.50000    3.86922
  24.00000    3.89248
  24.50000    3.92169
  25.00000    3.94015
  25.50000    3.92879
  26.00000    3.92111
  26.50000    3.91004
  27.00000    3.92509
  27.50000    3.91157
  28.00000    3.89295
  28.50000    3.87721
  29.00000    3.88692
  29.50000    3.88141
  30.00000    3.85239
  30.50000    3.84026
  31.00000    3.84629
  31.50000    3.85844
  32.00000    3.86541
  32.50000    3.85978
  33.00000    3.83516
  33.50000    3.84646
  34.00000    3.87265
  34.50000    3.86090
  35.00000    3.82622
  35.50000    3.83853
  36.00000    3.84905
  36.50000    3.82762
  37.00000    3.81531
  37.50000    3.80229
  38.00000    3.79026
  38.50000    3.79170
  39.00000    3.80526
  39.50000    3.78328
  40.00000    3.76471
  40.50000    3.75678
  41.00000    3.75705
  41.50000    3.75349
  42.00000    3.75789
  42.50000    3.74975
  43.00000    3.73813
  43.50000    3.74585
  44.00000    3.77060
  44.50000    3.78793
  45.00000    3.79500
  45.50000    3.80787
  46.00000    3.82989
  46.50000    3.87354
  47.00000    3.91336
  47.50000    3.94626
  48.00000    3.97277
  48.50000    4.01147
  49.00000    4.05012
  49.50000    4.09758
  50.00000    4.17027
  50.50000    4.23316
  51.00000    4.26860
  51.50000    4.29647
  52.00000    4.33142
  52.50000    4.34742
  53.00000    4.35124
  53.50000    4.37150
  54.00000    4.40694
  54.50000    4.40878
  55.00000    4.41175
  55.50000    4.42586
  56.00000    4.45431
  56.50000    4.47150
  57.00000    4.47763
  57.50000    4.49308
  58.00000    4.50486
  58.50000    4.51139
  59.00000    4.50900
  59.50000    4.52530
  60.00000    4.55098
  60.50000    4.54965
  61.00000    4.54835
  61.50000    4.54797
  62.00000    4.56465
  62.50000    4.56961
  63.00000    4.59029
  63.50000    4.60381
  64.00000    4.59792
  64.50000    4.60497
  65.00000    4.61968
  65.50000    4.63304
  66.00000    4.62424
  66.50000    4.62658
  67.00000    4.62418
  67.50000    4.63537
  68.00000    4.64041
  68.50000    4.64761
  69.00000    4.65766
  69.50000    4.66969
  70.00000    4.66849
  70.50000    4.65293
  71.00000    4.65567
  71.50000    4.65679
  72.00000    4.68134
  72.50000    4.68315
  73.00000    4.68131
  73.50000    4.66324
  74.00000    4.67339
  74.50000    4.68017
  75.00000    4.68975
  75.50000    4.68095
  76.00000    4.68946
  76.50000    4.68839
  77.00000    4.69800
  77.50000    4.68809
  78.00000    4.69206
  78.50000    4.70360
  79.00000    4.70214
  79.50000    4.68932
  80.00000    4.68352
  80.50000    4.70071
  81.00000    4.72338
  81.50000    4.73181
  82.00000    4.72990
  82.50000    4.71931
  83.00000    4.72793
  83.50000    4.72284
  84.00000    4.72342
  84.50000    4.72486
  85.00000    4.73181
  85.50000    4.72556
  86.00000    4.73230
  86.50000    4.73890
  87.00000    4.73740
  87.50000    4.72489
  88.00000    4.72905
  88.50000    4.73399
  89.00000    4.73284
  89.50000    4.72946
  90.00000    4.71560
  90.50000    4.71331
  91.00000    4.72450
  91.50000    4.74606
  92.00000    4.73306
  92.50000    4.72455
  93.00000    4.71745
  93.50000    4.73028
  94.00000    4.73584
  94.50000    4.74394
  95.00000    4.72588
  95.50000    4.71665
  96.00000    4.71339
  96.50000    4.72030
  97.00000    4.73098
  97.50000    4.72492
  98.00000    4.71597
  98.50000    4.72071
  99.00000    4.73792
  99.50000    4.73130
 100.00000    4.71267
 100.50000    4.70136
 101.00000    4.70523
 101.50000    4.70992
 102.00000    4.70592
 102.50000    4.70973
 103.00000    4.70901
 103.50000    4.70083
 104.00000    4.70027
 104.50000    4.71103
 105.00000    4.70776
 105.50000    4.70622
 106.00000    4.70622
 106.50000    4.71231
 107.00000    4.70935
 107.50000    4.70851
 108.00000    4.69164
 108.50000    4.69668
 109.00000    4.69911
 109.50000    4.70315
 110.00000    4.69045
 110.50000    4.68187
 111.00000    4.68990
 111.50000    4.69890
 112.00000    4.70171
 112.50000    4.68020
 113.00000    4.67474
 113.50000    4.68077
 114.00000    4.69879
 114.50000    4.69055
 115.00000    4.68331
 115.50000    4.68244
 116.00000    4.68743
 116.50000    4.68562
 117.00000    4.68533
 117.50000    4.68281
 118.00000    4.67465
 118.50000    4.67486
 119.00000    4.67426
 119.50000    4.67475
 120.00000    4.66992
 120.50000    4.66437
 121.00000    4.66431
 121.50000    4.68012
 122.00000    4.67895
 122.50000    4.66942
 123.00000    4.65524
 123.50000    4.65970
 124.00000    4.66534
 124.50000    4.65590
 125.00000    4.64894
 125.50000    4.64548
 126.00000    4.65058
 126.50000    4.64957
 127.00000    4.64795
 127.50000    4.65476
 128.00000    4.64603
 128.50000    4.65309
 129.00000    4.64307
 129.50000    4.64590
 130.00000    4.63618
 130.50000    4.63392
 131.00000    4.64493
 131.50000    4.65071
 132.00000    4.64222
 132.50000    4.62834
 133.00000    4.62801
 133.50000    4.63139
 134.00000    4.64306
 134.50000    4.63916
 135.00000    4.61596
 135.50000    4.61272
 136.00000    4.63429
 136.50000    4.63094
 137.00000    4.61298
 137.50000    4.60303
 138.00000    4.61102
 138.50000    4.61389
 139.00000    4.61320
 139.50000    4.60880
 140.00000    4.60795
 140.50000    4.61920
 141.00000    4.62630
 141.50000    4.61470
 142.00000    4.60836
 142.50000    4.61777
 143.00000    4.63120
 143.50000    4.60354
 144.00000    4.59450
 144.50000    4.60455
 145.00000    4.61332
 145.50000    4.58926
 146.00000    4.59167
 146.50000    4.60236
 147.00000    4.61287
 147.50000    4.60532
 148.00000    4.60038
 148.50000    4.58757
 149.00000    4.58308
 149.50000    4.58623
 150.00000    4.61021
