   0.00000    1.34498
   0.50000    1.83242
   1.00000    2.13128
   1.50000    2.40647
   2.00000    2.65464
   2.50000    2.78063
   3.00000    2.94634
   3.50000    3.19740
   4.00000    3.38524
   4.50000    3.43293
   5.00000    3.45402
   5.50000    3.49183
   6.00000    3.54897
   6.50000    3.57211
   7.00000    3.58013
   7.50000    3.58001
   8.00000    3.61136
   8.50000    3.62737
   9.00000    3.63212
   9.50000    3.61824
  10.00000    3.59707
  10.50000    3.60127
  11.00000    3.60624
  11.50000    3.61612
  12.00000    3.62853
  12.50000    3.64710
  13.00000    3.64892
  13.50000    3.62978
  14.00000    3.63193
  14.50000    3.61998
  15.00000    3.63050
  15.50000    3.62198
  16.00000    3.63044
  16.50000    3.62532
  17.00000    3.63426
  17.50000    3.63781
  18.00000    3.64886
  18.50000    3.65650
  19.00000    3.65817
  19.50000    3.63503
  20.00000    3.64395
  20.50000    3.65244
  21.00000    3.65754
  21.50000    3.64698
  22.00000    3.67058
  22.50000    3.69224
  23.00000    3.69241
  23.50000    3.68953
  24.00000    3.71309
  24.50000    3.73606
  25.00000    3.74887
  25.50000    3.74210
  26.00000    3.74037
  26.50000    3.71416
  27.00000    3.68722
  27.50000    3.64836
  28.00000    3.61367
  28.50000    3.61639
  29.00000    3.62769
  29.50000    3.62555
  30.00000    3.62247
  30.50000    3.63008
  31.00000    3.65771
  31.50000    3.66015
  32.00000    3.67801
  32.50000    3.67454
  33.00000    3.69946
  33.50000    3.71268
  34.00000    3.72381
  34.50000    3.69118
  35.00000    3.67292
  35.50000    3.70528
  36.00000    3.72798
  36.50000    3.74642
  37.00000    3.75206
  37.50000    3.76490
  38.00000    3.73986
  38.50000    3.73853
  39.00000    3.75555
  39.50000    3.77683
  40.00000    3.78122
  40.50000    3.76716
  41.00000    3.75492
  41.50000    3.77983
  42.00000    3.80732
  42.50000    3.83654
  43.00000    3.85463
  43.50000    3.91632
  44.00000    3.96898
  44.50000    4.01129
  45.00000    4.03286
  45.50000    4.06220
  46.00000    4.07619
  46.50000    4.08212
  47.00000    4.07909
  47.50000    4.08947
  48.00000    4.10154
  48.50000    4.13917
  49.00000    4.16762
  49.50000    4.24096
  50.00000    4.29811
  50.50000    4.34071
  51.00000    4.34036
  51.50000    4.35885
  52.00000    4.39549
  52.50000    4.41009
  53.00000    4.41392
  53.50000    4.41621
  54.00000    4.43626
  54.50000    4.44158
  55.00000    4.45392
  55.50000    4.47075
  56.00000    4.49040
  56.50000    4.50554
  57.00000    4.52638
  57.50000    4.52381
  58.00000    4.53322
  58.50000    4.54186
  59.00000    4.55074
  59.50000    4.53292
  60.00000    4.54179
  60.50000    4.56057
  61.00000    4.56907
  61.50000    4.53967
  62.00000    4.53285
  62.50000    4.55492
  63.00000    4.58426
  63.50000    4.59031
  64.00000    4.57652
  64.50000    4.58408
  65.00000    4.59966
  65.50000    4.62054
  66.00000    4.61222
  66.50000    4.61918
  67.00000    4.61905
  67.50000    4.63262
  68.00000    4.64821
  68.50000    4.64908
  69.00000    4.63748
  69.50000    4.64808
  70.00000    4.67307
  70.50000    4.66811
  71.00000    4.66564
  71.50000    4.65560
  72.00000    4.66585
  72.50000    4.67415
  73.00000    4.69166
  73.50000    4.70149
  74.00000    4.71156
  74.50000    4.71320
  75.00000    4.70871
  75.50000    4.72515
  76.00000    4.73246
  76.50000    4.73981
  77.00000    4.72929
  77.50000    4.73465
  78.00000    4.73877
  78.50000    4.74708
  79.00000    4.73727
  79.50000    4.73406
  80.00000    4.74042
  80.50000    4.75050
  81.00000    4.76044
  81.50000    4.77238
  82.00000    4.78689
  82.50000    4.78302
  83.00000    4.78140
  83.50000    4.78166
  84.00000    4.78760
  84.50000    4.79327
  85.00000    4.79970
  85.50000    4.78934
  86.00000    4.79966
  86.50000    4.82378
  87.00000    4.83701
  87.50000    4.83349
  88.00000    4.81737
  88.50000    4.81440
  89.00000    4.82616
  89.50000    4.84048
  90.00000    4.81656
  90.50000    4.81682
  91.00000    4.81760
  91.50000    4.82719
  92.00000    4.83783
  92.50000    4.86425
  93.00000    4.86801
  93.50000    4.86484
  94.00000    4.86628
  94.50000    4.86543
  95.00000    4.86398
  95.50000    4.86300
  96.00000    4.87937
  96.50000    4.88058
  97.00000    4.88124
  97.50000    4.87578
  98.00000    4.87084
  98.50000    4.87351
  99.00000    4.87734
  99.50000    4.88377
 100.00000    4.88028
 100.50000    4.87625
 101.00000    4.86758
 101.50000    4.87327
 102.00000    4.87819
 102.50000    4.88203
 103.00000    4.88141
 103.50000    4.88007
 104.00000    4.87860
 104.50000    4.89338
 105.00000    4.88223
 105.50000    4.86936
 106.00000    4.84986
 106.50000    4.88346
 107.00000    4.87989
 107.50000    4.89680
 108.00000    4.87617
 108.50000    4.88893
 109.00000    4.87016
 109.50000    4.87204
 110.00000    4.89034
 110.50000    4.88697
 111.00000    4.88685
 111.50000    4.88314
 112.00000    4.90246
 112.50000    4.88466
 113.00000    4.88228
 113.50000    4.86388
 114.00000    4.86356
 114.50000    4.86559
 115.00000    4.87504
 115.50000    4.88404
 116.00000    4.88318
 116.50000    4.88112
 117.00000    4.85847
 117.50000    4.85261
 118.00000    4.84525
 118.50000    4.84185
 119.00000    4.85460
 119.50000    4.85741
 120.00000    4.84768
 120.50000    4.84281
 121.00000    4.85651
 121.50000    4.85628
 122.00000    4.82417
 122.50000    4.81403
 123.00000    4.81890
 123.50000    4.84356
 124.00000    4.84571
 124.50000    4.83518
 125.00000    4.83204
 125.50000    4.83341
 126.00000    4.81741
 126.50000    4.80648
 127.00000    4.80877
 127.50000    4.81323
 128.00000    4.80206
 128.50000    4.79534
 129.00000    4.78650
 129.50000    4.78023
 130.00000    4.78338
 130.50000    4.78957
 131.00000    4.80366
 131.50000    4.79723
 132.00000    4.79148
 132.50000    4.77143
 133.00000    4.77123
 133.50000    4.77969
 134.00000    4.77058
 134.50000    4.74313
 135.00000    4.73116
 135.50000    4.74177
 136.00000    4.74453
 136.50000    4.71908
 137.00000    4.70570
 137.50000    4.70240
 138.00000    4.72993
 138.50000    4.72171
 139.00000    4.71668
 139.50000    4.70618
 140.00000    4.71370
 140.50000    4.71986
 141.00000    4.71188
 141.50000    4.70160
 142.00000    4.68429
 142.50000    4.69401
 143.00000    4.71221
 143.50000    4.69811
 144.00000    4.67316
 144.50000    4.65218
 145.00000    4.66146
 145.50000    4.64230
 146.00000    4.65580
 146.50000    4.66210
 147.00000    4.65116
 147.50000    4.64573
 148.00000    4.65729
 148.50000    4.66654
 149.00000    4.65036
 149.50000    4.64299
 150.00000    4.63566
