   0.00000    1.60522
   0.50000    2.51593
   1.00000    2.91929
   1.50000    3.09171
   2.00000    3.20630
   2.50000    3.28063
   3.00000    3.30193
   3.50000    3.32266
   4.00000    3.38877
   4.50000    3.45167
   5.00000    3.49454
   5.50000    3.51389
   6.00000    3.52916
   6.50000    3.54683
   7.00000    3.56227
   7.50000    3.57147
   8.00000    3.58981
   8.50000    3.61159
   9.00000    3.62273
   9.50000    3.62698
  10.00000    3.64299
  10.50000    3.66404
  11.00000    3.67689
  11.50000    3.67901
  12.00000    3.69003
  12.50000    3.70307
  13.00000    3.71673
  13.50000    3.72286
  14.00000    3.73044
  14.50000    3.72937
  15.00000    3.73862
  15.50000    3.74745
  16.00000    3.76391
  16.50000    3.75879
  17.00000    3.76807
  17.50000    3.76932
  18.00000    3.77959
  18.50000    3.76921
  19.00000    3.77986
  19.50000    3.78937
  20.00000    3.79395
  20.50000    3.78181
  21.00000    3.78330
  21.50000    3.77497
  22.00000    3.76978
  22.50000    3.77736
  23.00000    3.77788
  23.50000    3.77296
  24.00000    3.77071
  24.50000    3.78319
  25.00000    3.79136
  25.50000    3.79631
  26.00000    3.80774
  26.50000    3.81031
  27.00000    3.82499
  27.50000    3.82350
  28.00000    3.83000
  28.50000    3.83149
  29.00000    3.83234
  29.50000    3.81723
  30.00000    3.79853
  30.50000    3.79284
  31.00000    3.80573
  31.50000    3.81296
  32.00000    3.82124
  32.50000    3.82705
  33.00000    3.84584
  33.50000    3.84046
  34.00000    3.85088
  34.50000    3.84750
  35.00000    3.86127
  35.50000    3.88231
  36.00000    3.91772
  36.50000    3.91610
  37.00000    3.92417
  37.50000    3.93139
  38.00000    3.92508
  38.50000    3.91877
  39.00000    3.92763
  39.50000    3.95265
  40.00000    3.97376
  40.50000    3.99668
  41.00000    4.00592
  41.50000    4.01449
  42.00000    4.02226
  42.50000    4.02460
  43.00000    4.05320
  43.50000    4.09975
  44.00000    4.15697
  44.50000    4.20399
  45.00000    4.23262
  45.50000    4.24477
  46.00000    4.24035
  46.50000    4.25111
  47.00000    4.27698
  47.50000    4.29893
  48.00000    4.30341
  48.50000    4.29681
  49.00000    4.30173
  49.50000    4.30698
  50.00000    4.31768
  50.50000    4.31561
  51.00000    4.30735
  51.50000    4.30664
  52.00000    4.31523
  52.50000    4.31733
  53.00000    4.32139
  53.50000    4.33118
  54.00000    4.33654
  54.50000    4.33296
  55.00000    4.34167
  55.50000    4.35022
  56.00000    4.36413
  56.50000    4.37473
  57.00000    4.38144
  57.50000    4.38070
  58.00000    4.38780
  58.50000    4.39202
  59.00000    4.39468
  59.50000    4.39797
  60.00000    4.39006
  60.50000    4.38872
  61.00000    4.39696
  61.50000    4.40424
  62.00000    4.40355
  62.50000    4.40055
  63.00000    4.39558
  63.50000    4.39129
  64.00000    4.39038
  64.50000    4.40993
  65.00000    4.41464
  65.50000    4.40943
  66.00000    4.39100
  66.50000    4.39180
  67.00000    4.39123
  67.50000    4.39854
  68.00000    4.40196
  68.50000    4.39856
  69.00000    4.39765
  69.50000    4.39461
  70.00000    4.38798
  70.50000    4.39320
  71.00000    4.39276
  71.50000    4.39303
  72.00000    4.39972
  72.50000    4.40864
  73.00000    4.40203
  73.50000    4.40427
  74.00000    4.41004
  74.50000    4.42208
  75.00000    4.43104
  75.50000    4.43997
  76.00000    4.43417
  76.50000    4.42547
  77.00000    4.41723
  77.50000    4.42912
  78.00000    4.43968
  78.50000    4.43822
  79.00000    4.43563
  79.50000    4.43480
  80.00000    4.42682
  80.50000    4.42667
  81.00000    4.43679
  81.50000    4.43815
  82.00000    4.44215
  82.50000    4.44151
  83.00000    4.44349
  83.50000    4.44473
  84.00000    4.44726
  84.50000    4.44596
  85.00000    4.45154
  85.50000    4.46103
  86.00000    4.45486
  86.50000    4.44869
  87.00000    4.44197
  87.50000    4.45506
  88.00000    4.45635
  88.50000    4.45664
  89.00000    4.45968
  89.50000    4.47703
  90.00000    4.47068
  90.50000    4.46468
  91.00000    4.46977
  91.50000    4.48268
  92.00000    4.46439
  92.50000    4.46354
  93.00000    4.46641
  93.50000    4.48170
  94.00000    4.48077
  94.50000    4.48123
  95.00000    4.47926
  95.50000    4.47524
  96.00000    4.47335
  96.50000    4.47530
  97.00000    4.48987
  97.50000    4.49418
  98.00000    4.49607
  98.50000    4.48980
  99.00000    4.49064
  99.50000    4.48426
 100.00000    4.49273
 100.50000    4.49439
 101.00000    4.49835
 101.50000    4.49469
 102.00000    4.50285
 102.50000    4.50190
 103.00000    4.50553
 103.50000    4.50434
 104.00000    4.50894
 104.50000    4.50026
 105.00000    4.49386
 105.50000    4.49996
 106.00000    4.50075
 106.50000    4.50115
 107.00000    4.49405
 107.50000    4.51288
 108.00000    4.52159
 108.50000    4.51975
 109.00000    4.50254
 109.50000    4.49754
 110.00000    4.49923
 110.50000    4.50461
 111.00000    4.51053
 111.50000    4.51959
 112.00000    4.51765
 112.50000    4.50819
 113.00000    4.50875
 113.50000    4.52049
 114.00000    4.52508
 114.50000    4.52108
 115.00000    4.52000
 115.50000    4.51298
 116.00000    4.51320
 116.50000    4.51358
 117.00000    4.50655
 117.50000    4.50247
 118.00000    4.51448
 118.50000    4.52213
 119.00000    4.51669
 119.50000    4.51938
 120.00000    4.53085
 120.50000    4.53573
 121.00000    4.53005
 121.50000    4.52250
 122.00000    4.52396
 122.50000    4.52753
 123.00000    4.53590
 123.50000    4.52945
 124.00000    4.52452
 124.50000    4.51612
 125.00000    4.51778
 125.50000    4.51881
 126.00000    4.51315
 126.50000    4.50936
 127.00000    4.51137
 127.50000    4.52144
 128.00000    4.52708
 128.50000    4.52663
 129.00000    4.52419
 129.50000    4.52364
 130.00000    4.51799
 130.50000    4.51672
 131.00000    4.51744
 131.50000    4.52599
 132.00000    4.51030
 132.50000    4.51234
 133.00000    4.51619
 133.50000    4.53653
 134.00000    4.53641
 134.50000    4.52400
 135.00000    4.51264
 135.50000    4.51154
 136.00000    4.51543
 136.50000    4.51047
 137.00000    4.50858
 137.50000    4.50347
 138.00000    4.51087
 138.50000    4.51785
 139.00000    4.51879
 139.50000    4.52148
 140.00000    4.52014
 140.50000    4.51751
 141.00000    4.51380
 141.50000    4.51125
 142.00000    4.51071
 142.50000    4.51355
 143.00000    4.51473
 143.50000    4.51777
 144.00000    4.52763
 144.50000    4.53076
 145.00000    4.52350
 145.50000    4.50806
 146.00000    4.50558
 146.50000    4.51555
 147.00000    4.53026
 147.50000    4.52540
 148.00000    4.52347
 148.50000    4.51462
 149.00000    4.52119
 149.50000    4.52471
 150.00000    4.50797
