   0.00000    0.78152
   0.50000    1.49689
   1.00000    2.00108
   1.50000    2.41192
   2.00000    2.71375
   2.50000    3.02672
   3.00000    3.17852
   3.50000    3.25163
   4.00000    3.28186
   4.50000    3.32949
   5.00000    3.38072
   5.50000    3.42043
   6.00000    3.44476
   6.50000    3.46925
   7.00000    3.48860
   7.50000    3.50863
   8.00000    3.53700
   8.50000    3.56725
   9.00000    3.59435
   9.50000    3.61517
  10.00000    3.64034
  10.50000    3.65606
  11.00000    3.67739
  11.50000    3.68971
  12.00000    3.70135
  12.50000    3.73438
  13.00000    3.76285
  13.50000    3.77785
  14.00000    3.78904
  14.50000    3.80324
  15.00000    3.82017
  15.50000    3.83533
  16.00000    3.85441
  16.50000    3.86671
  17.00000    3.88827
  17.50000    3.91583
  18.00000    3.93411
  18.50000    3.94187
  19.00000    3.94605
  19.50000    3.96833
  20.00000    3.99547
  20.50000    4.02443
  21.00000    4.03540
  21.50000    4.05261
  22.00000    4.07749
  22.50000    4.14189
  23.00000    4.17146
  23.50000    4.21608
  24.00000    4.24920
  24.50000    4.26878
  25.00000    4.24619
  25.50000    4.22820
  26.00000    4.19435
  26.50000    4.17045
  27.00000    4.18631
  27.50000    4.22788
  28.00000    4.26614
  28.50000    4.30274
  29.00000    4.31170
  29.50000    4.29734
  30.00000    4.30248
  30.50000    4.32627
  31.00000    4.33753
  31.50000    4.34435
  32.00000    4.36372
  32.50000    4.39145
  33.00000    4.41419
  33.50000    4.43262
  34.00000    4.43015
  34.50000    4.42118
  35.00000    4.40865
  35.50000    4.41880
  36.00000    4.41939
  36.50000    4.41015
  37.00000    4.39134
  37.50000    4.39158
  38.00000    4.39491
  38.50000    4.38264
  39.00000    4.37861
  39.50000    4.38653
  40.00000    4.38650
  40.50000    4.38870
  41.00000    4.40018
  41.50000    4.41464
  42.00000    4.39720
  42.50000    4.39595
  43.00000    4.40633
  43.50000    4.41035
  44.00000    4.40965
  44.50000    4.43407
  45.00000    4.46230
  45.50000    4.48035
  46.00000    4.49755
  46.50000    4.51967
  47.00000    4.54568
  47.50000    4.54901
  48.00000    4.54971
  48.50000    4.53159
  49.00000    4.53390
  49.50000    4.52856
  50.00000    4.54255
  50.50000    4.55503
  51.00000    4.55618
  51.50000    4.55528
  52.00000    4.54228
  52.50000    4.54897
  53.00000    4.55616
  53.50000    4.57087
  54.00000    4.57597
  54.50000    4.56222
  55.00000    4.55255
  55.50000    4.54817
  56.00000    4.55758
  56.50000    4.54822
  57.00000    4.53485
  57.50000    4.54778
  58.00000    4.55635
  58.50000    4.56432
  59.00000    4.55562
  59.50000    4.55139
  60.00000    4.51876
  60.50000    4.51177
  61.00000    4.51712
  61.50000    4.52418
  62.00000    4.52008
  62.50000    4.52249
  63.00000    4.51335
  63.50000    4.51010
  64.00000    4.51662
  64.50000    4.51847
  65.00000    4.50571
  65.50000    4.49787
  66.00000    4.49821
  66.50000    4.50747
  67.00000    4.50831
  67.50000    4.49570
  68.00000    4.48146
  68.50000    4.47843
  69.00000    4.47182
  69.50000    4.46994
  70.00000    4.46758
  70.50000    4.45211
  71.00000    4.43024
  71.50000    4.42341
  72.00000    4.43303
  72.50000    4.43599
  73.00000    4.43414
  73.50000    4.41998
  74.00000    4.40881
  74.50000    4.41263
  75.00000    4.41820
  75.50000    4.41813
  76.00000    4.40616
  76.50000    4.39956
  77.00000    4.39086
  77.50000    4.39027
  78.00000    4.39261
  78.50000    4.38841
  79.00000    4.37601
  79.50000    4.36659
  80.00000    4.36286
  80.50000    4.36628
  81.00000    4.36777
  81.50000    4.36800
  82.00000    4.35823
  82.50000    4.35091
  83.00000    4.35079
  83.50000    4.35239
  84.00000    4.33826
  84.50000    4.32311
  85.00000    4.32358
  85.50000    4.31975
  86.00000    4.30289
  86.50000    4.29644
  87.00000    4.29850
  87.50000    4.30936
  88.00000    4.30052
  88.50000    4.29200
  89.00000    4.26970
  89.50000    4.28296
  90.00000    4.28808
  90.50000    4.29754
  91.00000    4.29018
  91.50000    4.28557
  92.00000    4.27762
  92.50000    4.26781
  93.00000    4.26415
  93.50000    4.25315
  94.00000    4.25164
  94.50000    4.24550
  95.00000    4.24424
  95.50000    4.23778
  96.00000    4.23334
  96.50000    4.23111
  97.00000    4.22814
  97.50000    4.22542
  98.00000    4.21280
  98.50000    4.21521
  99.00000    4.21649
  99.50000    4.22120
 100.00000    4.20958
 100.50000    4.20637
 101.00000    4.20055
 101.50000    4.20938
 102.00000    4.20494
 102.50000    4.20221
 103.00000    4.20477
 103.50000    4.19341
 104.00000    4.18000
 104.50000    4.18052
 105.00000    4.19539
 105.50000    4.19148
 106.00000    4.19385
 106.50000    4.18895
 107.00000    4.18356
 107.50000    4.17683
 108.00000    4.17767
 108.50000    4.17630
 109.00000    4.16328
 109.50000    4.15748
 110.00000    4.15433
 110.50000    4.16426
 111.00000    4.16682
 111.50000    4.16498
 112.00000    4.16394
 112.50000    4.17121
 113.00000    4.16727
 113.50000    4.15124
 114.00000    4.14286
 114.50000    4.15756
 115.00000    4.15321
 115.50000    4.15042
 116.00000    4.14788
 116.50000    4.14920
 117.00000    4.14599
 117.50000    4.15148
 118.00000    4.15439
 118.50000    4.15137
 119.00000    4.14208
 119.50000    4.16219
 120.00000    4.16339
 120.50000    4.16724
 121.00000    4.15487
 121.50000    4.16205
 122.00000    4.15109
 122.50000    4.15041
 123.00000    4.14143
 123.50000    4.15534
 124.00000    4.15186
 124.50000    4.14444
 125.00000    4.13035
 125.50000    4.14049
 126.00000    4.14919
 126.50000    4.15710
 127.00000    4.16039
 127.50000    4.14979
 128.00000    4.13577
 128.50000    4.13901
 129.00000    4.14405
 129.50000    4.14438
 130.00000    4.14190
 130.50000    4.14067
 131.00000    4.14191
 131.50000    4.14077
 132.00000    4.14284
 132.50000    4.13878
 133.00000    4.13591
 133.50000    4.13401
 134.00000    4.13502
 134.50000    4.14364
 135.00000    4.15313
 135.50000    4.14532
 136.00000    4.13897
 136.50000    4.14471
 137.00000    4.15298
 137.50000    4.13953
 138.00000    4.13272
 138.50000    4.14998
 139.00000    4.16291
 139.50000    4.16657
 140.00000    4.14545
 140.50000    4.14687
 141.00000    4.14984
 141.50000    4.16237
 142.00000    4.16298
 142.50000    4.16549
 143.00000    4.15727
 143.50000    4.15854
 144.00000    4.16801
 144.50000    4.16605
 145.00000    4.15871
 145.50000    4.16545
 146.00000    4.17870
 146.50000    4.17844
 147.00000    4.17683
 147.50000    4.18832
 148.00000    4.18667
 148.50000    4.18517
 149.00000    4.18092
 149.50000    4.19295
 150.00000    4.18592
