   0.00000    1.68056
   0.50000    2.52715
   1.00000    2.90745
   1.50000    3.06080
   2.00000    3.25906
   2.50000    3.41994
   3.00000    3.54908
   3.50000    3.56786
   4.00000    3.56286
   4.50000    3.55246
   5.00000    3.54776
   5.50000    3.54142
   6.00000    3.55579
   6.50000    3.55796
   7.00000    3.55380
   7.50000    3.55375
   8.00000    3.56102
   8.50000    3.56856
   9.00000    3.57552
   9.50000    3.58505
  10.00000    3.58071
  10.50000    3.57691
  11.00000    3.59026
  11.50000    3.60088
  12.00000    3.59974
  12.50000    3.59414
  13.00000    3.59591
  13.50000    3.61283
  14.00000    3.62659
  14.50000    3.62542
  15.00000    3.62433
  15.50000    3.63687
  16.00000    3.63709
  16.50000    3.63918
  17.00000    3.63328
  17.50000    3.65142
  18.00000    3.66016
  18.50000    3.66699
  19.00000    3.65323
  19.50000    3.65594
  20.00000    3.67075
  20.50000    3.67588
  21.00000    3.68019
  21.50000    3.69334
  22.00000    3.69889
  22.50000    3.69550
  23.00000    3.70056
  23.50000    3.71418
  24.00000    3.71360
  24.50000    3.70466
  25.00000    3.68914
  25.50000    3.68569
  26.00000    3.68734
  26.50000    3.69062
  27.00000    3.68708
  27.50000    3.68304
  28.00000    3.67901
  28.50000    3.68875
  29.00000    3.71411
  29.50000    3.72798
  30.00000    3.72686
  30.50000    3.73004
  31.00000    3.74649
  31.50000    3.77470
  32.00000    3.80971
  32.50000    3.83036
  33.00000    3.84042
  33.50000    3.86908
  34.00000    3.89751
  34.50000    3.90937
  35.00000    3.91791
  35.50000    3.94894
  36.00000    3.96641
  36.50000    3.95881
  37.00000    3.96645
  37.50000    3.99876
  38.00000    4.01677
  38.50000    3.99309
  39.00000    3.97816
  39.50000    3.99379
  40.00000    4.00714
  40.50000    4.00222
  41.00000    3.99967
  41.50000    3.99318
  42.00000    3.96505
  42.50000    3.93791
  43.00000    3.92747
  43.50000    3.92098
  44.00000    3.92153
  44.50000    3.92288
  45.00000    3.91225
  45.50000    3.89435
  46.00000    3.87832
  46.50000    3.87366
  47.00000    3.88909
  47.50000    3.94636
  48.00000    4.00406
  48.50000    4.05545
  49.00000    4.10569
  49.50000    4.16390
  50.00000    4.22858
  50.50000    4.27058
  51.00000    4.32085
  51.50000    4.35971
  52.00000    4.40440
  52.50000    4.41370
  53.00000    4.42790
  53.50000    4.43987
  54.00000    4.44945
  54.50000    4.46137
  55.00000    4.48322
  55.50000    4.50569
  56.00000    4.50623
  56.50000    4.50566
  57.00000    4.50623
  57.50000    4.52637
  58.00000    4.54652
  58.50000    4.56096
  59.00000    4.56433
  59.50000    4.55887
  60.00000    4.56851
  60.50000    4.57737
  61.00000    4.59373
  61.50000    4.59015
  62.00000    4.59482
  62.50000    4.59629
  63.00000    4.60966
  63.50000    4.61994
  64.00000    4.62034
  64.50000    4.62083
  65.00000    4.62453
  65.50000    4.63347
  66.00000    4.64774
  66.50000    4.66631
  67.00000    4.67527
  67.50000    4.67320
  68.00000    4.67695
  68.50000    4.68088
  69.00000    4.68577
  69.50000    4.68424
  70.00000    4.69478
  70.50000    4.70184
  71.00000    4.70796
  71.50000    4.69768
  72.00000    4.70228
  72.50000    4.71087
  73.00000    4.72002
  73.50000    4.71416
  74.00000    4.71084
  74.50000    4.71190
  75.00000    4.71925
  75.50000    4.72388
  76.00000    4.72741
  76.50000    4.75049
  77.00000    4.76850
  77.50000    4.75975
  78.00000    4.73738
  78.50000    4.74867
  79.00000    4.75564
  79.50000    4.75304
  80.00000    4.74368
  80.50000    4.75365
  81.00000    4.75340
  81.50000    4.76053
  82.00000    4.77081
  82.50000    4.77497
  83.00000    4.77466
  83.50000    4.77426
  84.00000    4.77973
  84.50000    4.78044
  85.00000    4.78037
  85.50000    4.77086
  86.00000    4.77330
  86.50000    4.77401
  87.00000    4.76484
  87.50000    4.76168
  88.00000    4.77585
  88.50000    4.77943
  89.00000    4.77209
  89.50000    4.76996
  90.00000    4.77160
  90.50000    4.76769
  91.00000    4.76060
  91.50000    4.76228
  92.00000    4.77546
  92.50000    4.78650
  93.00000    4.78415
  93.50000    4.77924
  94.00000    4.77286
  94.50000    4.77345
  95.00000    4.76899
  95.50000    4.76936
  96.00000    4.77787
  96.50000    4.79272
  97.00000    4.78738
  97.50000    4.77184
  98.00000    4.75786
  98.50000    4.75785
  99.00000    4.75885
  99.50000    4.76299
 100.00000    4.76706
 100.50000    4.76237
 101.00000    4.76478
 101.50000    4.75828
 102.00000    4.75283
 102.50000    4.74453
 103.00000    4.74881
 103.50000    4.74803
 104.00000    4.74767
 104.50000    4.75718
 105.00000    4.75095
 105.50000    4.74237
 106.00000    4.73690
 106.50000    4.73599
 107.00000    4.73005
 107.50000    4.74074
 108.00000    4.74334
 108.50000    4.73363
 109.00000    4.72117
 109.50000    4.72443
 110.00000    4.73106
 110.50000    4.73392
 111.00000    4.72760
 111.50000    4.71690
 112.00000    4.71650
 112.50000    4.71454
 113.00000    4.71143
 113.50000    4.71269
 114.00000    4.72210
 114.50000    4.71080
 115.00000    4.70573
 115.50000    4.71294
 116.00000    4.70542
 116.50000    4.69553
 117.00000    4.68319
 117.50000    4.69592
 118.00000    4.70286
 118.50000    4.71131
 119.00000    4.70689
 119.50000    4.69725
 120.00000    4.68555
 120.50000    4.67896
 121.00000    4.68421
 121.50000    4.68086
 122.00000    4.67717
 122.50000    4.67355
 123.00000    4.66307
 123.50000    4.65697
 124.00000    4.66558
 124.50000    4.67077
 125.00000    4.66633
 125.50000    4.65795
 126.00000    4.66405
 126.50000    4.67292
 127.00000    4.66699
 127.50000    4.65252
 128.00000    4.64440
 128.50000    4.65315
 129.00000    4.65052
 129.50000    4.64669
 130.00000    4.63923
 130.50000    4.63755
 131.00000    4.63871
 131.50000    4.63326
 132.00000    4.63679
 132.50000    4.62744
 133.00000    4.62066
 133.50000    4.61849
 134.00000    4.61407
 134.50000    4.60840
 135.00000    4.60761
 135.50000    4.60824
 136.00000    4.59906
 136.50000    4.58923
 137.00000    4.59650
 137.50000    4.60327
 138.00000    4.61151
 138.50000    4.59985
 139.00000    4.58827
 139.50000    4.58886
 140.00000    4.58792
 140.50000    4.58551
 141.00000    4.56615
 141.50000    4.57204
 142.00000    4.57706
 142.50000    4.59267
 143.00000    4.58718
 143.50000    4.58151
 144.00000    4.56332
 144.50000    4.55030
 145.00000    4.54884
 145.50000    4.54888
 146.00000    4.55202
 146.50000    4.57152
 147.00000    4.57111
 147.50000    4.56001
 148.00000    4.55264
 148.50000    4.56415
 149.00000    4.55570
 149.50000    4.53969
 150.00000    4.52323
