   0.00000    1.61965
   0.50000    2.44426
   1.00000    2.84648
   1.50000    3.02652
   2.00000    3.25247
   2.50000    3.36876
   3.00000    3.44910
   3.50000    3.46627
   4.00000    3.53570
   4.50000    3.59974
   5.00000    3.62220
   5.50000    3.62178
   6.00000    3.62900
   6.50000    3.63482
   7.00000    3.62588
   7.50000    3.63090
   8.00000    3.64386
   8.50000    3.64292
   9.00000    3.64635
   9.50000    3.65702
  10.00000    3.65197
  10.50000    3.63809
  11.00000    3.64379
  11.50000    3.65924
  12.00000    3.65178
  12.50000    3.64703
  13.00000    3.64036
  13.50000    3.65811
  14.00000    3.65921
  14.50000    3.65815
  15.00000    3.65163
  15.50000    3.66361
  16.00000    3.66171
  16.50000    3.65489
  17.00000    3.64371
  17.50000    3.65787
  18.00000    3.66876
  18.50000    3.66744
  19.00000    3.65459
  19.50000    3.65129
  20.00000    3.66388
  20.50000    3.66205
  21.00000    3.66280
  21.50000    3.67506
  22.00000    3.67519
  22.50000    3.66733
  23.00000    3.66633
  23.50000    3.68279
  24.00000    3.68312
  24.50000    3.67437
  25.00000    3.65606
  25.50000    3.64549
  26.00000    3.64335
  26.50000    3.63911
  27.00000    3.64078
  27.50000    3.64659
  28.00000    3.64431
  28.50000    3.65311
  29.00000    3.67469
  29.50000    3.69044
  30.00000    3.67682
  30.50000    3.67562
  31.00000    3.69748
  31.50000    3.72888
  32.00000    3.74688
  32.50000    3.75489
  33.00000    3.75620
  33.50000    3.78163
  34.00000    3.80319
  34.50000    3.82262
  35.00000    3.83552
  35.50000    3.87633
  36.00000    3.88965
  36.50000    3.88829
  37.00000    3.90366
  37.50000    3.93584
  38.00000    3.94565
  38.50000    3.93747
  39.00000    3.94470
  39.50000    3.96724
  40.00000    3.98251
  40.50000    3.99361
  41.00000    4.00883
  41.50000    4.02377
  42.00000    4.02277
  42.50000    4.01810
  43.00000    4.02401
  43.50000    4.03692
  44.00000    4.06023
  44.50000    4.08666
  45.00000    4.10961
  45.50000    4.11252
  46.00000    4.10687
  46.50000    4.10775
  47.00000    4.13050
  47.50000    4.16678
  48.00000    4.19975
  48.50000    4.23536
  49.00000    4.28098
  49.50000    4.33963
  50.00000    4.39695
  50.50000    4.43422
  51.00000    4.46411
  51.50000    4.48035
  52.00000    4.49157
  52.50000    4.48493
  53.00000    4.49494
  53.50000    4.50278
  54.00000    4.50492
  54.50000    4.50536
  55.00000    4.52502
  55.50000    4.54923
  56.00000    4.55227
  56.50000    4.54779
  57.00000    4.54342
  57.50000    4.55565
  58.00000    4.56727
  58.50000    4.57629
  59.00000    4.57881
  59.50000    4.57126
  60.00000    4.57689
  60.50000    4.57608
  61.00000    4.58260
  61.50000    4.56922
  62.00000    4.57190
  62.50000    4.57478
  63.00000    4.57832
  63.50000    4.57937
  64.00000    4.57379
  64.50000    4.57443
  65.00000    4.57782
  65.50000    4.58168
  66.00000    4.58669
  66.50000    4.59481
  67.00000    4.60508
  67.50000    4.60452
  68.00000    4.60543
  68.50000    4.60623
  69.00000    4.60642
  69.50000    4.61402
  70.00000    4.61719
  70.50000    4.61383
  71.00000    4.61238
  71.50000    4.60730
  72.00000    4.61208
  72.50000    4.61581
  73.00000    4.62455
  73.50000    4.61164
  74.00000    4.61282
  74.50000    4.61780
  75.00000    4.62402
  75.50000    4.61622
  76.00000    4.61568
  76.50000    4.63183
  77.00000    4.64738
  77.50000    4.64614
  78.00000    4.62894
  78.50000    4.63294
  79.00000    4.63448
  79.50000    4.63649
  80.00000    4.62627
  80.50000    4.63039
  81.00000    4.63106
  81.50000    4.64026
  82.00000    4.64687
  82.50000    4.64546
  83.00000    4.64878
  83.50000    4.64782
  84.00000    4.64998
  84.50000    4.64720
  85.00000    4.64787
  85.50000    4.64079
  86.00000    4.63896
  86.50000    4.63777
  87.00000    4.62877
  87.50000    4.62980
  88.00000    4.63631
  88.50000    4.64023
  89.00000    4.63888
  89.50000    4.64398
  90.00000    4.63697
  90.50000    4.63681
  91.00000    4.63320
  91.50000    4.63792
  92.00000    4.64192
  92.50000    4.65534
  93.00000    4.65103
  93.50000    4.64747
  94.00000    4.64260
  94.50000    4.64615
  95.00000    4.63879
  95.50000    4.64196
  96.00000    4.65577
  96.50000    4.66836
  97.00000    4.66009
  97.50000    4.63964
  98.00000    4.62817
  98.50000    4.63700
  99.00000    4.64811
  99.50000    4.64689
 100.00000    4.64258
 100.50000    4.63966
 101.00000    4.64267
 101.50000    4.63640
 102.00000    4.63261
 102.50000    4.63198
 103.00000    4.63721
 103.50000    4.63575
 104.00000    4.63390
 104.50000    4.64530
 105.00000    4.64130
 105.50000    4.63208
 106.00000    4.62301
 106.50000    4.62715
 107.00000    4.62236
 107.50000    4.63436
 108.00000    4.63263
 108.50000    4.62707
 109.00000    4.62353
 109.50000    4.63124
 110.00000    4.63507
 110.50000    4.63315
 111.00000    4.63517
 111.50000    4.62618
 112.00000    4.62684
 112.50000    4.62109
 113.00000    4.61968
 113.50000    4.62142
 114.00000    4.63353
 114.50000    4.62172
 115.00000    4.61656
 115.50000    4.62570
 116.00000    4.62472
 116.50000    4.61836
 117.00000    4.61219
 117.50000    4.62533
 118.00000    4.62951
 118.50000    4.63468
 119.00000    4.63601
 119.50000    4.63029
 120.00000    4.61528
 120.50000    4.60961
 121.00000    4.62401
 121.50000    4.63030
 122.00000    4.61826
 122.50000    4.60360
 123.00000    4.59439
 123.50000    4.60011
 124.00000    4.61527
 124.50000    4.62361
 125.00000    4.61330
 125.50000    4.60531
 126.00000    4.61300
 126.50000    4.62523
 127.00000    4.61811
 127.50000    4.60840
 128.00000    4.60487
 128.50000    4.61381
 129.00000    4.60924
 129.50000    4.60435
 130.00000    4.60147
 130.50000    4.60314
 131.00000    4.60673
 131.50000    4.60084
 132.00000    4.60549
 132.50000    4.59170
 133.00000    4.58922
 133.50000    4.59411
 134.00000    4.59342
 134.50000    4.58351
 135.00000    4.58727
 135.50000    4.59315
 136.00000    4.58334
 136.50000    4.57439
 137.00000    4.58032
 137.50000    4.59036
 138.00000    4.60073
 138.50000    4.59511
 139.00000    4.57624
 139.50000    4.57552
 140.00000    4.57354
 140.50000    4.57762
 141.00000    4.56252
 141.50000    4.57001
 142.00000    4.56777
 142.50000    4.58577
 143.00000    4.58011
 143.50000    4.57527
 144.00000    4.55716
 144.50000    4.55331
 145.00000    4.56227
 145.50000    4.57047
 146.00000    4.57413
 146.50000    4.58343
 147.00000    4.57620
 147.50000    4.57008
 148.00000    4.56463
 148.50000    4.57345
 149.00000    4.56003
 149.50000    4.55271
 150.00000    4.55212
