   0.00000    1.21927
   0.50000    2.02875
   1.00000    2.68227
   1.50000    3.04890
   2.00000    3.13906
   2.50000    3.17718
   3.00000    3.20781
   3.50000    3.23589
   4.00000    3.25678
   4.50000    3.29393
   5.00000    3.32134
   5.50000    3.34714
   6.00000    3.35823
   6.50000    3.38329
   7.00000    3.40076
   7.50000    3.42123
   8.00000    3.43632
   8.50000    3.44248
   9.00000    3.45393
   9.50000    3.46572
  10.00000    3.47281
  10.50000    3.47083
  11.00000    3.47810
  11.50000    3.49133
  12.00000    3.50288
  12.50000    3.51124
  13.00000    3.51221
  13.50000    3.50974
  14.00000    3.51506
  14.50000    3.52936
  15.00000    3.52881
  15.50000    3.54010
  16.00000    3.54679
  16.50000    3.55155
  17.00000    3.54181
  17.50000    3.54696
  18.00000    3.55833
  18.50000    3.57400
  19.00000    3.58058
  19.50000    3.58674
  20.00000    3.60012
  20.50000    3.60594
  21.00000    3.61506
  21.50000    3.62990
  22.00000    3.64828
  22.50000    3.65527
  23.00000    3.67971
  23.50000    3.71254
  24.00000    3.73873
  24.50000    3.75353
  25.00000    3.79338
  25.50000    3.81912
  26.00000    3.86258
  26.50000    3.92218
  27.00000    4.02984
  27.50000    4.12402
  28.00000    4.21264
  28.50000    4.26788
  29.00000    4.29010
  29.50000    4.30048
  30.00000    4.31208
  30.50000    4.31692
  31.00000    4.30880
  31.50000    4.30926
  32.00000    4.32631
  32.50000    4.34353
  33.00000    4.35512
  33.50000    4.36919
  34.00000    4.37551
  34.50000    4.37478
  35.00000    4.37105
  35.50000    4.37933
  36.00000    4.37716
  36.50000    4.36223
  37.00000    4.35284
  37.50000    4.33063
  38.00000    4.31172
  38.50000    4.29951
  39.00000    4.31140
  39.50000    4.31755
  40.00000    4.31818
  40.50000    4.32154
  41.00000    4.32323
  41.50000    4.33366
  42.00000    4.32929
  42.50000    4.32868
  43.00000    4.34461
  43.50000    4.36090
  44.00000    4.37017
  44.50000    4.36227
  45.00000    4.36621
  45.50000    4.37648
  46.00000    4.39518
  46.50000    4.39984
  47.00000    4.39672
  47.50000    4.40257
  48.00000    4.42013
  48.50000    4.44562
  49.00000    4.45423
  49.50000    4.45451
  50.00000    4.44890
  50.50000    4.45517
  51.00000    4.45441
  51.50000    4.45383
  52.00000    4.44430
  52.50000    4.43671
  53.00000    4.42332
  53.50000    4.41499
  54.00000    4.41288
  54.50000    4.42072
  55.00000    4.42126
  55.50000    4.41620
  56.00000    4.41049
  56.50000    4.41003
  57.00000    4.40447
  57.50000    4.40121
  58.00000    4.39615
  58.50000    4.38362
  59.00000    4.37393
  59.50000    4.37336
  60.00000    4.37251
  60.50000    4.36270
  61.00000    4.35508
  61.50000    4.35576
  62.00000    4.35418
  62.50000    4.35484
  63.00000    4.35204
  63.50000    4.35470
  64.00000    4.35422
  64.50000    4.34959
  65.00000    4.34327
  65.50000    4.34177
  66.00000    4.35501
  66.50000    4.35179
  67.00000    4.34321
  67.50000    4.33533
  68.00000    4.34338
  68.50000    4.34190
  69.00000    4.34136
  69.50000    4.33867
  70.00000    4.33283
  70.50000    4.32783
  71.00000    4.32401
  71.50000    4.32494
  72.00000    4.32454
  72.50000    4.33159
  73.00000    4.33636
  73.50000    4.34341
  74.00000    4.34445
  74.50000    4.34024
  75.00000    4.34070
  75.50000    4.34978
  76.00000    4.34718
  76.50000    4.34535
  77.00000    4.34986
  77.50000    4.35326
  78.00000    4.34836
  78.50000    4.34838
  79.00000    4.34802
  79.50000    4.34629
  80.00000    4.34989
  80.50000    4.34202
  81.00000    4.34230
  81.50000    4.34253
  82.00000    4.35550
  82.50000    4.35216
  83.00000    4.35829
  83.50000    4.35470
  84.00000    4.35870
  84.50000    4.35526
  85.00000    4.35805
  85.50000    4.35939
  86.00000    4.35775
  86.50000    4.35919
  87.00000    4.36439
  87.50000    4.36968
  88.00000    4.37008
  88.50000    4.37512
  89.00000    4.37510
  89.50000    4.36719
  90.00000    4.35919
  90.50000    4.35136
  91.00000    4.35833
  91.50000    4.35370
  92.00000    4.35541
  92.50000    4.35136
  93.00000    4.35705
  93.50000    4.35728
  94.00000    4.35912
  94.50000    4.36005
  95.00000    4.36128
  95.50000    4.36635
  96.00000    4.36592
  96.50000    4.36138
  97.00000    4.36091
  97.50000    4.36216
  98.00000    4.36085
  98.50000    4.35033
  99.00000    4.34933
  99.50000    4.35146
 100.00000    4.35286
 100.50000    4.35461
 101.00000    4.35496
 101.50000    4.35242
 102.00000    4.34676
 102.50000    4.34101
 103.00000    4.34398
 103.50000    4.34383
 104.00000    4.34549
 104.50000    4.34506
 105.00000    4.35100
 105.50000    4.34266
 106.00000    4.33068
 106.50000    4.33447
 107.00000    4.34100
 107.50000    4.34300
 108.00000    4.33981
 108.50000    4.34509
 109.00000    4.34507
 109.50000    4.34709
 110.00000    4.34512
 110.50000    4.34668
 111.00000    4.34106
 111.50000    4.34222
 112.00000    4.33102
 112.50000    4.33161
 113.00000    4.33076
 113.50000    4.33544
 114.00000    4.32676
 114.50000    4.32163
 115.00000    4.32268
 115.50000    4.32694
 116.00000    4.32360
 116.50000    4.32368
 117.00000    4.32677
 117.50000    4.32595
 118.00000    4.32275
 118.50000    4.32875
 119.00000    4.33504
 119.50000    4.32684
 120.00000    4.31518
 120.50000    4.31097
 121.00000    4.32180
 121.50000    4.32644
 122.00000    4.31998
 122.50000    4.31553
 123.00000    4.31229
 123.50000    4.31703
 124.00000    4.30976
 124.50000    4.30882
 125.00000    4.30709
 125.50000    4.30931
 126.00000    4.31014
 126.50000    4.30561
 127.00000    4.30080
 127.50000    4.29679
 128.00000    4.30229
 128.50000    4.30267
 129.00000    4.29612
 129.50000    4.29923
 130.00000    4.29939
 130.50000    4.29897
 131.00000    4.28708
 131.50000    4.28664
 132.00000    4.28207
 132.50000    4.28866
 133.00000    4.29329
 133.50000    4.30279
 134.00000    4.30136
 134.50000    4.30025
 135.00000    4.29403
 135.50000    4.29235
 136.00000    4.28615
 136.50000    4.28026
 137.00000    4.27564
 137.50000    4.27460
 138.00000    4.27644
 138.50000    4.28082
 139.00000    4.28588
 139.50000    4.29087
 140.00000    4.29323
 140.50000    4.28948
 141.00000    4.28172
 141.50000    4.28391
 142.00000    4.28587
 142.50000    4.28797
 143.00000    4.27908
 143.50000    4.27988
 144.00000    4.28300
 144.50000    4.28492
 145.00000    4.28424
 145.50000    4.28733
 146.00000    4.28788
 146.50000    4.29079
 147.00000    4.28980
 147.50000    4.28593
 148.00000    4.28228
 148.50000    4.29270
 149.00000    4.29373
 149.50000    4.29271
 150.00000    4.29442
