   0.00000    1.63804
   0.50000    2.37472
   1.00000    2.86453
   1.50000    3.12747
   2.00000    3.29816
   2.50000    3.38003
   3.00000    3.46056
   3.50000    3.51528
   4.00000    3.57961
   4.50000    3.61359
   5.00000    3.62263
   5.50000    3.61966
   6.00000    3.62374
   6.50000    3.62728
   7.00000    3.62723
   7.50000    3.63049
   8.00000    3.63836
   8.50000    3.65014
   9.00000    3.65499
   9.50000    3.66480
  10.00000    3.66290
  10.50000    3.66751
  11.00000    3.67285
  11.50000    3.68668
  12.00000    3.68226
  12.50000    3.68781
  13.00000    3.68774
  13.50000    3.69271
  14.00000    3.69983
  14.50000    3.69581
  15.00000    3.70247
  15.50000    3.71385
  16.00000    3.72760
  16.50000    3.72237
  17.00000    3.71441
  17.50000    3.72236
  18.00000    3.72656
  18.50000    3.73591
  19.00000    3.72589
  19.50000    3.72273
  20.00000    3.73761
  20.50000    3.74690
  21.00000    3.75123
  21.50000    3.74929
  22.00000    3.74015
  22.50000    3.72730
  23.00000    3.72703
  23.50000    3.74528
  24.00000    3.75757
  24.50000    3.75195
  25.00000    3.72627
  25.50000    3.71967
  26.00000    3.72066
  26.50000    3.71423
  27.00000    3.71657
  27.50000    3.71262
  28.00000    3.70215
  28.50000    3.70200
  29.00000    3.72859
  29.50000    3.72068
  30.00000    3.72365
  30.50000    3.72646
  31.00000    3.73659
  31.50000    3.72293
  32.00000    3.73246
  32.50000    3.73831
  33.00000    3.73230
  33.50000    3.74350
  34.00000    3.74218
  34.50000    3.72992
  35.00000    3.71977
  35.50000    3.74040
  36.00000    3.75224
  36.50000    3.74824
  37.00000    3.75223
  37.50000    3.75484
  38.00000    3.74312
  38.50000    3.72447
  39.00000    3.70359
  39.50000    3.72146
  40.00000    3.73473
  40.50000    3.74821
  41.00000    3.73187
  41.50000    3.74178
  42.00000    3.74850
  42.50000    3.75614
  43.00000    3.76416
  43.50000    3.78835
  44.00000    3.81626
  44.50000    3.83354
  45.00000    3.85317
  45.50000    3.86138
  46.00000    3.86695
  46.50000    3.87073
  47.00000    3.89572
  47.50000    3.91268
  48.00000    3.95198
  48.50000    4.00294
  49.00000    4.04878
  49.50000    4.09308
  50.00000    4.16472
  50.50000    4.24066
  51.00000    4.28775
  51.50000    4.31632
  52.00000    4.34986
  52.50000    4.38436
  53.00000    4.43125
  53.50000    4.44744
  54.00000    4.45752
  54.50000    4.45630
  55.00000    4.47619
  55.50000    4.49268
  56.00000    4.51083
  56.50000    4.51431
  57.00000    4.53394
  57.50000    4.55501
  58.00000    4.56548
  58.50000    4.55996
  59.00000    4.56779
  59.50000    4.58213
  60.00000    4.58903
  60.50000    4.59002
  61.00000    4.59047
  61.50000    4.59534
  62.00000    4.60906
  62.50000    4.62308
  63.00000    4.62907
  63.50000    4.63161
  64.00000    4.62845
  64.50000    4.63226
  65.00000    4.64142
  65.50000    4.65239
  66.00000    4.65236
  66.50000    4.65534
  67.00000    4.66360
  67.50000    4.66483
  68.00000    4.66348
  68.50000    4.66816
  69.00000    4.67426
  69.50000    4.67481
  70.00000    4.68301
  70.50000    4.68594
  71.00000    4.67604
  71.50000    4.66825
  72.00000    4.67233
  72.50000    4.67915
  73.00000    4.67751
  73.50000    4.67380
  74.00000    4.67130
  74.50000    4.67828
  75.00000    4.67792
  75.50000    4.67534
  76.00000    4.67987
  76.50000    4.68938
  77.00000    4.69395
  77.50000    4.69073
  78.00000    4.68439
  78.50000    4.68614
  79.00000    4.69014
  79.50000    4.67177
  80.00000    4.65962
  80.50000    4.66385
  81.00000    4.67773
  81.50000    4.67729
  82.00000    4.68704
  82.50000    4.67914
  83.00000    4.66651
  83.50000    4.65422
  84.00000    4.66868
  84.50000    4.66780
  85.00000    4.66819
  85.50000    4.66555
  86.00000    4.66400
  86.50000    4.65052
  87.00000    4.63588
  87.50000    4.64599
  88.00000    4.64472
  88.50000    4.64818
  89.00000    4.63838
  89.50000    4.65608
  90.00000    4.64994
  90.50000    4.64269
  91.00000    4.62983
  91.50000    4.63544
  92.00000    4.64429
  92.50000    4.65366
  93.00000    4.64831
  93.50000    4.63350
  94.00000    4.62587
  94.50000    4.63092
  95.00000    4.62600
  95.50000    4.61977
  96.00000    4.62380
  96.50000    4.63430
  97.00000    4.62916
  97.50000    4.61676
  98.00000    4.60031
  98.50000    4.60742
  99.00000    4.60925
  99.50000    4.60445
 100.00000    4.59050
 100.50000    4.59180
 101.00000    4.60225
 101.50000    4.60236
 102.00000    4.59706
 102.50000    4.57807
 103.00000    4.58106
 103.50000    4.57553
 104.00000    4.57747
 104.50000    4.57730
 105.00000    4.57867
 105.50000    4.57021
 106.00000    4.56543
 106.50000    4.56763
 107.00000    4.56277
 107.50000    4.57134
 108.00000    4.56995
 108.50000    4.55809
 109.00000    4.55075
 109.50000    4.55257
 110.00000    4.55881
 110.50000    4.54835
 111.00000    4.55319
 111.50000    4.55256
 112.00000    4.56282
 112.50000    4.54951
 113.00000    4.54803
 113.50000    4.54163
 114.00000    4.54354
 114.50000    4.53043
 115.00000    4.52674
 115.50000    4.52733
 116.00000    4.52901
 116.50000    4.53305
 117.00000    4.53792
 117.50000    4.53916
 118.00000    4.53060
 118.50000    4.52329
 119.00000    4.53014
 119.50000    4.53316
 120.00000    4.53329
 120.50000    4.52289
 121.00000    4.52143
 121.50000    4.51780
 122.00000    4.51557
 122.50000    4.50673
 123.00000    4.50203
 123.50000    4.50600
 124.00000    4.51116
 124.50000    4.50331
 125.00000    4.50287
 125.50000    4.50708
 126.00000    4.51335
 126.50000    4.51051
 127.00000    4.51144
 127.50000    4.51038
 128.00000    4.50969
 128.50000    4.50934
 129.00000    4.50075
 129.50000    4.50398
 130.00000    4.50601
 130.50000    4.50293
 131.00000    4.49591
 131.50000    4.49831
 132.00000    4.50809
 132.50000    4.49922
 133.00000    4.48289
 133.50000    4.47544
 134.00000    4.48040
 134.50000    4.48076
 135.00000    4.47374
 135.50000    4.47443
 136.00000    4.47769
 136.50000    4.47648
 137.00000    4.47358
 137.50000    4.47281
 138.00000    4.48492
 138.50000    4.48586
 139.00000    4.47988
 139.50000    4.47436
 140.00000    4.47218
 140.50000    4.46865
 141.00000    4.46338
 141.50000    4.47010
 142.00000    4.46889
 142.50000    4.47156
 143.00000    4.46196
 143.50000    4.46696
 144.00000    4.46947
 144.50000    4.46299
 145.00000    4.45845
 145.50000    4.45899
 146.00000    4.46263
 146.50000    4.46939
 147.00000    4.47344
 147.50000    4.47108
 148.00000    4.45472
 148.50000    4.45957
 149.00000    4.45656
 149.50000    4.46069
 150.00000    4.45347
