   0.00000    0.91293
   0.50000    1.82828
   1.00000    2.61697
   1.50000    3.11994
   2.00000    3.38590
   2.50000    3.34977
   3.00000    3.32873
   3.50000    3.31904
   4.00000    3.38931
   4.50000    3.48128
   5.00000    3.55019
   5.50000    3.57933
   6.00000    3.59021
   6.50000    3.61136
   7.00000    3.63057
   7.50000    3.65978
   8.00000    3.67353
   8.50000    3.68104
   9.00000    3.68499
   9.50000    3.68653
  10.00000    3.68845
  10.50000    3.68569
  11.00000    3.69444
  11.50000    3.70991
  12.00000    3.70870
  12.50000    3.70221
  13.00000    3.69218
  13.50000    3.69579
  14.00000    3.70546
  14.50000    3.71609
  15.00000    3.71506
  15.50000    3.70589
  16.00000    3.69629
  16.50000    3.69925
  17.00000    3.69981
  17.50000    3.70077
  18.00000    3.70086
  18.50000    3.70452
  19.00000    3.69189
  19.50000    3.68796
  20.00000    3.69473
  20.50000    3.70015
  21.00000    3.69386
  21.50000    3.70431
  22.00000    3.70928
  22.50000    3.69824
  23.00000    3.67840
  23.50000    3.68372
  24.00000    3.69022
  24.50000    3.66609
  25.00000    3.63751
  25.50000    3.62409
  26.00000    3.62899
  26.50000    3.64861
  27.00000    3.69929
  27.50000    3.74938
  28.00000    3.80550
  28.50000    3.86351
  29.00000    3.89812
  29.50000    3.91192
  30.00000    3.91189
  30.50000    3.93010
  31.00000    3.95099
  31.50000    3.98218
  32.00000    4.00885
  32.50000    4.03376
  33.00000    4.06523
  33.50000    4.10092
  34.00000    4.14777
  34.50000    4.20244
  35.00000    4.26734
  35.50000    4.32026
  36.00000    4.34024
  36.50000    4.35062
  37.00000    4.36038
  37.50000    4.36400
  38.00000    4.36709
  38.50000    4.37034
  39.00000    4.38359
  39.50000    4.39537
  40.00000    4.39794
  40.50000    4.38933
  41.00000    4.38768
  41.50000    4.39154
  42.00000    4.38160
  42.50000    4.36711
  43.00000    4.36862
  43.50000    4.38117
  44.00000    4.38809
  44.50000    4.38979
  45.00000    4.39791
  45.50000    4.41214
  46.00000    4.42154
  46.50000    4.44517
  47.00000    4.46873
  47.50000    4.49343
  48.00000    4.49771
  48.50000    4.50276
  49.00000    4.50323
  49.50000    4.51142
  50.00000    4.51284
  50.50000    4.50283
  51.00000    4.49938
  51.50000    4.49902
  52.00000    4.48828
  52.50000    4.45472
  53.00000    4.43741
  53.50000    4.42987
  54.00000    4.41832
  54.50000    4.40732
  55.00000    4.40452
  55.50000    4.40320
  56.00000    4.39928
  56.50000    4.40026
  57.00000    4.39707
  57.50000    4.39176
  58.00000    4.38380
  58.50000    4.37403
  59.00000    4.36498
  59.50000    4.35623
  60.00000    4.35298
  60.50000    4.34145
  61.00000    4.33416
  61.50000    4.32392
  62.00000    4.32538
  62.50000    4.32204
  63.00000    4.30624
  63.50000    4.30265
  64.00000    4.30865
  64.50000    4.31897
  65.00000    4.31118
  65.50000    4.30125
  66.00000    4.29164
  66.50000    4.28195
  67.00000    4.29034
  67.50000    4.29631
  68.00000    4.29807
  68.50000    4.27198
  69.00000    4.25596
  69.50000    4.25421
  70.00000    4.26515
  70.50000    4.26150
  71.00000    4.26284
  71.50000    4.25938
  72.00000    4.26118
  72.50000    4.26099
  73.00000    4.25979
  73.50000    4.25001
  74.00000    4.25827
  74.50000    4.25519
  75.00000    4.25377
  75.50000    4.26636
  76.00000    4.27919
  76.50000    4.27427
  77.00000    4.26433
  77.50000    4.26302
  78.00000    4.25318
  78.50000    4.24882
  79.00000    4.24981
  79.50000    4.24666
  80.00000    4.24712
  80.50000    4.23951
  81.00000    4.23797
  81.50000    4.24245
  82.00000    4.24524
  82.50000    4.24341
  83.00000    4.23727
  83.50000    4.23680
  84.00000    4.24878
  84.50000    4.25264
  85.00000    4.24496
  85.50000    4.23555
  86.00000    4.24613
  86.50000    4.24739
  87.00000    4.24011
  87.50000    4.23960
  88.00000    4.23782
  88.50000    4.23838
  89.00000    4.23159
  89.50000    4.23603
  90.00000    4.22985
  90.50000    4.22935
  91.00000    4.22332
  91.50000    4.22579
  92.00000    4.23124
  92.50000    4.23068
  93.00000    4.22311
  93.50000    4.21928
  94.00000    4.22690
  94.50000    4.23410
  95.00000    4.23359
  95.50000    4.24201
  96.00000    4.24848
  96.50000    4.26251
  97.00000    4.25811
  97.50000    4.24889
  98.00000    4.22860
  98.50000    4.22742
  99.00000    4.23130
  99.50000    4.23441
 100.00000    4.24053
 100.50000    4.25302
 101.00000    4.24680
 101.50000    4.23952
 102.00000    4.23527
 102.50000    4.23985
 103.00000    4.23348
 103.50000    4.23448
 104.00000    4.23884
 104.50000    4.25057
 105.00000    4.24793
 105.50000    4.23164
 106.00000    4.22274
 106.50000    4.22843
 107.00000    4.23544
 107.50000    4.24649
 108.00000    4.24658
 108.50000    4.24353
 109.00000    4.23801
 109.50000    4.24088
 110.00000    4.24344
 110.50000    4.24764
 111.00000    4.24633
 111.50000    4.24134
 112.00000    4.24270
 112.50000    4.24734
 113.00000    4.24668
 113.50000    4.25663
 114.00000    4.25657
 114.50000    4.25215
 115.00000    4.25311
 115.50000    4.25713
 116.00000    4.24881
 116.50000    4.25224
 117.00000    4.25310
 117.50000    4.25526
 118.00000    4.25347
 118.50000    4.27020
 119.00000    4.26347
 119.50000    4.26328
 120.00000    4.25542
 120.50000    4.26181
 121.00000    4.26187
 121.50000    4.26044
 122.00000    4.26101
 122.50000    4.26165
 123.00000    4.25449
 123.50000    4.25053
 124.00000    4.25299
 124.50000    4.26729
 125.00000    4.26662
 125.50000    4.26793
 126.00000    4.27782
 126.50000    4.28887
 127.00000    4.28175
 127.50000    4.27196
 128.00000    4.27338
 128.50000    4.27365
 129.00000    4.27452
 129.50000    4.28966
 130.00000    4.29510
 130.50000    4.29768
 131.00000    4.28520
 131.50000    4.27936
 132.00000    4.28292
 132.50000    4.28296
 133.00000    4.27675
 133.50000    4.29199
 134.00000    4.30019
 134.50000    4.30113
 135.00000    4.28591
 135.50000    4.29355
 136.00000    4.29355
 136.50000    4.29510
 137.00000    4.28957
 137.50000    4.29632
 138.00000    4.30506
 138.50000    4.30650
 139.00000    4.30068
 139.50000    4.30809
 140.00000    4.31465
 140.50000    4.31606
 141.00000    4.29965
 141.50000    4.30402
 142.00000    4.30979
 142.50000    4.31846
 143.00000    4.31564
 143.50000    4.31946
 144.00000    4.31670
 144.50000    4.31939
 145.00000    4.32212
 145.50000    4.31982
 146.00000    4.32241
 146.50000    4.33126
 147.00000    4.33500
 147.50000    4.34191
 148.00000    4.33688
 148.50000    4.34309
 149.00000    4.33533
 149.50000    4.33526
 150.00000    4.33164
