   0.00000    1.57072
   0.50000    1.81275
   1.00000    2.24722
   1.50000    2.64824
   2.00000    2.90726
   2.50000    3.00645
   3.00000    3.04527
   3.50000    3.07110
   4.00000    3.12303
   4.50000    3.16901
   5.00000    3.19568
   5.50000    3.21378
   6.00000    3.23239
   6.50000    3.25548
   7.00000    3.27636
   7.50000    3.28993
   8.00000    3.29884
   8.50000    3.32062
   9.00000    3.34871
   9.50000    3.35596
  10.00000    3.35186
  10.50000    3.36242
  11.00000    3.38801
  11.50000    3.40224
  12.00000    3.41447
  12.50000    3.42182
  13.00000    3.42382
  13.50000    3.43132
  14.00000    3.45350
  14.50000    3.47905
  15.00000    3.48397
  15.50000    3.49033
  16.00000    3.48980
  16.50000    3.50187
  17.00000    3.52146
  17.50000    3.55208
  18.00000    3.55694
  18.50000    3.54906
  19.00000    3.55735
  19.50000    3.58405
  20.00000    3.60495
  20.50000    3.60145
  21.00000    3.61139
  21.50000    3.62652
  22.00000    3.65995
  22.50000    3.66246
  23.00000    3.67566
  23.50000    3.69476
  24.00000    3.72352
  24.50000    3.72596
  25.00000    3.74247
  25.50000    3.78118
  26.00000    3.80924
  26.50000    3.84382
  27.00000    3.88039
  27.50000    3.93294
  28.00000    3.98144
  28.50000    4.04715
  29.00000    4.10861
  29.50000    4.17418
  30.00000    4.22886
  30.50000    4.27994
  31.00000    4.31010
  31.50000    4.31556
  32.00000    4.30347
  32.50000    4.29323
  33.00000    4.29266
  33.50000    4.28351
  34.00000    4.27802
  34.50000    4.26716
  35.00000    4.26508
  35.50000    4.26989
  36.00000    4.29536
  36.50000    4.29667
  37.00000    4.28439
  37.50000    4.28211
  38.00000    4.30587
  38.50000    4.32100
  39.00000    4.33791
  39.50000    4.33324
  40.00000    4.33080
  40.50000    4.32628
  41.00000    4.33685
  41.50000    4.34397
  42.00000    4.35656
  42.50000    4.36877
  43.00000    4.38286
  43.50000    4.39266
  44.00000    4.40542
  44.50000    4.42248
  45.00000    4.42597
  45.50000    4.40682
  46.00000    4.40521
  46.50000    4.42040
  47.00000    4.41814
  47.50000    4.42905
  48.00000    4.44830
  48.50000    4.47671
  49.00000    4.48625
  49.50000    4.49919
  50.00000    4.50600
  50.50000    4.50670
  51.00000    4.51608
  51.50000    4.52516
  52.00000    4.53971
  52.50000    4.53419
  53.00000    4.51758
  53.50000    4.51275
  54.00000    4.52286
  54.50000    4.54000
  55.00000    4.54546
  55.50000    4.54652
  56.00000    4.53473
  56.50000    4.52402
  57.00000    4.52654
  57.50000    4.53438
  58.00000    4.53499
  58.50000    4.53338
  59.00000    4.52405
  59.50000    4.51879
  60.00000    4.51760
  60.50000    4.52638
  61.00000    4.53066
  61.50000    4.53414
  62.00000    4.52973
  62.50000    4.52331
  63.00000    4.51735
  63.50000    4.51402
  64.00000    4.51362
  64.50000    4.52981
  65.00000    4.53003
  65.50000    4.51835
  66.00000    4.50602
  66.50000    4.50469
  67.00000    4.51046
  67.50000    4.51861
  68.00000    4.51229
  68.50000    4.49836
  69.00000    4.50189
  69.50000    4.50334
  70.00000    4.50614
  70.50000    4.49683
  71.00000    4.49592
  71.50000    4.49276
  72.00000    4.50794
  72.50000    4.51298
  73.00000    4.51402
  73.50000    4.50931
  74.00000    4.50509
  74.50000    4.50585
  75.00000    4.50859
  75.50000    4.50668
  76.00000    4.50237
  76.50000    4.50344
  77.00000    4.49811
  77.50000    4.49509
  78.00000    4.50157
  78.50000    4.51362
  79.00000    4.51347
  79.50000    4.50821
  80.00000    4.49659
  80.50000    4.50105
  81.00000    4.50159
  81.50000    4.51615
  82.00000    4.51067
  82.50000    4.51812
  83.00000    4.50522
  83.50000    4.50860
  84.00000    4.50396
  84.50000    4.49822
  85.00000    4.48365
  85.50000    4.48254
  86.00000    4.48088
  86.50000    4.49106
  87.00000    4.48875
  87.50000    4.49652
  88.00000    4.49876
  88.50000    4.50278
  89.00000    4.48106
  89.50000    4.46838
  90.00000    4.47618
  90.50000    4.48695
  91.00000    4.48596
  91.50000    4.48694
  92.00000    4.48349
  92.50000    4.47782
  93.00000    4.46881
  93.50000    4.46643
  94.00000    4.46153
  94.50000    4.46248
  95.00000    4.46361
  95.50000    4.45289
  96.00000    4.45311
  96.50000    4.45482
  97.00000    4.45298
  97.50000    4.45032
  98.00000    4.46273
  98.50000    4.45722
  99.00000    4.44769
  99.50000    4.44213
 100.00000    4.44177
 100.50000    4.44403
 101.00000    4.43453
 101.50000    4.43954
 102.00000    4.44126
 102.50000    4.43176
 103.00000    4.40876
 103.50000    4.41525
 104.00000    4.43958
 104.50000    4.42863
 105.00000    4.41338
 105.50000    4.40514
 106.00000    4.40978
 106.50000    4.40825
 107.00000    4.40419
 107.50000    4.40534
 108.00000    4.40689
 108.50000    4.39613
 109.00000    4.38647
 109.50000    4.38327
 110.00000    4.38956
 110.50000    4.39335
 111.00000    4.39353
 111.50000    4.38663
 112.00000    4.38327
 112.50000    4.38814
 113.00000    4.38178
 113.50000    4.37004
 114.00000    4.37370
 114.50000    4.38319
 115.00000    4.37810
 115.50000    4.36620
 116.00000    4.35865
 116.50000    4.36269
 117.00000    4.35422
 117.50000    4.35388
 118.00000    4.34652
 118.50000    4.34585
 119.00000    4.33438
 119.50000    4.32968
 120.00000    4.33765
 120.50000    4.33502
 121.00000    4.33306
 121.50000    4.32642
 122.00000    4.33708
 122.50000    4.32992
 123.00000    4.32560
 123.50000    4.32328
 124.00000    4.32149
 124.50000    4.31393
 125.00000    4.30535
 125.50000    4.31949
 126.00000    4.32352
 126.50000    4.31746
 127.00000    4.30812
 127.50000    4.30372
 128.00000    4.29132
 128.50000    4.28422
 129.00000    4.30059
 129.50000    4.31140
 130.00000    4.30327
 130.50000    4.29231
 131.00000    4.28627
 131.50000    4.30093
 132.00000    4.29097
 132.50000    4.27883
 133.00000    4.26432
 133.50000    4.27870
 134.00000    4.28953
 134.50000    4.29109
 135.00000    4.27431
 135.50000    4.26013
 136.00000    4.25544
 136.50000    4.25831
 137.00000    4.26633
 137.50000    4.26734
 138.00000    4.25991
 138.50000    4.24947
 139.00000    4.25580
 139.50000    4.24992
 140.00000    4.25361
 140.50000    4.25272
 141.00000    4.25402
 141.50000    4.24521
 142.00000    4.25342
 142.50000    4.24707
 143.00000    4.23534
 143.50000    4.23836
 144.00000    4.25819
 144.50000    4.25687
 145.00000    4.24384
 145.50000    4.24734
 146.00000    4.24404
 146.50000    4.23862
 147.00000    4.24516
 147.50000    4.24197
 148.00000    4.23712
 148.50000    4.23340
 149.00000    4.24067
 149.50000    4.22486
 150.00000    4.22617
