   0.00000    1.64544
   0.50000    2.52398
   1.00000    2.78531
   1.50000    2.80630
   2.00000    2.83572
   2.50000    2.93778
   3.00000    3.05955
   3.50000    3.17682
   4.00000    3.27816
   4.50000    3.32828
   5.00000    3.36023
   5.50000    3.37236
   6.00000    3.38045
   6.50000    3.38258
   7.00000    3.39122
   7.50000    3.39790
   8.00000    3.40488
   8.50000    3.40686
   9.00000    3.41552
   9.50000    3.42096
  10.00000    3.42420
  10.50000    3.42450
  11.00000    3.43438
  11.50000    3.44578
  12.00000    3.45232
  12.50000    3.45290
  13.00000    3.45884
  13.50000    3.46770
  14.00000    3.46970
  14.50000    3.47186
  15.00000    3.48024
  15.50000    3.48351
  16.00000    3.48793
  16.50000    3.49163
  17.00000    3.49922
  17.50000    3.49904
  18.00000    3.50689
  18.50000    3.51516
  19.00000    3.51905
  19.50000    3.51828
  20.00000    3.52077
  20.50000    3.53172
  21.00000    3.53551
  21.50000    3.54300
  22.00000    3.54606
  22.50000    3.55663
  23.00000    3.55963
  23.50000    3.56996
  24.00000    3.56926
  24.50000    3.57355
  25.00000    3.57593
  25.50000    3.57973
  26.00000    3.57861
  26.50000    3.58176
  27.00000    3.58900
  27.50000    3.59416
  28.00000    3.59508
  28.50000    3.60875
  29.00000    3.62566
  29.50000    3.64087
  30.00000    3.64512
  30.50000    3.65122
  31.00000    3.66940
  31.50000    3.69097
  32.00000    3.70980
  32.50000    3.71699
  33.00000    3.72957
  33.50000    3.75412
  34.00000    3.78043
  34.50000    3.80922
  35.00000    3.84453
  35.50000    3.88900
  36.00000    3.92127
  36.50000    3.93584
  37.00000    3.94732
  37.50000    3.96086
  38.00000    3.97578
  38.50000    3.98850
  39.00000    4.00105
  39.50000    4.01537
  40.00000    4.03179
  40.50000    4.04260
  41.00000    4.05413
  41.50000    4.06043
  42.00000    4.07157
  42.50000    4.08061
  43.00000    4.09855
  43.50000    4.11229
  44.00000    4.12795
  44.50000    4.14432
  45.00000    4.16492
  45.50000    4.18382
  46.00000    4.19880
  46.50000    4.21416
  47.00000    4.24134
  47.50000    4.26604
  48.00000    4.28761
  48.50000    4.30265
  49.00000    4.32652
  49.50000    4.34864
  50.00000    4.37507
  50.50000    4.38546
  51.00000    4.39148
  51.50000    4.39283
  52.00000    4.39095
  52.50000    4.38189
  53.00000    4.38074
  53.50000    4.38884
  54.00000    4.40138
  54.50000    4.41481
  55.00000    4.41846
  55.50000    4.41699
  56.00000    4.41938
  56.50000    4.42689
  57.00000    4.43084
  57.50000    4.43858
  58.00000    4.44233
  58.50000    4.43991
  59.00000    4.43772
  59.50000    4.43946
  60.00000    4.44413
  60.50000    4.44471
  61.00000    4.44928
  61.50000    4.45062
  62.00000    4.45890
  62.50000    4.46429
  63.00000    4.46878
  63.50000    4.46472
  64.00000    4.46075
  64.50000    4.45881
  65.00000    4.46448
  65.50000    4.46651
  66.00000    4.46656
  66.50000    4.46629
  67.00000    4.47702
  67.50000    4.48556
  68.00000    4.48937
  68.50000    4.48836
  69.00000    4.48602
  69.50000    4.48256
  70.00000    4.48303
  70.50000    4.48385
  71.00000    4.48532
  71.50000    4.48534
  72.00000    4.48545
  72.50000    4.48649
  73.00000    4.49812
  73.50000    4.49816
  74.00000    4.49323
  74.50000    4.48905
  75.00000    4.49283
  75.50000    4.49235
  76.00000    4.49664
  76.50000    4.50264
  77.00000    4.50657
  77.50000    4.50815
  78.00000    4.50164
  78.50000    4.50345
  79.00000    4.50515
  79.50000    4.51409
  80.00000    4.51222
  80.50000    4.51370
  81.00000    4.51094
  81.50000    4.51234
  82.00000    4.51208
  82.50000    4.51345
  83.00000    4.51350
  83.50000    4.51258
  84.00000    4.51339
  84.50000    4.51770
  85.00000    4.51839
  85.50000    4.51622
  86.00000    4.52186
  86.50000    4.52806
  87.00000    4.52999
  87.50000    4.52757
  88.00000    4.52902
  88.50000    4.52542
  89.00000    4.52562
  89.50000    4.52784
  90.00000    4.52640
  90.50000    4.52735
  91.00000    4.53078
  91.50000    4.53569
  92.00000    4.53247
  92.50000    4.53312
  93.00000    4.53457
  93.50000    4.53783
  94.00000    4.53597
  94.50000    4.53415
  95.00000    4.53396
  95.50000    4.54097
  96.00000    4.54169
  96.50000    4.54346
  97.00000    4.53598
  97.50000    4.53724
  98.00000    4.53270
  98.50000    4.53590
  99.00000    4.53578
  99.50000    4.54057
 100.00000    4.54527
 100.50000    4.54465
 101.00000    4.54292
 101.50000    4.54481
 102.00000    4.55183
 102.50000    4.55209
 103.00000    4.54829
 103.50000    4.54958
 104.00000    4.55059
 104.50000    4.55357
 105.00000    4.55241
 105.50000    4.55077
 106.00000    4.55142
 106.50000    4.55208
 107.00000    4.55231
 107.50000    4.55153
 108.00000    4.55701
 108.50000    4.56270
 109.00000    4.56251
 109.50000    4.56291
 110.00000    4.56034
 110.50000    4.56012
 111.00000    4.55873
 111.50000    4.56366
 112.00000    4.56526
 112.50000    4.55917
 113.00000    4.55499
 113.50000    4.55686
 114.00000    4.56252
 114.50000    4.56124
 115.00000    4.56296
 115.50000    4.56281
 116.00000    4.56364
 116.50000    4.56234
 117.00000    4.56792
 117.50000    4.57148
 118.00000    4.56699
 118.50000    4.56138
 119.00000    4.56876
 119.50000    4.57285
 120.00000    4.56490
 120.50000    4.56550
 121.00000    4.56874
 121.50000    4.56948
 122.00000    4.56079
 122.50000    4.56631
 123.00000    4.56641
 123.50000    4.57165
 124.00000    4.57291
 124.50000    4.57440
 125.00000    4.57140
 125.50000    4.57119
 126.00000    4.57634
 126.50000    4.57180
 127.00000    4.57132
 127.50000    4.57265
 128.00000    4.58210
 128.50000    4.58283
 129.00000    4.58237
 129.50000    4.57599
 130.00000    4.57881
 130.50000    4.57771
 131.00000    4.58064
 131.50000    4.57614
 132.00000    4.58395
 132.50000    4.57997
 133.00000    4.57903
 133.50000    4.57709
 134.00000    4.57717
 134.50000    4.57572
 135.00000    4.57638
 135.50000    4.57909
 136.00000    4.57418
 136.50000    4.57495
 137.00000    4.57851
 137.50000    4.57777
 138.00000    4.57699
 138.50000    4.57981
 139.00000    4.58195
 139.50000    4.57966
 140.00000    4.57516
 140.50000    4.57457
 141.00000    4.57911
 141.50000    4.57820
 142.00000    4.57522
 142.50000    4.57697
 143.00000    4.57988
 143.50000    4.57330
 144.00000    4.57485
 144.50000    4.57368
 145.00000    4.57547
 145.50000    4.57273
 146.00000    4.57472
 146.50000    4.57368
 147.00000    4.57533
 147.50000    4.57925
 148.00000    4.57417
 148.50000    4.57373
 149.00000    4.56974
 149.50000    4.57321
 150.00000    4.57825
