   0.00000    1.20938
   0.50000    2.63128
   1.00000    3.12455
   1.50000    3.25529
   2.00000    3.39143
   2.50000    3.41764
   3.00000    3.42280
   3.50000    3.40249
   4.00000    3.40152
   4.50000    3.41070
   5.00000    3.43143
   5.50000    3.44935
   6.00000    3.45815
   6.50000    3.46663
   7.00000    3.47953
   7.50000    3.50458
   8.00000    3.52360
   8.50000    3.53650
   9.00000    3.55344
   9.50000    3.56296
  10.00000    3.57625
  10.50000    3.58632
  11.00000    3.60713
  11.50000    3.62473
  12.00000    3.62259
  12.50000    3.62673
  13.00000    3.63897
  13.50000    3.65592
  14.00000    3.67188
  14.50000    3.68615
  15.00000    3.70652
  15.50000    3.71076
  16.00000    3.72015
  16.50000    3.72191
  17.00000    3.72787
  17.50000    3.74063
  18.00000    3.74930
  18.50000    3.75930
  19.00000    3.75859
  19.50000    3.77084
  20.00000    3.78476
  20.50000    3.80150
  21.00000    3.81284
  21.50000    3.82544
  22.00000    3.83049
  22.50000    3.82942
  23.00000    3.82740
  23.50000    3.84342
  24.00000    3.83063
  24.50000    3.81218
  25.00000    3.78358
  25.50000    3.77778
  26.00000    3.75498
  26.50000    3.76765
  27.00000    3.81405
  27.50000    3.86291
  28.00000    3.89287
  28.50000    3.93408
  29.00000    3.97482
  29.50000    3.98111
  30.00000    3.97643
  30.50000    3.97937
  31.00000    3.99160
  31.50000    4.01618
  32.00000    4.05596
  32.50000    4.08735
  33.00000    4.11458
  33.50000    4.15091
  34.00000    4.17531
  34.50000    4.19293
  35.00000    4.21503
  35.50000    4.24815
  36.00000    4.26979
  36.50000    4.28546
  37.00000    4.29119
  37.50000    4.29960
  38.00000    4.29967
  38.50000    4.31173
  39.00000    4.31976
  39.50000    4.33557
  40.00000    4.33679
  40.50000    4.34565
  41.00000    4.34182
  41.50000    4.35556
  42.00000    4.36537
  42.50000    4.36829
  43.00000    4.36822
  43.50000    4.38601
  44.00000    4.39102
  44.50000    4.38710
  45.00000    4.39797
  45.50000    4.42206
  46.00000    4.43992
  46.50000    4.44153
  47.00000    4.45063
  47.50000    4.45616
  48.00000    4.47968
  48.50000    4.49097
  49.00000    4.49363
  49.50000    4.49876
  50.00000    4.49697
  50.50000    4.50156
  51.00000    4.49200
  51.50000    4.49704
  52.00000    4.48596
  52.50000    4.48200
  53.00000    4.47795
  53.50000    4.47221
  54.00000    4.47079
  54.50000    4.46177
  55.00000    4.46243
  55.50000    4.46534
  56.00000    4.46252
  56.50000    4.44633
  57.00000    4.43859
  57.50000    4.44127
  58.00000    4.44936
  58.50000    4.44585
  59.00000    4.44570
  59.50000    4.43382
  60.00000    4.42806
  60.50000    4.42033
  61.00000    4.42148
  61.50000    4.41977
  62.00000    4.42603
  62.50000    4.43414
  63.00000    4.42759
  63.50000    4.41994
  64.00000    4.41647
  64.50000    4.41883
  65.00000    4.41969
  65.50000    4.41307
  66.00000    4.40787
  66.50000    4.41153
  67.00000    4.43350
  67.50000    4.42065
  68.00000    4.40521
  68.50000    4.39677
  69.00000    4.40565
  69.50000    4.40722
  70.00000    4.41724
  70.50000    4.41604
  71.00000    4.41066
  71.50000    4.40464
  72.00000    4.40028
  72.50000    4.39466
  73.00000    4.39132
  73.50000    4.39624
  74.00000    4.39079
  74.50000    4.38385
  75.00000    4.37980
  75.50000    4.38438
  76.00000    4.37954
  76.50000    4.37752
  77.00000    4.38896
  77.50000    4.37939
  78.00000    4.36548
  78.50000    4.36604
  79.00000    4.36724
  79.50000    4.35975
  80.00000    4.35014
  80.50000    4.34684
  81.00000    4.34209
  81.50000    4.35199
  82.00000    4.35574
  82.50000    4.35003
  83.00000    4.34770
  83.50000    4.33520
  84.00000    4.32703
  84.50000    4.31470
  85.00000    4.32466
  85.50000    4.31962
  86.00000    4.32222
  86.50000    4.30232
  87.00000    4.30058
  87.50000    4.30029
  88.00000    4.29694
  88.50000    4.28268
  89.00000    4.28074
  89.50000    4.28654
  90.00000    4.28419
  90.50000    4.28095
  91.00000    4.27901
  91.50000    4.27633
  92.00000    4.27828
  92.50000    4.27176
  93.00000    4.26868
  93.50000    4.26560
  94.00000    4.27072
  94.50000    4.27045
  95.00000    4.26728
  95.50000    4.26429
  96.00000    4.26375
  96.50000    4.26471
  97.00000    4.25859
  97.50000    4.25059
  98.00000    4.23531
  98.50000    4.23721
  99.00000    4.24326
  99.50000    4.24877
 100.00000    4.24093
 100.50000    4.23978
 101.00000    4.24181
 101.50000    4.24554
 102.00000    4.24432
 102.50000    4.24166
 103.00000    4.24420
 103.50000    4.23067
 104.00000    4.22683
 104.50000    4.23497
 105.00000    4.24550
 105.50000    4.24117
 106.00000    4.23516
 106.50000    4.23775
 107.00000    4.23917
 107.50000    4.24443
 108.00000    4.23362
 108.50000    4.23249
 109.00000    4.23384
 109.50000    4.22995
 110.00000    4.22887
 110.50000    4.23933
 111.00000    4.24404
 111.50000    4.23858
 112.00000    4.23615
 112.50000    4.22557
 113.00000    4.22664
 113.50000    4.23232
 114.00000    4.23558
 114.50000    4.22573
 115.00000    4.22892
 115.50000    4.22583
 116.00000    4.22369
 116.50000    4.22004
 117.00000    4.22800
 117.50000    4.22727
 118.00000    4.22821
 118.50000    4.23578
 119.00000    4.24237
 119.50000    4.23919
 120.00000    4.22907
 120.50000    4.23649
 121.00000    4.23843
 121.50000    4.24364
 122.00000    4.24252
 122.50000    4.24280
 123.00000    4.23502
 123.50000    4.23561
 124.00000    4.23751
 124.50000    4.24219
 125.00000    4.23544
 125.50000    4.23466
 126.00000    4.24737
 126.50000    4.26039
 127.00000    4.26397
 127.50000    4.25692
 128.00000    4.26319
 128.50000    4.26610
 129.00000    4.26625
 129.50000    4.26236
 130.00000    4.26559
 130.50000    4.27288
 131.00000    4.26949
 131.50000    4.26985
 132.00000    4.27594
 132.50000    4.27100
 133.00000    4.25658
 133.50000    4.26240
 134.00000    4.27368
 134.50000    4.27886
 135.00000    4.27564
 135.50000    4.28246
 136.00000    4.28054
 136.50000    4.28102
 137.00000    4.28198
 137.50000    4.29209
 138.00000    4.29549
 138.50000    4.29013
 139.00000    4.28351
 139.50000    4.29840
 140.00000    4.30806
 140.50000    4.30849
 141.00000    4.30227
 141.50000    4.31171
 142.00000    4.31082
 142.50000    4.30615
 143.00000    4.30575
 143.50000    4.32389
 144.00000    4.32877
 144.50000    4.32701
 145.00000    4.33182
 145.50000    4.33929
 146.00000    4.33549
 146.50000    4.33050
 147.00000    4.33005
 147.50000    4.33970
 148.00000    4.33860
 148.50000    4.34728
 149.00000    4.34052
 149.50000    4.34499
 150.00000    4.34822
