   0.00000    1.63250
   0.50000    2.41296
   1.00000    2.92786
   1.50000    3.20185
   2.00000    3.33354
   2.50000    3.36202
   3.00000    3.42005
   3.50000    3.49640
   4.00000    3.56934
   4.50000    3.57947
   5.00000    3.58000
   5.50000    3.59212
   6.00000    3.61612
   6.50000    3.62877
   7.00000    3.62801
   7.50000    3.62586
   8.00000    3.63475
   8.50000    3.65266
   9.00000    3.65518
   9.50000    3.65848
  10.00000    3.65959
  10.50000    3.67238
  11.00000    3.67621
  11.50000    3.68724
  12.00000    3.68984
  12.50000    3.69445
  13.00000    3.69748
  13.50000    3.69754
  14.00000    3.70824
  14.50000    3.69875
  15.00000    3.70344
  15.50000    3.71081
  16.00000    3.72396
  16.50000    3.71869
  17.00000    3.71038
  17.50000    3.72244
  18.00000    3.73069
  18.50000    3.73424
  19.00000    3.72265
  19.50000    3.71462
  20.00000    3.72619
  20.50000    3.72624
  21.00000    3.73806
  21.50000    3.72824
  22.00000    3.72428
  22.50000    3.70948
  23.00000    3.70339
  23.50000    3.70661
  24.00000    3.72501
  24.50000    3.72478
  25.00000    3.70079
  25.50000    3.68489
  26.00000    3.68416
  26.50000    3.68209
  27.00000    3.69935
  27.50000    3.69382
  28.00000    3.68285
  28.50000    3.68622
  29.00000    3.71002
  29.50000    3.69426
  30.00000    3.69017
  30.50000    3.69346
  31.00000    3.69906
  31.50000    3.67836
  32.00000    3.68127
  32.50000    3.68415
  33.00000    3.68188
  33.50000    3.68504
  34.00000    3.68431
  34.50000    3.66339
  35.00000    3.64786
  35.50000    3.65044
  36.00000    3.65576
  36.50000    3.65575
  37.00000    3.66603
  37.50000    3.65497
  38.00000    3.62228
  38.50000    3.60422
  39.00000    3.58465
  39.50000    3.59141
  40.00000    3.59620
  40.50000    3.61142
  41.00000    3.59428
  41.50000    3.59983
  42.00000    3.61307
  42.50000    3.63325
  43.00000    3.64374
  43.50000    3.67106
  44.00000    3.70647
  44.50000    3.73322
  45.00000    3.75715
  45.50000    3.78082
  46.00000    3.79866
  46.50000    3.80973
  47.00000    3.82955
  47.50000    3.84112
  48.00000    3.85642
  48.50000    3.88268
  49.00000    3.90674
  49.50000    3.93973
  50.00000    4.00009
  50.50000    4.06960
  51.00000    4.11592
  51.50000    4.15043
  52.00000    4.19247
  52.50000    4.23233
  53.00000    4.27593
  53.50000    4.29923
  54.00000    4.31329
  54.50000    4.31947
  55.00000    4.33773
  55.50000    4.35685
  56.00000    4.37214
  56.50000    4.37999
  57.00000    4.41076
  57.50000    4.43556
  58.00000    4.45347
  58.50000    4.45728
  59.00000    4.46847
  59.50000    4.47114
  60.00000    4.47952
  60.50000    4.49439
  61.00000    4.49723
  61.50000    4.50070
  62.00000    4.51676
  62.50000    4.53012
  63.00000    4.53544
  63.50000    4.54673
  64.00000    4.55095
  64.50000    4.55259
  65.00000    4.56001
  65.50000    4.58338
  66.00000    4.58374
  66.50000    4.59014
  67.00000    4.59617
  67.50000    4.60102
  68.00000    4.59887
  68.50000    4.60703
  69.00000    4.60800
  69.50000    4.60267
  70.00000    4.61081
  70.50000    4.60969
  71.00000    4.60030
  71.50000    4.59169
  72.00000    4.59895
  72.50000    4.60516
  73.00000    4.60870
  73.50000    4.60963
  74.00000    4.60717
  74.50000    4.61538
  75.00000    4.61407
  75.50000    4.61486
  76.00000    4.61614
  76.50000    4.62385
  77.00000    4.62712
  77.50000    4.62487
  78.00000    4.62855
  78.50000    4.63139
  79.00000    4.63166
  79.50000    4.61766
  80.00000    4.61439
  80.50000    4.62327
  81.00000    4.63326
  81.50000    4.63076
  82.00000    4.63075
  82.50000    4.62671
  83.00000    4.62651
  83.50000    4.62120
  84.00000    4.62902
  84.50000    4.62421
  85.00000    4.62152
  85.50000    4.62175
  86.00000    4.61958
  86.50000    4.61254
  87.00000    4.60473
  87.50000    4.61976
  88.00000    4.61755
  88.50000    4.61691
  89.00000    4.60662
  89.50000    4.62041
  90.00000    4.61908
  90.50000    4.62296
  91.00000    4.61391
  91.50000    4.61261
  92.00000    4.61666
  92.50000    4.63138
  93.00000    4.62964
  93.50000    4.61476
  94.00000    4.60047
  94.50000    4.60386
  95.00000    4.60180
  95.50000    4.60348
  96.00000    4.60671
  96.50000    4.61246
  97.00000    4.61180
  97.50000    4.60838
  98.00000    4.59850
  98.50000    4.60150
  99.00000    4.59758
  99.50000    4.59527
 100.00000    4.59238
 100.50000    4.60205
 101.00000    4.60126
 101.50000    4.59719
 102.00000    4.59314
 102.50000    4.58606
 103.00000    4.58496
 103.50000    4.57884
 104.00000    4.57179
 104.50000    4.57624
 105.00000    4.57328
 105.50000    4.56628
 106.00000    4.56170
 106.50000    4.56611
 107.00000    4.55544
 107.50000    4.56512
 108.00000    4.56996
 108.50000    4.56586
 109.00000    4.54579
 109.50000    4.54524
 110.00000    4.55371
 110.50000    4.55859
 111.00000    4.55665
 111.50000    4.55664
 112.00000    4.55829
 112.50000    4.55036
 113.00000    4.54888
 113.50000    4.54598
 114.00000    4.54722
 114.50000    4.54168
 115.00000    4.54409
 115.50000    4.53526
 116.00000    4.53964
 116.50000    4.54145
 117.00000    4.54115
 117.50000    4.53568
 118.00000    4.53125
 118.50000    4.52967
 119.00000    4.53220
 119.50000    4.54114
 120.00000    4.53861
 120.50000    4.53697
 121.00000    4.52629
 121.50000    4.52036
 122.00000    4.51008
 122.50000    4.51271
 123.00000    4.51602
 123.50000    4.51966
 124.00000    4.51218
 124.50000    4.50020
 125.00000    4.50266
 125.50000    4.50886
 126.00000    4.51195
 126.50000    4.50411
 127.00000    4.50793
 127.50000    4.50554
 128.00000    4.49940
 128.50000    4.49565
 129.00000    4.49616
 129.50000    4.50175
 130.00000    4.50169
 130.50000    4.49727
 131.00000    4.48662
 131.50000    4.49398
 132.00000    4.49498
 132.50000    4.48260
 133.00000    4.46359
 133.50000    4.46704
 134.00000    4.46775
 134.50000    4.46438
 135.00000    4.46269
 135.50000    4.46298
 136.00000    4.46591
 136.50000    4.45669
 137.00000    4.45747
 137.50000    4.45207
 138.00000    4.46260
 138.50000    4.45910
 139.00000    4.46098
 139.50000    4.45472
 140.00000    4.44908
 140.50000    4.44538
 141.00000    4.44569
 141.50000    4.45004
 142.00000    4.44857
 142.50000    4.45103
 143.00000    4.44562
 143.50000    4.45160
 144.00000    4.45127
 144.50000    4.44299
 145.00000    4.43881
 145.50000    4.43989
 146.00000    4.44261
 146.50000    4.44593
 147.00000    4.44212
 147.50000    4.43622
 148.00000    4.42574
 148.50000    4.42670
 149.00000    4.42708
 149.50000    4.43602
 150.00000    4.42683
