   0.00000    1.31116
   0.50000    2.68722
   1.00000    3.01609
   1.50000    3.03332
   2.00000    3.16376
   2.50000    3.23494
   3.00000    3.28289
   3.50000    3.30985
   4.00000    3.34226
   4.50000    3.36767
   5.00000    3.39424
   5.50000    3.41885
   6.00000    3.44944
   6.50000    3.47698
   7.00000    3.49032
   7.50000    3.50084
   8.00000    3.50288
   8.50000    3.50481
   9.00000    3.49864
   9.50000    3.51686
  10.00000    3.52762
  10.50000    3.52631
  11.00000    3.52076
  11.50000    3.53351
  12.00000    3.54266
  12.50000    3.53270
  13.00000    3.53840
  13.50000    3.54695
  14.00000    3.55219
  14.50000    3.54063
  15.00000    3.54219
  15.50000    3.54025
  16.00000    3.53287
  16.50000    3.52454
  17.00000    3.52684
  17.50000    3.52887
  18.00000    3.53448
  18.50000    3.52991
  19.00000    3.52418
  19.50000    3.52087
  20.00000    3.52497
  20.50000    3.52364
  21.00000    3.51571
  21.50000    3.50992
  22.00000    3.49891
  22.50000    3.49977
  23.00000    3.50400
  23.50000    3.51217
  24.00000    3.51538
  24.50000    3.53872
  25.00000    3.56989
  25.50000    3.57109
  26.00000    3.55640
  26.50000    3.53400
  27.00000    3.52746
  27.50000    3.50713
  28.00000    3.52235
  28.50000    3.54151
  29.00000    3.57609
  29.50000    3.62139
  30.00000    3.68905
  30.50000    3.76550
  31.00000    3.86018
  31.50000    3.96857
  32.00000    4.07991
  32.50000    4.14338
  33.00000    4.21169
  33.50000    4.27765
  34.00000    4.35349
  34.50000    4.39232
  35.00000    4.43720
  35.50000    4.48056
  36.00000    4.51509
  36.50000    4.52247
  37.00000    4.52311
  37.50000    4.52111
  38.00000    4.52051
  38.50000    4.50665
  39.00000    4.49583
  39.50000    4.48648
  40.00000    4.47375
  40.50000    4.45369
  41.00000    4.43845
  41.50000    4.43428
  42.00000    4.44016
  42.50000    4.44233
  43.00000    4.44994
  43.50000    4.46180
  44.00000    4.48164
  44.50000    4.48470
  45.00000    4.48749
  45.50000    4.49982
  46.00000    4.50845
  46.50000    4.51032
  47.00000    4.51031
  47.50000    4.52375
  48.00000    4.52205
  48.50000    4.51787
  49.00000    4.50737
  49.50000    4.50531
  50.00000    4.50390
  50.50000    4.49151
  51.00000    4.48717
  51.50000    4.48694
  52.00000    4.48629
  52.50000    4.46950
  53.00000    4.46224
  53.50000    4.46223
  54.00000    4.46084
  54.50000    4.45444
  55.00000    4.45106
  55.50000    4.44580
  56.00000    4.44600
  56.50000    4.44536
  57.00000    4.44766
  57.50000    4.44086
  58.00000    4.44005
  58.50000    4.43421
  59.00000    4.42787
  59.50000    4.41577
  60.00000    4.41405
  60.50000    4.41401
  61.00000    4.40771
  61.50000    4.40071
  62.00000    4.39533
  62.50000    4.39104
  63.00000    4.38068
  63.50000    4.38385
  64.00000    4.38532
  64.50000    4.38225
  65.00000    4.37469
  65.50000    4.38296
  66.00000    4.38984
  66.50000    4.38540
  67.00000    4.37057
  67.50000    4.37267
  68.00000    4.37893
  68.50000    4.38193
  69.00000    4.36982
  69.50000    4.36419
  70.00000    4.36519
  70.50000    4.36726
  71.00000    4.36277
  71.50000    4.35562
  72.00000    4.36446
  72.50000    4.37306
  73.00000    4.37374
  73.50000    4.36489
  74.00000    4.36622
  74.50000    4.36652
  75.00000    4.37250
  75.50000    4.37906
  76.00000    4.38198
  76.50000    4.37232
  77.00000    4.37190
  77.50000    4.36916
  78.00000    4.36971
  78.50000    4.37266
  79.00000    4.38272
  79.50000    4.38429
  80.00000    4.38573
  80.50000    4.37959
  81.00000    4.37475
  81.50000    4.37021
  82.00000    4.37753
  82.50000    4.38758
  83.00000    4.39480
  83.50000    4.39463
  84.00000    4.39828
  84.50000    4.40572
  85.00000    4.40879
  85.50000    4.40703
  86.00000    4.41626
  86.50000    4.42018
  87.00000    4.41693
  87.50000    4.41621
  88.00000    4.42613
  88.50000    4.42167
  89.00000    4.41778
  89.50000    4.42554
  90.00000    4.43762
  90.50000    4.43857
  91.00000    4.43093
  91.50000    4.43329
  92.00000    4.44231
  92.50000    4.44902
  93.00000    4.44764
  93.50000    4.45275
  94.00000    4.45721
  94.50000    4.45536
  95.00000    4.45071
  95.50000    4.45238
  96.00000    4.45838
  96.50000    4.46747
  97.00000    4.46968
  97.50000    4.47462
  98.00000    4.47407
  98.50000    4.47281
  99.00000    4.47219
  99.50000    4.48482
 100.00000    4.49176
 100.50000    4.49705
 101.00000    4.49251
 101.50000    4.49126
 102.00000    4.48340
 102.50000    4.49065
 103.00000    4.49403
 103.50000    4.49721
 104.00000    4.49982
 104.50000    4.51151
 105.00000    4.51286
 105.50000    4.50812
 106.00000    4.50382
 106.50000    4.50479
 107.00000    4.50849
 107.50000    4.51487
 108.00000    4.51737
 108.50000    4.51905
 109.00000    4.52179
 109.50000    4.52585
 110.00000    4.52916
 110.50000    4.52844
 111.00000    4.53057
 111.50000    4.52735
 112.00000    4.53249
 112.50000    4.53558
 113.00000    4.54436
 113.50000    4.53967
 114.00000    4.53939
 114.50000    4.53501
 115.00000    4.53918
 115.50000    4.54141
 116.00000    4.54095
 116.50000    4.53568
 117.00000    4.53686
 117.50000    4.54490
 118.00000    4.55506
 118.50000    4.55722
 119.00000    4.55420
 119.50000    4.55229
 120.00000    4.55903
 120.50000    4.56899
 121.00000    4.57047
 121.50000    4.57189
 122.00000    4.56038
 122.50000    4.55252
 123.00000    4.55194
 123.50000    4.56299
 124.00000    4.56527
 124.50000    4.56490
 125.00000    4.56848
 125.50000    4.57483
 126.00000    4.57743
 126.50000    4.57231
 127.00000    4.56714
 127.50000    4.56850
 128.00000    4.57241
 128.50000    4.57690
 129.00000    4.57393
 129.50000    4.56873
 130.00000    4.57274
 130.50000    4.58813
 131.00000    4.58433
 131.50000    4.57392
 132.00000    4.57547
 132.50000    4.57623
 133.00000    4.57030
 133.50000    4.57024
 134.00000    4.57642
 134.50000    4.57678
 135.00000    4.58020
 135.50000    4.57856
 136.00000    4.57113
 136.50000    4.56250
 137.00000    4.57453
 137.50000    4.57832
 138.00000    4.57919
 138.50000    4.57155
 139.00000    4.57231
 139.50000    4.57410
 140.00000    4.57981
 140.50000    4.58231
 141.00000    4.57185
 141.50000    4.56551
 142.00000    4.56109
 142.50000    4.56174
 143.00000    4.57095
 143.50000    4.57995
 144.00000    4.57493
 144.50000    4.55979
 145.00000    4.56106
 145.50000    4.57016
 146.00000    4.56581
 146.50000    4.56675
 147.00000    4.56809
 147.50000    4.57556
 148.00000    4.57110
 148.50000    4.57671
 149.00000    4.57568
 149.50000    4.56991
 150.00000    4.55245
