   0.00000    1.70477
   0.50000    2.70139
   1.00000    3.12042
   1.50000    3.28751
   2.00000    3.38512
   2.50000    3.48110
   3.00000    3.50107
   3.50000    3.50274
   4.00000    3.47790
   4.50000    3.46835
   5.00000    3.46612
   5.50000    3.48594
   6.00000    3.51112
   6.50000    3.52247
   7.00000    3.53419
   7.50000    3.53685
   8.00000    3.56051
   8.50000    3.58170
   9.00000    3.59240
   9.50000    3.59205
  10.00000    3.60242
  10.50000    3.62725
  11.00000    3.64839
  11.50000    3.64990
  12.00000    3.63892
  12.50000    3.65040
  13.00000    3.67149
  13.50000    3.69008
  14.00000    3.69415
  14.50000    3.70335
  15.00000    3.72091
  15.50000    3.73994
  16.00000    3.76289
  16.50000    3.77603
  17.00000    3.79651
  17.50000    3.79950
  18.00000    3.79518
  18.50000    3.79466
  19.00000    3.81633
  19.50000    3.83493
  20.00000    3.83606
  20.50000    3.83962
  21.00000    3.85377
  21.50000    3.88081
  22.00000    3.89607
  22.50000    3.91080
  23.00000    3.90102
  23.50000    3.91753
  24.00000    3.94740
  24.50000    3.99156
  25.00000    4.00313
  25.50000    3.99676
  26.00000    3.98054
  26.50000    3.97526
  27.00000    3.98853
  27.50000    3.97386
  28.00000    3.95343
  28.50000    3.94275
  29.00000    3.95023
  29.50000    3.95370
  30.00000    3.95833
  30.50000    3.95061
  31.00000    3.94469
  31.50000    3.94472
  32.00000    3.96118
  32.50000    3.96223
  33.00000    3.95680
  33.50000    3.93781
  34.00000    3.93768
  34.50000    3.92101
  35.00000    3.91581
  35.50000    3.95003
  36.00000    4.00848
  36.50000    4.03768
  37.00000    4.05825
  37.50000    4.07490
  38.00000    4.05832
  38.50000    4.06607
  39.00000    4.06144
  39.50000    4.07983
  40.00000    4.08568
  40.50000    4.10539
  41.00000    4.08214
  41.50000    4.07012
  42.00000    4.06201
  42.50000    4.05104
  43.00000    4.03848
  43.50000    4.04581
  44.00000    4.06953
  44.50000    4.09426
  45.00000    4.10632
  45.50000    4.12121
  46.00000    4.13797
  46.50000    4.15611
  47.00000    4.19072
  47.50000    4.21352
  48.00000    4.23608
  48.50000    4.26421
  49.00000    4.29862
  49.50000    4.30135
  50.00000    4.31516
  50.50000    4.35281
  51.00000    4.36333
  51.50000    4.36229
  52.00000    4.37266
  52.50000    4.38361
  53.00000    4.38373
  53.50000    4.38530
  54.00000    4.40046
  54.50000    4.39411
  55.00000    4.40935
  55.50000    4.40920
  56.00000    4.39997
  56.50000    4.39338
  57.00000    4.41008
  57.50000    4.42402
  58.00000    4.43885
  58.50000    4.43297
  59.00000    4.41497
  59.50000    4.40865
  60.00000    4.42822
  60.50000    4.43671
  61.00000    4.43983
  61.50000    4.43509
  62.00000    4.42715
  62.50000    4.42602
  63.00000    4.43845
  63.50000    4.44125
  64.00000    4.43763
  64.50000    4.44116
  65.00000    4.44538
  65.50000    4.45300
  66.00000    4.46065
  66.50000    4.46604
  67.00000    4.45314
  67.50000    4.44592
  68.00000    4.45125
  68.50000    4.46543
  69.00000    4.48681
  69.50000    4.47675
  70.00000    4.46548
  70.50000    4.45173
  71.00000    4.45032
  71.50000    4.44573
  72.00000    4.47128
  72.50000    4.48104
  73.00000    4.46778
  73.50000    4.46335
  74.00000    4.46580
  74.50000    4.47994
  75.00000    4.48368
  75.50000    4.48605
  76.00000    4.48024
  76.50000    4.48798
  77.00000    4.48424
  77.50000    4.48504
  78.00000    4.48566
  78.50000    4.50258
  79.00000    4.52285
  79.50000    4.52159
  80.00000    4.48583
  80.50000    4.48163
  81.00000    4.50837
  81.50000    4.52046
  82.00000    4.51465
  82.50000    4.50716
  83.00000    4.52777
  83.50000    4.52096
  84.00000    4.50683
  84.50000    4.50276
  85.00000    4.53401
  85.50000    4.55196
  86.00000    4.53058
  86.50000    4.51974
  87.00000    4.52616
  87.50000    4.54526
  88.00000    4.55018
  88.50000    4.54697
  89.00000    4.55288
  89.50000    4.54827
  90.00000    4.56713
  90.50000    4.56425
  91.00000    4.57007
  91.50000    4.56635
  92.00000    4.56843
  92.50000    4.57881
  93.00000    4.59018
  93.50000    4.58836
  94.00000    4.57873
  94.50000    4.59175
  95.00000    4.58940
  95.50000    4.58222
  96.00000    4.57858
  96.50000    4.59267
  97.00000    4.59258
  97.50000    4.59559
  98.00000    4.59835
  98.50000    4.60902
  99.00000    4.60338
  99.50000    4.59470
 100.00000    4.59460
 100.50000    4.60331
 101.00000    4.61047
 101.50000    4.61599
 102.00000    4.61865
 102.50000    4.61773
 103.00000    4.62479
 103.50000    4.62311
 104.00000    4.62487
 104.50000    4.61594
 105.00000    4.62632
 105.50000    4.64185
 106.00000    4.66217
 106.50000    4.67375
 107.00000    4.65937
 107.50000    4.65025
 108.00000    4.64041
 108.50000    4.65998
 109.00000    4.64562
 109.50000    4.64784
 110.00000    4.64393
 110.50000    4.65762
 111.00000    4.65956
 111.50000    4.67015
 112.00000    4.68090
 112.50000    4.67156
 113.00000    4.66353
 113.50000    4.65681
 114.00000    4.66958
 114.50000    4.67034
 115.00000    4.67167
 115.50000    4.66452
 116.00000    4.67348
 116.50000    4.67759
 117.00000    4.67028
 117.50000    4.67718
 118.00000    4.68976
 118.50000    4.69836
 119.00000    4.69204
 119.50000    4.69581
 120.00000    4.68874
 120.50000    4.69598
 121.00000    4.70534
 121.50000    4.70876
 122.00000    4.69367
 122.50000    4.70278
 123.00000    4.70677
 123.50000    4.72004
 124.00000    4.71690
 124.50000    4.70566
 125.00000    4.69449
 125.50000    4.69885
 126.00000    4.71004
 126.50000    4.70929
 127.00000    4.71192
 127.50000    4.71572
 128.00000    4.72530
 128.50000    4.72270
 129.00000    4.71649
 129.50000    4.71350
 130.00000    4.72266
 130.50000    4.71859
 131.00000    4.72665
 131.50000    4.73757
 132.00000    4.73777
 132.50000    4.74017
 133.00000    4.74937
 133.50000    4.74930
 134.00000    4.73950
 134.50000    4.72818
 135.00000    4.73339
 135.50000    4.72581
 136.00000    4.73030
 136.50000    4.73482
 137.00000    4.74561
 137.50000    4.74105
 138.00000    4.73664
 138.50000    4.74906
 139.00000    4.75316
 139.50000    4.75950
 140.00000    4.74503
 140.50000    4.74582
 141.00000    4.74860
 141.50000    4.75318
 142.00000    4.74896
 142.50000    4.76002
 143.00000    4.74819
 143.50000    4.74689
 144.00000    4.77107
 144.50000    4.78816
 145.00000    4.75468
 145.50000    4.73173
 146.00000    4.74411
 146.50000    4.76811
 147.00000    4.77811
 147.50000    4.76979
 148.00000    4.75581
 148.50000    4.75573
 149.00000    4.76646
 149.50000    4.78086
 150.00000    4.79347
