   0.00000    1.45151
   0.50000    3.04854
   1.00000    3.33095
   1.50000    3.23994
   2.00000    3.31968
   2.50000    3.33686
   3.00000    3.34372
   3.50000    3.34350
   4.00000    3.35587
   4.50000    3.36644
   5.00000    3.37809
   5.50000    3.39133
   6.00000    3.39878
   6.50000    3.41347
   7.00000    3.42557
   7.50000    3.43775
   8.00000    3.44154
   8.50000    3.45076
   9.00000    3.45452
   9.50000    3.46799
  10.00000    3.48125
  10.50000    3.49119
  11.00000    3.49360
  11.50000    3.49966
  12.00000    3.51018
  12.50000    3.51779
  13.00000    3.52209
  13.50000    3.52485
  14.00000    3.53633
  14.50000    3.54382
  15.00000    3.54490
  15.50000    3.54675
  16.00000    3.55941
  16.50000    3.56816
  17.00000    3.56859
  17.50000    3.56803
  18.00000    3.57471
  18.50000    3.58141
  19.00000    3.58640
  19.50000    3.58901
  20.00000    3.59850
  20.50000    3.60776
  21.00000    3.61614
  21.50000    3.61982
  22.00000    3.62502
  22.50000    3.63057
  23.00000    3.63610
  23.50000    3.64704
  24.00000    3.66087
  24.50000    3.66832
  25.00000    3.67271
  25.50000    3.66994
  26.00000    3.67012
  26.50000    3.65771
  27.00000    3.65568
  27.50000    3.65827
  28.00000    3.69233
  28.50000    3.73080
  29.00000    3.76452
  29.50000    3.78853
  30.00000    3.83150
  30.50000    3.87868
  31.00000    3.92262
  31.50000    3.95511
  32.00000    3.98927
  32.50000    4.01896
  33.00000    4.04656
  33.50000    4.07397
  34.00000    4.11456
  34.50000    4.15484
  35.00000    4.18972
  35.50000    4.22739
  36.00000    4.27499
  36.50000    4.30852
  37.00000    4.33134
  37.50000    4.34175
  38.00000    4.35402
  38.50000    4.35920
  39.00000    4.37142
  39.50000    4.37559
  40.00000    4.38066
  40.50000    4.38131
  41.00000    4.38527
  41.50000    4.38730
  42.00000    4.38762
  42.50000    4.39093
  43.00000    4.40310
  43.50000    4.41196
  44.00000    4.40577
  44.50000    4.39363
  45.00000    4.39122
  45.50000    4.39379
  46.00000    4.39194
  46.50000    4.38874
  47.00000    4.39017
  47.50000    4.39425
  48.00000    4.39534
  48.50000    4.39501
  49.00000    4.40017
  49.50000    4.40385
  50.00000    4.40219
  50.50000    4.40157
  51.00000    4.40802
  51.50000    4.41287
  52.00000    4.41300
  52.50000    4.41563
  53.00000    4.42418
  53.50000    4.42327
  54.00000    4.42046
  54.50000    4.41321
  55.00000    4.41774
  55.50000    4.42709
  56.00000    4.43841
  56.50000    4.43830
  57.00000    4.43794
  57.50000    4.44188
  58.00000    4.43769
  58.50000    4.43414
  59.00000    4.42904
  59.50000    4.43242
  60.00000    4.43132
  60.50000    4.42836
  61.00000    4.42301
  61.50000    4.42981
  62.00000    4.43917
  62.50000    4.43545
  63.00000    4.43326
  63.50000    4.43964
  64.00000    4.44682
  64.50000    4.44411
  65.00000    4.44073
  65.50000    4.43939
  66.00000    4.43885
  66.50000    4.43894
  67.00000    4.44066
  67.50000    4.44337
  68.00000    4.44526
  68.50000    4.45073
  69.00000    4.44959
  69.50000    4.44716
  70.00000    4.44713
  70.50000    4.45163
  71.00000    4.44765
  71.50000    4.44919
  72.00000    4.45230
  72.50000    4.45338
  73.00000    4.44749
  73.50000    4.44834
  74.00000    4.45506
  74.50000    4.45644
  75.00000    4.45088
  75.50000    4.45100
  76.00000    4.45867
  76.50000    4.46156
  77.00000    4.46206
  77.50000    4.45890
  78.00000    4.45765
  78.50000    4.45800
  79.00000    4.46150
  79.50000    4.45708
  80.00000    4.45709
  80.50000    4.45553
  81.00000    4.45767
  81.50000    4.45759
  82.00000    4.45727
  82.50000    4.45009
  83.00000    4.45599
  83.50000    4.46282
  84.00000    4.46617
  84.50000    4.46262
  85.00000    4.46185
  85.50000    4.45964
  86.00000    4.45844
  86.50000    4.46421
  87.00000    4.46032
  87.50000    4.45759
  88.00000    4.45780
  88.50000    4.46610
  89.00000    4.46423
  89.50000    4.46325
  90.00000    4.45939
  90.50000    4.46014
  91.00000    4.45856
  91.50000    4.45508
  92.00000    4.45609
  92.50000    4.45715
  93.00000    4.45578
  93.50000    4.45030
  94.00000    4.45274
  94.50000    4.45865
  95.00000    4.46436
  95.50000    4.46426
  96.00000    4.45982
  96.50000    4.45777
  97.00000    4.45482
  97.50000    4.45701
  98.00000    4.45634
  98.50000    4.45706
  99.00000    4.45856
  99.50000    4.46321
 100.00000    4.46126
 100.50000    4.45555
 101.00000    4.45587
 101.50000    4.45342
 102.00000    4.44828
 102.50000    4.44570
 103.00000    4.44954
 103.50000    4.45247
 104.00000    4.44967
 104.50000    4.45186
 105.00000    4.45321
 105.50000    4.45043
 106.00000    4.44534
 106.50000    4.44353
 107.00000    4.44768
 107.50000    4.45124
 108.00000    4.45376
 108.50000    4.44960
 109.00000    4.44275
 109.50000    4.44009
 110.00000    4.44360
 110.50000    4.45265
 111.00000    4.45295
 111.50000    4.44738
 112.00000    4.43954
 112.50000    4.44040
 113.00000    4.44257
 113.50000    4.44095
 114.00000    4.43876
 114.50000    4.44052
 115.00000    4.44196
 115.50000    4.44001
 116.00000    4.44424
 116.50000    4.44850
 117.00000    4.44458
 117.50000    4.43592
 118.00000    4.43724
 118.50000    4.43822
 119.00000    4.43854
 119.50000    4.43867
 120.00000    4.43572
 120.50000    4.43453
 121.00000    4.43665
 121.50000    4.43650
 122.00000    4.42818
 122.50000    4.42721
 123.00000    4.42638
 123.50000    4.42738
 124.00000    4.42487
 124.50000    4.42396
 125.00000    4.42130
 125.50000    4.42377
 126.00000    4.42223
 126.50000    4.42226
 127.00000    4.42407
 127.50000    4.42651
 128.00000    4.42395
 128.50000    4.42340
 129.00000    4.42161
 129.50000    4.42097
 130.00000    4.42066
 130.50000    4.42069
 131.00000    4.42192
 131.50000    4.42074
 132.00000    4.41877
 132.50000    4.41260
 133.00000    4.41233
 133.50000    4.41299
 134.00000    4.41610
 134.50000    4.41614
 135.00000    4.41745
 135.50000    4.41629
 136.00000    4.41523
 136.50000    4.41497
 137.00000    4.41681
 137.50000    4.41242
 138.00000    4.40905
 138.50000    4.40827
 139.00000    4.40960
 139.50000    4.41475
 140.00000    4.41171
 140.50000    4.40833
 141.00000    4.40449
 141.50000    4.41343
 142.00000    4.41516
 142.50000    4.41417
 143.00000    4.40305
 143.50000    4.40283
 144.00000    4.40338
 144.50000    4.40770
 145.00000    4.40560
 145.50000    4.41172
 146.00000    4.40961
 146.50000    4.41200
 147.00000    4.41044
 147.50000    4.41294
 148.00000    4.40949
 148.50000    4.41815
 149.00000    4.41467
 149.50000    4.41052
 150.00000    4.40822
