   0.00000    1.36714
   0.50000    3.19892
   1.00000    3.52922
   1.50000    3.41334
   2.00000    3.44808
   2.50000    3.43813
   3.00000    3.42862
   3.50000    3.42369
   4.00000    3.44139
   4.50000    3.46028
   5.00000    3.47889
   5.50000    3.47745
   6.00000    3.47794
   6.50000    3.48811
   7.00000    3.50114
   7.50000    3.50871
   8.00000    3.50492
   8.50000    3.50546
   9.00000    3.50886
   9.50000    3.51510
  10.00000    3.51898
  10.50000    3.52666
  11.00000    3.53515
  11.50000    3.54255
  12.00000    3.54780
  12.50000    3.55211
  13.00000    3.55507
  13.50000    3.56137
  14.00000    3.56847
  14.50000    3.57391
  15.00000    3.57774
  15.50000    3.58268
  16.00000    3.59037
  16.50000    3.59568
  17.00000    3.60889
  17.50000    3.62704
  18.00000    3.63919
  18.50000    3.63208
  19.00000    3.62524
  19.50000    3.62807
  20.00000    3.64217
  20.50000    3.65311
  21.00000    3.65200
  21.50000    3.66549
  22.00000    3.67123
  22.50000    3.67844
  23.00000    3.66401
  23.50000    3.68374
  24.00000    3.68467
  24.50000    3.67745
  25.00000    3.66551
  25.50000    3.66768
  26.00000    3.66095
  26.50000    3.65875
  27.00000    3.67665
  27.50000    3.71231
  28.00000    3.75610
  28.50000    3.80715
  29.00000    3.84962
  29.50000    3.88387
  30.00000    3.90668
  30.50000    3.92669
  31.00000    3.94449
  31.50000    3.97314
  32.00000    4.02315
  32.50000    4.07434
  33.00000    4.10947
  33.50000    4.15619
  34.00000    4.21003
  34.50000    4.26556
  35.00000    4.30570
  35.50000    4.34179
  36.00000    4.36587
  36.50000    4.37879
  37.00000    4.38981
  37.50000    4.41061
  38.00000    4.42560
  38.50000    4.43451
  39.00000    4.44622
  39.50000    4.45869
  40.00000    4.45303
  40.50000    4.44487
  41.00000    4.44173
  41.50000    4.44272
  42.00000    4.45267
  42.50000    4.45370
  43.00000    4.45372
  43.50000    4.45318
  44.00000    4.44851
  44.50000    4.43120
  45.00000    4.42902
  45.50000    4.43421
  46.00000    4.43939
  46.50000    4.43094
  47.00000    4.43635
  47.50000    4.44592
  48.00000    4.45763
  48.50000    4.45191
  49.00000    4.44202
  49.50000    4.44404
  50.00000    4.45291
  50.50000    4.46351
  51.00000    4.45979
  51.50000    4.45491
  52.00000    4.44905
  52.50000    4.44570
  53.00000    4.44514
  53.50000    4.45128
  54.00000    4.45292
  54.50000    4.45451
  55.00000    4.45545
  55.50000    4.45642
  56.00000    4.44934
  56.50000    4.43381
  57.00000    4.42902
  57.50000    4.43354
  58.00000    4.44309
  58.50000    4.43301
  59.00000    4.42333
  59.50000    4.41568
  60.00000    4.40875
  60.50000    4.41228
  61.00000    4.41848
  61.50000    4.41909
  62.00000    4.41181
  62.50000    4.40929
  63.00000    4.40165
  63.50000    4.40103
  64.00000    4.39809
  64.50000    4.40207
  65.00000    4.40360
  65.50000    4.40470
  66.00000    4.39931
  66.50000    4.40118
  67.00000    4.40652
  67.50000    4.39638
  68.00000    4.39165
  68.50000    4.39357
  69.00000    4.39292
  69.50000    4.39280
  70.00000    4.39509
  70.50000    4.39688
  71.00000    4.38625
  71.50000    4.38517
  72.00000    4.39333
  72.50000    4.40504
  73.00000    4.40428
  73.50000    4.39928
  74.00000    4.39688
  74.50000    4.40228
  75.00000    4.40806
  75.50000    4.40523
  76.00000    4.39985
  76.50000    4.39811
  77.00000    4.39762
  77.50000    4.39021
  78.00000    4.38678
  78.50000    4.39392
  79.00000    4.38780
  79.50000    4.38218
  80.00000    4.37940
  80.50000    4.38862
  81.00000    4.39060
  81.50000    4.39103
  82.00000    4.39124
  82.50000    4.38541
  83.00000    4.39092
  83.50000    4.38342
  84.00000    4.38136
  84.50000    4.37342
  85.00000    4.38511
  85.50000    4.37813
  86.00000    4.37232
  86.50000    4.36829
  87.00000    4.37071
  87.50000    4.37007
  88.00000    4.36517
  88.50000    4.37000
  89.00000    4.36773
  89.50000    4.37826
  90.00000    4.37481
  90.50000    4.37157
  91.00000    4.36442
  91.50000    4.36464
  92.00000    4.35955
  92.50000    4.35426
  93.00000    4.35520
  93.50000    4.35686
  94.00000    4.36391
  94.50000    4.35602
  95.00000    4.35238
  95.50000    4.35000
  96.00000    4.35872
  96.50000    4.34818
  97.00000    4.34475
  97.50000    4.33341
  98.00000    4.33693
  98.50000    4.33743
  99.00000    4.34741
  99.50000    4.35018
 100.00000    4.34717
 100.50000    4.33458
 101.00000    4.33200
 101.50000    4.34638
 102.00000    4.35347
 102.50000    4.34457
 103.00000    4.33548
 103.50000    4.33707
 104.00000    4.33774
 104.50000    4.33457
 105.00000    4.33350
 105.50000    4.33535
 106.00000    4.33140
 106.50000    4.33009
 107.00000    4.33068
 107.50000    4.34396
 108.00000    4.34346
 108.50000    4.33205
 109.00000    4.32121
 109.50000    4.32895
 110.00000    4.33830
 110.50000    4.33714
 111.00000    4.33506
 111.50000    4.32928
 112.00000    4.32431
 112.50000    4.31748
 113.00000    4.31602
 113.50000    4.31353
 114.00000    4.31466
 114.50000    4.32043
 115.00000    4.31913
 115.50000    4.32427
 116.00000    4.31734
 116.50000    4.32057
 117.00000    4.31518
 117.50000    4.32250
 118.00000    4.31918
 118.50000    4.32568
 119.00000    4.32739
 119.50000    4.31599
 120.00000    4.30976
 120.50000    4.31030
 121.00000    4.32034
 121.50000    4.32721
 122.00000    4.33673
 122.50000    4.32563
 123.00000    4.31680
 123.50000    4.31646
 124.00000    4.32685
 124.50000    4.32762
 125.00000    4.32174
 125.50000    4.30628
 126.00000    4.30755
 126.50000    4.31987
 127.00000    4.32926
 127.50000    4.31867
 128.00000    4.31490
 128.50000    4.31569
 129.00000    4.32360
 129.50000    4.32410
 130.00000    4.31993
 130.50000    4.31937
 131.00000    4.31889
 131.50000    4.32601
 132.00000    4.31533
 132.50000    4.30924
 133.00000    4.31572
 133.50000    4.32892
 134.00000    4.32437
 134.50000    4.32234
 135.00000    4.32293
 135.50000    4.32912
 136.00000    4.32013
 136.50000    4.32060
 137.00000    4.31974
 137.50000    4.33279
 138.00000    4.32699
 138.50000    4.31840
 139.00000    4.32456
 139.50000    4.32913
 140.00000    4.32877
 140.50000    4.33308
 141.00000    4.33508
 141.50000    4.33509
 142.00000    4.33305
 142.50000    4.34182
 143.00000    4.33457
 143.50000    4.33770
 144.00000    4.33333
 144.50000    4.33826
 145.00000    4.34796
 145.50000    4.36220
 146.00000    4.35377
 146.50000    4.34794
 147.00000    4.34624
 147.50000    4.35572
 148.00000    4.36080
 148.50000    4.36735
 149.00000    4.35374
 149.50000    4.34093
 150.00000    4.35933
