   0.00000    1.41003
   0.50000    3.08259
   1.00000    3.35614
   1.50000    3.27576
   2.00000    3.42235
   2.50000    3.43397
   3.00000    3.41154
   3.50000    3.39675
   4.00000    3.41861
   4.50000    3.43959
   5.00000    3.44082
   5.50000    3.43267
   6.00000    3.42475
   6.50000    3.42771
   7.00000    3.43587
   7.50000    3.44109
   8.00000    3.44612
   8.50000    3.45632
   9.00000    3.46702
   9.50000    3.47590
  10.00000    3.47246
  10.50000    3.47335
  11.00000    3.49042
  11.50000    3.50067
  12.00000    3.49942
  12.50000    3.50651
  13.00000    3.51950
  13.50000    3.51779
  14.00000    3.51877
  14.50000    3.52861
  15.00000    3.53809
  15.50000    3.54466
  16.00000    3.55200
  16.50000    3.55785
  17.00000    3.56212
  17.50000    3.57342
  18.00000    3.57872
  18.50000    3.57052
  19.00000    3.57101
  19.50000    3.58419
  20.00000    3.60145
  20.50000    3.60482
  21.00000    3.59937
  21.50000    3.59385
  22.00000    3.60184
  22.50000    3.61201
  23.00000    3.61003
  23.50000    3.60765
  24.00000    3.61632
  24.50000    3.61987
  25.00000    3.62154
  25.50000    3.61485
  26.00000    3.59798
  26.50000    3.58025
  27.00000    3.56900
  27.50000    3.56160
  28.00000    3.57479
  28.50000    3.60470
  29.00000    3.64756
  29.50000    3.68615
  30.00000    3.73547
  30.50000    3.79831
  31.00000    3.87082
  31.50000    3.91485
  32.00000    3.95077
  32.50000    3.99545
  33.00000    4.04254
  33.50000    4.07721
  34.00000    4.12690
  34.50000    4.18482
  35.00000    4.23155
  35.50000    4.27368
  36.00000    4.31274
  36.50000    4.33590
  37.00000    4.34763
  37.50000    4.36306
  38.00000    4.38097
  38.50000    4.38333
  39.00000    4.38704
  39.50000    4.39690
  40.00000    4.41009
  40.50000    4.40490
  41.00000    4.40736
  41.50000    4.42334
  42.00000    4.44159
  42.50000    4.44088
  43.00000    4.44630
  43.50000    4.45308
  44.00000    4.44877
  44.50000    4.44294
  45.00000    4.44745
  45.50000    4.45905
  46.00000    4.46489
  46.50000    4.46614
  47.00000    4.45761
  47.50000    4.45047
  48.00000    4.44140
  48.50000    4.43840
  49.00000    4.44414
  49.50000    4.45084
  50.00000    4.44916
  50.50000    4.45646
  51.00000    4.46624
  51.50000    4.47888
  52.00000    4.48018
  52.50000    4.47764
  53.00000    4.46806
  53.50000    4.47353
  54.00000    4.48563
  54.50000    4.48871
  55.00000    4.49545
  55.50000    4.49734
  56.00000    4.49866
  56.50000    4.49628
  57.00000    4.50752
  57.50000    4.52078
  58.00000    4.52644
  58.50000    4.52733
  59.00000    4.51879
  59.50000    4.52383
  60.00000    4.51512
  60.50000    4.52797
  61.00000    4.53313
  61.50000    4.54574
  62.00000    4.54578
  62.50000    4.54902
  63.00000    4.54708
  63.50000    4.54436
  64.00000    4.54141
  64.50000    4.54169
  65.00000    4.54541
  65.50000    4.55049
  66.00000    4.55206
  66.50000    4.55092
  67.00000    4.55211
  67.50000    4.54662
  68.00000    4.54440
  68.50000    4.54148
  69.00000    4.54785
  69.50000    4.54536
  70.00000    4.53901
  70.50000    4.53638
  71.00000    4.53006
  71.50000    4.51902
  72.00000    4.51454
  72.50000    4.52531
  73.00000    4.52917
  73.50000    4.51394
  74.00000    4.50780
  74.50000    4.51396
  75.00000    4.51272
  75.50000    4.50738
  76.00000    4.51198
  76.50000    4.51317
  77.00000    4.50424
  77.50000    4.50999
  78.00000    4.52524
  78.50000    4.52287
  79.00000    4.51215
  79.50000    4.50271
  80.00000    4.48980
  80.50000    4.49141
  81.00000    4.49703
  81.50000    4.50495
  82.00000    4.49857
  82.50000    4.50207
  83.00000    4.49940
  83.50000    4.49915
  84.00000    4.49269
  84.50000    4.49538
  85.00000    4.49763
  85.50000    4.49625
  86.00000    4.47007
  86.50000    4.47507
  87.00000    4.48949
  87.50000    4.50485
  88.00000    4.49404
  88.50000    4.49155
  89.00000    4.48090
  89.50000    4.47971
  90.00000    4.48475
  90.50000    4.49597
  91.00000    4.48653
  91.50000    4.47738
  92.00000    4.47311
  92.50000    4.47473
  93.00000    4.46483
  93.50000    4.46928
  94.00000    4.47428
  94.50000    4.47190
  95.00000    4.47176
  95.50000    4.46558
  96.00000    4.47301
  96.50000    4.46829
  97.00000    4.46732
  97.50000    4.45928
  98.00000    4.47013
  98.50000    4.47382
  99.00000    4.46698
  99.50000    4.46175
 100.00000    4.46327
 100.50000    4.46856
 101.00000    4.46748
 101.50000    4.46487
 102.00000    4.46267
 102.50000    4.45991
 103.00000    4.44899
 103.50000    4.45428
 104.00000    4.46608
 104.50000    4.46429
 105.00000    4.45684
 105.50000    4.45124
 106.00000    4.45256
 106.50000    4.44520
 107.00000    4.45181
 107.50000    4.46112
 108.00000    4.46984
 108.50000    4.45737
 109.00000    4.45111
 109.50000    4.45219
 110.00000    4.46175
 110.50000    4.46609
 111.00000    4.47095
 111.50000    4.45729
 112.00000    4.44974
 112.50000    4.45386
 113.00000    4.45561
 113.50000    4.45115
 114.00000    4.45566
 114.50000    4.46369
 115.00000    4.45350
 115.50000    4.44320
 116.00000    4.44089
 116.50000    4.44784
 117.00000    4.44848
 117.50000    4.44423
 118.00000    4.45315
 118.50000    4.45713
 119.00000    4.45083
 119.50000    4.44214
 120.00000    4.46073
 120.50000    4.45779
 121.00000    4.45639
 121.50000    4.45635
 122.00000    4.46066
 122.50000    4.44007
 123.00000    4.44145
 123.50000    4.45838
 124.00000    4.46557
 124.50000    4.45589
 125.00000    4.44817
 125.50000    4.45840
 126.00000    4.46754
 126.50000    4.47300
 127.00000    4.46835
 127.50000    4.45883
 128.00000    4.45482
 128.50000    4.45239
 129.00000    4.45984
 129.50000    4.45958
 130.00000    4.45542
 130.50000    4.44745
 131.00000    4.45004
 131.50000    4.46561
 132.00000    4.46094
 132.50000    4.46132
 133.00000    4.45304
 133.50000    4.46971
 134.00000    4.47405
 134.50000    4.47266
 135.00000    4.45914
 135.50000    4.45773
 136.00000    4.45629
 136.50000    4.45373
 137.00000    4.46846
 137.50000    4.47591
 138.00000    4.47031
 138.50000    4.45851
 139.00000    4.45618
 139.50000    4.45189
 140.00000    4.46309
 140.50000    4.47073
 141.00000    4.47379
 141.50000    4.46297
 142.00000    4.46627
 142.50000    4.46039
 143.00000    4.46164
 143.50000    4.46773
 144.00000    4.46661
 144.50000    4.46491
 145.00000    4.46635
 145.50000    4.48097
 146.00000    4.47547
 146.50000    4.47671
 147.00000    4.47558
 147.50000    4.47041
 148.00000    4.47064
 148.50000    4.48157
 149.00000    4.48997
 149.50000    4.47774
 150.00000    4.46641
