   0.00000    1.44388
   0.50000    3.11617
   1.00000    3.42176
   1.50000    3.38645
   2.00000    3.51684
   2.50000    3.51825
   3.00000    3.48544
   3.50000    3.49372
   4.00000    3.51827
   4.50000    3.53419
   5.00000    3.54095
   5.50000    3.54007
   6.00000    3.53611
   6.50000    3.53730
   7.00000    3.54582
   7.50000    3.53062
   8.00000    3.52638
   8.50000    3.54015
   9.00000    3.56567
   9.50000    3.56646
  10.00000    3.55648
  10.50000    3.54910
  11.00000    3.55647
  11.50000    3.56414
  12.00000    3.57049
  12.50000    3.57164
  13.00000    3.57751
  13.50000    3.58355
  14.00000    3.58586
  14.50000    3.58975
  15.00000    3.59400
  15.50000    3.60803
  16.00000    3.61074
  16.50000    3.62612
  17.00000    3.64688
  17.50000    3.68032
  18.00000    3.67540
  18.50000    3.66070
  19.00000    3.66370
  19.50000    3.69069
  20.00000    3.70221
  20.50000    3.70473
  21.00000    3.70613
  21.50000    3.70664
  22.00000    3.71878
  22.50000    3.74027
  23.00000    3.75627
  23.50000    3.76070
  24.00000    3.76138
  24.50000    3.73364
  25.00000    3.71464
  25.50000    3.71440
  26.00000    3.69230
  26.50000    3.64010
  27.00000    3.60809
  27.50000    3.61677
  28.00000    3.64010
  28.50000    3.68740
  29.00000    3.75376
  29.50000    3.81451
  30.00000    3.86856
  30.50000    3.92209
  31.00000    3.97067
  31.50000    4.00043
  32.00000    4.03774
  32.50000    4.09117
  33.00000    4.14884
  33.50000    4.20893
  34.00000    4.26019
  34.50000    4.32463
  35.00000    4.37849
  35.50000    4.43709
  36.00000    4.47138
  36.50000    4.49318
  37.00000    4.50150
  37.50000    4.50852
  38.00000    4.52580
  38.50000    4.52811
  39.00000    4.54067
  39.50000    4.52151
  40.00000    4.50911
  40.50000    4.49313
  41.00000    4.50696
  41.50000    4.50550
  42.00000    4.51889
  42.50000    4.52447
  43.00000    4.53767
  43.50000    4.53611
  44.00000    4.53007
  44.50000    4.52147
  45.00000    4.51602
  45.50000    4.50221
  46.00000    4.49565
  46.50000    4.49846
  47.00000    4.50051
  47.50000    4.49802
  48.00000    4.49126
  48.50000    4.47780
  49.00000    4.47250
  49.50000    4.49152
  50.00000    4.50318
  50.50000    4.50670
  51.00000    4.51581
  51.50000    4.52100
  52.00000    4.52027
  52.50000    4.50750
  53.00000    4.51724
  53.50000    4.51667
  54.00000    4.51700
  54.50000    4.53656
  55.00000    4.55937
  55.50000    4.55864
  56.00000    4.54564
  56.50000    4.55260
  57.00000    4.56457
  57.50000    4.56159
  58.00000    4.56335
  58.50000    4.55800
  59.00000    4.55884
  59.50000    4.55340
  60.00000    4.55485
  60.50000    4.56067
  61.00000    4.56194
  61.50000    4.56451
  62.00000    4.56554
  62.50000    4.57545
  63.00000    4.56674
  63.50000    4.55506
  64.00000    4.55453
  64.50000    4.56868
  65.00000    4.57368
  65.50000    4.58038
  66.00000    4.58349
  66.50000    4.58239
  67.00000    4.57512
  67.50000    4.57954
  68.00000    4.57193
  68.50000    4.56833
  69.00000    4.57419
  69.50000    4.58660
  70.00000    4.59534
  70.50000    4.59042
  71.00000    4.58496
  71.50000    4.57317
  72.00000    4.58205
  72.50000    4.59124
  73.00000    4.59696
  73.50000    4.58160
  74.00000    4.57487
  74.50000    4.58585
  75.00000    4.58394
  75.50000    4.57478
  76.00000    4.56028
  76.50000    4.57096
  77.00000    4.57281
  77.50000    4.57940
  78.00000    4.57872
  78.50000    4.57390
  79.00000    4.57094
  79.50000    4.58404
  80.00000    4.58134
  80.50000    4.57801
  81.00000    4.56888
  81.50000    4.57805
  82.00000    4.57532
  82.50000    4.58691
  83.00000    4.58711
  83.50000    4.57958
  84.00000    4.57445
  84.50000    4.58080
  85.00000    4.58306
  85.50000    4.57748
  86.00000    4.57139
  86.50000    4.58820
  87.00000    4.59064
  87.50000    4.58098
  88.00000    4.57569
  88.50000    4.58771
  89.00000    4.58564
  89.50000    4.57562
  90.00000    4.57847
  90.50000    4.58870
  91.00000    4.58755
  91.50000    4.57476
  92.00000    4.57261
  92.50000    4.57726
  93.00000    4.57937
  93.50000    4.56209
  94.00000    4.55585
  94.50000    4.55266
  95.00000    4.55096
  95.50000    4.56034
  96.00000    4.58230
  96.50000    4.57867
  97.00000    4.56300
  97.50000    4.55409
  98.00000    4.58074
  98.50000    4.57757
  99.00000    4.57705
  99.50000    4.55762
 100.00000    4.56539
 100.50000    4.56887
 101.00000    4.55771
 101.50000    4.55931
 102.00000    4.56548
 102.50000    4.57187
 103.00000    4.55036
 103.50000    4.55374
 104.00000    4.56297
 104.50000    4.56226
 105.00000    4.54389
 105.50000    4.53695
 106.00000    4.53921
 106.50000    4.53718
 107.00000    4.53632
 107.50000    4.52768
 108.00000    4.53745
 108.50000    4.53581
 109.00000    4.54265
 109.50000    4.53298
 110.00000    4.53119
 110.50000    4.53386
 111.00000    4.53495
 111.50000    4.53333
 112.00000    4.53459
 112.50000    4.54413
 113.00000    4.53962
 113.50000    4.52339
 114.00000    4.53596
 114.50000    4.54664
 115.00000    4.54032
 115.50000    4.52052
 116.00000    4.51875
 116.50000    4.52732
 117.00000    4.52589
 117.50000    4.52063
 118.00000    4.52011
 118.50000    4.52118
 119.00000    4.52018
 119.50000    4.52044
 120.00000    4.52757
 120.50000    4.52934
 121.00000    4.52003
 121.50000    4.51224
 122.00000    4.51645
 122.50000    4.52589
 123.00000    4.51437
 123.50000    4.51005
 124.00000    4.51703
 124.50000    4.51378
 125.00000    4.50129
 125.50000    4.50364
 126.00000    4.51918
 126.50000    4.51692
 127.00000    4.51801
 127.50000    4.50927
 128.00000    4.49949
 128.50000    4.48791
 129.00000    4.49628
 129.50000    4.51147
 130.00000    4.51327
 130.50000    4.50285
 131.00000    4.49787
 131.50000    4.51053
 132.00000    4.50682
 132.50000    4.49243
 133.00000    4.48952
 133.50000    4.49072
 134.00000    4.49681
 134.50000    4.50084
 135.00000    4.50856
 135.50000    4.50096
 136.00000    4.49402
 136.50000    4.49186
 137.00000    4.50411
 137.50000    4.50564
 138.00000    4.49650
 138.50000    4.49441
 139.00000    4.49799
 139.50000    4.49825
 140.00000    4.49732
 140.50000    4.50272
 141.00000    4.49553
 141.50000    4.49615
 142.00000    4.49817
 142.50000    4.50592
 143.00000    4.49234
 143.50000    4.48093
 144.00000    4.47489
 144.50000    4.48353
 145.00000    4.47839
 145.50000    4.48550
 146.00000    4.48792
 146.50000    4.49735
 147.00000    4.49167
 147.50000    4.48768
 148.00000    4.48744
 148.50000    4.48888
 149.00000    4.48659
 149.50000    4.47186
 150.00000    4.46975
