   0.00000    1.44318
   0.50000    3.11608
   1.00000    3.41925
   1.50000    3.37880
   2.00000    3.53796
   2.50000    3.54436
   3.00000    3.51010
   3.50000    3.48086
   4.00000    3.49271
   4.50000    3.52458
   5.00000    3.55178
   5.50000    3.55333
   6.00000    3.54393
   6.50000    3.54762
   7.00000    3.56245
   7.50000    3.56155
   8.00000    3.55589
   8.50000    3.55315
   9.00000    3.57224
   9.50000    3.57394
  10.00000    3.57569
  10.50000    3.57493
  11.00000    3.58287
  11.50000    3.57761
  12.00000    3.56685
  12.50000    3.57799
  13.00000    3.59426
  13.50000    3.61311
  14.00000    3.60849
  14.50000    3.61235
  15.00000    3.61337
  15.50000    3.61590
  16.00000    3.61416
  16.50000    3.61555
  17.00000    3.62649
  17.50000    3.63078
  18.00000    3.63022
  18.50000    3.63595
  19.00000    3.63700
  19.50000    3.63114
  20.00000    3.62970
  20.50000    3.65738
  21.00000    3.66561
  21.50000    3.66249
  22.00000    3.64885
  22.50000    3.66100
  23.00000    3.66907
  23.50000    3.67875
  24.00000    3.66688
  24.50000    3.65882
  25.00000    3.65673
  25.50000    3.66324
  26.00000    3.64621
  26.50000    3.62103
  27.00000    3.59410
  27.50000    3.58319
  28.00000    3.58213
  28.50000    3.59528
  29.00000    3.61357
  29.50000    3.62867
  30.00000    3.64623
  30.50000    3.67351
  31.00000    3.71747
  31.50000    3.76791
  32.00000    3.80325
  32.50000    3.84109
  33.00000    3.88258
  33.50000    3.94918
  34.00000    4.01489
  34.50000    4.09108
  35.00000    4.15134
  35.50000    4.21731
  36.00000    4.27699
  36.50000    4.31899
  37.00000    4.34153
  37.50000    4.36706
  38.00000    4.40229
  38.50000    4.42793
  39.00000    4.45994
  39.50000    4.47737
  40.00000    4.47988
  40.50000    4.47097
  41.00000    4.48211
  41.50000    4.50425
  42.00000    4.51459
  42.50000    4.53138
  43.00000    4.55966
  43.50000    4.58167
  44.00000    4.56353
  44.50000    4.54315
  45.00000    4.54596
  45.50000    4.56122
  46.00000    4.56631
  46.50000    4.57180
  47.00000    4.56851
  47.50000    4.57325
  48.00000    4.56810
  48.50000    4.58117
  49.00000    4.58013
  49.50000    4.59140
  50.00000    4.58917
  50.50000    4.59984
  51.00000    4.59485
  51.50000    4.60382
  52.00000    4.60384
  52.50000    4.59931
  53.00000    4.58234
  53.50000    4.58794
  54.00000    4.60311
  54.50000    4.60676
  55.00000    4.59450
  55.50000    4.59212
  56.00000    4.60679
  56.50000    4.60954
  57.00000    4.61008
  57.50000    4.61351
  58.00000    4.62515
  58.50000    4.61316
  59.00000    4.60337
  59.50000    4.60648
  60.00000    4.61274
  60.50000    4.60850
  61.00000    4.60217
  61.50000    4.59525
  62.00000    4.58815
  62.50000    4.58938
  63.00000    4.59309
  63.50000    4.58687
  64.00000    4.58642
  64.50000    4.58671
  65.00000    4.58632
  65.50000    4.59135
  66.00000    4.59787
  66.50000    4.59884
  67.00000    4.59249
  67.50000    4.58568
  68.00000    4.58415
  68.50000    4.58069
  69.00000    4.57552
  69.50000    4.57532
  70.00000    4.56486
  70.50000    4.56184
  71.00000    4.55164
  71.50000    4.55552
  72.00000    4.54508
  72.50000    4.54605
  73.00000    4.54098
  73.50000    4.53609
  74.00000    4.53843
  74.50000    4.53724
  75.00000    4.53271
  75.50000    4.52741
  76.00000    4.51931
  76.50000    4.51397
  77.00000    4.51659
  77.50000    4.52353
  78.00000    4.52315
  78.50000    4.51247
  79.00000    4.50353
  79.50000    4.49780
  80.00000    4.50752
  80.50000    4.50576
  81.00000    4.49512
  81.50000    4.48471
  82.00000    4.48249
  82.50000    4.48342
  83.00000    4.48619
  83.50000    4.48062
  84.00000    4.47488
  84.50000    4.47236
  85.00000    4.47842
  85.50000    4.47446
  86.00000    4.47413
  86.50000    4.46501
  87.00000    4.45972
  87.50000    4.45325
  88.00000    4.45255
  88.50000    4.45384
  89.00000    4.45791
  89.50000    4.45936
  90.00000    4.45409
  90.50000    4.45431
  91.00000    4.45187
  91.50000    4.43827
  92.00000    4.43568
  92.50000    4.44155
  93.00000    4.44379
  93.50000    4.43551
  94.00000    4.43205
  94.50000    4.42587
  95.00000    4.42587
  95.50000    4.42909
  96.00000    4.43121
  96.50000    4.42031
  97.00000    4.41134
  97.50000    4.40287
  98.00000    4.41423
  98.50000    4.42081
  99.00000    4.43089
  99.50000    4.41727
 100.00000    4.40377
 100.50000    4.39796
 101.00000    4.40976
 101.50000    4.41258
 102.00000    4.40140
 102.50000    4.39658
 103.00000    4.38855
 103.50000    4.39199
 104.00000    4.39048
 104.50000    4.39012
 105.00000    4.38812
 105.50000    4.38954
 106.00000    4.38807
 106.50000    4.37793
 107.00000    4.37897
 107.50000    4.38428
 108.00000    4.38585
 108.50000    4.37424
 109.00000    4.37089
 109.50000    4.37745
 110.00000    4.38166
 110.50000    4.37495
 111.00000    4.36548
 111.50000    4.36196
 112.00000    4.37156
 112.50000    4.36847
 113.00000    4.35996
 113.50000    4.35415
 114.00000    4.35757
 114.50000    4.35609
 115.00000    4.35618
 115.50000    4.35933
 116.00000    4.36297
 116.50000    4.36886
 117.00000    4.36807
 117.50000    4.35811
 118.00000    4.35805
 118.50000    4.36676
 119.00000    4.36408
 119.50000    4.35504
 120.00000    4.35212
 120.50000    4.35824
 121.00000    4.36470
 121.50000    4.36853
 122.00000    4.36790
 122.50000    4.36390
 123.00000    4.36335
 123.50000    4.36263
 124.00000    4.35800
 124.50000    4.35349
 125.00000    4.35259
 125.50000    4.34638
 126.00000    4.34210
 126.50000    4.33990
 127.00000    4.34277
 127.50000    4.34289
 128.00000    4.35166
 128.50000    4.35105
 129.00000    4.34475
 129.50000    4.34608
 130.00000    4.35221
 130.50000    4.35273
 131.00000    4.34644
 131.50000    4.34191
 132.00000    4.35075
 132.50000    4.35591
 133.00000    4.35299
 133.50000    4.34232
 134.00000    4.34046
 134.50000    4.35002
 135.00000    4.35527
 135.50000    4.36153
 136.00000    4.35134
 136.50000    4.35258
 137.00000    4.35057
 137.50000    4.35706
 138.00000    4.35506
 138.50000    4.35582
 139.00000    4.35980
 139.50000    4.36608
 140.00000    4.36982
 140.50000    4.36903
 141.00000    4.36795
 141.50000    4.36946
 142.00000    4.36818
 142.50000    4.36745
 143.00000    4.35920
 143.50000    4.35773
 144.00000    4.35048
 144.50000    4.35643
 145.00000    4.36291
 145.50000    4.37409
 146.00000    4.37797
 146.50000    4.38906
 147.00000    4.38367
 147.50000    4.37326
 148.00000    4.36216
 148.50000    4.36933
 149.00000    4.36248
 149.50000    4.36750
 150.00000    4.39948
