   0.00000    1.30326
   0.50000    2.99757
   1.00000    3.31468
   1.50000    3.21665
   2.00000    3.21506
   2.50000    3.26598
   3.00000    3.30305
   3.50000    3.33474
   4.00000    3.33906
   4.50000    3.33902
   5.00000    3.35000
   5.50000    3.35886
   6.00000    3.36528
   6.50000    3.37047
   7.00000    3.37845
   7.50000    3.38904
   8.00000    3.38610
   8.50000    3.38167
   9.00000    3.38250
   9.50000    3.39024
  10.00000    3.39434
  10.50000    3.39761
  11.00000    3.39965
  11.50000    3.40059
  12.00000    3.40291
  12.50000    3.39674
  13.00000    3.38737
  13.50000    3.38926
  14.00000    3.39443
  14.50000    3.39510
  15.00000    3.39217
  15.50000    3.38931
  16.00000    3.38135
  16.50000    3.38286
  17.00000    3.39038
  17.50000    3.39527
  18.00000    3.38921
  18.50000    3.39293
  19.00000    3.39580
  19.50000    3.39733
  20.00000    3.39137
  20.50000    3.39651
  21.00000    3.40392
  21.50000    3.41472
  22.00000    3.41789
  22.50000    3.41949
  23.00000    3.42316
  23.50000    3.43846
  24.00000    3.46056
  24.50000    3.47299
  25.00000    3.48491
  25.50000    3.50030
  26.00000    3.51988
  26.50000    3.53064
  27.00000    3.54715
  27.50000    3.56608
  28.00000    3.59813
  28.50000    3.62885
  29.00000    3.64870
  29.50000    3.65749
  30.00000    3.68036
  30.50000    3.70256
  31.00000    3.72319
  31.50000    3.75250
  32.00000    3.79063
  32.50000    3.82026
  33.00000    3.85395
  33.50000    3.91914
  34.00000    4.00097
  34.50000    4.07980
  35.00000    4.14905
  35.50000    4.22871
  36.00000    4.29457
  36.50000    4.33543
  37.00000    4.35420
  37.50000    4.36677
  38.00000    4.37097
  38.50000    4.36703
  39.00000    4.35716
  39.50000    4.35277
  40.00000    4.34644
  40.50000    4.33078
  41.00000    4.31489
  41.50000    4.31761
  42.00000    4.32417
  42.50000    4.33204
  43.00000    4.33595
  43.50000    4.34836
  44.00000    4.35011
  44.50000    4.35165
  45.00000    4.34191
  45.50000    4.34230
  46.00000    4.33141
  46.50000    4.31001
  47.00000    4.29949
  47.50000    4.30626
  48.00000    4.31687
  48.50000    4.31943
  49.00000    4.32838
  49.50000    4.33601
  50.00000    4.34769
  50.50000    4.36037
  51.00000    4.37349
  51.50000    4.37094
  52.00000    4.36869
  52.50000    4.36564
  53.00000    4.37435
  53.50000    4.37679
  54.00000    4.37747
  54.50000    4.36794
  55.00000    4.37163
  55.50000    4.37281
  56.00000    4.37317
  56.50000    4.37048
  57.00000    4.37866
  57.50000    4.37611
  58.00000    4.37383
  58.50000    4.37470
  59.00000    4.37699
  59.50000    4.36929
  60.00000    4.37214
  60.50000    4.37411
  61.00000    4.37795
  61.50000    4.37366
  62.00000    4.36828
  62.50000    4.36229
  63.00000    4.36895
  63.50000    4.37466
  64.00000    4.37094
  64.50000    4.36227
  65.00000    4.35992
  65.50000    4.36839
  66.00000    4.37290
  66.50000    4.37288
  67.00000    4.36621
  67.50000    4.36719
  68.00000    4.36565
  68.50000    4.36568
  69.00000    4.36379
  69.50000    4.35789
  70.00000    4.35357
  70.50000    4.35092
  71.00000    4.35341
  71.50000    4.34814
  72.00000    4.34406
  72.50000    4.34810
  73.00000    4.34871
  73.50000    4.34503
  74.00000    4.34382
  74.50000    4.34697
  75.00000    4.34550
  75.50000    4.33902
  76.00000    4.33841
  76.50000    4.33853
  77.00000    4.33677
  77.50000    4.33527
  78.00000    4.33436
  78.50000    4.33249
  79.00000    4.32719
  79.50000    4.32261
  80.00000    4.32158
  80.50000    4.31232
  81.00000    4.31215
  81.50000    4.31070
  82.00000    4.31594
  82.50000    4.30662
  83.00000    4.30914
  83.50000    4.30711
  84.00000    4.30901
  84.50000    4.30639
  85.00000    4.30301
  85.50000    4.29861
  86.00000    4.30066
  86.50000    4.30253
  87.00000    4.29042
  87.50000    4.28397
  88.00000    4.29015
  88.50000    4.29913
  89.00000    4.29483
  89.50000    4.28684
  90.00000    4.28351
  90.50000    4.28090
  91.00000    4.27584
  91.50000    4.27152
  92.00000    4.26989
  92.50000    4.26357
  93.00000    4.26127
  93.50000    4.25537
  94.00000    4.26146
  94.50000    4.26481
  95.00000    4.26935
  95.50000    4.26423
  96.00000    4.26110
  96.50000    4.25781
  97.00000    4.25813
  97.50000    4.25588
  98.00000    4.24855
  98.50000    4.24319
  99.00000    4.23765
  99.50000    4.23140
 100.00000    4.23614
 100.50000    4.24540
 101.00000    4.24454
 101.50000    4.24127
 102.00000    4.23704
 102.50000    4.22818
 103.00000    4.22028
 103.50000    4.22060
 104.00000    4.22092
 104.50000    4.22130
 105.00000    4.21930
 105.50000    4.21311
 106.00000    4.21045
 106.50000    4.21536
 107.00000    4.21620
 107.50000    4.20814
 108.00000    4.20471
 108.50000    4.20733
 109.00000    4.20824
 109.50000    4.20948
 110.00000    4.20899
 110.50000    4.20338
 111.00000    4.20171
 111.50000    4.20854
 112.00000    4.20299
 112.50000    4.19511
 113.00000    4.19453
 113.50000    4.19299
 114.00000    4.18302
 114.50000    4.18031
 115.00000    4.18539
 115.50000    4.19048
 116.00000    4.18875
 116.50000    4.17858
 117.00000    4.17169
 117.50000    4.17270
 118.00000    4.17494
 118.50000    4.17180
 119.00000    4.17033
 119.50000    4.16947
 120.00000    4.16773
 120.50000    4.16681
 121.00000    4.16709
 121.50000    4.16603
 122.00000    4.16484
 122.50000    4.16395
 123.00000    4.16417
 123.50000    4.16182
 124.00000    4.16167
 124.50000    4.16129
 125.00000    4.15919
 125.50000    4.15481
 126.00000    4.15406
 126.50000    4.15589
 127.00000    4.15660
 127.50000    4.15181
 128.00000    4.14795
 128.50000    4.14866
 129.00000    4.14993
 129.50000    4.14612
 130.00000    4.14243
 130.50000    4.14533
 131.00000    4.14641
 131.50000    4.14810
 132.00000    4.14879
 132.50000    4.14787
 133.00000    4.15185
 133.50000    4.15146
 134.00000    4.14975
 134.50000    4.14432
 135.00000    4.14550
 135.50000    4.13497
 136.00000    4.13437
 136.50000    4.13487
 137.00000    4.13882
 137.50000    4.13566
 138.00000    4.13514
 138.50000    4.14463
 139.00000    4.15272
 139.50000    4.15134
 140.00000    4.14570
 140.50000    4.13880
 141.00000    4.13798
 141.50000    4.13618
 142.00000    4.14229
 142.50000    4.14428
 143.00000    4.15182
 143.50000    4.15200
 144.00000    4.15013
 144.50000    4.15032
 145.00000    4.15121
 145.50000    4.15151
 146.00000    4.14783
 146.50000    4.14945
 147.00000    4.14954
 147.50000    4.15573
 148.00000    4.15741
 148.50000    4.16227
 149.00000    4.15907
 149.50000    4.15724
 150.00000    4.16711
