   0.00000    1.36608
   0.50000    3.14828
   1.00000    3.51789
   1.50000    3.39582
   2.00000    3.38181
   2.50000    3.36798
   3.00000    3.37747
   3.50000    3.39555
   4.00000    3.44570
   4.50000    3.49751
   5.00000    3.53461
   5.50000    3.55289
   6.00000    3.55807
   6.50000    3.57346
   7.00000    3.60100
   7.50000    3.61204
   8.00000    3.60229
   8.50000    3.58948
   9.00000    3.60979
   9.50000    3.61688
  10.00000    3.62523
  10.50000    3.62262
  11.00000    3.62644
  11.50000    3.62405
  12.00000    3.63680
  12.50000    3.64933
  13.00000    3.64594
  13.50000    3.64403
  14.00000    3.64338
  14.50000    3.64737
  15.00000    3.64287
  15.50000    3.64889
  16.00000    3.64436
  16.50000    3.65138
  17.00000    3.64809
  17.50000    3.65838
  18.00000    3.65381
  18.50000    3.66483
  19.00000    3.66192
  19.50000    3.66127
  20.00000    3.66306
  20.50000    3.68781
  21.00000    3.69905
  21.50000    3.70259
  22.00000    3.71806
  22.50000    3.76190
  23.00000    3.80994
  23.50000    3.83370
  24.00000    3.84405
  24.50000    3.86987
  25.00000    3.90583
  25.50000    3.99227
  26.00000    4.07066
  26.50000    4.13380
  27.00000    4.10472
  27.50000    4.11904
  28.00000    4.15882
  28.50000    4.21156
  29.00000    4.23214
  29.50000    4.26820
  30.00000    4.29756
  30.50000    4.31978
  31.00000    4.35114
  31.50000    4.38984
  32.00000    4.40967
  32.50000    4.41992
  33.00000    4.44249
  33.50000    4.47080
  34.00000    4.51259
  34.50000    4.55538
  35.00000    4.59825
  35.50000    4.60777
  36.00000    4.60554
  36.50000    4.60938
  37.00000    4.60848
  37.50000    4.60629
  38.00000    4.60095
  38.50000    4.60418
  39.00000    4.61105
  39.50000    4.61437
  40.00000    4.59421
  40.50000    4.58282
  41.00000    4.57898
  41.50000    4.58265
  42.00000    4.56594
  42.50000    4.58070
  43.00000    4.59368
  43.50000    4.60189
  44.00000    4.58957
  44.50000    4.58352
  45.00000    4.58174
  45.50000    4.58994
  46.00000    4.59648
  46.50000    4.60293
  47.00000    4.58194
  47.50000    4.57620
  48.00000    4.55930
  48.50000    4.56479
  49.00000    4.54271
  49.50000    4.53794
  50.00000    4.53101
  50.50000    4.53596
  51.00000    4.52572
  51.50000    4.50975
  52.00000    4.49064
  52.50000    4.47911
  53.00000    4.47636
  53.50000    4.48002
  54.00000    4.48152
  54.50000    4.48943
  55.00000    4.48345
  55.50000    4.48356
  56.00000    4.46754
  56.50000    4.46122
  57.00000    4.45638
  57.50000    4.46490
  58.00000    4.46562
  58.50000    4.46900
  59.00000    4.47551
  59.50000    4.47421
  60.00000    4.47092
  60.50000    4.46759
  61.00000    4.46386
  61.50000    4.45150
  62.00000    4.45083
  62.50000    4.45696
  63.00000    4.46242
  63.50000    4.45615
  64.00000    4.44743
  64.50000    4.43186
  65.00000    4.42767
  65.50000    4.43904
  66.00000    4.44477
  66.50000    4.43770
  67.00000    4.42462
  67.50000    4.43660
  68.00000    4.43709
  68.50000    4.43200
  69.00000    4.42331
  69.50000    4.43645
  70.00000    4.43142
  70.50000    4.43200
  71.00000    4.43007
  71.50000    4.42680
  72.00000    4.40288
  72.50000    4.41582
  73.00000    4.42669
  73.50000    4.42738
  74.00000    4.42100
  74.50000    4.41829
  75.00000    4.41278
  75.50000    4.40185
  76.00000    4.40661
  76.50000    4.40538
  77.00000    4.40680
  77.50000    4.41190
  78.00000    4.41978
  78.50000    4.41703
  79.00000    4.40145
  79.50000    4.40128
  80.00000    4.40947
  80.50000    4.40603
  81.00000    4.39224
  81.50000    4.39615
  82.00000    4.39120
  82.50000    4.38684
  83.00000    4.38600
  83.50000    4.40630
  84.00000    4.38589
  84.50000    4.38008
  85.00000    4.37529
  85.50000    4.39340
  86.00000    4.39097
  86.50000    4.39287
  87.00000    4.37837
  87.50000    4.38007
  88.00000    4.39239
  88.50000    4.39335
  89.00000    4.36777
  89.50000    4.37100
  90.00000    4.37847
  90.50000    4.39604
  91.00000    4.38643
  91.50000    4.38011
  92.00000    4.36748
  92.50000    4.36946
  93.00000    4.38465
  93.50000    4.38861
  94.00000    4.37903
  94.50000    4.36516
  95.00000    4.36661
  95.50000    4.37960
  96.00000    4.38668
  96.50000    4.37154
  97.00000    4.36153
  97.50000    4.36786
  98.00000    4.38184
  98.50000    4.37849
  99.00000    4.37599
  99.50000    4.37193
 100.00000    4.35580
 100.50000    4.35757
 101.00000    4.36046
 101.50000    4.36351
 102.00000    4.35182
 102.50000    4.35436
 103.00000    4.35746
 103.50000    4.36140
 104.00000    4.35048
 104.50000    4.35498
 105.00000    4.34504
 105.50000    4.34163
 106.00000    4.33870
 106.50000    4.34843
 107.00000    4.35321
 107.50000    4.35399
 108.00000    4.35666
 108.50000    4.34710
 109.00000    4.34892
 109.50000    4.35319
 110.00000    4.35773
 110.50000    4.34837
 111.00000    4.34011
 111.50000    4.34350
 112.00000    4.35473
 112.50000    4.34906
 113.00000    4.33296
 113.50000    4.32738
 114.00000    4.33676
 114.50000    4.33850
 115.00000    4.33496
 115.50000    4.33675
 116.00000    4.34089
 116.50000    4.34266
 117.00000    4.33765
 117.50000    4.34664
 118.00000    4.34759
 118.50000    4.34785
 119.00000    4.33580
 119.50000    4.33038
 120.00000    4.32485
 120.50000    4.33203
 121.00000    4.34769
 121.50000    4.34658
 122.00000    4.33968
 122.50000    4.33884
 123.00000    4.34386
 123.50000    4.33496
 124.00000    4.32722
 124.50000    4.33663
 125.00000    4.34913
 125.50000    4.33508
 126.00000    4.32986
 126.50000    4.32481
 127.00000    4.33068
 127.50000    4.31909
 128.00000    4.32951
 128.50000    4.32484
 129.00000    4.32456
 129.50000    4.32010
 130.00000    4.32684
 130.50000    4.32301
 131.00000    4.33709
 131.50000    4.33538
 132.00000    4.33904
 132.50000    4.32571
 133.00000    4.32880
 133.50000    4.32744
 134.00000    4.32736
 134.50000    4.33714
 135.00000    4.32846
 135.50000    4.33321
 136.00000    4.31744
 136.50000    4.32495
 137.00000    4.32002
 137.50000    4.31798
 138.00000    4.31591
 138.50000    4.32397
 139.00000    4.33314
 139.50000    4.31573
 140.00000    4.31779
 140.50000    4.33116
 141.00000    4.32660
 141.50000    4.31871
 142.00000    4.32654
 142.50000    4.34470
 143.00000    4.34157
 143.50000    4.33333
 144.00000    4.33565
 144.50000    4.33560
 145.00000    4.33554
 145.50000    4.32293
 146.00000    4.33166
 146.50000    4.34366
 147.00000    4.34339
 147.50000    4.33803
 148.00000    4.33197
 148.50000    4.32968
 149.00000    4.32910
 149.50000    4.34416
 150.00000    4.35787
