   0.00000    1.42153
   0.50000    3.25563
   1.00000    3.50519
   1.50000    3.32542
   2.00000    3.37302
   2.50000    3.41306
   3.00000    3.45269
   3.50000    3.48389
   4.00000    3.51961
   4.50000    3.54776
   5.00000    3.56131
   5.50000    3.57312
   6.00000    3.58640
   6.50000    3.59240
   7.00000    3.60029
   7.50000    3.60941
   8.00000    3.60589
   8.50000    3.60024
   9.00000    3.61344
   9.50000    3.60897
  10.00000    3.61073
  10.50000    3.61929
  11.00000    3.63279
  11.50000    3.63059
  12.00000    3.63372
  12.50000    3.62972
  13.00000    3.61708
  13.50000    3.62123
  14.00000    3.63377
  14.50000    3.63570
  15.00000    3.64232
  15.50000    3.64707
  16.00000    3.65023
  16.50000    3.64969
  17.00000    3.65891
  17.50000    3.67506
  18.00000    3.67717
  18.50000    3.67984
  19.00000    3.67996
  19.50000    3.68404
  20.00000    3.68589
  20.50000    3.70716
  21.00000    3.71180
  21.50000    3.70982
  22.00000    3.72274
  22.50000    3.78596
  23.00000    3.83773
  23.50000    3.85843
  24.00000    3.84657
  24.50000    3.83266
  25.00000    3.82359
  25.50000    3.83416
  26.00000    3.86478
  26.50000    3.89122
  27.00000    3.89945
  27.50000    3.94303
  28.00000    4.00428
  28.50000    4.04780
  29.00000    4.07052
  29.50000    4.10977
  30.00000    4.14261
  30.50000    4.17909
  31.00000    4.22895
  31.50000    4.28598
  32.00000    4.32255
  32.50000    4.35406
  33.00000    4.38693
  33.50000    4.43745
  34.00000    4.48198
  34.50000    4.52690
  35.00000    4.55320
  35.50000    4.56528
  36.00000    4.57022
  36.50000    4.57953
  37.00000    4.58589
  37.50000    4.58961
  38.00000    4.59601
  38.50000    4.59602
  39.00000    4.60160
  39.50000    4.60492
  40.00000    4.58902
  40.50000    4.57515
  41.00000    4.58395
  41.50000    4.59875
  42.00000    4.59616
  42.50000    4.59380
  43.00000    4.60512
  43.50000    4.60557
  44.00000    4.59706
  44.50000    4.58904
  45.00000    4.58174
  45.50000    4.57469
  46.00000    4.57233
  46.50000    4.57782
  47.00000    4.56350
  47.50000    4.56365
  48.00000    4.56260
  48.50000    4.57143
  49.00000    4.54907
  49.50000    4.54542
  50.00000    4.55658
  50.50000    4.56442
  51.00000    4.54788
  51.50000    4.53146
  52.00000    4.53207
  52.50000    4.53369
  53.00000    4.53181
  53.50000    4.52909
  54.00000    4.53409
  54.50000    4.53751
  55.00000    4.53139
  55.50000    4.53532
  56.00000    4.53681
  56.50000    4.53168
  57.00000    4.53317
  57.50000    4.54008
  58.00000    4.53440
  58.50000    4.54002
  59.00000    4.55466
  59.50000    4.55215
  60.00000    4.54258
  60.50000    4.54333
  61.00000    4.54347
  61.50000    4.54067
  62.00000    4.54743
  62.50000    4.54602
  63.00000    4.54410
  63.50000    4.53752
  64.00000    4.53192
  64.50000    4.52993
  65.00000    4.53334
  65.50000    4.54142
  66.00000    4.53673
  66.50000    4.53731
  67.00000    4.52545
  67.50000    4.53423
  68.00000    4.53421
  68.50000    4.53709
  69.00000    4.53056
  69.50000    4.53040
  70.00000    4.52618
  70.50000    4.53837
  71.00000    4.53429
  71.50000    4.52546
  72.00000    4.51257
  72.50000    4.51804
  73.00000    4.52408
  73.50000    4.52748
  74.00000    4.52857
  74.50000    4.51891
  75.00000    4.51875
  75.50000    4.51125
  76.00000    4.51082
  76.50000    4.51249
  77.00000    4.51941
  77.50000    4.52365
  78.00000    4.51464
  78.50000    4.51179
  79.00000    4.50643
  79.50000    4.50311
  80.00000    4.49735
  80.50000    4.49249
  81.00000    4.48435
  81.50000    4.47952
  82.00000    4.48469
  82.50000    4.48202
  83.00000    4.48330
  83.50000    4.48320
  84.00000    4.48117
  84.50000    4.47868
  85.00000    4.48646
  85.50000    4.48507
  86.00000    4.48564
  86.50000    4.48380
  87.00000    4.47241
  87.50000    4.46352
  88.00000    4.47014
  88.50000    4.47154
  89.00000    4.45821
  89.50000    4.46559
  90.00000    4.46484
  90.50000    4.47031
  91.00000    4.46079
  91.50000    4.46424
  92.00000    4.45225
  92.50000    4.44680
  93.00000    4.45000
  93.50000    4.45482
  94.00000    4.45222
  94.50000    4.43985
  95.00000    4.44194
  95.50000    4.44895
  96.00000    4.45570
  96.50000    4.44439
  97.00000    4.44279
  97.50000    4.43091
  98.00000    4.43946
  98.50000    4.42753
  99.00000    4.43496
  99.50000    4.43475
 100.00000    4.43756
 100.50000    4.42174
 101.00000    4.41525
 101.50000    4.42161
 102.00000    4.42273
 102.50000    4.41980
 103.00000    4.42242
 103.50000    4.42589
 104.00000    4.42250
 104.50000    4.42063
 105.00000    4.40873
 105.50000    4.39385
 106.00000    4.38803
 106.50000    4.39652
 107.00000    4.40702
 107.50000    4.40664
 108.00000    4.40920
 108.50000    4.39475
 109.00000    4.39914
 109.50000    4.40476
 110.00000    4.40808
 110.50000    4.38755
 111.00000    4.38471
 111.50000    4.39504
 112.00000    4.40224
 112.50000    4.39014
 113.00000    4.37774
 113.50000    4.38134
 114.00000    4.39372
 114.50000    4.39587
 115.00000    4.38366
 115.50000    4.38195
 116.00000    4.38019
 116.50000    4.38720
 117.00000    4.38257
 117.50000    4.38731
 118.00000    4.37659
 118.50000    4.38137
 119.00000    4.38035
 119.50000    4.37610
 120.00000    4.36270
 120.50000    4.36371
 121.00000    4.37753
 121.50000    4.38117
 122.00000    4.37783
 122.50000    4.37644
 123.00000    4.37850
 123.50000    4.37222
 124.00000    4.37554
 124.50000    4.38301
 125.00000    4.38333
 125.50000    4.36697
 126.00000    4.36017
 126.50000    4.35540
 127.00000    4.36146
 127.50000    4.36712
 128.00000    4.37058
 128.50000    4.36226
 129.00000    4.35863
 129.50000    4.36305
 130.00000    4.36316
 130.50000    4.36671
 131.00000    4.37141
 131.50000    4.36706
 132.00000    4.36496
 132.50000    4.37303
 133.00000    4.36697
 133.50000    4.36209
 134.00000    4.35508
 134.50000    4.36996
 135.00000    4.35759
 135.50000    4.36309
 136.00000    4.35476
 136.50000    4.36485
 137.00000    4.36226
 137.50000    4.35540
 138.00000    4.35663
 138.50000    4.36386
 139.00000    4.36977
 139.50000    4.35511
 140.00000    4.35322
 140.50000    4.36770
 141.00000    4.36441
 141.50000    4.35828
 142.00000    4.35849
 142.50000    4.37289
 143.00000    4.36974
 143.50000    4.35990
 144.00000    4.35989
 144.50000    4.35107
 145.00000    4.35469
 145.50000    4.35223
 146.00000    4.35987
 146.50000    4.35856
 147.00000    4.36681
 147.50000    4.37143
 148.00000    4.37117
 148.50000    4.35942
 149.00000    4.36292
 149.50000    4.37212
 150.00000    4.37322
