   0.00000    1.49306
   0.50000    2.98943
   1.00000    3.30114
   1.50000    3.24910
   2.00000    3.31214
   2.50000    3.34677
   3.00000    3.37455
   3.50000    3.39681
   4.00000    3.42357
   4.50000    3.43461
   5.00000    3.43576
   5.50000    3.44170
   6.00000    3.43988
   6.50000    3.44403
   7.00000    3.44575
   7.50000    3.45540
   8.00000    3.46358
   8.50000    3.47077
   9.00000    3.47447
   9.50000    3.47015
  10.00000    3.46911
  10.50000    3.46897
  11.00000    3.47318
  11.50000    3.47945
  12.00000    3.48779
  12.50000    3.49041
  13.00000    3.49152
  13.50000    3.49610
  14.00000    3.50432
  14.50000    3.50499
  15.00000    3.50393
  15.50000    3.50560
  16.00000    3.51400
  16.50000    3.51677
  17.00000    3.51906
  17.50000    3.52011
  18.00000    3.53037
  18.50000    3.53609
  19.00000    3.54188
  19.50000    3.54165
  20.00000    3.54621
  20.50000    3.55051
  21.00000    3.55899
  21.50000    3.56316
  22.00000    3.56494
  22.50000    3.57167
  23.00000    3.58053
  23.50000    3.58342
  24.00000    3.58713
  24.50000    3.59846
  25.00000    3.61291
  25.50000    3.62128
  26.00000    3.62726
  26.50000    3.63307
  27.00000    3.63675
  27.50000    3.64082
  28.00000    3.64549
  28.50000    3.66298
  29.00000    3.68251
  29.50000    3.69734
  30.00000    3.70467
  30.50000    3.71620
  31.00000    3.73537
  31.50000    3.75299
  32.00000    3.76114
  32.50000    3.75738
  33.00000    3.76283
  33.50000    3.78267
  34.00000    3.82253
  34.50000    3.86766
  35.00000    3.92234
  35.50000    3.97840
  36.00000    4.02847
  36.50000    4.06737
  37.00000    4.10620
  37.50000    4.14579
  38.00000    4.17457
  38.50000    4.19655
  39.00000    4.22325
  39.50000    4.24224
  40.00000    4.24979
  40.50000    4.25386
  41.00000    4.26618
  41.50000    4.27880
  42.00000    4.28465
  42.50000    4.29073
  43.00000    4.30046
  43.50000    4.30889
  44.00000    4.30837
  44.50000    4.31034
  45.00000    4.31785
  45.50000    4.32536
  46.00000    4.32808
  46.50000    4.32109
  47.00000    4.32064
  47.50000    4.32059
  48.00000    4.32408
  48.50000    4.32133
  49.00000    4.32959
  49.50000    4.34599
  50.00000    4.35143
  50.50000    4.34929
  51.00000    4.34439
  51.50000    4.33910
  52.00000    4.32556
  52.50000    4.31808
  53.00000    4.32031
  53.50000    4.31944
  54.00000    4.32031
  54.50000    4.31969
  55.00000    4.32013
  55.50000    4.32280
  56.00000    4.32724
  56.50000    4.32694
  57.00000    4.32464
  57.50000    4.32897
  58.00000    4.33385
  58.50000    4.33587
  59.00000    4.33632
  59.50000    4.33740
  60.00000    4.33685
  60.50000    4.33758
  61.00000    4.34046
  61.50000    4.34263
  62.00000    4.34444
  62.50000    4.34584
  63.00000    4.35043
  63.50000    4.35244
  64.00000    4.35177
  64.50000    4.35393
  65.00000    4.35831
  65.50000    4.36942
  66.00000    4.37139
  66.50000    4.37073
  67.00000    4.36358
  67.50000    4.37180
  68.00000    4.38008
  68.50000    4.38485
  69.00000    4.38663
  69.50000    4.39243
  70.00000    4.39927
  70.50000    4.39806
  71.00000    4.39840
  71.50000    4.39526
  72.00000    4.39692
  72.50000    4.39941
  73.00000    4.40479
  73.50000    4.40835
  74.00000    4.41244
  74.50000    4.41656
  75.00000    4.41846
  75.50000    4.42253
  76.00000    4.42528
  76.50000    4.42646
  77.00000    4.42737
  77.50000    4.43157
  78.00000    4.43510
  78.50000    4.43606
  79.00000    4.43360
  79.50000    4.43734
  80.00000    4.44006
  80.50000    4.43920
  81.00000    4.43894
  81.50000    4.44298
  82.00000    4.44874
  82.50000    4.45297
  83.00000    4.45794
  83.50000    4.46024
  84.00000    4.46229
  84.50000    4.46407
  85.00000    4.46416
  85.50000    4.46487
  86.00000    4.46980
  86.50000    4.47283
  87.00000    4.47347
  87.50000    4.46806
  88.00000    4.46999
  88.50000    4.47264
  89.00000    4.47671
  89.50000    4.47689
  90.00000    4.47931
  90.50000    4.48288
  91.00000    4.48402
  91.50000    4.48269
  92.00000    4.47936
  92.50000    4.48360
  93.00000    4.48849
  93.50000    4.49039
  94.00000    4.48777
  94.50000    4.48967
  95.00000    4.49316
  95.50000    4.49158
  96.00000    4.48974
  96.50000    4.48741
  97.00000    4.49192
  97.50000    4.49501
  98.00000    4.49941
  98.50000    4.49762
  99.00000    4.49859
  99.50000    4.49652
 100.00000    4.49662
 100.50000    4.49376
 101.00000    4.49686
 101.50000    4.49788
 102.00000    4.49972
 102.50000    4.49557
 103.00000    4.49746
 103.50000    4.49803
 104.00000    4.49766
 104.50000    4.49857
 105.00000    4.49869
 105.50000    4.49724
 106.00000    4.49226
 106.50000    4.49709
 107.00000    4.49677
 107.50000    4.49775
 108.00000    4.49575
 108.50000    4.49941
 109.00000    4.49935
 109.50000    4.49781
 110.00000    4.49861
 110.50000    4.50038
 111.00000    4.49974
 111.50000    4.49407
 112.00000    4.49351
 112.50000    4.49316
 113.00000    4.49779
 113.50000    4.49971
 114.00000    4.49852
 114.50000    4.49620
 115.00000    4.49709
 115.50000    4.50143
 116.00000    4.49847
 116.50000    4.49812
 117.00000    4.49702
 117.50000    4.49759
 118.00000    4.49431
 118.50000    4.49341
 119.00000    4.49529
 119.50000    4.49776
 120.00000    4.49811
 120.50000    4.49354
 121.00000    4.48937
 121.50000    4.48966
 122.00000    4.48972
 122.50000    4.48533
 123.00000    4.48528
 123.50000    4.48717
 124.00000    4.48851
 124.50000    4.48520
 125.00000    4.47940
 125.50000    4.47391
 126.00000    4.47178
 126.50000    4.47525
 127.00000    4.47791
 127.50000    4.48078
 128.00000    4.48224
 128.50000    4.47942
 129.00000    4.47268
 129.50000    4.46697
 130.00000    4.46319
 130.50000    4.46658
 131.00000    4.46780
 131.50000    4.46485
 132.00000    4.45996
 132.50000    4.46308
 133.00000    4.46626
 133.50000    4.46551
 134.00000    4.46413
 134.50000    4.46215
 135.00000    4.45929
 135.50000    4.45799
 136.00000    4.46013
 136.50000    4.45948
 137.00000    4.45369
 137.50000    4.45070
 138.00000    4.45677
 138.50000    4.45818
 139.00000    4.45732
 139.50000    4.45785
 140.00000    4.45609
 140.50000    4.44956
 141.00000    4.44738
 141.50000    4.45136
 142.00000    4.45156
 142.50000    4.45193
 143.00000    4.44870
 143.50000    4.45113
 144.00000    4.45389
 144.50000    4.45765
 145.00000    4.45450
 145.50000    4.45153
 146.00000    4.45110
 146.50000    4.45310
 147.00000    4.45153
 147.50000    4.45062
 148.00000    4.44940
 148.50000    4.45107
 149.00000    4.44921
 149.50000    4.44908
 150.00000    4.44504
