   0.00000    1.42261
   0.50000    3.31462
   1.00000    3.56490
   1.50000    3.35631
   2.00000    3.35088
   2.50000    3.37303
   3.00000    3.39206
   3.50000    3.41936
   4.00000    3.44787
   4.50000    3.48243
   5.00000    3.49294
   5.50000    3.49545
   6.00000    3.49403
   6.50000    3.49964
   7.00000    3.51247
   7.50000    3.51787
   8.00000    3.50583
   8.50000    3.50337
   9.00000    3.52953
   9.50000    3.54145
  10.00000    3.53876
  10.50000    3.54316
  11.00000    3.55567
  11.50000    3.56257
  12.00000    3.56803
  12.50000    3.57205
  13.00000    3.56783
  13.50000    3.57177
  14.00000    3.57884
  14.50000    3.58340
  15.00000    3.58865
  15.50000    3.59324
  16.00000    3.61002
  16.50000    3.62371
  17.00000    3.63279
  17.50000    3.64473
  18.00000    3.64262
  18.50000    3.64501
  19.00000    3.64544
  19.50000    3.66164
  20.00000    3.65901
  20.50000    3.67446
  21.00000    3.68742
  21.50000    3.70459
  22.00000    3.71424
  22.50000    3.74222
  23.00000    3.77477
  23.50000    3.80013
  24.00000    3.82030
  24.50000    3.82913
  25.00000    3.84028
  25.50000    3.85652
  26.00000    3.87773
  26.50000    3.89582
  27.00000    3.89787
  27.50000    3.93329
  28.00000    3.98880
  28.50000    4.03697
  29.00000    4.05917
  29.50000    4.07792
  30.00000    4.09245
  30.50000    4.11848
  31.00000    4.15240
  31.50000    4.19145
  32.00000    4.21731
  32.50000    4.25170
  33.00000    4.27178
  33.50000    4.28971
  34.00000    4.31454
  34.50000    4.35561
  35.00000    4.40357
  35.50000    4.43198
  36.00000    4.45299
  36.50000    4.45786
  37.00000    4.46449
  37.50000    4.47281
  38.00000    4.48767
  38.50000    4.49964
  39.00000    4.50507
  39.50000    4.50867
  40.00000    4.51112
  40.50000    4.51812
  41.00000    4.52204
  41.50000    4.52134
  42.00000    4.53108
  42.50000    4.53626
  43.00000    4.53978
  43.50000    4.53537
  44.00000    4.52806
  44.50000    4.51896
  45.00000    4.50804
  45.50000    4.50131
  46.00000    4.49360
  46.50000    4.50231
  47.00000    4.50854
  47.50000    4.51652
  48.00000    4.50827
  48.50000    4.50540
  49.00000    4.48984
  49.50000    4.49234
  50.00000    4.49271
  50.50000    4.49176
  51.00000    4.47579
  51.50000    4.46787
  52.00000    4.46557
  52.50000    4.46417
  53.00000    4.47203
  53.50000    4.47422
  54.00000    4.47368
  54.50000    4.47663
  55.00000    4.48057
  55.50000    4.47675
  56.00000    4.46230
  56.50000    4.46041
  57.00000    4.45946
  57.50000    4.46070
  58.00000    4.46010
  58.50000    4.47084
  59.00000    4.47480
  59.50000    4.47248
  60.00000    4.47407
  60.50000    4.46808
  61.00000    4.46092
  61.50000    4.46230
  62.00000    4.47673
  62.50000    4.48344
  63.00000    4.48240
  63.50000    4.47546
  64.00000    4.47477
  64.50000    4.47405
  65.00000    4.47348
  65.50000    4.47660
  66.00000    4.46216
  66.50000    4.46257
  67.00000    4.46585
  67.50000    4.48362
  68.00000    4.46119
  68.50000    4.46014
  69.00000    4.46257
  69.50000    4.46784
  70.00000    4.45228
  70.50000    4.44982
  71.00000    4.44898
  71.50000    4.45724
  72.00000    4.45405
  72.50000    4.45148
  73.00000    4.44517
  73.50000    4.44524
  74.00000    4.44491
  74.50000    4.43868
  75.00000    4.44024
  75.50000    4.43482
  76.00000    4.44078
  76.50000    4.44338
  77.00000    4.44127
  77.50000    4.43418
  78.00000    4.43610
  78.50000    4.43500
  79.00000    4.42863
  79.50000    4.41860
  80.00000    4.41644
  80.50000    4.40586
  81.00000    4.39712
  81.50000    4.39124
  82.00000    4.39511
  82.50000    4.39396
  83.00000    4.40112
  83.50000    4.40131
  84.00000    4.38672
  84.50000    4.37741
  85.00000    4.38577
  85.50000    4.38463
  86.00000    4.37419
  86.50000    4.37746
  87.00000    4.37544
  87.50000    4.37593
  88.00000    4.37193
  88.50000    4.37689
  89.00000    4.36128
  89.50000    4.35821
  90.00000    4.35817
  90.50000    4.36947
  91.00000    4.35961
  91.50000    4.35754
  92.00000    4.35377
  92.50000    4.35494
  93.00000    4.35160
  93.50000    4.34583
  94.00000    4.34194
  94.50000    4.34174
  95.00000    4.34148
  95.50000    4.33008
  96.00000    4.32946
  96.50000    4.32284
  97.00000    4.32336
  97.50000    4.31572
  98.00000    4.31584
  98.50000    4.31689
  99.00000    4.32775
  99.50000    4.32684
 100.00000    4.31965
 100.50000    4.31646
 101.00000    4.31202
 101.50000    4.31040
 102.00000    4.31228
 102.50000    4.30564
 103.00000    4.29663
 103.50000    4.28552
 104.00000    4.28762
 104.50000    4.28381
 105.00000    4.27785
 105.50000    4.27485
 106.00000    4.28079
 106.50000    4.27315
 107.00000    4.27195
 107.50000    4.27818
 108.00000    4.28206
 108.50000    4.27855
 109.00000    4.27357
 109.50000    4.26427
 110.00000    4.25696
 110.50000    4.26275
 111.00000    4.25911
 111.50000    4.25444
 112.00000    4.25787
 112.50000    4.25894
 113.00000    4.25310
 113.50000    4.24929
 114.00000    4.25669
 114.50000    4.26244
 115.00000    4.25104
 115.50000    4.23768
 116.00000    4.23387
 116.50000    4.24865
 117.00000    4.23918
 117.50000    4.23723
 118.00000    4.23554
 118.50000    4.24523
 119.00000    4.23566
 119.50000    4.22391
 120.00000    4.22448
 120.50000    4.23744
 121.00000    4.25036
 121.50000    4.23793
 122.00000    4.23883
 122.50000    4.23801
 123.00000    4.24385
 123.50000    4.23618
 124.00000    4.23278
 124.50000    4.22360
 125.00000    4.21309
 125.50000    4.20825
 126.00000    4.21270
 126.50000    4.21603
 127.00000    4.21759
 127.50000    4.21963
 128.00000    4.22231
 128.50000    4.22012
 129.00000    4.22856
 129.50000    4.23713
 130.00000    4.22144
 130.50000    4.20665
 131.00000    4.20876
 131.50000    4.21812
 132.00000    4.21948
 132.50000    4.21451
 133.00000    4.21135
 133.50000    4.21127
 134.00000    4.21586
 134.50000    4.21946
 135.00000    4.21865
 135.50000    4.21813
 136.00000    4.21263
 136.50000    4.21657
 137.00000    4.22109
 137.50000    4.21063
 138.00000    4.20247
 138.50000    4.20438
 139.00000    4.22714
 139.50000    4.22002
 140.00000    4.21858
 140.50000    4.21932
 141.00000    4.23052
 141.50000    4.23062
 142.00000    4.23453
 142.50000    4.23265
 143.00000    4.22586
 143.50000    4.21751
 144.00000    4.22584
 144.50000    4.22694
 145.00000    4.23210
 145.50000    4.22541
 146.00000    4.22595
 146.50000    4.23534
 147.00000    4.24754
 147.50000    4.24793
 148.00000    4.24957
 148.50000    4.24414
 149.00000    4.23714
 149.50000    4.22489
 150.00000    4.24324
