   0.00000    1.36678
   0.50000    3.14954
   1.00000    3.39708
   1.50000    3.23313
   2.00000    3.26320
   2.50000    3.31226
   3.00000    3.34188
   3.50000    3.37569
   4.00000    3.40862
   4.50000    3.41518
   5.00000    3.41330
   5.50000    3.41749
   6.00000    3.42451
   6.50000    3.42687
   7.00000    3.42598
   7.50000    3.42613
   8.00000    3.43276
   8.50000    3.43588
   9.00000    3.43728
   9.50000    3.44005
  10.00000    3.44502
  10.50000    3.44619
  11.00000    3.44954
  11.50000    3.45219
  12.00000    3.44890
  12.50000    3.44565
  13.00000    3.44615
  13.50000    3.44794
  14.00000    3.44693
  14.50000    3.45183
  15.00000    3.45326
  15.50000    3.45526
  16.00000    3.45624
  16.50000    3.46373
  17.00000    3.46530
  17.50000    3.46499
  18.00000    3.46573
  18.50000    3.46743
  19.00000    3.46566
  19.50000    3.46452
  20.00000    3.46531
  20.50000    3.47219
  21.00000    3.47966
  21.50000    3.48594
  22.00000    3.48962
  22.50000    3.49576
  23.00000    3.50321
  23.50000    3.50477
  24.00000    3.50883
  24.50000    3.51610
  25.00000    3.52111
  25.50000    3.52540
  26.00000    3.53963
  26.50000    3.55997
  27.00000    3.57017
  27.50000    3.58402
  28.00000    3.59995
  28.50000    3.62409
  29.00000    3.63692
  29.50000    3.65399
  30.00000    3.66714
  30.50000    3.69507
  31.00000    3.71554
  31.50000    3.72689
  32.00000    3.72410
  32.50000    3.71856
  33.00000    3.72326
  33.50000    3.74238
  34.00000    3.76939
  34.50000    3.80754
  35.00000    3.85456
  35.50000    3.90560
  36.00000    3.94896
  36.50000    3.98639
  37.00000    4.01827
  37.50000    4.05064
  38.00000    4.07995
  38.50000    4.10310
  39.00000    4.12277
  39.50000    4.13671
  40.00000    4.15155
  40.50000    4.15826
  41.00000    4.17134
  41.50000    4.18369
  42.00000    4.20333
  42.50000    4.21534
  43.00000    4.22924
  43.50000    4.24510
  44.00000    4.26100
  44.50000    4.27657
  45.00000    4.28827
  45.50000    4.30507
  46.00000    4.31439
  46.50000    4.31416
  47.00000    4.31265
  47.50000    4.32423
  48.00000    4.33941
  48.50000    4.34645
  49.00000    4.35214
  49.50000    4.35139
  50.00000    4.35208
  50.50000    4.34148
  51.00000    4.33658
  51.50000    4.33455
  52.00000    4.33482
  52.50000    4.33618
  53.00000    4.33330
  53.50000    4.33471
  54.00000    4.33169
  54.50000    4.34375
  55.00000    4.34716
  55.50000    4.34516
  56.00000    4.33716
  56.50000    4.34023
  57.00000    4.34635
  57.50000    4.34404
  58.00000    4.33880
  58.50000    4.33666
  59.00000    4.34616
  59.50000    4.34552
  60.00000    4.34728
  60.50000    4.34574
  61.00000    4.34840
  61.50000    4.34816
  62.00000    4.35106
  62.50000    4.35165
  63.00000    4.34903
  63.50000    4.34816
  64.00000    4.34631
  64.50000    4.34689
  65.00000    4.34716
  65.50000    4.34281
  66.00000    4.34220
  66.50000    4.34061
  67.00000    4.34309
  67.50000    4.34350
  68.00000    4.34399
  68.50000    4.34057
  69.00000    4.34143
  69.50000    4.34455
  70.00000    4.34324
  70.50000    4.34325
  71.00000    4.34111
  71.50000    4.33675
  72.00000    4.33191
  72.50000    4.33378
  73.00000    4.34029
  73.50000    4.34060
  74.00000    4.33388
  74.50000    4.32737
  75.00000    4.32923
  75.50000    4.32964
  76.00000    4.32506
  76.50000    4.32284
  77.00000    4.32295
  77.50000    4.31846
  78.00000    4.30982
  78.50000    4.30932
  79.00000    4.31303
  79.50000    4.31251
  80.00000    4.30647
  80.50000    4.30629
  81.00000    4.30973
  81.50000    4.30598
  82.00000    4.29730
  82.50000    4.29111
  83.00000    4.29418
  83.50000    4.29612
  84.00000    4.29103
  84.50000    4.28815
  85.00000    4.28641
  85.50000    4.29225
  86.00000    4.28394
  86.50000    4.28184
  87.00000    4.28122
  87.50000    4.28085
  88.00000    4.27363
  88.50000    4.26992
  89.00000    4.26816
  89.50000    4.26729
  90.00000    4.26554
  90.50000    4.26872
  91.00000    4.26639
  91.50000    4.27189
  92.00000    4.26586
  92.50000    4.25784
  93.00000    4.25063
  93.50000    4.25180
  94.00000    4.25340
  94.50000    4.25338
  95.00000    4.24945
  95.50000    4.24629
  96.00000    4.23802
  96.50000    4.23841
  97.00000    4.23856
  97.50000    4.24039
  98.00000    4.23403
  98.50000    4.23735
  99.00000    4.23723
  99.50000    4.23766
 100.00000    4.23359
 100.50000    4.23135
 101.00000    4.23116
 101.50000    4.23166
 102.00000    4.23082
 102.50000    4.22766
 103.00000    4.22763
 103.50000    4.22958
 104.00000    4.22849
 104.50000    4.22627
 105.00000    4.21867
 105.50000    4.21603
 106.00000    4.21744
 106.50000    4.22013
 107.00000    4.21994
 107.50000    4.22086
 108.00000    4.22450
 108.50000    4.22258
 109.00000    4.21588
 109.50000    4.21153
 110.00000    4.21445
 110.50000    4.21749
 111.00000    4.21425
 111.50000    4.21290
 112.00000    4.21360
 112.50000    4.21547
 113.00000    4.21263
 113.50000    4.21383
 114.00000    4.21520
 114.50000    4.21710
 115.00000    4.21190
 115.50000    4.20712
 116.00000    4.20355
 116.50000    4.20977
 117.00000    4.21377
 117.50000    4.22162
 118.00000    4.21611
 118.50000    4.20817
 119.00000    4.20265
 119.50000    4.20299
 120.00000    4.20464
 120.50000    4.20693
 121.00000    4.21144
 121.50000    4.21243
 122.00000    4.21443
 122.50000    4.21614
 123.00000    4.21413
 123.50000    4.20839
 124.00000    4.20143
 124.50000    4.20119
 125.00000    4.21064
 125.50000    4.21953
 126.00000    4.21682
 126.50000    4.20635
 127.00000    4.20799
 127.50000    4.21557
 128.00000    4.21888
 128.50000    4.21673
 129.00000    4.21989
 129.50000    4.21855
 130.00000    4.22090
 130.50000    4.21725
 131.00000    4.21812
 131.50000    4.21653
 132.00000    4.22359
 132.50000    4.22313
 133.00000    4.22394
 133.50000    4.22337
 134.00000    4.22421
 134.50000    4.22423
 135.00000    4.22560
 135.50000    4.22593
 136.00000    4.22520
 136.50000    4.22875
 137.00000    4.22910
 137.50000    4.22930
 138.00000    4.22792
 138.50000    4.23451
 139.00000    4.23508
 139.50000    4.23339
 140.00000    4.22998
 140.50000    4.23656
 141.00000    4.24128
 141.50000    4.24152
 142.00000    4.23830
 142.50000    4.24145
 143.00000    4.24157
 143.50000    4.24049
 144.00000    4.24677
 144.50000    4.25181
 145.00000    4.24992
 145.50000    4.24643
 146.00000    4.25479
 146.50000    4.25720
 147.00000    4.25543
 147.50000    4.25530
 148.00000    4.26145
 148.50000    4.26902
 149.00000    4.26825
 149.50000    4.26320
 150.00000    4.25982
