   0.00000    1.41899
   0.50000    2.96692
   1.00000    3.30077
   1.50000    3.23359
   2.00000    3.23149
   2.50000    3.25133
   3.00000    3.27489
   3.50000    3.30147
   4.00000    3.32173
   4.50000    3.33049
   5.00000    3.33389
   5.50000    3.32992
   6.00000    3.34123
   6.50000    3.35193
   7.00000    3.36068
   7.50000    3.36073
   8.00000    3.36779
   8.50000    3.37474
   9.00000    3.37947
   9.50000    3.38479
  10.00000    3.38787
  10.50000    3.39676
  11.00000    3.39970
  11.50000    3.40511
  12.00000    3.40709
  12.50000    3.41308
  13.00000    3.41644
  13.50000    3.41904
  14.00000    3.41833
  14.50000    3.42168
  15.00000    3.42625
  15.50000    3.43228
  16.00000    3.43328
  16.50000    3.43587
  17.00000    3.43850
  17.50000    3.44431
  18.00000    3.44888
  18.50000    3.45274
  19.00000    3.45822
  19.50000    3.46462
  20.00000    3.46909
  20.50000    3.46997
  21.00000    3.47773
  21.50000    3.48809
  22.00000    3.50085
  22.50000    3.50195
  23.00000    3.50784
  23.50000    3.51464
  24.00000    3.52625
  24.50000    3.52849
  25.00000    3.53320
  25.50000    3.54455
  26.00000    3.56565
  26.50000    3.58349
  27.00000    3.60707
  27.50000    3.63150
  28.00000    3.65927
  28.50000    3.67971
  29.00000    3.70312
  29.50000    3.72812
  30.00000    3.76054
  30.50000    3.79471
  31.00000    3.81888
  31.50000    3.84382
  32.00000    3.86928
  32.50000    3.89293
  33.00000    3.91147
  33.50000    3.93779
  34.00000    3.95570
  34.50000    3.97346
  35.00000    3.99075
  35.50000    4.01086
  36.00000    4.03137
  36.50000    4.06774
  37.00000    4.09819
  37.50000    4.11716
  38.00000    4.12896
  38.50000    4.13971
  39.00000    4.14343
  39.50000    4.15118
  40.00000    4.15788
  40.50000    4.15940
  41.00000    4.15775
  41.50000    4.16619
  42.00000    4.17438
  42.50000    4.17449
  43.00000    4.17117
  43.50000    4.16983
  44.00000    4.17514
  44.50000    4.17479
  45.00000    4.17484
  45.50000    4.17118
  46.00000    4.17821
  46.50000    4.17990
  47.00000    4.18205
  47.50000    4.18314
  48.00000    4.19517
  48.50000    4.20760
  49.00000    4.21855
  49.50000    4.21309
  50.00000    4.20633
  50.50000    4.20433
  51.00000    4.20939
  51.50000    4.21375
  52.00000    4.21805
  52.50000    4.22876
  53.00000    4.23149
  53.50000    4.23742
  54.00000    4.23487
  54.50000    4.23983
  55.00000    4.24461
  55.50000    4.24840
  56.00000    4.24858
  56.50000    4.24985
  57.00000    4.25612
  57.50000    4.25449
  58.00000    4.25431
  58.50000    4.25950
  59.00000    4.26433
  59.50000    4.26212
  60.00000    4.26509
  60.50000    4.27090
  61.00000    4.27539
  61.50000    4.27413
  62.00000    4.27600
  62.50000    4.27741
  63.00000    4.28195
  63.50000    4.28354
  64.00000    4.28414
  64.50000    4.28244
  65.00000    4.28370
  65.50000    4.28161
  66.00000    4.28458
  66.50000    4.29113
  67.00000    4.29727
  67.50000    4.29609
  68.00000    4.29115
  68.50000    4.29307
  69.00000    4.29479
  69.50000    4.29243
  70.00000    4.28757
  70.50000    4.29119
  71.00000    4.29552
  71.50000    4.29589
  72.00000    4.29556
  72.50000    4.29851
  73.00000    4.29885
  73.50000    4.30000
  74.00000    4.30183
  74.50000    4.30047
  75.00000    4.29711
  75.50000    4.29530
  76.00000    4.29778
  76.50000    4.30181
  77.00000    4.30279
  77.50000    4.30160
  78.00000    4.30010
  78.50000    4.29927
  79.00000    4.29777
  79.50000    4.29579
  80.00000    4.29538
  80.50000    4.29717
  81.00000    4.29880
  81.50000    4.29759
  82.00000    4.29730
  82.50000    4.29673
  83.00000    4.29554
  83.50000    4.29290
  84.00000    4.29137
  84.50000    4.28985
  85.00000    4.29235
  85.50000    4.29235
  86.00000    4.28840
  86.50000    4.28360
  87.00000    4.28177
  87.50000    4.28465
  88.00000    4.28854
  88.50000    4.28921
  89.00000    4.28624
  89.50000    4.28693
  90.00000    4.28237
  90.50000    4.27476
  91.00000    4.27578
  91.50000    4.28413
  92.00000    4.28852
  92.50000    4.28168
  93.00000    4.27744
  93.50000    4.27478
  94.00000    4.27435
  94.50000    4.27448
  95.00000    4.27544
  95.50000    4.27562
  96.00000    4.27316
  96.50000    4.27262
  97.00000    4.27399
  97.50000    4.27512
  98.00000    4.27327
  98.50000    4.27326
  99.00000    4.27541
  99.50000    4.27398
 100.00000    4.26950
 100.50000    4.26846
 101.00000    4.27119
 101.50000    4.27069
 102.00000    4.27090
 102.50000    4.27019
 103.00000    4.26727
 103.50000    4.26956
 104.00000    4.27220
 104.50000    4.27149
 105.00000    4.26618
 105.50000    4.26161
 106.00000    4.26162
 106.50000    4.25800
 107.00000    4.25935
 107.50000    4.25931
 108.00000    4.26480
 108.50000    4.26102
 109.00000    4.25910
 109.50000    4.26177
 110.00000    4.26018
 110.50000    4.25724
 111.00000    4.25901
 111.50000    4.26628
 112.00000    4.26168
 112.50000    4.25980
 113.00000    4.26036
 113.50000    4.26415
 114.00000    4.26024
 114.50000    4.25738
 115.00000    4.25563
 115.50000    4.25961
 116.00000    4.26154
 116.50000    4.26503
 117.00000    4.25810
 117.50000    4.25331
 118.00000    4.24993
 118.50000    4.25909
 119.00000    4.25646
 119.50000    4.25522
 120.00000    4.25039
 120.50000    4.25240
 121.00000    4.25184
 121.50000    4.25328
 122.00000    4.25457
 122.50000    4.25595
 123.00000    4.25879
 123.50000    4.26020
 124.00000    4.25999
 124.50000    4.25905
 125.00000    4.25890
 125.50000    4.26244
 126.00000    4.26318
 126.50000    4.26415
 127.00000    4.26094
 127.50000    4.25877
 128.00000    4.25660
 128.50000    4.25880
 129.00000    4.26169
 129.50000    4.26158
 130.00000    4.26194
 130.50000    4.26055
 131.00000    4.26108
 131.50000    4.25945
 132.00000    4.26323
 132.50000    4.26452
 133.00000    4.26672
 133.50000    4.26945
 134.00000    4.27022
 134.50000    4.26664
 135.00000    4.26537
 135.50000    4.26926
 136.00000    4.26993
 136.50000    4.27446
 137.00000    4.27678
 137.50000    4.27372
 138.00000    4.27119
 138.50000    4.27842
 139.00000    4.28013
 139.50000    4.27966
 140.00000    4.27960
 140.50000    4.27956
 141.00000    4.28017
 141.50000    4.28316
 142.00000    4.28776
 142.50000    4.28723
 143.00000    4.28515
 143.50000    4.28331
 144.00000    4.29084
 144.50000    4.29332
 145.00000    4.29265
 145.50000    4.29319
 146.00000    4.29725
 146.50000    4.29441
 147.00000    4.29404
 147.50000    4.29554
 148.00000    4.30043
 148.50000    4.30201
 149.00000    4.30265
 149.50000    4.30228
 150.00000    4.31111
