   0.00000    1.37325
   0.50000    3.26265
   1.00000    3.58569
   1.50000    3.46296
   2.00000    3.47507
   2.50000    3.46559
   3.00000    3.44152
   3.50000    3.44714
   4.00000    3.45926
   4.50000    3.47117
   5.00000    3.48294
   5.50000    3.49089
   6.00000    3.48728
   6.50000    3.48502
   7.00000    3.48831
   7.50000    3.49870
   8.00000    3.50049
   8.50000    3.49681
   9.00000    3.49933
   9.50000    3.50678
  10.00000    3.50517
  10.50000    3.50569
  11.00000    3.51244
  11.50000    3.52263
  12.00000    3.52531
  12.50000    3.52699
  13.00000    3.52679
  13.50000    3.52727
  14.00000    3.52939
  14.50000    3.53629
  15.00000    3.54101
  15.50000    3.54216
  16.00000    3.53785
  16.50000    3.53729
  17.00000    3.53643
  17.50000    3.54408
  18.00000    3.54987
  18.50000    3.55672
  19.00000    3.55969
  19.50000    3.56203
  20.00000    3.56495
  20.50000    3.56911
  21.00000    3.57254
  21.50000    3.57078
  22.00000    3.57102
  22.50000    3.57828
  23.00000    3.58340
  23.50000    3.58573
  24.00000    3.58348
  24.50000    3.57592
  25.00000    3.57091
  25.50000    3.58104
  26.00000    3.60691
  26.50000    3.62099
  27.00000    3.62233
  27.50000    3.62577
  28.00000    3.63330
  28.50000    3.64723
  29.00000    3.64665
  29.50000    3.64721
  30.00000    3.63698
  30.50000    3.64375
  31.00000    3.65628
  31.50000    3.65635
  32.00000    3.65293
  32.50000    3.66519
  33.00000    3.69382
  33.50000    3.73271
  34.00000    3.81645
  34.50000    3.92332
  35.00000    4.03096
  35.50000    4.13897
  36.00000    4.22808
  36.50000    4.28935
  37.00000    4.34034
  37.50000    4.38330
  38.00000    4.40859
  38.50000    4.42669
  39.00000    4.44249
  39.50000    4.45164
  40.00000    4.46176
  40.50000    4.46393
  41.00000    4.45678
  41.50000    4.45478
  42.00000    4.45506
  42.50000    4.45578
  43.00000    4.46359
  43.50000    4.46985
  44.00000    4.47001
  44.50000    4.47571
  45.00000    4.49008
  45.50000    4.49922
  46.00000    4.50751
  46.50000    4.50749
  47.00000    4.50382
  47.50000    4.48912
  48.00000    4.47449
  48.50000    4.45108
  49.00000    4.44098
  49.50000    4.44265
  50.00000    4.44417
  50.50000    4.44146
  51.00000    4.43427
  51.50000    4.42681
  52.00000    4.41075
  52.50000    4.40753
  53.00000    4.40952
  53.50000    4.42171
  54.00000    4.42473
  54.50000    4.41983
  55.00000    4.41058
  55.50000    4.40640
  56.00000    4.40352
  56.50000    4.40124
  57.00000    4.40304
  57.50000    4.39833
  58.00000    4.39412
  58.50000    4.39689
  59.00000    4.39541
  59.50000    4.38450
  60.00000    4.37748
  60.50000    4.38166
  61.00000    4.38892
  61.50000    4.38482
  62.00000    4.37819
  62.50000    4.37747
  63.00000    4.38179
  63.50000    4.36984
  64.00000    4.36352
  64.50000    4.37048
  65.00000    4.38026
  65.50000    4.37094
  66.00000    4.37404
  66.50000    4.37095
  67.00000    4.36929
  67.50000    4.36281
  68.00000    4.37497
  68.50000    4.37610
  69.00000    4.37551
  69.50000    4.36837
  70.00000    4.36264
  70.50000    4.36583
  71.00000    4.37173
  71.50000    4.37019
  72.00000    4.36218
  72.50000    4.36404
  73.00000    4.36823
  73.50000    4.36748
  74.00000    4.36450
  74.50000    4.36214
  75.00000    4.36370
  75.50000    4.36624
  76.00000    4.36611
  76.50000    4.37108
  77.00000    4.36847
  77.50000    4.37097
  78.00000    4.36472
  78.50000    4.36656
  79.00000    4.36256
  79.50000    4.37055
  80.00000    4.37401
  80.50000    4.37780
  81.00000    4.37594
  81.50000    4.36894
  82.00000    4.36382
  82.50000    4.35757
  83.00000    4.36416
  83.50000    4.37282
  84.00000    4.38003
  84.50000    4.37628
  85.00000    4.37396
  85.50000    4.37678
  86.00000    4.37474
  86.50000    4.37298
  87.00000    4.37033
  87.50000    4.37778
  88.00000    4.38221
  88.50000    4.38290
  89.00000    4.37953
  89.50000    4.37878
  90.00000    4.37326
  90.50000    4.37876
  91.00000    4.38623
  91.50000    4.39623
  92.00000    4.39040
  92.50000    4.39475
  93.00000    4.40152
  93.50000    4.40888
  94.00000    4.40086
  94.50000    4.39368
  95.00000    4.39667
  95.50000    4.40066
  96.00000    4.40107
  96.50000    4.39982
  97.00000    4.40278
  97.50000    4.40419
  98.00000    4.40414
  98.50000    4.40753
  99.00000    4.41434
  99.50000    4.41864
 100.00000    4.41705
 100.50000    4.41084
 101.00000    4.41117
 101.50000    4.41914
 102.00000    4.43282
 102.50000    4.43411
 103.00000    4.42382
 103.50000    4.41885
 104.00000    4.42330
 104.50000    4.43033
 105.00000    4.43118
 105.50000    4.43049
 106.00000    4.43147
 106.50000    4.43285
 107.00000    4.43264
 107.50000    4.43625
 108.00000    4.44202
 108.50000    4.44497
 109.00000    4.44385
 109.50000    4.44213
 110.00000    4.44477
 110.50000    4.44736
 111.00000    4.45141
 111.50000    4.45106
 112.00000    4.44993
 112.50000    4.44627
 113.00000    4.45053
 113.50000    4.46207
 114.00000    4.46491
 114.50000    4.46030
 115.00000    4.46309
 115.50000    4.47240
 116.00000    4.47518
 116.50000    4.47468
 117.00000    4.47653
 117.50000    4.47450
 118.00000    4.47179
 118.50000    4.47242
 119.00000    4.47285
 119.50000    4.47478
 120.00000    4.47765
 120.50000    4.48618
 121.00000    4.49293
 121.50000    4.49586
 122.00000    4.49394
 122.50000    4.49006
 123.00000    4.49494
 123.50000    4.50170
 124.00000    4.51265
 124.50000    4.50999
 125.00000    4.50192
 125.50000    4.49900
 126.00000    4.50326
 126.50000    4.50244
 127.00000    4.50615
 127.50000    4.51529
 128.00000    4.52164
 128.50000    4.52404
 129.00000    4.51950
 129.50000    4.51728
 130.00000    4.51377
 130.50000    4.52259
 131.00000    4.52901
 131.50000    4.53421
 132.00000    4.52975
 132.50000    4.53148
 133.00000    4.54066
 133.50000    4.54825
 134.00000    4.54635
 134.50000    4.54303
 135.00000    4.54368
 135.50000    4.54737
 136.00000    4.55089
 136.50000    4.54868
 137.00000    4.55021
 137.50000    4.55515
 138.00000    4.55845
 138.50000    4.55962
 139.00000    4.55966
 139.50000    4.56307
 140.00000    4.56546
 140.50000    4.56947
 141.00000    4.57227
 141.50000    4.57647
 142.00000    4.57916
 142.50000    4.58138
 143.00000    4.58684
 143.50000    4.59031
 144.00000    4.58894
 144.50000    4.58554
 145.00000    4.59694
 145.50000    4.59705
 146.00000    4.59354
 146.50000    4.58845
 147.00000    4.58680
 147.50000    4.59018
 148.00000    4.59941
 148.50000    4.60721
 149.00000    4.60484
 149.50000    4.60848
 150.00000    4.60233
