   0.00000    1.35551
   0.50000    3.16938
   1.00000    3.48330
   1.50000    3.39011
   2.00000    3.47953
   2.50000    3.46770
   3.00000    3.45077
   3.50000    3.46169
   4.00000    3.48255
   4.50000    3.50961
   5.00000    3.52452
   5.50000    3.52965
   6.00000    3.52960
   6.50000    3.53056
   7.00000    3.53927
   7.50000    3.54195
   8.00000    3.53389
   8.50000    3.53897
   9.00000    3.54957
   9.50000    3.55719
  10.00000    3.54888
  10.50000    3.54798
  11.00000    3.55152
  11.50000    3.55709
  12.00000    3.56411
  12.50000    3.56776
  13.00000    3.57576
  13.50000    3.57623
  14.00000    3.57397
  14.50000    3.57254
  15.00000    3.59270
  15.50000    3.60293
  16.00000    3.60874
  16.50000    3.59803
  17.00000    3.60409
  17.50000    3.61616
  18.00000    3.62235
  18.50000    3.62394
  19.00000    3.63230
  19.50000    3.64594
  20.00000    3.64854
  20.50000    3.65797
  21.00000    3.66645
  21.50000    3.67705
  22.00000    3.68401
  22.50000    3.70458
  23.00000    3.71494
  23.50000    3.73488
  24.00000    3.73966
  24.50000    3.74846
  25.00000    3.75746
  25.50000    3.77346
  26.00000    3.75972
  26.50000    3.73286
  27.00000    3.72116
  27.50000    3.74054
  28.00000    3.77697
  28.50000    3.83091
  29.00000    3.89568
  29.50000    3.95618
  30.00000    3.99481
  30.50000    4.02460
  31.00000    4.07119
  31.50000    4.10927
  32.00000    4.14606
  32.50000    4.18086
  33.00000    4.23163
  33.50000    4.28895
  34.00000    4.35027
  34.50000    4.41511
  35.00000    4.45297
  35.50000    4.49560
  36.00000    4.52364
  36.50000    4.54633
  37.00000    4.55969
  37.50000    4.57156
  38.00000    4.57471
  38.50000    4.57089
  39.00000    4.59530
  39.50000    4.59730
  40.00000    4.58834
  40.50000    4.56181
  41.00000    4.56718
  41.50000    4.57862
  42.00000    4.59219
  42.50000    4.59357
  43.00000    4.58896
  43.50000    4.58812
  44.00000    4.57387
  44.50000    4.56945
  45.00000    4.55755
  45.50000    4.55273
  46.00000    4.54102
  46.50000    4.52983
  47.00000    4.49986
  47.50000    4.49825
  48.00000    4.49851
  48.50000    4.49837
  49.00000    4.48436
  49.50000    4.49010
  50.00000    4.49929
  50.50000    4.50623
  51.00000    4.49866
  51.50000    4.49204
  52.00000    4.49407
  52.50000    4.50858
  53.00000    4.50922
  53.50000    4.50803
  54.00000    4.50758
  54.50000    4.53034
  55.00000    4.53771
  55.50000    4.53968
  56.00000    4.53138
  56.50000    4.53276
  57.00000    4.53560
  57.50000    4.53999
  58.00000    4.54696
  58.50000    4.54056
  59.00000    4.53929
  59.50000    4.52905
  60.00000    4.52719
  60.50000    4.53359
  61.00000    4.53899
  61.50000    4.53768
  62.00000    4.53050
  62.50000    4.53487
  63.00000    4.53678
  63.50000    4.53171
  64.00000    4.52151
  64.50000    4.51796
  65.00000    4.53057
  65.50000    4.53906
  66.00000    4.53463
  66.50000    4.53006
  67.00000    4.53645
  67.50000    4.53444
  68.00000    4.53206
  68.50000    4.52816
  69.00000    4.52965
  69.50000    4.53084
  70.00000    4.53577
  70.50000    4.53694
  71.00000    4.53356
  71.50000    4.52510
  72.00000    4.52354
  72.50000    4.52994
  73.00000    4.54135
  73.50000    4.53455
  74.00000    4.52707
  74.50000    4.53219
  75.00000    4.54307
  75.50000    4.54248
  76.00000    4.52952
  76.50000    4.52223
  77.00000    4.52399
  77.50000    4.52801
  78.00000    4.52955
  78.50000    4.51859
  79.00000    4.51813
  79.50000    4.52119
  80.00000    4.52440
  80.50000    4.51729
  81.00000    4.51579
  81.50000    4.51681
  82.00000    4.52709
  82.50000    4.52191
  83.00000    4.52568
  83.50000    4.51831
  84.00000    4.51924
  84.50000    4.50946
  85.00000    4.52260
  85.50000    4.51764
  86.00000    4.51419
  86.50000    4.50672
  87.00000    4.51265
  87.50000    4.50446
  88.00000    4.50561
  88.50000    4.51258
  89.00000    4.51275
  89.50000    4.51800
  90.00000    4.51742
  90.50000    4.51875
  91.00000    4.51048
  91.50000    4.51312
  92.00000    4.51023
  92.50000    4.50082
  93.00000    4.50002
  93.50000    4.49935
  94.00000    4.49851
  94.50000    4.49009
  95.00000    4.48314
  95.50000    4.48784
  96.00000    4.49694
  96.50000    4.50195
  97.00000    4.49415
  97.50000    4.48562
  98.00000    4.49668
  98.50000    4.49551
  99.00000    4.49851
  99.50000    4.49466
 100.00000    4.49544
 100.50000    4.47895
 101.00000    4.48160
 101.50000    4.49361
 102.00000    4.49001
 102.50000    4.48152
 103.00000    4.48673
 103.50000    4.49158
 104.00000    4.49102
 104.50000    4.48261
 105.00000    4.47638
 105.50000    4.46975
 106.00000    4.46796
 106.50000    4.47370
 107.00000    4.48194
 107.50000    4.48047
 108.00000    4.48026
 108.50000    4.47712
 109.00000    4.47382
 109.50000    4.46718
 110.00000    4.47686
 110.50000    4.47965
 111.00000    4.46543
 111.50000    4.45816
 112.00000    4.45733
 112.50000    4.46075
 113.00000    4.45160
 113.50000    4.44409
 114.00000    4.45134
 114.50000    4.46081
 115.00000    4.46038
 115.50000    4.45208
 116.00000    4.45358
 116.50000    4.45765
 117.00000    4.45701
 117.50000    4.45907
 118.00000    4.45310
 118.50000    4.44847
 119.00000    4.45523
 119.50000    4.45523
 120.00000    4.44229
 120.50000    4.44639
 121.00000    4.46375
 121.50000    4.46202
 122.00000    4.44873
 122.50000    4.45190
 123.00000    4.44522
 123.50000    4.43780
 124.00000    4.43776
 124.50000    4.44470
 125.00000    4.44014
 125.50000    4.43371
 126.00000    4.43083
 126.50000    4.42830
 127.00000    4.43832
 127.50000    4.44352
 128.00000    4.44219
 128.50000    4.43168
 129.00000    4.42165
 129.50000    4.42348
 130.00000    4.44012
 130.50000    4.44887
 131.00000    4.44309
 131.50000    4.43608
 132.00000    4.43892
 132.50000    4.43527
 133.00000    4.43525
 133.50000    4.43569
 134.00000    4.43136
 134.50000    4.43120
 135.00000    4.43505
 135.50000    4.43854
 136.00000    4.43349
 136.50000    4.43365
 137.00000    4.44010
 137.50000    4.43692
 138.00000    4.43164
 138.50000    4.43729
 139.00000    4.44704
 139.50000    4.44424
 140.00000    4.43340
 140.50000    4.44221
 141.00000    4.44676
 141.50000    4.44713
 142.00000    4.44063
 142.50000    4.43969
 143.00000    4.43645
 143.50000    4.43204
 144.00000    4.43284
 144.50000    4.43332
 145.00000    4.43828
 145.50000    4.44266
 146.00000    4.44150
 146.50000    4.44526
 147.00000    4.43998
 147.50000    4.43445
 148.00000    4.42939
 148.50000    4.43407
 149.00000    4.43398
 149.50000    4.43543
 150.00000    4.44966
