   0.00000    1.54261
   0.50000    2.72155
   1.00000    3.08275
   1.50000    3.22739
   2.00000    3.44030
   2.50000    3.51814
   3.00000    3.51910
   3.50000    3.49913
   4.00000    3.49064
   4.50000    3.49612
   5.00000    3.51649
   5.50000    3.53854
   6.00000    3.54587
   6.50000    3.55690
   7.00000    3.55953
   7.50000    3.56601
   8.00000    3.58091
   8.50000    3.59011
   9.00000    3.59408
   9.50000    3.59827
  10.00000    3.61324
  10.50000    3.60822
  11.00000    3.61057
  11.50000    3.62277
  12.00000    3.63082
  12.50000    3.62731
  13.00000    3.63371
  13.50000    3.64847
  14.00000    3.64780
  14.50000    3.63624
  15.00000    3.63606
  15.50000    3.64532
  16.00000    3.64836
  16.50000    3.65166
  17.00000    3.65831
  17.50000    3.66269
  18.00000    3.65633
  18.50000    3.65697
  19.00000    3.65815
  19.50000    3.65754
  20.00000    3.66238
  20.50000    3.66536
  21.00000    3.67770
  21.50000    3.67774
  22.00000    3.67128
  22.50000    3.65973
  23.00000    3.66386
  23.50000    3.66802
  24.00000    3.67946
  24.50000    3.69270
  25.00000    3.69942
  25.50000    3.69395
  26.00000    3.70247
  26.50000    3.71843
  27.00000    3.73674
  27.50000    3.74933
  28.00000    3.75874
  28.50000    3.77784
  29.00000    3.81338
  29.50000    3.83855
  30.00000    3.84312
  30.50000    3.85693
  31.00000    3.87687
  31.50000    3.89277
  32.00000    3.88279
  32.50000    3.89112
  33.00000    3.90627
  33.50000    3.92621
  34.00000    3.95176
  34.50000    3.99386
  35.00000    4.02906
  35.50000    4.05555
  36.00000    4.09949
  36.50000    4.13071
  37.00000    4.13209
  37.50000    4.14166
  38.00000    4.16495
  38.50000    4.18313
  39.00000    4.19654
  39.50000    4.21011
  40.00000    4.22190
  40.50000    4.23585
  41.00000    4.27285
  41.50000    4.30876
  42.00000    4.32288
  42.50000    4.34213
  43.00000    4.37813
  43.50000    4.41886
  44.00000    4.42841
  44.50000    4.44759
  45.00000    4.47768
  45.50000    4.49919
  46.00000    4.50067
  46.50000    4.50824
  47.00000    4.51315
  47.50000    4.52299
  48.00000    4.52859
  48.50000    4.54024
  49.00000    4.53221
  49.50000    4.54298
  50.00000    4.54314
  50.50000    4.54521
  51.00000    4.53511
  51.50000    4.54477
  52.00000    4.55357
  52.50000    4.54743
  53.00000    4.53890
  53.50000    4.52123
  54.00000    4.52618
  54.50000    4.52427
  55.00000    4.53384
  55.50000    4.53564
  56.00000    4.53580
  56.50000    4.53769
  57.00000    4.54194
  57.50000    4.54764
  58.00000    4.53902
  58.50000    4.53771
  59.00000    4.54296
  59.50000    4.54830
  60.00000    4.54610
  60.50000    4.53237
  61.00000    4.52350
  61.50000    4.53864
  62.00000    4.55328
  62.50000    4.55013
  63.00000    4.55103
  63.50000    4.56014
  64.00000    4.55981
  64.50000    4.55192
  65.00000    4.55448
  65.50000    4.56293
  66.00000    4.56757
  66.50000    4.56934
  67.00000    4.56463
  67.50000    4.56649
  68.00000    4.56318
  68.50000    4.55645
  69.00000    4.55350
  69.50000    4.56677
  70.00000    4.57757
  70.50000    4.58070
  71.00000    4.57740
  71.50000    4.57537
  72.00000    4.57039
  72.50000    4.56498
  73.00000    4.56887
  73.50000    4.57371
  74.00000    4.58095
  74.50000    4.58360
  75.00000    4.57977
  75.50000    4.57828
  76.00000    4.57809
  76.50000    4.59635
  77.00000    4.60203
  77.50000    4.60257
  78.00000    4.58552
  78.50000    4.57578
  79.00000    4.57038
  79.50000    4.57562
  80.00000    4.58129
  80.50000    4.57185
  81.00000    4.57048
  81.50000    4.58048
  82.00000    4.58929
  82.50000    4.59009
  83.00000    4.59172
  83.50000    4.58543
  84.00000    4.58509
  84.50000    4.57883
  85.00000    4.58279
  85.50000    4.58333
  86.00000    4.58869
  86.50000    4.58000
  87.00000    4.57349
  87.50000    4.57500
  88.00000    4.57463
  88.50000    4.58084
  89.00000    4.58781
  89.50000    4.58911
  90.00000    4.58206
  90.50000    4.58531
  91.00000    4.59275
  91.50000    4.58788
  92.00000    4.57801
  92.50000    4.58133
  93.00000    4.57460
  93.50000    4.56876
  94.00000    4.56712
  94.50000    4.58250
  95.00000    4.57747
  95.50000    4.57324
  96.00000    4.57389
  96.50000    4.58257
  97.00000    4.56238
  97.50000    4.55067
  98.00000    4.55231
  98.50000    4.56912
  99.00000    4.57304
  99.50000    4.57306
 100.00000    4.57674
 100.50000    4.57724
 101.00000    4.57242
 101.50000    4.56468
 102.00000    4.56228
 102.50000    4.55417
 103.00000    4.54957
 103.50000    4.55615
 104.00000    4.56148
 104.50000    4.55780
 105.00000    4.55377
 105.50000    4.55227
 106.00000    4.55564
 106.50000    4.54479
 107.00000    4.54122
 107.50000    4.53956
 108.00000    4.55468
 108.50000    4.55631
 109.00000    4.55176
 109.50000    4.54098
 110.00000    4.53328
 110.50000    4.53185
 111.00000    4.53333
 111.50000    4.53967
 112.00000    4.54283
 112.50000    4.53880
 113.00000    4.53334
 113.50000    4.51730
 114.00000    4.51433
 114.50000    4.51845
 115.00000    4.52524
 115.50000    4.52895
 116.00000    4.53013
 116.50000    4.53155
 117.00000    4.52700
 117.50000    4.52610
 118.00000    4.51691
 118.50000    4.51907
 119.00000    4.51582
 119.50000    4.50932
 120.00000    4.49957
 120.50000    4.51131
 121.00000    4.51287
 121.50000    4.51196
 122.00000    4.51418
 122.50000    4.51483
 123.00000    4.50884
 123.50000    4.50211
 124.00000    4.50520
 124.50000    4.50012
 125.00000    4.49325
 125.50000    4.48609
 126.00000    4.49067
 126.50000    4.49006
 127.00000    4.48755
 127.50000    4.48680
 128.00000    4.48345
 128.50000    4.48074
 129.00000    4.48201
 129.50000    4.49475
 130.00000    4.48936
 130.50000    4.48556
 131.00000    4.46769
 131.50000    4.46850
 132.00000    4.47066
 132.50000    4.47495
 133.00000    4.46827
 133.50000    4.46479
 134.00000    4.46218
 134.50000    4.45505
 135.00000    4.45773
 135.50000    4.45765
 136.00000    4.46960
 136.50000    4.46770
 137.00000    4.46680
 137.50000    4.46407
 138.00000    4.46552
 138.50000    4.45477
 139.00000    4.45682
 139.50000    4.45894
 140.00000    4.46039
 140.50000    4.46409
 141.00000    4.46509
 141.50000    4.45988
 142.00000    4.44598
 142.50000    4.45344
 143.00000    4.45722
 143.50000    4.45784
 144.00000    4.44397
 144.50000    4.44189
 145.00000    4.44796
 145.50000    4.44156
 146.00000    4.44142
 146.50000    4.44361
 147.00000    4.45089
 147.50000    4.45456
 148.00000    4.45415
 148.50000    4.44681
 149.00000    4.43888
 149.50000    4.44126
 150.00000    4.44175
