   0.00000    1.36706
   0.50000    3.21114
   1.00000    3.50080
   1.50000    3.38441
   2.00000    3.46721
   2.50000    3.48385
   3.00000    3.48056
   3.50000    3.48253
   4.00000    3.50436
   4.50000    3.53016
   5.00000    3.54995
   5.50000    3.54732
   6.00000    3.55274
   6.50000    3.55697
   7.00000    3.56891
   7.50000    3.56793
   8.00000    3.56093
   8.50000    3.56269
   9.00000    3.58128
   9.50000    3.58397
  10.00000    3.57505
  10.50000    3.57401
  11.00000    3.57937
  11.50000    3.58579
  12.00000    3.58866
  12.50000    3.58880
  13.00000    3.58337
  13.50000    3.58878
  14.00000    3.59546
  14.50000    3.60138
  15.00000    3.61320
  15.50000    3.61872
  16.00000    3.61685
  16.50000    3.61592
  17.00000    3.62610
  17.50000    3.64293
  18.00000    3.64576
  18.50000    3.65519
  19.00000    3.65240
  19.50000    3.65398
  20.00000    3.65229
  20.50000    3.67043
  21.00000    3.68091
  21.50000    3.69428
  22.00000    3.70974
  22.50000    3.72570
  23.00000    3.73660
  23.50000    3.75879
  24.00000    3.76794
  24.50000    3.75602
  25.00000    3.74942
  25.50000    3.76662
  26.00000    3.77254
  26.50000    3.74859
  27.00000    3.74116
  27.50000    3.77462
  28.00000    3.82932
  28.50000    3.87426
  29.00000    3.92054
  29.50000    3.95975
  30.00000    3.97099
  30.50000    3.98195
  31.00000    4.01896
  31.50000    4.05291
  32.00000    4.07994
  32.50000    4.11768
  33.00000    4.16784
  33.50000    4.22769
  34.00000    4.28903
  34.50000    4.35329
  35.00000    4.39157
  35.50000    4.42961
  36.00000    4.45053
  36.50000    4.46539
  37.00000    4.47444
  37.50000    4.48463
  38.00000    4.49509
  38.50000    4.49731
  39.00000    4.51967
  39.50000    4.52817
  40.00000    4.52213
  40.50000    4.49939
  41.00000    4.50096
  41.50000    4.51008
  42.00000    4.51097
  42.50000    4.50287
  43.00000    4.50430
  43.50000    4.51077
  44.00000    4.50244
  44.50000    4.48843
  45.00000    4.47821
  45.50000    4.47514
  46.00000    4.47183
  46.50000    4.47345
  47.00000    4.46578
  47.50000    4.47138
  48.00000    4.46938
  48.50000    4.47230
  49.00000    4.46206
  49.50000    4.46602
  50.00000    4.47335
  50.50000    4.47723
  51.00000    4.46473
  51.50000    4.45447
  52.00000    4.46371
  52.50000    4.46794
  53.00000    4.46489
  53.50000    4.46719
  54.00000    4.46658
  54.50000    4.48185
  55.00000    4.48719
  55.50000    4.49391
  56.00000    4.48143
  56.50000    4.47513
  57.00000    4.47698
  57.50000    4.48924
  58.00000    4.49812
  58.50000    4.49440
  59.00000    4.49013
  59.50000    4.48814
  60.00000    4.48902
  60.50000    4.50046
  61.00000    4.50208
  61.50000    4.49501
  62.00000    4.49261
  62.50000    4.50408
  63.00000    4.50418
  63.50000    4.49651
  64.00000    4.48556
  64.50000    4.49384
  65.00000    4.50239
  65.50000    4.51415
  66.00000    4.50819
  66.50000    4.50310
  67.00000    4.50777
  67.50000    4.50817
  68.00000    4.50498
  68.50000    4.49063
  69.00000    4.49730
  69.50000    4.50537
  70.00000    4.51609
  70.50000    4.51222
  71.00000    4.50948
  71.50000    4.50336
  72.00000    4.50769
  72.50000    4.51666
  73.00000    4.52871
  73.50000    4.52529
  74.00000    4.52520
  74.50000    4.52405
  75.00000    4.52901
  75.50000    4.52544
  76.00000    4.51759
  76.50000    4.50665
  77.00000    4.50488
  77.50000    4.51792
  78.00000    4.52730
  78.50000    4.52126
  79.00000    4.50700
  79.50000    4.51150
  80.00000    4.51532
  80.50000    4.51512
  81.00000    4.50902
  81.50000    4.51884
  82.00000    4.51845
  82.50000    4.51897
  83.00000    4.52199
  83.50000    4.52108
  84.00000    4.51060
  84.50000    4.50541
  85.00000    4.51646
  85.50000    4.51003
  86.00000    4.50825
  86.50000    4.51096
  87.00000    4.51211
  87.50000    4.50559
  88.00000    4.51263
  88.50000    4.52648
  89.00000    4.51659
  89.50000    4.52171
  90.00000    4.52254
  90.50000    4.52504
  91.00000    4.51047
  91.50000    4.50967
  92.00000    4.51158
  92.50000    4.50682
  93.00000    4.50736
  93.50000    4.50122
  94.00000    4.50156
  94.50000    4.48745
  95.00000    4.48529
  95.50000    4.49409
  96.00000    4.50971
  96.50000    4.50632
  97.00000    4.49635
  97.50000    4.48810
  98.00000    4.50025
  98.50000    4.49399
  99.00000    4.48899
  99.50000    4.48646
 100.00000    4.49139
 100.50000    4.48669
 101.00000    4.48085
 101.50000    4.49337
 102.00000    4.49039
 102.50000    4.48639
 103.00000    4.47988
 103.50000    4.49150
 104.00000    4.48813
 104.50000    4.48330
 105.00000    4.47297
 105.50000    4.46878
 106.00000    4.46545
 106.50000    4.46828
 107.00000    4.46849
 107.50000    4.46824
 108.00000    4.46858
 108.50000    4.46800
 109.00000    4.46734
 109.50000    4.47040
 110.00000    4.47031
 110.50000    4.47289
 111.00000    4.45931
 111.50000    4.45480
 112.00000    4.45147
 112.50000    4.45774
 113.00000    4.45231
 113.50000    4.44242
 114.00000    4.44830
 114.50000    4.45768
 115.00000    4.45814
 115.50000    4.44223
 116.00000    4.43856
 116.50000    4.44784
 117.00000    4.45127
 117.50000    4.45098
 118.00000    4.43812
 118.50000    4.43773
 119.00000    4.43958
 119.50000    4.44164
 120.00000    4.42986
 120.50000    4.42874
 121.00000    4.43544
 121.50000    4.43755
 122.00000    4.43744
 122.50000    4.42967
 123.00000    4.42477
 123.50000    4.41339
 124.00000    4.41924
 124.50000    4.41891
 125.00000    4.41542
 125.50000    4.40758
 126.00000    4.40727
 126.50000    4.40373
 127.00000    4.41369
 127.50000    4.41707
 128.00000    4.41158
 128.50000    4.39974
 129.00000    4.40036
 129.50000    4.40920
 130.00000    4.41574
 130.50000    4.41621
 131.00000    4.41108
 131.50000    4.41499
 132.00000    4.41215
 132.50000    4.40509
 133.00000    4.40537
 133.50000    4.40344
 134.00000    4.39953
 134.50000    4.40111
 135.00000    4.40267
 135.50000    4.40089
 136.00000    4.39684
 136.50000    4.39983
 137.00000    4.40122
 137.50000    4.40292
 138.00000    4.39572
 138.50000    4.39564
 139.00000    4.40221
 139.50000    4.40436
 140.00000    4.40114
 140.50000    4.40754
 141.00000    4.40562
 141.50000    4.40498
 142.00000    4.40110
 142.50000    4.40962
 143.00000    4.40355
 143.50000    4.39802
 144.00000    4.39798
 144.50000    4.40489
 145.00000    4.40815
 145.50000    4.40943
 146.00000    4.41442
 146.50000    4.42034
 147.00000    4.41692
 147.50000    4.40507
 148.00000    4.39728
 148.50000    4.40063
 149.00000    4.39625
 149.50000    4.38651
 150.00000    4.40867
