   0.00000    1.45449
   0.50000    2.72626
   1.00000    3.13920
   1.50000    3.32763
   2.00000    3.56860
   2.50000    3.57263
   3.00000    3.49869
   3.50000    3.46381
   4.00000    3.46789
   4.50000    3.47056
   5.00000    3.46233
   5.50000    3.46273
   6.00000    3.46148
   6.50000    3.47293
   7.00000    3.48837
   7.50000    3.49090
   8.00000    3.49046
   8.50000    3.50062
   9.00000    3.51914
   9.50000    3.52064
  10.00000    3.52204
  10.50000    3.53167
  11.00000    3.55032
  11.50000    3.56181
  12.00000    3.56607
  12.50000    3.56352
  13.00000    3.57156
  13.50000    3.58467
  14.00000    3.59473
  14.50000    3.59570
  15.00000    3.60878
  15.50000    3.62377
  16.00000    3.63466
  16.50000    3.64063
  17.00000    3.65036
  17.50000    3.65724
  18.00000    3.65799
  18.50000    3.66403
  19.00000    3.66981
  19.50000    3.67433
  20.00000    3.67967
  20.50000    3.69491
  21.00000    3.70176
  21.50000    3.69568
  22.00000    3.69448
  22.50000    3.70829
  23.00000    3.71969
  23.50000    3.71774
  24.00000    3.72089
  24.50000    3.73391
  25.00000    3.73806
  25.50000    3.74158
  26.00000    3.75288
  26.50000    3.77127
  27.00000    3.77705
  27.50000    3.78165
  28.00000    3.77522
  28.50000    3.78249
  29.00000    3.78851
  29.50000    3.77979
  30.00000    3.74994
  30.50000    3.74210
  31.00000    3.74473
  31.50000    3.75323
  32.00000    3.76157
  32.50000    3.77347
  33.00000    3.78773
  33.50000    3.80779
  34.00000    3.86614
  34.50000    3.93090
  35.00000    3.98147
  35.50000    4.00990
  36.00000    4.06138
  36.50000    4.10244
  37.00000    4.12622
  37.50000    4.13806
  38.00000    4.16656
  38.50000    4.19771
  39.00000    4.23206
  39.50000    4.24898
  40.00000    4.26252
  40.50000    4.28457
  41.00000    4.32640
  41.50000    4.38208
  42.00000    4.43057
  42.50000    4.45638
  43.00000    4.48340
  43.50000    4.50960
  44.00000    4.52035
  44.50000    4.51445
  45.00000    4.51655
  45.50000    4.52098
  46.00000    4.52145
  46.50000    4.52495
  47.00000    4.51502
  47.50000    4.51282
  48.00000    4.51189
  48.50000    4.51165
  49.00000    4.50972
  49.50000    4.51636
  50.00000    4.52900
  50.50000    4.53435
  51.00000    4.53414
  51.50000    4.54225
  52.00000    4.55930
  52.50000    4.57017
  53.00000    4.56104
  53.50000    4.56496
  54.00000    4.57916
  54.50000    4.59113
  55.00000    4.59848
  55.50000    4.60251
  56.00000    4.60276
  56.50000    4.60999
  57.00000    4.61719
  57.50000    4.62063
  58.00000    4.61503
  58.50000    4.61919
  59.00000    4.62133
  59.50000    4.62785
  60.00000    4.62655
  60.50000    4.62404
  61.00000    4.62586
  61.50000    4.63628
  62.00000    4.63492
  62.50000    4.63566
  63.00000    4.63870
  63.50000    4.63857
  64.00000    4.63559
  64.50000    4.64107
  65.00000    4.64462
  65.50000    4.63641
  66.00000    4.64867
  66.50000    4.66227
  67.00000    4.65680
  67.50000    4.64780
  68.00000    4.64979
  68.50000    4.65663
  69.00000    4.66326
  69.50000    4.66686
  70.00000    4.66470
  70.50000    4.66783
  71.00000    4.66905
  71.50000    4.66850
  72.00000    4.66481
  72.50000    4.65947
  73.00000    4.65818
  73.50000    4.65761
  74.00000    4.65972
  74.50000    4.65743
  75.00000    4.66469
  75.50000    4.66335
  76.00000    4.66219
  76.50000    4.67726
  77.00000    4.68106
  77.50000    4.66896
  78.00000    4.66038
  78.50000    4.65379
  79.00000    4.64983
  79.50000    4.64124
  80.00000    4.64850
  80.50000    4.64161
  81.00000    4.64418
  81.50000    4.64506
  82.00000    4.65699
  82.50000    4.65598
  83.00000    4.66147
  83.50000    4.64537
  84.00000    4.64553
  84.50000    4.64864
  85.00000    4.65971
  85.50000    4.64773
  86.00000    4.64137
  86.50000    4.64572
  87.00000    4.65101
  87.50000    4.63773
  88.00000    4.62615
  88.50000    4.62533
  89.00000    4.63635
  89.50000    4.64111
  90.00000    4.63960
  90.50000    4.63323
  91.00000    4.62817
  91.50000    4.62897
  92.00000    4.62581
  92.50000    4.62468
  93.00000    4.62243
  93.50000    4.62303
  94.00000    4.61993
  94.50000    4.61224
  95.00000    4.60926
  95.50000    4.61116
  96.00000    4.60468
  96.50000    4.59162
  97.00000    4.59848
  97.50000    4.60128
  98.00000    4.60353
  98.50000    4.59484
  99.00000    4.61344
  99.50000    4.60891
 100.00000    4.61184
 100.50000    4.60483
 101.00000    4.60193
 101.50000    4.59790
 102.00000    4.59072
 102.50000    4.59352
 103.00000    4.58794
 103.50000    4.59547
 104.00000    4.59550
 104.50000    4.58956
 105.00000    4.58493
 105.50000    4.58022
 106.00000    4.58211
 106.50000    4.57603
 107.00000    4.57637
 107.50000    4.58206
 108.00000    4.59972
 108.50000    4.59262
 109.00000    4.57843
 109.50000    4.56286
 110.00000    4.56069
 110.50000    4.55946
 111.00000    4.57302
 111.50000    4.57378
 112.00000    4.56516
 112.50000    4.55885
 113.00000    4.56386
 113.50000    4.55969
 114.00000    4.54672
 114.50000    4.54412
 115.00000    4.54708
 115.50000    4.56276
 116.00000    4.55959
 116.50000    4.56407
 117.00000    4.56296
 117.50000    4.56092
 118.00000    4.55124
 118.50000    4.55745
 119.00000    4.56305
 119.50000    4.55595
 120.00000    4.55038
 120.50000    4.55508
 121.00000    4.55647
 121.50000    4.55514
 122.00000    4.55872
 122.50000    4.55208
 123.00000    4.54941
 123.50000    4.54759
 124.00000    4.55206
 124.50000    4.54482
 125.00000    4.54797
 125.50000    4.54391
 126.00000    4.53368
 126.50000    4.52610
 127.00000    4.52892
 127.50000    4.54335
 128.00000    4.54774
 128.50000    4.54475
 129.00000    4.53129
 129.50000    4.54247
 130.00000    4.54295
 130.50000    4.54290
 131.00000    4.52559
 131.50000    4.52689
 132.00000    4.52489
 132.50000    4.53443
 133.00000    4.53360
 133.50000    4.52611
 134.00000    4.52574
 134.50000    4.53127
 135.00000    4.54026
 135.50000    4.52751
 136.00000    4.52252
 136.50000    4.52037
 137.00000    4.52428
 137.50000    4.52214
 138.00000    4.52508
 138.50000    4.52195
 139.00000    4.52569
 139.50000    4.52625
 140.00000    4.52835
 140.50000    4.52532
 141.00000    4.53031
 141.50000    4.53271
 142.00000    4.52876
 142.50000    4.52756
 143.00000    4.52826
 143.50000    4.52361
 144.00000    4.51256
 144.50000    4.51421
 145.00000    4.52112
 145.50000    4.52271
 146.00000    4.52636
 146.50000    4.52702
 147.00000    4.52945
 147.50000    4.52044
 148.00000    4.52804
 148.50000    4.51585
 149.00000    4.52816
 149.50000    4.52932
 150.00000    4.50842
