   0.00000    1.49561
   0.50000    3.04960
   1.00000    3.46650
   1.50000    3.52448
   2.00000    3.62042
   2.50000    3.56375
   3.00000    3.44328
   3.50000    3.39228
   4.00000    3.41610
   4.50000    3.45546
   5.00000    3.45705
   5.50000    3.46110
   6.00000    3.45383
   6.50000    3.45695
   7.00000    3.46169
   7.50000    3.48434
   8.00000    3.48250
   8.50000    3.49273
   9.00000    3.50320
   9.50000    3.50413
  10.00000    3.48540
  10.50000    3.48790
  11.00000    3.50441
  11.50000    3.52063
  12.00000    3.51856
  12.50000    3.51717
  13.00000    3.50818
  13.50000    3.51104
  14.00000    3.51940
  14.50000    3.53119
  15.00000    3.52909
  15.50000    3.53470
  16.00000    3.54040
  16.50000    3.55784
  17.00000    3.55598
  17.50000    3.55803
  18.00000    3.54342
  18.50000    3.55870
  19.00000    3.56436
  19.50000    3.56928
  20.00000    3.57282
  20.50000    3.58856
  21.00000    3.59998
  21.50000    3.60409
  22.00000    3.59986
  22.50000    3.58570
  23.00000    3.59244
  23.50000    3.61963
  24.00000    3.66062
  24.50000    3.67685
  25.00000    3.68790
  25.50000    3.68752
  26.00000    3.67883
  26.50000    3.66367
  27.00000    3.66815
  27.50000    3.67955
  28.00000    3.69634
  28.50000    3.74052
  29.00000    3.78445
  29.50000    3.80576
  30.00000    3.80609
  30.50000    3.82501
  31.00000    3.85423
  31.50000    3.88579
  32.00000    3.89826
  32.50000    3.92836
  33.00000    3.96676
  33.50000    4.01310
  34.00000    4.07268
  34.50000    4.14853
  35.00000    4.21857
  35.50000    4.25889
  36.00000    4.31151
  36.50000    4.33563
  37.00000    4.35579
  37.50000    4.35420
  38.00000    4.37236
  38.50000    4.37245
  39.00000    4.38286
  39.50000    4.39486
  40.00000    4.40869
  40.50000    4.41150
  41.00000    4.41346
  41.50000    4.43596
  42.00000    4.45074
  42.50000    4.44191
  43.00000    4.44962
  43.50000    4.47095
  44.00000    4.46908
  44.50000    4.42767
  45.00000    4.42179
  45.50000    4.42993
  46.00000    4.43839
  46.50000    4.42893
  47.00000    4.41171
  47.50000    4.40476
  48.00000    4.40059
  48.50000    4.42197
  49.00000    4.41947
  49.50000    4.41336
  50.00000    4.40290
  50.50000    4.40579
  51.00000    4.39709
  51.50000    4.39326
  52.00000    4.40675
  52.50000    4.40347
  53.00000    4.38487
  53.50000    4.38032
  54.00000    4.39553
  54.50000    4.41876
  55.00000    4.41537
  55.50000    4.41963
  56.00000    4.41021
  56.50000    4.40929
  57.00000    4.40906
  57.50000    4.43243
  58.00000    4.44298
  58.50000    4.43321
  59.00000    4.42681
  59.50000    4.43136
  60.00000    4.44421
  60.50000    4.45104
  61.00000    4.45499
  61.50000    4.45330
  62.00000    4.44705
  62.50000    4.44919
  63.00000    4.46434
  63.50000    4.48031
  64.00000    4.47076
  64.50000    4.47012
  65.00000    4.48539
  65.50000    4.50015
  66.00000    4.49183
  66.50000    4.48888
  67.00000    4.49261
  67.50000    4.49470
  68.00000    4.48348
  68.50000    4.49529
  69.00000    4.51065
  69.50000    4.53018
  70.00000    4.51478
  70.50000    4.52848
  71.00000    4.53141
  71.50000    4.53544
  72.00000    4.52548
  72.50000    4.53989
  73.00000    4.55279
  73.50000    4.55794
  74.00000    4.55422
  74.50000    4.54428
  75.00000    4.54787
  75.50000    4.57212
  76.00000    4.58177
  76.50000    4.57676
  77.00000    4.57581
  77.50000    4.59325
  78.00000    4.59680
  78.50000    4.59053
  79.00000    4.57471
  79.50000    4.57686
  80.00000    4.57724
  80.50000    4.57626
  81.00000    4.58625
  81.50000    4.60986
  82.00000    4.61266
  82.50000    4.60587
  83.00000    4.62116
  83.50000    4.62721
  84.00000    4.61655
  84.50000    4.61277
  85.00000    4.62211
  85.50000    4.63064
  86.00000    4.63328
  86.50000    4.63503
  87.00000    4.61987
  87.50000    4.61826
  88.00000    4.62845
  88.50000    4.64227
  89.00000    4.64128
  89.50000    4.65035
  90.00000    4.65223
  90.50000    4.65667
  91.00000    4.65217
  91.50000    4.66451
  92.00000    4.66022
  92.50000    4.65375
  93.00000    4.64731
  93.50000    4.65140
  94.00000    4.66348
  94.50000    4.65964
  95.00000    4.65909
  95.50000    4.66112
  96.00000    4.67751
  96.50000    4.67615
  97.00000    4.67314
  97.50000    4.66506
  98.00000    4.66293
  98.50000    4.66268
  99.00000    4.67739
  99.50000    4.67381
 100.00000    4.66908
 100.50000    4.67273
 101.00000    4.67667
 101.50000    4.68193
 102.00000    4.67334
 102.50000    4.66407
 103.00000    4.65712
 103.50000    4.66111
 104.00000    4.66836
 104.50000    4.66450
 105.00000    4.66144
 105.50000    4.65158
 106.00000    4.64750
 106.50000    4.64837
 107.00000    4.65271
 107.50000    4.67162
 108.00000    4.66128
 108.50000    4.65940
 109.00000    4.65028
 109.50000    4.64821
 110.00000    4.64448
 110.50000    4.66000
 111.00000    4.66788
 111.50000    4.65683
 112.00000    4.65119
 112.50000    4.65537
 113.00000    4.65513
 113.50000    4.64649
 114.00000    4.63781
 114.50000    4.64492
 115.00000    4.64397
 115.50000    4.63830
 116.00000    4.63672
 116.50000    4.64459
 117.00000    4.63817
 117.50000    4.62992
 118.00000    4.62609
 118.50000    4.63442
 119.00000    4.63459
 119.50000    4.63586
 120.00000    4.63823
 120.50000    4.63316
 121.00000    4.63303
 121.50000    4.62592
 122.00000    4.63602
 122.50000    4.61981
 123.00000    4.61927
 123.50000    4.60503
 124.00000    4.60708
 124.50000    4.60336
 125.00000    4.59858
 125.50000    4.58513
 126.00000    4.59189
 126.50000    4.60630
 127.00000    4.60695
 127.50000    4.59065
 128.00000    4.58457
 128.50000    4.57743
 129.00000    4.57719
 129.50000    4.58663
 130.00000    4.59374
 130.50000    4.58385
 131.00000    4.57421
 131.50000    4.57342
 132.00000    4.57329
 132.50000    4.56957
 133.00000    4.57221
 133.50000    4.57250
 134.00000    4.56712
 134.50000    4.56656
 135.00000    4.55607
 135.50000    4.55006
 136.00000    4.54672
 136.50000    4.53867
 137.00000    4.53206
 137.50000    4.53529
 138.00000    4.54235
 138.50000    4.53929
 139.00000    4.53285
 139.50000    4.53485
 140.00000    4.54759
 140.50000    4.55868
 141.00000    4.54173
 141.50000    4.53653
 142.00000    4.55140
 142.50000    4.54846
 143.00000    4.52213
 143.50000    4.51015
 144.00000    4.52493
 144.50000    4.52873
 145.00000    4.53059
 145.50000    4.52349
 146.00000    4.53003
 146.50000    4.54064
 147.00000    4.53961
 147.50000    4.52397
 148.00000    4.50497
 148.50000    4.51477
 149.00000    4.51941
 149.50000    4.52657
 150.00000    4.51352
