   0.00000    1.48504
   0.50000    2.83707
   1.00000    3.28137
   1.50000    3.43677
   2.00000    3.58478
   2.50000    3.55975
   3.00000    3.46078
   3.50000    3.42357
   4.00000    3.43938
   4.50000    3.45448
   5.00000    3.45510
   5.50000    3.45797
   6.00000    3.45304
   6.50000    3.45005
   7.00000    3.45848
   7.50000    3.47819
   8.00000    3.48331
   8.50000    3.48896
   9.00000    3.50414
   9.50000    3.50755
  10.00000    3.50555
  10.50000    3.51420
  11.00000    3.53792
  11.50000    3.55019
  12.00000    3.55123
  12.50000    3.54916
  13.00000    3.55572
  13.50000    3.57246
  14.00000    3.57715
  14.50000    3.57682
  15.00000    3.58738
  15.50000    3.60154
  16.00000    3.60936
  16.50000    3.61346
  17.00000    3.61498
  17.50000    3.62364
  18.00000    3.62717
  18.50000    3.64315
  19.00000    3.63868
  19.50000    3.63747
  20.00000    3.64085
  20.50000    3.66555
  21.00000    3.67659
  21.50000    3.67504
  22.00000    3.66464
  22.50000    3.66952
  23.00000    3.68442
  23.50000    3.70243
  24.00000    3.71355
  24.50000    3.72098
  25.00000    3.72242
  25.50000    3.71845
  26.00000    3.70069
  26.50000    3.68879
  27.00000    3.68715
  27.50000    3.69248
  28.00000    3.69558
  28.50000    3.71825
  29.00000    3.72824
  29.50000    3.72825
  30.00000    3.71164
  30.50000    3.71314
  31.00000    3.72011
  31.50000    3.75082
  32.00000    3.76789
  32.50000    3.79180
  33.00000    3.81089
  33.50000    3.85314
  34.00000    3.91492
  34.50000    3.98283
  35.00000    4.03751
  35.50000    4.07168
  36.00000    4.10566
  36.50000    4.12901
  37.00000    4.14791
  37.50000    4.15981
  38.00000    4.17414
  38.50000    4.18965
  39.00000    4.21524
  39.50000    4.23311
  40.00000    4.24908
  40.50000    4.26790
  41.00000    4.29007
  41.50000    4.32541
  42.00000    4.34363
  42.50000    4.35472
  43.00000    4.36860
  43.50000    4.39645
  44.00000    4.40254
  44.50000    4.38448
  45.00000    4.38410
  45.50000    4.38961
  46.00000    4.40064
  46.50000    4.41294
  47.00000    4.41164
  47.50000    4.41213
  48.00000    4.40290
  48.50000    4.41938
  49.00000    4.42493
  49.50000    4.42146
  50.00000    4.41655
  50.50000    4.42786
  51.00000    4.42522
  51.50000    4.42006
  52.00000    4.43518
  52.50000    4.44941
  53.00000    4.43870
  53.50000    4.44036
  54.00000    4.45338
  54.50000    4.47183
  55.00000    4.46898
  55.50000    4.47296
  56.00000    4.46377
  56.50000    4.46974
  57.00000    4.47779
  57.50000    4.49931
  58.00000    4.50583
  58.50000    4.49989
  59.00000    4.49681
  59.50000    4.50165
  60.00000    4.51464
  60.50000    4.52521
  61.00000    4.52873
  61.50000    4.52502
  62.00000    4.51973
  62.50000    4.52232
  63.00000    4.52539
  63.50000    4.52884
  64.00000    4.52423
  64.50000    4.53116
  65.00000    4.54036
  65.50000    4.54551
  66.00000    4.54199
  66.50000    4.55001
  67.00000    4.55315
  67.50000    4.55293
  68.00000    4.55079
  68.50000    4.56486
  69.00000    4.57582
  69.50000    4.58097
  70.00000    4.57008
  70.50000    4.57425
  71.00000    4.57296
  71.50000    4.58058
  72.00000    4.58167
  72.50000    4.59209
  73.00000    4.59499
  73.50000    4.59426
  74.00000    4.58872
  74.50000    4.58125
  75.00000    4.58438
  75.50000    4.58958
  76.00000    4.59756
  76.50000    4.60268
  77.00000    4.60562
  77.50000    4.60408
  78.00000    4.60564
  78.50000    4.60725
  79.00000    4.60649
  79.50000    4.60754
  80.00000    4.60519
  80.50000    4.60358
  81.00000    4.61082
  81.50000    4.62228
  82.00000    4.61886
  82.50000    4.60776
  83.00000    4.62105
  83.50000    4.62041
  84.00000    4.61376
  84.50000    4.61101
  85.00000    4.62845
  85.50000    4.62346
  86.00000    4.62370
  86.50000    4.62537
  87.00000    4.62280
  87.50000    4.61262
  88.00000    4.61520
  88.50000    4.61887
  89.00000    4.61958
  89.50000    4.62827
  90.00000    4.62899
  90.50000    4.62594
  91.00000    4.61279
  91.50000    4.62370
  92.00000    4.62661
  92.50000    4.62793
  93.00000    4.62591
  93.50000    4.63468
  94.00000    4.63584
  94.50000    4.62621
  95.00000    4.62673
  95.50000    4.63626
  96.00000    4.63693
  96.50000    4.62483
  97.00000    4.62392
  97.50000    4.62504
  98.00000    4.62728
  98.50000    4.62911
  99.00000    4.64270
  99.50000    4.64220
 100.00000    4.63659
 100.50000    4.63928
 101.00000    4.63737
 101.50000    4.64192
 102.00000    4.62969
 102.50000    4.63005
 103.00000    4.62212
 103.50000    4.62011
 104.00000    4.62355
 104.50000    4.63006
 105.00000    4.62270
 105.50000    4.61373
 106.00000    4.62378
 106.50000    4.62632
 107.00000    4.62168
 107.50000    4.62777
 108.00000    4.63294
 108.50000    4.62133
 109.00000    4.61420
 109.50000    4.61125
 110.00000    4.61745
 110.50000    4.62258
 111.00000    4.63167
 111.50000    4.61698
 112.00000    4.61522
 112.50000    4.60873
 113.00000    4.61213
 113.50000    4.60769
 114.00000    4.60684
 114.50000    4.60432
 115.00000    4.60325
 115.50000    4.60498
 116.00000    4.60242
 116.50000    4.60566
 117.00000    4.60355
 117.50000    4.60036
 118.00000    4.59880
 118.50000    4.60799
 119.00000    4.60274
 119.50000    4.60063
 120.00000    4.59994
 120.50000    4.60664
 121.00000    4.60542
 121.50000    4.60504
 122.00000    4.61183
 122.50000    4.60094
 123.00000    4.59662
 123.50000    4.59066
 124.00000    4.59130
 124.50000    4.58730
 125.00000    4.58895
 125.50000    4.58756
 126.00000    4.57895
 126.50000    4.58166
 127.00000    4.58267
 127.50000    4.57983
 128.00000    4.58040
 128.50000    4.58181
 129.00000    4.57715
 129.50000    4.57886
 130.00000    4.58974
 130.50000    4.58852
 131.00000    4.57672
 131.50000    4.57046
 132.00000    4.56995
 132.50000    4.56357
 133.00000    4.56129
 133.50000    4.56308
 134.00000    4.57047
 134.50000    4.57362
 135.00000    4.57119
 135.50000    4.56535
 136.00000    4.55782
 136.50000    4.55917
 137.00000    4.55218
 137.50000    4.54685
 138.00000    4.54558
 138.50000    4.54847
 139.00000    4.54983
 139.50000    4.55878
 140.00000    4.56698
 140.50000    4.56849
 141.00000    4.56138
 141.50000    4.56375
 142.00000    4.57039
 142.50000    4.56992
 143.00000    4.55730
 143.50000    4.54376
 144.00000    4.54602
 144.50000    4.54996
 145.00000    4.55609
 145.50000    4.55542
 146.00000    4.55281
 146.50000    4.56442
 147.00000    4.56363
 147.50000    4.55171
 148.00000    4.53507
 148.50000    4.53576
 149.00000    4.54040
 149.50000    4.54851
 150.00000    4.54740
