   0.00000    1.43452
   0.50000    3.25619
   1.00000    3.50551
   1.50000    3.29552
   2.00000    3.30299
   2.50000    3.33830
   3.00000    3.37788
   3.50000    3.40019
   4.00000    3.43671
   4.50000    3.45740
   5.00000    3.46215
   5.50000    3.46369
   6.00000    3.48508
   6.50000    3.50889
   7.00000    3.52207
   7.50000    3.51942
   8.00000    3.51105
   8.50000    3.52160
   9.00000    3.53509
   9.50000    3.53762
  10.00000    3.53969
  10.50000    3.55353
  11.00000    3.56484
  11.50000    3.57102
  12.00000    3.57738
  12.50000    3.57488
  13.00000    3.56724
  13.50000    3.57473
  14.00000    3.58793
  14.50000    3.58607
  15.00000    3.59270
  15.50000    3.59272
  16.00000    3.60221
  16.50000    3.60814
  17.00000    3.62922
  17.50000    3.64577
  18.00000    3.65858
  18.50000    3.65912
  19.00000    3.66259
  19.50000    3.66737
  20.00000    3.68351
  20.50000    3.70131
  21.00000    3.70479
  21.50000    3.69404
  22.00000    3.70398
  22.50000    3.75868
  23.00000    3.81560
  23.50000    3.83762
  24.00000    3.83806
  24.50000    3.82544
  25.00000    3.81210
  25.50000    3.81958
  26.00000    3.86080
  26.50000    3.88659
  27.00000    3.88934
  27.50000    3.93673
  28.00000    4.00104
  28.50000    4.04403
  29.00000    4.05754
  29.50000    4.08886
  30.00000    4.12125
  30.50000    4.15553
  31.00000    4.19269
  31.50000    4.23168
  32.00000    4.26430
  32.50000    4.28625
  33.00000    4.30509
  33.50000    4.34015
  34.00000    4.38089
  34.50000    4.41819
  35.00000    4.45211
  35.50000    4.47014
  36.00000    4.49111
  36.50000    4.50901
  37.00000    4.52807
  37.50000    4.53292
  38.00000    4.55021
  38.50000    4.55846
  39.00000    4.54728
  39.50000    4.54076
  40.00000    4.53530
  40.50000    4.53205
  41.00000    4.53633
  41.50000    4.55344
  42.00000    4.55294
  42.50000    4.53947
  43.00000    4.53967
  43.50000    4.53654
  44.00000    4.53136
  44.50000    4.52983
  45.00000    4.53031
  45.50000    4.51502
  46.00000    4.50437
  46.50000    4.50431
  47.00000    4.50259
  47.50000    4.50824
  48.00000    4.51000
  48.50000    4.50236
  49.00000    4.48835
  49.50000    4.48612
  50.00000    4.49058
  50.50000    4.48500
  51.00000    4.48615
  51.50000    4.48336
  52.00000    4.48902
  52.50000    4.48435
  53.00000    4.47792
  53.50000    4.46818
  54.00000    4.47189
  54.50000    4.48298
  55.00000    4.48515
  55.50000    4.48762
  56.00000    4.47603
  56.50000    4.48139
  57.00000    4.48090
  57.50000    4.48040
  58.00000    4.47015
  58.50000    4.48210
  59.00000    4.49915
  59.50000    4.49127
  60.00000    4.48554
  60.50000    4.48109
  61.00000    4.48614
  61.50000    4.48335
  62.00000    4.48944
  62.50000    4.48207
  63.00000    4.48244
  63.50000    4.48220
  64.00000    4.48191
  64.50000    4.47822
  65.00000    4.48110
  65.50000    4.47579
  66.00000    4.45855
  66.50000    4.46513
  67.00000    4.47656
  67.50000    4.48705
  68.00000    4.47820
  68.50000    4.47405
  69.00000    4.46991
  69.50000    4.45839
  70.00000    4.46584
  70.50000    4.47183
  71.00000    4.47976
  71.50000    4.47092
  72.00000    4.47060
  72.50000    4.46710
  73.00000    4.47127
  73.50000    4.46016
  74.00000    4.45517
  74.50000    4.44751
  75.00000    4.45260
  75.50000    4.45065
  76.00000    4.46113
  76.50000    4.45294
  77.00000    4.44329
  77.50000    4.43960
  78.00000    4.43987
  78.50000    4.44682
  79.00000    4.44666
  79.50000    4.44409
  80.00000    4.43519
  80.50000    4.43470
  81.00000    4.43477
  81.50000    4.43164
  82.00000    4.43263
  82.50000    4.42718
  83.00000    4.42796
  83.50000    4.41757
  84.00000    4.42088
  84.50000    4.41353
  85.00000    4.40787
  85.50000    4.39995
  86.00000    4.40855
  86.50000    4.40859
  87.00000    4.39729
  87.50000    4.38614
  88.00000    4.39498
  88.50000    4.40453
  89.00000    4.39134
  89.50000    4.37416
  90.00000    4.37504
  90.50000    4.39087
  91.00000    4.39087
  91.50000    4.38715
  92.00000    4.38182
  92.50000    4.38325
  93.00000    4.38619
  93.50000    4.38613
  94.00000    4.38164
  94.50000    4.37445
  95.00000    4.37029
  95.50000    4.36450
  96.00000    4.37926
  96.50000    4.37714
  97.00000    4.37887
  97.50000    4.36098
  98.00000    4.37830
  98.50000    4.36540
  99.00000    4.36959
  99.50000    4.35636
 100.00000    4.36896
 100.50000    4.35399
 101.00000    4.35315
 101.50000    4.35019
 102.00000    4.36934
 102.50000    4.36488
 103.00000    4.35423
 103.50000    4.34547
 104.00000    4.35458
 104.50000    4.35369
 105.00000    4.34143
 105.50000    4.33328
 106.00000    4.33234
 106.50000    4.32864
 107.00000    4.33429
 107.50000    4.34949
 108.00000    4.36119
 108.50000    4.34036
 109.00000    4.33550
 109.50000    4.33543
 110.00000    4.33988
 110.50000    4.32203
 111.00000    4.32053
 111.50000    4.32212
 112.00000    4.32438
 112.50000    4.31528
 113.00000    4.31169
 113.50000    4.32291
 114.00000    4.33630
 114.50000    4.33232
 115.00000    4.32119
 115.50000    4.32017
 116.00000    4.32880
 116.50000    4.33032
 117.00000    4.32149
 117.50000    4.31769
 118.00000    4.31382
 118.50000    4.31411
 119.00000    4.31747
 119.50000    4.31187
 120.00000    4.30356
 120.50000    4.30211
 121.00000    4.31289
 121.50000    4.31608
 122.00000    4.30991
 122.50000    4.30457
 123.00000    4.31125
 123.50000    4.31890
 124.00000    4.31421
 124.50000    4.30825
 125.00000    4.30895
 125.50000    4.31691
 126.00000    4.31330
 126.50000    4.30948
 127.00000    4.29915
 127.50000    4.30921
 128.00000    4.31907
 128.50000    4.32460
 129.00000    4.31567
 129.50000    4.30806
 130.00000    4.30785
 130.50000    4.31232
 131.00000    4.31744
 131.50000    4.30864
 132.00000    4.30841
 132.50000    4.31054
 133.00000    4.30156
 133.50000    4.29940
 134.00000    4.31004
 134.50000    4.32501
 135.00000    4.31644
 135.50000    4.31124
 136.00000    4.30710
 136.50000    4.32188
 137.00000    4.32979
 137.50000    4.31623
 138.00000    4.31081
 138.50000    4.31763
 139.00000    4.31869
 139.50000    4.29532
 140.00000    4.29131
 140.50000    4.29980
 141.00000    4.30681
 141.50000    4.30692
 142.00000    4.32055
 142.50000    4.32242
 143.00000    4.31874
 143.50000    4.30733
 144.00000    4.31884
 144.50000    4.31948
 145.00000    4.32364
 145.50000    4.31610
 146.00000    4.31700
 146.50000    4.31987
 147.00000    4.32312
 147.50000    4.32260
 148.00000    4.32652
 148.50000    4.32299
 149.00000    4.32822
 149.50000    4.32720
 150.00000    4.32083
