   0.00000    1.37850
   0.50000    2.68604
   1.00000    3.22165
   1.50000    3.44424
   2.00000    3.60463
   2.50000    3.61243
   3.00000    3.52782
   3.50000    3.46928
   4.00000    3.46225
   4.50000    3.47742
   5.00000    3.47603
   5.50000    3.47816
   6.00000    3.47272
   6.50000    3.45992
   7.00000    3.48053
   7.50000    3.49935
   8.00000    3.49788
   8.50000    3.51188
   9.00000    3.53212
   9.50000    3.53093
  10.00000    3.51556
  10.50000    3.53091
  11.00000    3.55119
  11.50000    3.56203
  12.00000    3.55912
  12.50000    3.55490
  13.00000    3.56917
  13.50000    3.58082
  14.00000    3.58530
  14.50000    3.59306
  15.00000    3.61546
  15.50000    3.62484
  16.00000    3.62521
  16.50000    3.62905
  17.00000    3.62920
  17.50000    3.63465
  18.00000    3.63677
  18.50000    3.65800
  19.00000    3.65860
  19.50000    3.65826
  20.00000    3.65580
  20.50000    3.67653
  21.00000    3.69352
  21.50000    3.69494
  22.00000    3.67961
  22.50000    3.67959
  23.00000    3.69097
  23.50000    3.71362
  24.00000    3.72053
  24.50000    3.71724
  25.00000    3.69442
  25.50000    3.67305
  26.00000    3.65681
  26.50000    3.63912
  27.00000    3.64186
  27.50000    3.63152
  28.00000    3.64024
  28.50000    3.66328
  29.00000    3.67355
  29.50000    3.65120
  30.00000    3.62098
  30.50000    3.62382
  31.00000    3.62622
  31.50000    3.65889
  32.00000    3.69765
  32.50000    3.73383
  33.00000    3.75987
  33.50000    3.79976
  34.00000    3.86740
  34.50000    3.93284
  35.00000    4.00060
  35.50000    4.04939
  36.00000    4.09321
  36.50000    4.10946
  37.00000    4.12057
  37.50000    4.13130
  38.00000    4.14193
  38.50000    4.14725
  39.00000    4.15972
  39.50000    4.17759
  40.00000    4.19747
  40.50000    4.21583
  41.00000    4.21602
  41.50000    4.21871
  42.00000    4.22102
  42.50000    4.21045
  43.00000    4.20479
  43.50000    4.21410
  44.00000    4.22836
  44.50000    4.20462
  45.00000    4.20703
  45.50000    4.23053
  46.00000    4.26863
  46.50000    4.29751
  47.00000    4.30476
  47.50000    4.31510
  48.00000    4.31851
  48.50000    4.35274
  49.00000    4.37838
  49.50000    4.38739
  50.00000    4.39661
  50.50000    4.40736
  51.00000    4.41082
  51.50000    4.41231
  52.00000    4.43982
  52.50000    4.45177
  53.00000    4.44665
  53.50000    4.46248
  54.00000    4.48263
  54.50000    4.49570
  55.00000    4.48832
  55.50000    4.50451
  56.00000    4.49969
  56.50000    4.50304
  57.00000    4.50427
  57.50000    4.53022
  58.00000    4.53943
  58.50000    4.52225
  59.00000    4.51766
  59.50000    4.51764
  60.00000    4.53522
  60.50000    4.53434
  61.00000    4.54240
  61.50000    4.54012
  62.00000    4.54436
  62.50000    4.53636
  63.00000    4.53203
  63.50000    4.53989
  64.00000    4.54498
  64.50000    4.55464
  65.00000    4.56118
  65.50000    4.56963
  66.00000    4.56313
  66.50000    4.56206
  67.00000    4.55572
  67.50000    4.55009
  68.00000    4.54350
  68.50000    4.56220
  69.00000    4.57818
  69.50000    4.58578
  70.00000    4.57208
  70.50000    4.57938
  71.00000    4.57225
  71.50000    4.57817
  72.00000    4.58269
  72.50000    4.59662
  73.00000    4.59438
  73.50000    4.58314
  74.00000    4.57013
  74.50000    4.55226
  75.00000    4.56065
  75.50000    4.57701
  76.00000    4.58776
  76.50000    4.57803
  77.00000    4.58318
  77.50000    4.58544
  78.00000    4.57878
  78.50000    4.57936
  79.00000    4.58307
  79.50000    4.59399
  80.00000    4.58792
  80.50000    4.58043
  81.00000    4.57559
  81.50000    4.58763
  82.00000    4.59234
  82.50000    4.57648
  83.00000    4.58395
  83.50000    4.58772
  84.00000    4.58957
  84.50000    4.58296
  85.00000    4.59563
  85.50000    4.59261
  86.00000    4.59249
  86.50000    4.59837
  87.00000    4.59664
  87.50000    4.58034
  88.00000    4.57366
  88.50000    4.58034
  89.00000    4.58351
  89.50000    4.59281
  90.00000    4.60033
  90.50000    4.60452
  91.00000    4.58859
  91.50000    4.58935
  92.00000    4.59383
  92.50000    4.59445
  93.00000    4.59074
  93.50000    4.59694
  94.00000    4.59722
  94.50000    4.59213
  95.00000    4.59215
  95.50000    4.60612
  96.00000    4.60578
  96.50000    4.59522
  97.00000    4.58695
  97.50000    4.58801
  98.00000    4.59244
  98.50000    4.58996
  99.00000    4.60021
  99.50000    4.59842
 100.00000    4.58840
 100.50000    4.59471
 101.00000    4.59965
 101.50000    4.60767
 102.00000    4.58982
 102.50000    4.59232
 103.00000    4.59181
 103.50000    4.58427
 104.00000    4.58100
 104.50000    4.58218
 105.00000    4.58557
 105.50000    4.57924
 106.00000    4.59113
 106.50000    4.59938
 107.00000    4.59695
 107.50000    4.60039
 108.00000    4.59765
 108.50000    4.60229
 109.00000    4.58858
 109.50000    4.58518
 110.00000    4.58921
 110.50000    4.61245
 111.00000    4.61371
 111.50000    4.59742
 112.00000    4.59103
 112.50000    4.58310
 113.00000    4.58365
 113.50000    4.58778
 114.00000    4.60017
 114.50000    4.60278
 115.00000    4.60405
 115.50000    4.58633
 116.00000    4.57189
 116.50000    4.58379
 117.00000    4.59478
 117.50000    4.59141
 118.00000    4.58879
 118.50000    4.60438
 119.00000    4.60501
 119.50000    4.60272
 120.00000    4.59979
 120.50000    4.60504
 121.00000    4.61190
 121.50000    4.60808
 122.00000    4.60909
 122.50000    4.60911
 123.00000    4.60028
 123.50000    4.58990
 124.00000    4.57991
 124.50000    4.58541
 125.00000    4.58481
 125.50000    4.59730
 126.00000    4.59604
 126.50000    4.60274
 127.00000    4.59679
 127.50000    4.59682
 128.00000    4.60397
 128.50000    4.60373
 129.00000    4.59015
 129.50000    4.58106
 130.00000    4.60789
 130.50000    4.61637
 131.00000    4.61854
 131.50000    4.60200
 132.00000    4.60012
 132.50000    4.58496
 133.00000    4.58303
 133.50000    4.59305
 134.00000    4.60778
 134.50000    4.61210
 135.00000    4.60179
 135.50000    4.59706
 136.00000    4.58794
 136.50000    4.58486
 137.00000    4.57814
 137.50000    4.58198
 138.00000    4.58837
 138.50000    4.58923
 139.00000    4.58112
 139.50000    4.59660
 140.00000    4.60891
 140.50000    4.62043
 141.00000    4.61097
 141.50000    4.61984
 142.00000    4.62709
 142.50000    4.62010
 143.00000    4.59565
 143.50000    4.58255
 144.00000    4.60346
 144.50000    4.60219
 145.00000    4.60109
 145.50000    4.59297
 146.00000    4.60930
 146.50000    4.62069
 147.00000    4.62078
 147.50000    4.60513
 148.00000    4.59062
 148.50000    4.59993
 149.00000    4.60864
 149.50000    4.61403
 150.00000    4.57898
