   0.00000    1.55627
   0.50000    3.31975
   1.00000    3.62803
   1.50000    3.44959
   2.00000    3.39904
   2.50000    3.33934
   3.00000    3.28783
   3.50000    3.25161
   4.00000    3.28976
   4.50000    3.34654
   5.00000    3.39667
   5.50000    3.44453
   6.00000    3.49414
   6.50000    3.53421
   7.00000    3.55170
   7.50000    3.56229
   8.00000    3.55082
   8.50000    3.54689
   9.00000    3.55745
   9.50000    3.56266
  10.00000    3.55712
  10.50000    3.56356
  11.00000    3.56306
  11.50000    3.55246
  12.00000    3.53933
  12.50000    3.54105
  13.00000    3.53677
  13.50000    3.53988
  14.00000    3.53951
  14.50000    3.53697
  15.00000    3.53646
  15.50000    3.53689
  16.00000    3.53843
  16.50000    3.53030
  17.00000    3.51161
  17.50000    3.51456
  18.00000    3.52020
  18.50000    3.52873
  19.00000    3.51095
  19.50000    3.49535
  20.00000    3.48825
  20.50000    3.49087
  21.00000    3.49527
  21.50000    3.48163
  22.00000    3.46653
  22.50000    3.45967
  23.00000    3.46030
  23.50000    3.46675
  24.00000    3.46598
  24.50000    3.45836
  25.00000    3.44178
  25.50000    3.43764
  26.00000    3.43708
  26.50000    3.44353
  27.00000    3.45228
  27.50000    3.46936
  28.00000    3.47350
  28.50000    3.47749
  29.00000    3.48160
  29.50000    3.49155
  30.00000    3.49283
  30.50000    3.50045
  31.00000    3.51318
  31.50000    3.52826
  32.00000    3.52471
  32.50000    3.52994
  33.00000    3.52353
  33.50000    3.56087
  34.00000    3.61746
  34.50000    3.67494
  35.00000    3.70983
  35.50000    3.72191
  36.00000    3.71710
  36.50000    3.70076
  37.00000    3.70339
  37.50000    3.70828
  38.00000    3.71015
  38.50000    3.71720
  39.00000    3.71604
  39.50000    3.72097
  40.00000    3.72746
  40.50000    3.74413
  41.00000    3.75057
  41.50000    3.74870
  42.00000    3.74249
  42.50000    3.73348
  43.00000    3.73981
  43.50000    3.74772
  44.00000    3.75087
  44.50000    3.74973
  45.00000    3.76737
  45.50000    3.79247
  46.00000    3.80680
  46.50000    3.82799
  47.00000    3.83346
  47.50000    3.84536
  48.00000    3.85865
  48.50000    3.92095
  49.00000    3.98147
  49.50000    4.06059
  50.00000    4.12641
  50.50000    4.18239
  51.00000    4.17840
  51.50000    4.18591
  52.00000    4.20968
  52.50000    4.23034
  53.00000    4.21991
  53.50000    4.22210
  54.00000    4.25064
  54.50000    4.29610
  55.00000    4.32639
  55.50000    4.34140
  56.00000    4.33599
  56.50000    4.34730
  57.00000    4.35057
  57.50000    4.36618
  58.00000    4.36664
  58.50000    4.37440
  59.00000    4.37471
  59.50000    4.37980
  60.00000    4.36318
  60.50000    4.36254
  61.00000    4.37256
  61.50000    4.38478
  62.00000    4.38861
  62.50000    4.39603
  63.00000    4.40359
  63.50000    4.40272
  64.00000    4.40097
  64.50000    4.39950
  65.00000    4.40234
  65.50000    4.41515
  66.00000    4.41415
  66.50000    4.41820
  67.00000    4.41907
  67.50000    4.42527
  68.00000    4.41805
  68.50000    4.42381
  69.00000    4.43192
  69.50000    4.44297
  70.00000    4.43572
  70.50000    4.43871
  71.00000    4.43693
  71.50000    4.44575
  72.00000    4.44483
  72.50000    4.44709
  73.00000    4.44433
  73.50000    4.44174
  74.00000    4.44530
  74.50000    4.43716
  75.00000    4.44449
  75.50000    4.44746
  76.00000    4.45707
  76.50000    4.44987
  77.00000    4.45088
  77.50000    4.45531
  78.00000    4.45498
  78.50000    4.45463
  79.00000    4.45148
  79.50000    4.45504
  80.00000    4.45483
  80.50000    4.45766
  81.00000    4.46346
  81.50000    4.46618
  82.00000    4.46251
  82.50000    4.45206
  83.00000    4.45160
  83.50000    4.45246
  84.00000    4.45206
  84.50000    4.45750
  85.00000    4.46292
  85.50000    4.46299
  86.00000    4.46479
  86.50000    4.47496
  87.00000    4.46612
  87.50000    4.45763
  88.00000    4.45113
  88.50000    4.45939
  89.00000    4.46011
  89.50000    4.47522
  90.00000    4.47925
  90.50000    4.47537
  91.00000    4.45508
  91.50000    4.45344
  92.00000    4.45878
  92.50000    4.47183
  93.00000    4.47616
  93.50000    4.48175
  94.00000    4.46788
  94.50000    4.46282
  95.00000    4.46171
  95.50000    4.47166
  96.00000    4.46461
  96.50000    4.45895
  97.00000    4.45085
  97.50000    4.45135
  98.00000    4.45332
  98.50000    4.45697
  99.00000    4.46151
  99.50000    4.45987
 100.00000    4.45698
 100.50000    4.45596
 101.00000    4.46293
 101.50000    4.46240
 102.00000    4.45615
 102.50000    4.45203
 103.00000    4.44756
 103.50000    4.44340
 104.00000    4.45063
 104.50000    4.45210
 105.00000    4.44227
 105.50000    4.43438
 106.00000    4.44962
 106.50000    4.45141
 107.00000    4.45402
 107.50000    4.45619
 108.00000    4.45436
 108.50000    4.45161
 109.00000    4.45299
 109.50000    4.45820
 110.00000    4.45572
 110.50000    4.46480
 111.00000    4.46096
 111.50000    4.45746
 112.00000    4.46212
 112.50000    4.45957
 113.00000    4.45312
 113.50000    4.45661
 114.00000    4.46860
 114.50000    4.46633
 115.00000    4.46764
 115.50000    4.45025
 116.00000    4.43868
 116.50000    4.44488
 117.00000    4.46506
 117.50000    4.46930
 118.00000    4.46917
 118.50000    4.46582
 119.00000    4.45764
 119.50000    4.46239
 120.00000    4.47004
 120.50000    4.47002
 121.00000    4.47118
 121.50000    4.47833
 122.00000    4.48276
 122.50000    4.47940
 123.00000    4.47992
 123.50000    4.47841
 124.00000    4.47710
 124.50000    4.47738
 125.00000    4.47236
 125.50000    4.47022
 126.00000    4.46168
 126.50000    4.45686
 127.00000    4.46037
 127.50000    4.46898
 128.00000    4.47770
 128.50000    4.47681
 129.00000    4.47599
 129.50000    4.46652
 130.00000    4.47445
 130.50000    4.47661
 131.00000    4.47825
 131.50000    4.47877
 132.00000    4.48627
 132.50000    4.48756
 133.00000    4.48091
 133.50000    4.48442
 134.00000    4.48333
 134.50000    4.48171
 135.00000    4.46589
 135.50000    4.46620
 136.00000    4.47125
 136.50000    4.47726
 137.00000    4.48527
 137.50000    4.49261
 138.00000    4.48882
 138.50000    4.47859
 139.00000    4.47751
 139.50000    4.48000
 140.00000    4.48362
 140.50000    4.49114
 141.00000    4.49586
 141.50000    4.49756
 142.00000    4.50323
 142.50000    4.49829
 143.00000    4.50028
 143.50000    4.49677
 144.00000    4.49789
 144.50000    4.48658
 145.00000    4.50066
 145.50000    4.49407
 146.00000    4.49370
 146.50000    4.49633
 147.00000    4.51135
 147.50000    4.50648
 148.00000    4.49686
 148.50000    4.50017
 149.00000    4.50128
 149.50000    4.50146
 150.00000    4.49801
