   0.00000    1.65678
   0.50000    3.55352
   1.00000    3.78852
   1.50000    3.51146
   2.00000    3.32477
   2.50000    3.19527
   3.00000    3.13598
   3.50000    3.20802
   4.00000    3.29059
   4.50000    3.30485
   5.00000    3.31577
   5.50000    3.35146
   6.00000    3.36119
   6.50000    3.39129
   7.00000    3.41078
   7.50000    3.42039
   8.00000    3.42245
   8.50000    3.41950
   9.00000    3.41276
   9.50000    3.42018
  10.00000    3.44086
  10.50000    3.42866
  11.00000    3.42279
  11.50000    3.43050
  12.00000    3.41811
  12.50000    3.40529
  13.00000    3.40618
  13.50000    3.41679
  14.00000    3.40213
  14.50000    3.39857
  15.00000    3.41057
  15.50000    3.42291
  16.00000    3.41325
  16.50000    3.39256
  17.00000    3.38714
  17.50000    3.39060
  18.00000    3.39572
  18.50000    3.40051
  19.00000    3.41053
  19.50000    3.42493
  20.00000    3.42661
  20.50000    3.44114
  21.00000    3.42888
  21.50000    3.43398
  22.00000    3.43836
  22.50000    3.46750
  23.00000    3.47178
  23.50000    3.51033
  24.00000    3.52688
  24.50000    3.55747
  25.00000    3.57943
  25.50000    3.63933
  26.00000    3.68320
  26.50000    3.73052
  27.00000    3.74338
  27.50000    3.75054
  28.00000    3.76029
  28.50000    3.78497
  29.00000    3.80198
  29.50000    3.82575
  30.00000    3.85240
  30.50000    3.88118
  31.00000    3.91013
  31.50000    3.94371
  32.00000    3.98000
  32.50000    3.99888
  33.00000    4.01745
  33.50000    4.04993
  34.00000    4.09572
  34.50000    4.14437
  35.00000    4.17247
  35.50000    4.18664
  36.00000    4.17282
  36.50000    4.17977
  37.00000    4.18489
  37.50000    4.18696
  38.00000    4.18143
  38.50000    4.18174
  39.00000    4.18859
  39.50000    4.19474
  40.00000    4.19032
  40.50000    4.17021
  41.00000    4.15264
  41.50000    4.13950
  42.00000    4.13477
  42.50000    4.13841
  43.00000    4.12826
  43.50000    4.12818
  44.00000    4.12759
  44.50000    4.14513
  45.00000    4.17487
  45.50000    4.22269
  46.00000    4.23635
  46.50000    4.23238
  47.00000    4.25454
  47.50000    4.28148
  48.00000    4.29413
  48.50000    4.30570
  49.00000    4.35339
  49.50000    4.37611
  50.00000    4.37316
  50.50000    4.36083
  51.00000    4.36264
  51.50000    4.38072
  52.00000    4.40193
  52.50000    4.40872
  53.00000    4.39217
  53.50000    4.40256
  54.00000    4.40468
  54.50000    4.43082
  55.00000    4.43468
  55.50000    4.43464
  56.00000    4.40799
  56.50000    4.42933
  57.00000    4.45333
  57.50000    4.46801
  58.00000    4.46442
  58.50000    4.46655
  59.00000    4.48125
  59.50000    4.47820
  60.00000    4.47033
  60.50000    4.47162
  61.00000    4.49962
  61.50000    4.50553
  62.00000    4.50462
  62.50000    4.50207
  63.00000    4.50982
  63.50000    4.50493
  64.00000    4.50985
  64.50000    4.51495
  65.00000    4.52600
  65.50000    4.54171
  66.00000    4.56397
  66.50000    4.56845
  67.00000    4.56534
  67.50000    4.55677
  68.00000    4.56428
  68.50000    4.57617
  69.00000    4.57162
  69.50000    4.56986
  70.00000    4.57214
  70.50000    4.58294
  71.00000    4.58081
  71.50000    4.58861
  72.00000    4.60517
  72.50000    4.60353
  73.00000    4.60613
  73.50000    4.60746
  74.00000    4.62688
  74.50000    4.63138
  75.00000    4.64475
  75.50000    4.63804
  76.00000    4.63935
  76.50000    4.63158
  77.00000    4.64090
  77.50000    4.64341
  78.00000    4.65867
  78.50000    4.66871
  79.00000    4.67895
  79.50000    4.67852
  80.00000    4.67106
  80.50000    4.67079
  81.00000    4.66628
  81.50000    4.67990
  82.00000    4.67876
  82.50000    4.69077
  83.00000    4.69254
  83.50000    4.69600
  84.00000    4.68576
  84.50000    4.69235
  85.00000    4.68720
  85.50000    4.70015
  86.00000    4.69549
  86.50000    4.69893
  87.00000    4.70551
  87.50000    4.72770
  88.00000    4.72347
  88.50000    4.71673
  89.00000    4.71522
  89.50000    4.70404
  90.00000    4.70176
  90.50000    4.71575
  91.00000    4.72629
  91.50000    4.73028
  92.00000    4.73631
  92.50000    4.74371
  93.00000    4.74654
  93.50000    4.73119
  94.00000    4.70822
  94.50000    4.70609
  95.00000    4.71143
  95.50000    4.72039
  96.00000    4.69887
  96.50000    4.70637
  97.00000    4.70345
  97.50000    4.73153
  98.00000    4.73270
  98.50000    4.74102
  99.00000    4.72045
  99.50000    4.72005
 100.00000    4.72091
 100.50000    4.72424
 101.00000    4.72530
 101.50000    4.73010
 102.00000    4.73738
 102.50000    4.74048
 103.00000    4.72834
 103.50000    4.72687
 104.00000    4.72134
 104.50000    4.72736
 105.00000    4.72211
 105.50000    4.72244
 106.00000    4.72986
 106.50000    4.73601
 107.00000    4.73045
 107.50000    4.71526
 108.00000    4.72755
 108.50000    4.74653
 109.00000    4.74300
 109.50000    4.73851
 110.00000    4.72745
 110.50000    4.73275
 111.00000    4.71253
 111.50000    4.71271
 112.00000    4.70256
 112.50000    4.69564
 113.00000    4.69313
 113.50000    4.70704
 114.00000    4.72117
 114.50000    4.70671
 115.00000    4.71324
 115.50000    4.70753
 116.00000    4.70869
 116.50000    4.69996
 117.00000    4.70327
 117.50000    4.69642
 118.00000    4.70074
 118.50000    4.70264
 119.00000    4.70090
 119.50000    4.68517
 120.00000    4.67825
 120.50000    4.67799
 121.00000    4.68177
 121.50000    4.68319
 122.00000    4.67836
 122.50000    4.68417
 123.00000    4.69165
 123.50000    4.69611
 124.00000    4.67290
 124.50000    4.66187
 125.00000    4.67223
 125.50000    4.68089
 126.00000    4.67751
 126.50000    4.65075
 127.00000    4.63998
 127.50000    4.64599
 128.00000    4.66127
 128.50000    4.65527
 129.00000    4.65415
 129.50000    4.65040
 130.00000    4.65391
 130.50000    4.64925
 131.00000    4.65699
 131.50000    4.64667
 132.00000    4.66084
 132.50000    4.66671
 133.00000    4.66676
 133.50000    4.65006
 134.00000    4.63614
 134.50000    4.63361
 135.00000    4.63128
 135.50000    4.63387
 136.00000    4.63797
 136.50000    4.65113
 137.00000    4.65589
 137.50000    4.64332
 138.00000    4.63149
 138.50000    4.63544
 139.00000    4.63891
 139.50000    4.64409
 140.00000    4.63336
 140.50000    4.62661
 141.00000    4.61745
 141.50000    4.62569
 142.00000    4.63308
 142.50000    4.64201
 143.00000    4.62213
 143.50000    4.60893
 144.00000    4.61306
 144.50000    4.62772
 145.00000    4.64186
 145.50000    4.64249
 146.00000    4.63067
 146.50000    4.61912
 147.00000    4.62499
 147.50000    4.62552
 148.00000    4.61539
 148.50000    4.63664
 149.00000    4.64373
 149.50000    4.64265
 150.00000    4.64377
