   0.00000    1.44369
   0.50000    3.20324
   1.00000    3.53546
   1.50000    3.42354
   2.00000    3.45312
   2.50000    3.43687
   3.00000    3.41305
   3.50000    3.38965
   4.00000    3.42854
   4.50000    3.45942
   5.00000    3.47542
   5.50000    3.46141
   6.00000    3.46194
   6.50000    3.47150
   7.00000    3.48880
   7.50000    3.48702
   8.00000    3.47459
   8.50000    3.48438
   9.00000    3.50495
   9.50000    3.49302
  10.00000    3.47735
  10.50000    3.48540
  11.00000    3.50261
  11.50000    3.50909
  12.00000    3.50749
  12.50000    3.51055
  13.00000    3.49940
  13.50000    3.50108
  14.00000    3.51854
  14.50000    3.54749
  15.00000    3.54366
  15.50000    3.52532
  16.00000    3.52482
  16.50000    3.53677
  17.00000    3.55275
  17.50000    3.57322
  18.00000    3.57967
  18.50000    3.57466
  19.00000    3.55248
  19.50000    3.55072
  20.00000    3.56280
  20.50000    3.58993
  21.00000    3.58690
  21.50000    3.60340
  22.00000    3.61625
  22.50000    3.62434
  23.00000    3.62140
  23.50000    3.66475
  24.00000    3.69763
  24.50000    3.69154
  25.00000    3.67029
  25.50000    3.67357
  26.00000    3.68199
  26.50000    3.66862
  27.00000    3.67114
  27.50000    3.70496
  28.00000    3.76663
  28.50000    3.81858
  29.00000    3.86397
  29.50000    3.89628
  30.00000    3.91166
  30.50000    3.93440
  31.00000    3.97217
  31.50000    4.00221
  32.00000    4.00677
  32.50000    4.03432
  33.00000    4.07386
  33.50000    4.12472
  34.00000    4.18474
  34.50000    4.25721
  35.00000    4.32288
  35.50000    4.36854
  36.00000    4.40464
  36.50000    4.42018
  37.00000    4.44116
  37.50000    4.45199
  38.00000    4.46342
  38.50000    4.46713
  39.00000    4.47606
  39.50000    4.47712
  40.00000    4.47450
  40.50000    4.47212
  41.00000    4.46443
  41.50000    4.45346
  42.00000    4.43848
  42.50000    4.42221
  43.00000    4.42193
  43.50000    4.43274
  44.00000    4.42641
  44.50000    4.38019
  45.00000    4.36139
  45.50000    4.36731
  46.00000    4.37366
  46.50000    4.36810
  47.00000    4.36444
  47.50000    4.37313
  48.00000    4.37301
  48.50000    4.39704
  49.00000    4.39978
  49.50000    4.39422
  50.00000    4.39102
  50.50000    4.40362
  51.00000    4.40501
  51.50000    4.39159
  52.00000    4.39403
  52.50000    4.38432
  53.00000    4.38173
  53.50000    4.39971
  54.00000    4.41318
  54.50000    4.41900
  55.00000    4.41094
  55.50000    4.41609
  56.00000    4.41682
  56.50000    4.40894
  57.00000    4.40773
  57.50000    4.42399
  58.00000    4.43760
  58.50000    4.41996
  59.00000    4.40341
  59.50000    4.41672
  60.00000    4.41924
  60.50000    4.42906
  61.00000    4.43403
  61.50000    4.44047
  62.00000    4.43276
  62.50000    4.43473
  63.00000    4.43458
  63.50000    4.43354
  64.00000    4.42826
  64.50000    4.44909
  65.00000    4.46066
  65.50000    4.46427
  66.00000    4.44311
  66.50000    4.43833
  67.00000    4.44494
  67.50000    4.44901
  68.00000    4.44035
  68.50000    4.44260
  69.00000    4.45740
  69.50000    4.46878
  70.00000    4.46019
  70.50000    4.46472
  71.00000    4.46272
  71.50000    4.46002
  72.00000    4.46183
  72.50000    4.48164
  73.00000    4.48870
  73.50000    4.47804
  74.00000    4.47304
  74.50000    4.47627
  75.00000    4.48409
  75.50000    4.49230
  76.00000    4.49081
  76.50000    4.48190
  77.00000    4.47498
  77.50000    4.48957
  78.00000    4.49507
  78.50000    4.49666
  79.00000    4.47763
  79.50000    4.47131
  80.00000    4.46217
  80.50000    4.47024
  81.00000    4.47918
  81.50000    4.49539
  82.00000    4.48662
  82.50000    4.48342
  83.00000    4.49932
  83.50000    4.50639
  84.00000    4.48736
  84.50000    4.47493
  85.00000    4.49131
  85.50000    4.48485
  86.00000    4.47675
  86.50000    4.48500
  87.00000    4.48531
  87.50000    4.48608
  88.00000    4.48639
  88.50000    4.50334
  89.00000    4.49016
  89.50000    4.50062
  90.00000    4.49732
  90.50000    4.49811
  91.00000    4.48320
  91.50000    4.49608
  92.00000    4.49765
  92.50000    4.48846
  93.00000    4.47368
  93.50000    4.46986
  94.00000    4.48445
  94.50000    4.48696
  95.00000    4.49833
  95.50000    4.48663
  96.00000    4.49499
  96.50000    4.48362
  97.00000    4.48140
  97.50000    4.46914
  98.00000    4.47712
  98.50000    4.47578
  99.00000    4.47464
  99.50000    4.47588
 100.00000    4.47279
 100.50000    4.46658
 101.00000    4.46176
 101.50000    4.47282
 102.00000    4.47058
 102.50000    4.45741
 103.00000    4.44604
 103.50000    4.44423
 104.00000    4.46619
 104.50000    4.47273
 105.00000    4.46529
 105.50000    4.44136
 106.00000    4.43374
 106.50000    4.43302
 107.00000    4.43809
 107.50000    4.45453
 108.00000    4.44232
 108.50000    4.43737
 109.00000    4.42779
 109.50000    4.43998
 110.00000    4.44329
 110.50000    4.45415
 111.00000    4.44579
 111.50000    4.43356
 112.00000    4.43064
 112.50000    4.43947
 113.00000    4.44538
 113.50000    4.43221
 114.00000    4.42030
 114.50000    4.42862
 115.00000    4.43225
 115.50000    4.41316
 116.00000    4.40175
 116.50000    4.41414
 117.00000    4.41455
 117.50000    4.40548
 118.00000    4.40696
 118.50000    4.41650
 119.00000    4.40829
 119.50000    4.39886
 120.00000    4.39972
 120.50000    4.40206
 121.00000    4.39718
 121.50000    4.38818
 122.00000    4.40326
 122.50000    4.39430
 123.00000    4.38574
 123.50000    4.37342
 124.00000    4.38053
 124.50000    4.37623
 125.00000    4.35524
 125.50000    4.34632
 126.00000    4.34937
 126.50000    4.36654
 127.00000    4.37586
 127.50000    4.36706
 128.00000    4.35030
 128.50000    4.33745
 129.00000    4.34392
 129.50000    4.35868
 130.00000    4.36409
 130.50000    4.36106
 131.00000    4.34927
 131.50000    4.35471
 132.00000    4.34048
 132.50000    4.33161
 133.00000    4.33716
 133.50000    4.36041
 134.00000    4.35046
 134.50000    4.34016
 135.00000    4.32404
 135.50000    4.32986
 136.00000    4.32821
 136.50000    4.32986
 137.00000    4.32953
 137.50000    4.33153
 138.00000    4.32465
 138.50000    4.31677
 139.00000    4.32119
 139.50000    4.32289
 140.00000    4.33568
 140.50000    4.34479
 141.00000    4.34115
 141.50000    4.32400
 142.00000    4.33316
 142.50000    4.32997
 143.00000    4.32227
 143.50000    4.31919
 144.00000    4.32957
 144.50000    4.32961
 145.00000    4.33387
 145.50000    4.33440
 146.00000    4.32932
 146.50000    4.34022
 147.00000    4.34471
 147.50000    4.33170
 148.00000    4.32055
 148.50000    4.33570
 149.00000    4.32584
 149.50000    4.30981
 150.00000    4.33714
