   0.00000    1.20628
   0.50000    2.49964
   1.00000    3.00673
   1.50000    3.17413
   2.00000    3.24590
   2.50000    3.26135
   3.00000    3.24086
   3.50000    3.22908
   4.00000    3.27493
   4.50000    3.34589
   5.00000    3.43032
   5.50000    3.45763
   6.00000    3.48279
   6.50000    3.51398
   7.00000    3.54020
   7.50000    3.53519
   8.00000    3.53105
   8.50000    3.53832
   9.00000    3.54620
   9.50000    3.54277
  10.00000    3.54166
  10.50000    3.54507
  11.00000    3.54421
  11.50000    3.54593
  12.00000    3.54901
  12.50000    3.55372
  13.00000    3.55698
  13.50000    3.56071
  14.00000    3.55398
  14.50000    3.56471
  15.00000    3.56525
  15.50000    3.56122
  16.00000    3.54112
  16.50000    3.53557
  17.00000    3.52543
  17.50000    3.53923
  18.00000    3.54178
  18.50000    3.54893
  19.00000    3.56168
  19.50000    3.57648
  20.00000    3.58719
  20.50000    3.57786
  21.00000    3.56874
  21.50000    3.57536
  22.00000    3.61547
  22.50000    3.62688
  23.00000    3.62001
  23.50000    3.66110
  24.00000    3.72569
  24.50000    3.76780
  25.00000    3.79111
  25.50000    3.82888
  26.00000    3.90349
  26.50000    3.98407
  27.00000    4.08077
  27.50000    4.14092
  28.00000    4.19392
  28.50000    4.21557
  29.00000    4.23902
  29.50000    4.27970
  30.00000    4.31496
  30.50000    4.31852
  31.00000    4.30445
  31.50000    4.30823
  32.00000    4.33191
  32.50000    4.33583
  33.00000    4.34142
  33.50000    4.36361
  34.00000    4.41902
  34.50000    4.47023
  35.00000    4.50204
  35.50000    4.53523
  36.00000    4.55437
  36.50000    4.56261
  37.00000    4.56379
  37.50000    4.55722
  38.00000    4.54838
  38.50000    4.54574
  39.00000    4.55854
  39.50000    4.56970
  40.00000    4.57855
  40.50000    4.57695
  41.00000    4.56257
  41.50000    4.55511
  42.00000    4.54026
  42.50000    4.52383
  43.00000    4.50915
  43.50000    4.51976
  44.00000    4.52389
  44.50000    4.52345
  45.00000    4.50980
  45.50000    4.52175
  46.00000    4.53303
  46.50000    4.54749
  47.00000    4.53814
  47.50000    4.55747
  48.00000    4.55610
  48.50000    4.53590
  49.00000    4.49918
  49.50000    4.49662
  50.00000    4.50705
  50.50000    4.48861
  51.00000    4.47003
  51.50000    4.45303
  52.00000    4.45541
  52.50000    4.44810
  53.00000    4.42294
  53.50000    4.40149
  54.00000    4.38329
  54.50000    4.39040
  55.00000    4.36495
  55.50000    4.35161
  56.00000    4.34696
  56.50000    4.35540
  57.00000    4.33616
  57.50000    4.32376
  58.00000    4.31425
  58.50000    4.32180
  59.00000    4.32321
  59.50000    4.31289
  60.00000    4.29095
  60.50000    4.28803
  61.00000    4.30095
  61.50000    4.29140
  62.00000    4.26886
  62.50000    4.26489
  63.00000    4.28246
  63.50000    4.28187
  64.00000    4.26125
  64.50000    4.24330
  65.00000    4.23693
  65.50000    4.23627
  66.00000    4.26090
  66.50000    4.25188
  67.00000    4.22960
  67.50000    4.21941
  68.00000    4.23674
  68.50000    4.23874
  69.00000    4.22471
  69.50000    4.22135
  70.00000    4.21776
  70.50000    4.23657
  71.00000    4.24329
  71.50000    4.24930
  72.00000    4.24487
  72.50000    4.24186
  73.00000    4.23700
  73.50000    4.24545
  74.00000    4.25533
  74.50000    4.24732
  75.00000    4.24748
  75.50000    4.24408
  76.00000    4.24946
  76.50000    4.24884
  77.00000    4.25032
  77.50000    4.25405
  78.00000    4.25894
  78.50000    4.27008
  79.00000    4.25959
  79.50000    4.26495
  80.00000    4.26774
  80.50000    4.27043
  81.00000    4.27202
  81.50000    4.27420
  82.00000    4.27867
  82.50000    4.27148
  83.00000    4.26528
  83.50000    4.26640
  84.00000    4.28983
  84.50000    4.31616
  85.00000    4.31517
  85.50000    4.32040
  86.00000    4.32064
  86.50000    4.31625
  87.00000    4.31057
  87.50000    4.31890
  88.00000    4.32429
  88.50000    4.33723
  89.00000    4.35724
  89.50000    4.35420
  90.00000    4.32597
  90.50000    4.32019
  91.00000    4.33138
  91.50000    4.35652
  92.00000    4.36055
  92.50000    4.37145
  93.00000    4.36292
  93.50000    4.36921
  94.00000    4.36649
  94.50000    4.37926
  95.00000    4.39174
  95.50000    4.39624
  96.00000    4.38256
  96.50000    4.37682
  97.00000    4.38686
  97.50000    4.39649
  98.00000    4.39759
  98.50000    4.39871
  99.00000    4.39552
  99.50000    4.41201
 100.00000    4.41312
 100.50000    4.40759
 101.00000    4.41515
 101.50000    4.43638
 102.00000    4.43150
 102.50000    4.41634
 103.00000    4.42244
 103.50000    4.44585
 104.00000    4.44618
 104.50000    4.44499
 105.00000    4.44658
 105.50000    4.46063
 106.00000    4.45241
 106.50000    4.46042
 107.00000    4.47173
 107.50000    4.47793
 108.00000    4.47680
 108.50000    4.47654
 109.00000    4.47804
 109.50000    4.48668
 110.00000    4.50935
 110.50000    4.50827
 111.00000    4.50200
 111.50000    4.51385
 112.00000    4.52456
 112.50000    4.52093
 113.00000    4.51704
 113.50000    4.52486
 114.00000    4.52066
 114.50000    4.50638
 115.00000    4.50985
 115.50000    4.52697
 116.00000    4.53519
 116.50000    4.53662
 117.00000    4.53988
 117.50000    4.54280
 118.00000    4.54190
 118.50000    4.54092
 119.00000    4.54016
 119.50000    4.53940
 120.00000    4.54363
 120.50000    4.54851
 121.00000    4.56542
 121.50000    4.57448
 122.00000    4.56762
 122.50000    4.57436
 123.00000    4.58457
 123.50000    4.58911
 124.00000    4.58857
 124.50000    4.59079
 125.00000    4.59552
 125.50000    4.59646
 126.00000    4.59068
 126.50000    4.56625
 127.00000    4.57226
 127.50000    4.59956
 128.00000    4.62063
 128.50000    4.61487
 129.00000    4.60445
 129.50000    4.60775
 130.00000    4.61796
 130.50000    4.62911
 131.00000    4.62704
 131.50000    4.62403
 132.00000    4.62461
 132.50000    4.63372
 133.00000    4.63603
 133.50000    4.64317
 134.00000    4.64124
 134.50000    4.64174
 135.00000    4.61923
 135.50000    4.62679
 136.00000    4.62714
 136.50000    4.63802
 137.00000    4.63569
 137.50000    4.63806
 138.00000    4.64756
 138.50000    4.65940
 139.00000    4.66518
 139.50000    4.65421
 140.00000    4.66885
 140.50000    4.67455
 141.00000    4.67221
 141.50000    4.67782
 142.00000    4.68478
 142.50000    4.68877
 143.00000    4.67576
 143.50000    4.67057
 144.00000    4.66456
 144.50000    4.67733
 145.00000    4.69413
 145.50000    4.69019
 146.00000    4.68197
 146.50000    4.67019
 147.00000    4.66931
 147.50000    4.67197
 148.00000    4.67169
 148.50000    4.69211
 149.00000    4.70449
 149.50000    4.72117
 150.00000    4.70583
