   0.00000    1.59208
   0.50000    3.01396
   1.00000    3.38946
   1.50000    3.37728
   2.00000    3.38871
   2.50000    3.36651
   3.00000    3.34011
   3.50000    3.32181
   4.00000    3.35533
   4.50000    3.39176
   5.00000    3.42752
   5.50000    3.46599
   6.00000    3.51399
   6.50000    3.55795
   7.00000    3.57017
   7.50000    3.57207
   8.00000    3.56316
   8.50000    3.57379
   9.00000    3.58128
   9.50000    3.59001
  10.00000    3.59587
  10.50000    3.60678
  11.00000    3.60269
  11.50000    3.60081
  12.00000    3.60240
  12.50000    3.59918
  13.00000    3.59668
  13.50000    3.60132
  14.00000    3.61119
  14.50000    3.61403
  15.00000    3.61444
  15.50000    3.61402
  16.00000    3.62532
  16.50000    3.63100
  17.00000    3.61790
  17.50000    3.61090
  18.00000    3.62141
  18.50000    3.63066
  19.00000    3.62756
  19.50000    3.61938
  20.00000    3.62357
  20.50000    3.62425
  21.00000    3.62094
  21.50000    3.61982
  22.00000    3.62026
  22.50000    3.62180
  23.00000    3.61201
  23.50000    3.61561
  24.00000    3.61584
  24.50000    3.62001
  25.00000    3.62031
  25.50000    3.62509
  26.00000    3.62547
  26.50000    3.62583
  27.00000    3.61987
  27.50000    3.62655
  28.00000    3.62185
  28.50000    3.62097
  29.00000    3.62407
  29.50000    3.63596
  30.00000    3.64062
  30.50000    3.65273
  31.00000    3.66751
  31.50000    3.66525
  32.00000    3.66179
  32.50000    3.66323
  33.00000    3.65800
  33.50000    3.67047
  34.00000    3.70369
  34.50000    3.73325
  35.00000    3.75015
  35.50000    3.74716
  36.00000    3.73033
  36.50000    3.70956
  37.00000    3.70992
  37.50000    3.70888
  38.00000    3.70588
  38.50000    3.70426
  39.00000    3.69489
  39.50000    3.69886
  40.00000    3.70143
  40.50000    3.70516
  41.00000    3.69001
  41.50000    3.68230
  42.00000    3.68191
  42.50000    3.67495
  43.00000    3.67276
  43.50000    3.67251
  44.00000    3.68641
  44.50000    3.69211
  45.00000    3.71240
  45.50000    3.73625
  46.00000    3.75289
  46.50000    3.76251
  47.00000    3.77664
  47.50000    3.80274
  48.00000    3.83568
  48.50000    3.88513
  49.00000    3.94483
  49.50000    4.02675
  50.00000    4.10432
  50.50000    4.15327
  51.00000    4.14839
  51.50000    4.17122
  52.00000    4.21484
  52.50000    4.26096
  53.00000    4.26133
  53.50000    4.26714
  54.00000    4.28817
  54.50000    4.33775
  55.00000    4.37440
  55.50000    4.39683
  56.00000    4.38363
  56.50000    4.39821
  57.00000    4.40286
  57.50000    4.42431
  58.00000    4.42139
  58.50000    4.43301
  59.00000    4.43597
  59.50000    4.44219
  60.00000    4.44586
  60.50000    4.44473
  61.00000    4.44979
  61.50000    4.45571
  62.00000    4.46813
  62.50000    4.47661
  63.00000    4.48240
  63.50000    4.48712
  64.00000    4.49874
  64.50000    4.50139
  65.00000    4.50226
  65.50000    4.50410
  66.00000    4.51576
  66.50000    4.51736
  67.00000    4.51400
  67.50000    4.52329
  68.00000    4.52639
  68.50000    4.52811
  69.00000    4.52496
  69.50000    4.54065
  70.00000    4.54281
  70.50000    4.54965
  71.00000    4.55584
  71.50000    4.56515
  72.00000    4.56579
  72.50000    4.55565
  73.00000    4.55688
  73.50000    4.56084
  74.00000    4.57420
  74.50000    4.56133
  75.00000    4.57220
  75.50000    4.57242
  76.00000    4.58929
  76.50000    4.58660
  77.00000    4.58911
  77.50000    4.57527
  78.00000    4.58395
  78.50000    4.59333
  79.00000    4.59872
  79.50000    4.58770
  80.00000    4.58850
  80.50000    4.58839
  81.00000    4.59597
  81.50000    4.59144
  82.00000    4.59330
  82.50000    4.58853
  83.00000    4.59405
  83.50000    4.59141
  84.00000    4.58944
  84.50000    4.58989
  85.00000    4.58953
  85.50000    4.59484
  86.00000    4.60395
  86.50000    4.61407
  87.00000    4.61585
  87.50000    4.61115
  88.00000    4.60228
  88.50000    4.59007
  89.00000    4.59042
  89.50000    4.59667
  90.00000    4.60640
  90.50000    4.60856
  91.00000    4.59823
  91.50000    4.59416
  92.00000    4.59693
  92.50000    4.60009
  93.00000    4.60533
  93.50000    4.61535
  94.00000    4.60492
  94.50000    4.59506
  95.00000    4.59253
  95.50000    4.60220
  96.00000    4.58669
  96.50000    4.58794
  97.00000    4.58816
  97.50000    4.59107
  98.00000    4.58838
  98.50000    4.59406
  99.00000    4.58987
  99.50000    4.58900
 100.00000    4.59383
 100.50000    4.59082
 101.00000    4.58575
 101.50000    4.58432
 102.00000    4.58608
 102.50000    4.58736
 103.00000    4.57932
 103.50000    4.57683
 104.00000    4.58481
 104.50000    4.58761
 105.00000    4.57948
 105.50000    4.57202
 106.00000    4.57738
 106.50000    4.56805
 107.00000    4.57239
 107.50000    4.57360
 108.00000    4.58523
 108.50000    4.58951
 109.00000    4.58135
 109.50000    4.56920
 110.00000    4.56858
 110.50000    4.58489
 111.00000    4.57742
 111.50000    4.57117
 112.00000    4.56981
 112.50000    4.57119
 113.00000    4.56763
 113.50000    4.57758
 114.00000    4.58027
 114.50000    4.57539
 115.00000    4.58257
 115.50000    4.57784
 116.00000    4.56429
 116.50000    4.55621
 117.00000    4.56952
 117.50000    4.57504
 118.00000    4.57105
 118.50000    4.56900
 119.00000    4.56619
 119.50000    4.56947
 120.00000    4.57237
 120.50000    4.57496
 121.00000    4.57145
 121.50000    4.58280
 122.00000    4.58515
 122.50000    4.58135
 123.00000    4.57321
 123.50000    4.57490
 124.00000    4.57624
 124.50000    4.58338
 125.00000    4.57748
 125.50000    4.57080
 126.00000    4.56620
 126.50000    4.55877
 127.00000    4.55443
 127.50000    4.57050
 128.00000    4.58121
 128.50000    4.57694
 129.00000    4.57186
 129.50000    4.55404
 130.00000    4.54524
 130.50000    4.54789
 131.00000    4.56558
 131.50000    4.56838
 132.00000    4.57107
 132.50000    4.57249
 133.00000    4.57337
 133.50000    4.56960
 134.00000    4.55740
 134.50000    4.54627
 135.00000    4.54649
 135.50000    4.55118
 136.00000    4.55916
 136.50000    4.55783
 137.00000    4.56054
 137.50000    4.55780
 138.00000    4.54955
 138.50000    4.54960
 139.00000    4.55678
 139.50000    4.56170
 140.00000    4.54787
 140.50000    4.55298
 141.00000    4.56129
 141.50000    4.57356
 142.00000    4.57254
 142.50000    4.56373
 143.00000    4.55456
 143.50000    4.54814
 144.00000    4.55298
 144.50000    4.55059
 145.00000    4.56283
 145.50000    4.55669
 146.00000    4.56224
 146.50000    4.55987
 147.00000    4.56677
 147.50000    4.56074
 148.00000    4.56040
 148.50000    4.56222
 149.00000    4.55927
 149.50000    4.55531
 150.00000    4.57390
