   0.00000    1.32293
   0.50000    3.25129
   1.00000    3.67576
   1.50000    3.59965
   2.00000    3.60400
   2.50000    3.49065
   3.00000    3.39815
   3.50000    3.38551
   4.00000    3.44520
   4.50000    3.45667
   5.00000    3.46853
   5.50000    3.49428
   6.00000    3.53290
   6.50000    3.56400
   7.00000    3.58721
   7.50000    3.60877
   8.00000    3.61653
   8.50000    3.63405
   9.00000    3.65269
   9.50000    3.66462
  10.00000    3.65431
  10.50000    3.65311
  11.00000    3.63183
  11.50000    3.61521
  12.00000    3.59878
  12.50000    3.61851
  13.00000    3.60946
  13.50000    3.61684
  14.00000    3.60424
  14.50000    3.59662
  15.00000    3.58689
  15.50000    3.58712
  16.00000    3.60638
  16.50000    3.60673
  17.00000    3.58171
  17.50000    3.56730
  18.00000    3.59664
  18.50000    3.60331
  19.00000    3.58173
  19.50000    3.55528
  20.00000    3.55148
  20.50000    3.56512
  21.00000    3.58916
  21.50000    3.58573
  22.00000    3.54487
  22.50000    3.51842
  23.00000    3.50260
  23.50000    3.49217
  24.00000    3.46784
  24.50000    3.43481
  25.00000    3.39715
  25.50000    3.39348
  26.00000    3.43384
  26.50000    3.48447
  27.00000    3.51778
  27.50000    3.56520
  28.00000    3.56910
  28.50000    3.57630
  29.00000    3.57569
  29.50000    3.57375
  30.00000    3.55868
  30.50000    3.58855
  31.00000    3.58774
  31.50000    3.56929
  32.00000    3.56245
  32.50000    3.58811
  33.00000    3.58920
  33.50000    3.61311
  34.00000    3.66262
  34.50000    3.72466
  35.00000    3.75262
  35.50000    3.75415
  36.00000    3.73059
  36.50000    3.72888
  37.00000    3.71670
  37.50000    3.74021
  38.00000    3.73000
  38.50000    3.72057
  39.00000    3.68898
  39.50000    3.69279
  40.00000    3.67895
  40.50000    3.66398
  41.00000    3.66830
  41.50000    3.66164
  42.00000    3.66235
  42.50000    3.65176
  43.00000    3.69451
  43.50000    3.67885
  44.00000    3.69293
  44.50000    3.67291
  45.00000    3.71999
  45.50000    3.75312
  46.00000    3.77862
  46.50000    3.78597
  47.00000    3.79924
  47.50000    3.81827
  48.00000    3.83281
  48.50000    3.93030
  49.00000    4.03818
  49.50000    4.11851
  50.00000    4.16409
  50.50000    4.23515
  51.00000    4.26380
  51.50000    4.29595
  52.00000    4.30774
  52.50000    4.31718
  53.00000    4.28901
  53.50000    4.30181
  54.00000    4.32442
  54.50000    4.37501
  55.00000    4.40465
  55.50000    4.40774
  56.00000    4.38411
  56.50000    4.39386
  57.00000    4.40938
  57.50000    4.42679
  58.00000    4.42657
  58.50000    4.43737
  59.00000    4.44026
  59.50000    4.41587
  60.00000    4.38518
  60.50000    4.38416
  61.00000    4.40182
  61.50000    4.40266
  62.00000    4.42110
  62.50000    4.43388
  63.00000    4.42966
  63.50000    4.41138
  64.00000    4.41965
  64.50000    4.42531
  65.00000    4.40583
  65.50000    4.41261
  66.00000    4.42184
  66.50000    4.42280
  67.00000    4.38883
  67.50000    4.39431
  68.00000    4.40702
  68.50000    4.43555
  69.00000    4.41484
  69.50000    4.39582
  70.00000    4.39235
  70.50000    4.40865
  71.00000    4.38303
  71.50000    4.38655
  72.00000    4.38904
  72.50000    4.39030
  73.00000    4.37862
  73.50000    4.39902
  74.00000    4.39205
  74.50000    4.36128
  75.00000    4.33749
  75.50000    4.33924
  76.00000    4.34410
  76.50000    4.36603
  77.00000    4.39792
  77.50000    4.40114
  78.00000    4.35694
  78.50000    4.33978
  79.00000    4.35114
  79.50000    4.37001
  80.00000    4.38645
  80.50000    4.41373
  81.00000    4.40679
  81.50000    4.37895
  82.00000    4.35382
  82.50000    4.34561
  83.00000    4.32421
  83.50000    4.32598
  84.00000    4.34926
  84.50000    4.37866
  85.00000    4.37425
  85.50000    4.35318
  86.00000    4.34865
  86.50000    4.35817
  87.00000    4.36194
  87.50000    4.34751
  88.00000    4.32688
  88.50000    4.32312
  89.00000    4.31572
  89.50000    4.31761
  90.00000    4.31954
  90.50000    4.32613
  91.00000    4.31166
  91.50000    4.31853
  92.00000    4.34748
  92.50000    4.35603
  93.00000    4.35296
  93.50000    4.33831
  94.00000    4.33644
  94.50000    4.31407
  95.00000    4.30551
  95.50000    4.30372
  96.00000    4.30437
  96.50000    4.30136
  97.00000    4.29807
  97.50000    4.29830
  98.00000    4.29843
  98.50000    4.31660
  99.00000    4.30414
  99.50000    4.30100
 100.00000    4.28242
 100.50000    4.28360
 101.00000    4.28931
 101.50000    4.30699
 102.00000    4.28237
 102.50000    4.27857
 103.00000    4.29074
 103.50000    4.30104
 104.00000    4.29732
 104.50000    4.31277
 105.00000    4.30417
 105.50000    4.28512
 106.00000    4.27675
 106.50000    4.27073
 107.00000    4.29091
 107.50000    4.31161
 108.00000    4.30861
 108.50000    4.28271
 109.00000    4.28185
 109.50000    4.27700
 110.00000    4.27238
 110.50000    4.28886
 111.00000    4.30420
 111.50000    4.29467
 112.00000    4.30441
 112.50000    4.29936
 113.00000    4.29720
 113.50000    4.30303
 114.00000    4.32710
 114.50000    4.31481
 115.00000    4.30248
 115.50000    4.28427
 116.00000    4.27322
 116.50000    4.29761
 117.00000    4.31908
 117.50000    4.30721
 118.00000    4.29127
 118.50000    4.29857
 119.00000    4.29377
 119.50000    4.29490
 120.00000    4.31355
 120.50000    4.31137
 121.00000    4.29569
 121.50000    4.30242
 122.00000    4.31802
 122.50000    4.31409
 123.00000    4.32987
 123.50000    4.32974
 124.00000    4.31858
 124.50000    4.32518
 125.00000    4.33958
 125.50000    4.32267
 126.00000    4.30429
 126.50000    4.30725
 127.00000    4.31477
 127.50000    4.32748
 128.00000    4.34059
 128.50000    4.32838
 129.00000    4.33601
 129.50000    4.31871
 130.00000    4.32038
 130.50000    4.30999
 131.00000    4.32888
 131.50000    4.33215
 132.00000    4.35545
 132.50000    4.37490
 133.00000    4.35600
 133.50000    4.33628
 134.00000    4.32652
 134.50000    4.34056
 135.00000    4.32917
 135.50000    4.32129
 136.00000    4.33527
 136.50000    4.34392
 137.00000    4.36358
 137.50000    4.37878
 138.00000    4.39464
 138.50000    4.37219
 139.00000    4.35769
 139.50000    4.36082
 140.00000    4.37620
 140.50000    4.38622
 141.00000    4.38131
 141.50000    4.38190
 142.00000    4.37189
 142.50000    4.35717
 143.00000    4.37027
 143.50000    4.38087
 144.00000    4.39935
 144.50000    4.38198
 145.00000    4.38084
 145.50000    4.36343
 146.00000    4.37588
 146.50000    4.37126
 147.00000    4.39800
 147.50000    4.41533
 148.00000    4.41479
 148.50000    4.38197
 149.00000    4.39729
 149.50000    4.42368
 150.00000    4.39288
