   0.00000    1.45159
   0.50000    2.73263
   1.00000    3.12055
   1.50000    3.28904
   2.00000    3.51057
   2.50000    3.56479
   3.00000    3.52542
   3.50000    3.49933
   4.00000    3.48223
   4.50000    3.48854
   5.00000    3.49414
   5.50000    3.49740
   6.00000    3.49766
   6.50000    3.50866
   7.00000    3.53414
   7.50000    3.54000
   8.00000    3.54130
   8.50000    3.55239
   9.00000    3.56236
   9.50000    3.55287
  10.00000    3.54726
  10.50000    3.56050
  11.00000    3.57128
  11.50000    3.58545
  12.00000    3.59821
  12.50000    3.60015
  13.00000    3.59741
  13.50000    3.60954
  14.00000    3.62102
  14.50000    3.62591
  15.00000    3.63752
  15.50000    3.64565
  16.00000    3.64863
  16.50000    3.64743
  17.00000    3.66281
  17.50000    3.66770
  18.00000    3.68366
  18.50000    3.68201
  19.00000    3.68563
  19.50000    3.68565
  20.00000    3.69481
  20.50000    3.69997
  21.00000    3.69907
  21.50000    3.70768
  22.00000    3.70146
  22.50000    3.71586
  23.00000    3.72722
  23.50000    3.73743
  24.00000    3.72202
  24.50000    3.72262
  25.00000    3.72288
  25.50000    3.72356
  26.00000    3.72908
  26.50000    3.75143
  27.00000    3.75535
  27.50000    3.75341
  28.00000    3.74347
  28.50000    3.74994
  29.00000    3.75313
  29.50000    3.76118
  30.00000    3.76029
  30.50000    3.75755
  31.00000    3.76127
  31.50000    3.79340
  32.00000    3.84308
  32.50000    3.86118
  33.00000    3.87801
  33.50000    3.92222
  34.00000    3.99963
  34.50000    4.05023
  35.00000    4.07778
  35.50000    4.10687
  36.00000    4.14782
  36.50000    4.17473
  37.00000    4.19529
  37.50000    4.21384
  38.00000    4.22743
  38.50000    4.23850
  39.00000    4.25879
  39.50000    4.27254
  40.00000    4.28239
  40.50000    4.29748
  41.00000    4.31635
  41.50000    4.33696
  42.00000    4.36086
  42.50000    4.37315
  43.00000    4.39325
  43.50000    4.41913
  44.00000    4.44059
  44.50000    4.43730
  45.00000    4.43173
  45.50000    4.42637
  46.00000    4.42413
  46.50000    4.42102
  47.00000    4.42851
  47.50000    4.44625
  48.00000    4.46016
  48.50000    4.45855
  49.00000    4.46964
  49.50000    4.49054
  50.00000    4.51002
  50.50000    4.50605
  51.00000    4.50239
  51.50000    4.50627
  52.00000    4.52937
  52.50000    4.54447
  53.00000    4.55497
  53.50000    4.56506
  54.00000    4.56983
  54.50000    4.57562
  55.00000    4.58165
  55.50000    4.59214
  56.00000    4.59438
  56.50000    4.59480
  57.00000    4.58940
  57.50000    4.59337
  58.00000    4.59866
  58.50000    4.59383
  59.00000    4.58404
  59.50000    4.58572
  60.00000    4.59630
  60.50000    4.59768
  61.00000    4.60552
  61.50000    4.60288
  62.00000    4.60151
  62.50000    4.59299
  63.00000    4.59832
  63.50000    4.59098
  64.00000    4.59777
  64.50000    4.61086
  65.00000    4.61392
  65.50000    4.59746
  66.00000    4.59736
  66.50000    4.60253
  67.00000    4.59531
  67.50000    4.59132
  68.00000    4.60295
  68.50000    4.61477
  69.00000    4.61214
  69.50000    4.60872
  70.00000    4.60955
  70.50000    4.61015
  71.00000    4.60548
  71.50000    4.61321
  72.00000    4.61786
  72.50000    4.61714
  73.00000    4.60974
  73.50000    4.60926
  74.00000    4.60209
  74.50000    4.60808
  75.00000    4.61481
  75.50000    4.61100
  76.00000    4.60260
  76.50000    4.61669
  77.00000    4.62031
  77.50000    4.61150
  78.00000    4.60037
  78.50000    4.60740
  79.00000    4.60716
  79.50000    4.59854
  80.00000    4.59521
  80.50000    4.59664
  81.00000    4.59741
  81.50000    4.58652
  82.00000    4.60148
  82.50000    4.60968
  83.00000    4.60438
  83.50000    4.58423
  84.00000    4.59529
  84.50000    4.60152
  85.00000    4.60151
  85.50000    4.59095
  86.00000    4.60030
  86.50000    4.59884
  87.00000    4.60066
  87.50000    4.58337
  88.00000    4.58461
  88.50000    4.57451
  89.00000    4.58572
  89.50000    4.59099
  90.00000    4.59234
  90.50000    4.57857
  91.00000    4.57726
  91.50000    4.58154
  92.00000    4.57550
  92.50000    4.57658
  93.00000    4.58422
  93.50000    4.59168
  94.00000    4.58809
  94.50000    4.58168
  95.00000    4.57901
  95.50000    4.57443
  96.00000    4.56796
  96.50000    4.56554
  97.00000    4.57657
  97.50000    4.57687
  98.00000    4.57575
  98.50000    4.56942
  99.00000    4.58452
  99.50000    4.57959
 100.00000    4.57304
 100.50000    4.55861
 101.00000    4.56880
 101.50000    4.57124
 102.00000    4.57498
 102.50000    4.57053
 103.00000    4.57228
 103.50000    4.57176
 104.00000    4.57373
 104.50000    4.57466
 105.00000    4.57264
 105.50000    4.57393
 106.00000    4.57120
 106.50000    4.56930
 107.00000    4.56277
 107.50000    4.56587
 108.00000    4.57232
 108.50000    4.56716
 109.00000    4.56688
 109.50000    4.56590
 110.00000    4.56702
 110.50000    4.55602
 111.00000    4.55941
 111.50000    4.56606
 112.00000    4.57177
 112.50000    4.56052
 113.00000    4.55338
 113.50000    4.56211
 114.00000    4.56188
 114.50000    4.55341
 115.00000    4.54899
 115.50000    4.56763
 116.00000    4.56986
 116.50000    4.56490
 117.00000    4.55580
 117.50000    4.56028
 118.00000    4.57037
 118.50000    4.57156
 119.00000    4.57169
 119.50000    4.57489
 120.00000    4.57278
 120.50000    4.56851
 121.00000    4.55982
 121.50000    4.56445
 122.00000    4.57116
 122.50000    4.58211
 123.00000    4.57256
 123.50000    4.56865
 124.00000    4.57688
 124.50000    4.57979
 125.00000    4.57492
 125.50000    4.57187
 126.00000    4.56469
 126.50000    4.56460
 127.00000    4.56766
 127.50000    4.58252
 128.00000    4.58792
 128.50000    4.58417
 129.00000    4.56532
 129.50000    4.55903
 130.00000    4.55604
 130.50000    4.56358
 131.00000    4.56418
 131.50000    4.56582
 132.00000    4.56470
 132.50000    4.57529
 133.00000    4.57587
 133.50000    4.56954
 134.00000    4.56348
 134.50000    4.57073
 135.00000    4.57498
 135.50000    4.57125
 136.00000    4.56723
 136.50000    4.57308
 137.00000    4.56712
 137.50000    4.56479
 138.00000    4.57201
 138.50000    4.57771
 139.00000    4.57558
 139.50000    4.57862
 140.00000    4.57038
 140.50000    4.56401
 141.00000    4.57009
 141.50000    4.58011
 142.00000    4.58272
 142.50000    4.58099
 143.00000    4.57313
 143.50000    4.56800
 144.00000    4.57195
 144.50000    4.57892
 145.00000    4.57519
 145.50000    4.57344
 146.00000    4.57564
 146.50000    4.58286
 147.00000    4.57933
 147.50000    4.57276
 148.00000    4.57543
 148.50000    4.57459
 149.00000    4.57885
 149.50000    4.57544
 150.00000    4.55122
