   0.00000    1.63609
   0.50000    3.22152
   1.00000    3.50608
   1.50000    3.37782
   2.00000    3.36758
   2.50000    3.32526
   3.00000    3.28442
   3.50000    3.26915
   4.00000    3.32314
   4.50000    3.38682
   5.00000    3.43728
   5.50000    3.48200
   6.00000    3.52177
   6.50000    3.54844
   7.00000    3.54921
   7.50000    3.56732
   8.00000    3.57494
   8.50000    3.57369
   9.00000    3.57446
   9.50000    3.58509
  10.00000    3.58577
  10.50000    3.58422
  11.00000    3.59092
  11.50000    3.59121
  12.00000    3.58011
  12.50000    3.57657
  13.00000    3.57134
  13.50000    3.57869
  14.00000    3.59118
  14.50000    3.59702
  15.00000    3.59149
  15.50000    3.59142
  16.00000    3.60115
  16.50000    3.59742
  17.00000    3.58857
  17.50000    3.58225
  18.00000    3.58975
  18.50000    3.59208
  19.00000    3.59160
  19.50000    3.58327
  20.00000    3.58762
  20.50000    3.58441
  21.00000    3.58846
  21.50000    3.59672
  22.00000    3.60284
  22.50000    3.60277
  23.00000    3.59720
  23.50000    3.60705
  24.00000    3.60474
  24.50000    3.61039
  25.00000    3.61283
  25.50000    3.63059
  26.00000    3.64171
  26.50000    3.65137
  27.00000    3.63596
  27.50000    3.63671
  28.00000    3.63693
  28.50000    3.64597
  29.00000    3.64250
  29.50000    3.64730
  30.00000    3.63814
  30.50000    3.62940
  31.00000    3.64563
  31.50000    3.65439
  32.00000    3.65216
  32.50000    3.64834
  33.00000    3.64900
  33.50000    3.66964
  34.00000    3.71157
  34.50000    3.77297
  35.00000    3.80904
  35.50000    3.82209
  36.00000    3.80436
  36.50000    3.78687
  37.00000    3.80427
  37.50000    3.82560
  38.00000    3.84118
  38.50000    3.83780
  39.00000    3.83607
  39.50000    3.83381
  40.00000    3.84470
  40.50000    3.85050
  41.00000    3.85320
  41.50000    3.84824
  42.00000    3.84372
  42.50000    3.83368
  43.00000    3.83254
  43.50000    3.83285
  44.00000    3.83839
  44.50000    3.83934
  45.00000    3.85238
  45.50000    3.86851
  46.00000    3.88595
  46.50000    3.89303
  47.00000    3.90169
  47.50000    3.92574
  48.00000    3.96095
  48.50000    4.00716
  49.00000    4.06414
  49.50000    4.14923
  50.00000    4.21441
  50.50000    4.24111
  51.00000    4.22878
  51.50000    4.23874
  52.00000    4.26390
  52.50000    4.28911
  53.00000    4.28719
  53.50000    4.29940
  54.00000    4.32192
  54.50000    4.36223
  55.00000    4.39071
  55.50000    4.40370
  56.00000    4.39337
  56.50000    4.40505
  57.00000    4.41601
  57.50000    4.43229
  58.00000    4.43140
  58.50000    4.43323
  59.00000    4.42873
  59.50000    4.44171
  60.00000    4.44978
  60.50000    4.45274
  61.00000    4.45164
  61.50000    4.45927
  62.00000    4.46385
  62.50000    4.47163
  63.00000    4.47009
  63.50000    4.47635
  64.00000    4.48260
  64.50000    4.49644
  65.00000    4.49975
  65.50000    4.50650
  66.00000    4.51039
  66.50000    4.51372
  67.00000    4.51269
  67.50000    4.51294
  68.00000    4.51445
  68.50000    4.52346
  69.00000    4.53413
  69.50000    4.54492
  70.00000    4.53578
  70.50000    4.53706
  71.00000    4.54068
  71.50000    4.55776
  72.00000    4.55834
  72.50000    4.54823
  73.00000    4.54755
  73.50000    4.55721
  74.00000    4.56571
  74.50000    4.55553
  75.00000    4.56038
  75.50000    4.56163
  76.00000    4.57410
  76.50000    4.58238
  77.00000    4.59397
  77.50000    4.58764
  78.00000    4.59061
  78.50000    4.60078
  79.00000    4.60512
  79.50000    4.59396
  80.00000    4.58503
  80.50000    4.58744
  81.00000    4.59370
  81.50000    4.59999
  82.00000    4.59994
  82.50000    4.59367
  83.00000    4.59715
  83.50000    4.60033
  84.00000    4.59926
  84.50000    4.60695
  85.00000    4.61384
  85.50000    4.61437
  86.00000    4.61452
  86.50000    4.61884
  87.00000    4.62741
  87.50000    4.62565
  88.00000    4.62327
  88.50000    4.61419
  89.00000    4.62061
  89.50000    4.62391
  90.00000    4.62424
  90.50000    4.61531
  91.00000    4.60750
  91.50000    4.61296
  92.00000    4.62158
  92.50000    4.62387
  93.00000    4.62705
  93.50000    4.63156
  94.00000    4.62818
  94.50000    4.62222
  95.00000    4.62954
  95.50000    4.64148
  96.00000    4.62951
  96.50000    4.62352
  97.00000    4.62140
  97.50000    4.62648
  98.00000    4.62363
  98.50000    4.63505
  99.00000    4.63403
  99.50000    4.63271
 100.00000    4.63683
 100.50000    4.63983
 101.00000    4.63346
 101.50000    4.62954
 102.00000    4.62789
 102.50000    4.62541
 103.00000    4.61430
 103.50000    4.61883
 104.00000    4.62319
 104.50000    4.63245
 105.00000    4.62511
 105.50000    4.63173
 106.00000    4.62992
 106.50000    4.61585
 107.00000    4.61551
 107.50000    4.62745
 108.00000    4.63196
 108.50000    4.62570
 109.00000    4.63463
 109.50000    4.64052
 110.00000    4.63569
 110.50000    4.63736
 111.00000    4.63269
 111.50000    4.62554
 112.00000    4.62202
 112.50000    4.62566
 113.00000    4.62121
 113.50000    4.62726
 114.00000    4.63318
 114.50000    4.62661
 115.00000    4.62834
 115.50000    4.62933
 116.00000    4.62365
 116.50000    4.61695
 117.00000    4.62660
 117.50000    4.63812
 118.00000    4.63221
 118.50000    4.62641
 119.00000    4.62073
 119.50000    4.62005
 120.00000    4.61631
 120.50000    4.62621
 121.00000    4.63147
 121.50000    4.63879
 122.00000    4.64197
 122.50000    4.64227
 123.00000    4.63277
 123.50000    4.62460
 124.00000    4.62280
 124.50000    4.62643
 125.00000    4.63360
 125.50000    4.62830
 126.00000    4.62955
 126.50000    4.62515
 127.00000    4.62224
 127.50000    4.63148
 128.00000    4.64015
 128.50000    4.63434
 129.00000    4.62097
 129.50000    4.62771
 130.00000    4.62457
 130.50000    4.62134
 131.00000    4.62132
 131.50000    4.63359
 132.00000    4.63722
 132.50000    4.63651
 133.00000    4.63254
 133.50000    4.62731
 134.00000    4.61650
 134.50000    4.61447
 135.00000    4.61171
 135.50000    4.61005
 136.00000    4.61292
 136.50000    4.61685
 137.00000    4.62508
 137.50000    4.63233
 138.00000    4.63009
 138.50000    4.62690
 139.00000    4.62334
 139.50000    4.62999
 140.00000    4.62128
 140.50000    4.62243
 141.00000    4.61594
 141.50000    4.62764
 142.00000    4.62883
 142.50000    4.62475
 143.00000    4.61575
 143.50000    4.61005
 144.00000    4.60618
 144.50000    4.61145
 145.00000    4.62503
 145.50000    4.61777
 146.00000    4.61096
 146.50000    4.61458
 147.00000    4.62906
 147.50000    4.63215
 148.00000    4.62519
 148.50000    4.62157
 149.00000    4.61363
 149.50000    4.60946
 150.00000    4.61752
