   0.00000    1.26120
   0.50000    3.20615
   1.00000    3.50207
   1.50000    3.33557
   2.00000    3.36636
   2.50000    3.39303
   3.00000    3.42177
   3.50000    3.43392
   4.00000    3.43985
   4.50000    3.45655
   5.00000    3.47349
   5.50000    3.48323
   6.00000    3.50164
   6.50000    3.51111
   7.00000    3.51438
   7.50000    3.51644
   8.00000    3.52621
   8.50000    3.52917
   9.00000    3.53852
   9.50000    3.54187
  10.00000    3.54956
  10.50000    3.55489
  11.00000    3.56082
  11.50000    3.56388
  12.00000    3.56201
  12.50000    3.56271
  13.00000    3.57078
  13.50000    3.58320
  14.00000    3.58370
  14.50000    3.57918
  15.00000    3.59107
  15.50000    3.59626
  16.00000    3.60037
  16.50000    3.60241
  17.00000    3.62047
  17.50000    3.62755
  18.00000    3.62886
  18.50000    3.62742
  19.00000    3.63162
  19.50000    3.63716
  20.00000    3.64375
  20.50000    3.65205
  21.00000    3.65982
  21.50000    3.67867
  22.00000    3.68490
  22.50000    3.69226
  23.00000    3.69479
  23.50000    3.71108
  24.00000    3.71968
  24.50000    3.72289
  25.00000    3.72002
  25.50000    3.73042
  26.00000    3.75307
  26.50000    3.76859
  27.00000    3.79150
  27.50000    3.85753
  28.00000    3.93001
  28.50000    3.98405
  29.00000    4.01442
  29.50000    4.03635
  30.00000    4.03873
  30.50000    4.04364
  31.00000    4.05712
  31.50000    4.07889
  32.00000    4.10755
  32.50000    4.13572
  33.00000    4.15652
  33.50000    4.20466
  34.00000    4.25512
  34.50000    4.30854
  35.00000    4.34126
  35.50000    4.37140
  36.00000    4.39594
  36.50000    4.41574
  37.00000    4.42985
  37.50000    4.44141
  38.00000    4.45899
  38.50000    4.46837
  39.00000    4.47601
  39.50000    4.49055
  40.00000    4.49132
  40.50000    4.47639
  41.00000    4.46917
  41.50000    4.47226
  42.00000    4.46921
  42.50000    4.44910
  43.00000    4.43388
  43.50000    4.42935
  44.00000    4.41912
  44.50000    4.41500
  45.00000    4.42085
  45.50000    4.42201
  46.00000    4.42796
  46.50000    4.42971
  47.00000    4.43898
  47.50000    4.43885
  48.00000    4.45579
  48.50000    4.45334
  49.00000    4.44366
  49.50000    4.44874
  50.00000    4.45787
  50.50000    4.45867
  51.00000    4.44790
  51.50000    4.44050
  52.00000    4.43525
  52.50000    4.43828
  53.00000    4.44186
  53.50000    4.44028
  54.00000    4.44162
  54.50000    4.44726
  55.00000    4.44172
  55.50000    4.44432
  56.00000    4.44455
  56.50000    4.44499
  57.00000    4.43434
  57.50000    4.42899
  58.00000    4.43606
  58.50000    4.43888
  59.00000    4.44721
  59.50000    4.43750
  60.00000    4.43212
  60.50000    4.41075
  61.00000    4.41398
  61.50000    4.41437
  62.00000    4.42412
  62.50000    4.42301
  63.00000    4.42737
  63.50000    4.42175
  64.00000    4.41311
  64.50000    4.40769
  65.00000    4.40743
  65.50000    4.41035
  66.00000    4.40204
  66.50000    4.40586
  67.00000    4.40887
  67.50000    4.40342
  68.00000    4.38589
  68.50000    4.38201
  69.00000    4.37707
  69.50000    4.38150
  70.00000    4.39085
  70.50000    4.39502
  71.00000    4.38593
  71.50000    4.37417
  72.00000    4.36911
  72.50000    4.36652
  73.00000    4.37282
  73.50000    4.37369
  74.00000    4.37019
  74.50000    4.36036
  75.00000    4.35393
  75.50000    4.35341
  76.00000    4.35067
  76.50000    4.34315
  77.00000    4.33830
  77.50000    4.33648
  78.00000    4.32558
  78.50000    4.32638
  79.00000    4.32814
  79.50000    4.32579
  80.00000    4.31511
  80.50000    4.32130
  81.00000    4.32103
  81.50000    4.31371
  82.00000    4.30930
  82.50000    4.31082
  83.00000    4.31645
  83.50000    4.30720
  84.00000    4.29890
  84.50000    4.28831
  85.00000    4.29461
  85.50000    4.28818
  86.00000    4.28304
  86.50000    4.27504
  87.00000    4.27047
  87.50000    4.27004
  88.00000    4.26429
  88.50000    4.26897
  89.00000    4.26789
  89.50000    4.26793
  90.00000    4.25896
  90.50000    4.26632
  91.00000    4.26940
  91.50000    4.26273
  92.00000    4.26004
  92.50000    4.25374
  93.00000    4.25299
  93.50000    4.24994
  94.00000    4.25581
  94.50000    4.25096
  95.00000    4.24564
  95.50000    4.23903
  96.00000    4.23768
  96.50000    4.23712
  97.00000    4.23872
  97.50000    4.23358
  98.00000    4.23324
  98.50000    4.22626
  99.00000    4.22772
  99.50000    4.22609
 100.00000    4.22632
 100.50000    4.21694
 101.00000    4.22277
 101.50000    4.23327
 102.00000    4.23888
 102.50000    4.22653
 103.00000    4.22850
 103.50000    4.22828
 104.00000    4.22300
 104.50000    4.21147
 105.00000    4.21976
 105.50000    4.22579
 106.00000    4.22019
 106.50000    4.21432
 107.00000    4.21707
 107.50000    4.22492
 108.00000    4.21710
 108.50000    4.21232
 109.00000    4.20839
 109.50000    4.21716
 110.00000    4.21707
 110.50000    4.21737
 111.00000    4.20848
 111.50000    4.20889
 112.00000    4.21052
 112.50000    4.20802
 113.00000    4.20239
 113.50000    4.20072
 114.00000    4.21627
 114.50000    4.22171
 115.00000    4.21404
 115.50000    4.19916
 116.00000    4.20108
 116.50000    4.21123
 117.00000    4.21359
 117.50000    4.21459
 118.00000    4.20484
 118.50000    4.20894
 119.00000    4.21290
 119.50000    4.21124
 120.00000    4.20638
 120.50000    4.21253
 121.00000    4.22289
 121.50000    4.22342
 122.00000    4.21716
 122.50000    4.21819
 123.00000    4.23311
 123.50000    4.23701
 124.00000    4.22678
 124.50000    4.21508
 125.00000    4.21371
 125.50000    4.21706
 126.00000    4.22178
 126.50000    4.21923
 127.00000    4.21942
 127.50000    4.22539
 128.00000    4.23873
 128.50000    4.23949
 129.00000    4.23887
 129.50000    4.22697
 130.00000    4.22791
 130.50000    4.22869
 131.00000    4.24199
 131.50000    4.23742
 132.00000    4.24430
 132.50000    4.23990
 133.00000    4.23748
 133.50000    4.22940
 134.00000    4.23985
 134.50000    4.25125
 135.00000    4.25401
 135.50000    4.25252
 136.00000    4.24811
 136.50000    4.25174
 137.00000    4.25845
 137.50000    4.25815
 138.00000    4.25752
 138.50000    4.25639
 139.00000    4.25992
 139.50000    4.25837
 140.00000    4.26148
 140.50000    4.26921
 141.00000    4.27358
 141.50000    4.27470
 142.00000    4.27588
 142.50000    4.26848
 143.00000    4.27157
 143.50000    4.27703
 144.00000    4.28822
 144.50000    4.28402
 145.00000    4.29099
 145.50000    4.29311
 146.00000    4.28778
 146.50000    4.28759
 147.00000    4.29141
 147.50000    4.30126
 148.00000    4.29982
 148.50000    4.29872
 149.00000    4.29440
 149.50000    4.30068
 150.00000    4.31819
