   0.00000    1.67712
   0.50000    2.85080
   1.00000    3.20907
   1.50000    3.25033
   2.00000    3.34612
   2.50000    3.34327
   3.00000    3.37038
   3.50000    3.42656
   4.00000    3.54103
   4.50000    3.60317
   5.00000    3.62607
   5.50000    3.62440
   6.00000    3.60489
   6.50000    3.58647
   7.00000    3.57391
   7.50000    3.58318
   8.00000    3.58390
   8.50000    3.57943
   9.00000    3.57325
   9.50000    3.57938
  10.00000    3.57483
  10.50000    3.57526
  11.00000    3.57558
  11.50000    3.57878
  12.00000    3.57050
  12.50000    3.56437
  13.00000    3.55751
  13.50000    3.56262
  14.00000    3.56398
  14.50000    3.56516
  15.00000    3.56637
  15.50000    3.57465
  16.00000    3.57319
  16.50000    3.56723
  17.00000    3.56222
  17.50000    3.56923
  18.00000    3.57368
  18.50000    3.57081
  19.00000    3.55703
  19.50000    3.55001
  20.00000    3.55872
  20.50000    3.56196
  21.00000    3.55801
  21.50000    3.55784
  22.00000    3.55703
  22.50000    3.56014
  23.00000    3.56563
  23.50000    3.57291
  24.00000    3.57768
  24.50000    3.58013
  25.00000    3.58020
  25.50000    3.58739
  26.00000    3.61122
  26.50000    3.63716
  27.00000    3.65025
  27.50000    3.66316
  28.00000    3.66094
  28.50000    3.66625
  29.00000    3.66889
  29.50000    3.67669
  30.00000    3.67759
  30.50000    3.68268
  31.00000    3.69005
  31.50000    3.68561
  32.00000    3.67296
  32.50000    3.66370
  33.00000    3.64943
  33.50000    3.65916
  34.00000    3.69439
  34.50000    3.73971
  35.00000    3.75917
  35.50000    3.76737
  36.00000    3.76260
  36.50000    3.75474
  37.00000    3.74982
  37.50000    3.75687
  38.00000    3.76097
  38.50000    3.77503
  39.00000    3.78123
  39.50000    3.80180
  40.00000    3.82114
  40.50000    3.84089
  41.00000    3.84655
  41.50000    3.85679
  42.00000    3.86511
  42.50000    3.86956
  43.00000    3.87235
  43.50000    3.87835
  44.00000    3.88868
  44.50000    3.89923
  45.00000    3.93158
  45.50000    3.96615
  46.00000    4.00538
  46.50000    4.03940
  47.00000    4.07503
  47.50000    4.10212
  48.00000    4.14019
  48.50000    4.20412
  49.00000    4.25753
  49.50000    4.32434
  50.00000    4.39444
  50.50000    4.45891
  51.00000    4.47858
  51.50000    4.48798
  52.00000    4.49541
  52.50000    4.49937
  53.00000    4.50340
  53.50000    4.51068
  54.00000    4.51763
  54.50000    4.51905
  55.00000    4.52454
  55.50000    4.53351
  56.00000    4.53731
  56.50000    4.54191
  57.00000    4.54743
  57.50000    4.55258
  58.00000    4.55332
  58.50000    4.55513
  59.00000    4.55458
  59.50000    4.55609
  60.00000    4.55525
  60.50000    4.55848
  61.00000    4.56445
  61.50000    4.56506
  62.00000    4.56669
  62.50000    4.57044
  63.00000    4.57290
  63.50000    4.57265
  64.00000    4.57643
  64.50000    4.58326
  65.00000    4.58484
  65.50000    4.58578
  66.00000    4.58490
  66.50000    4.58579
  67.00000    4.58848
  67.50000    4.58871
  68.00000    4.58790
  68.50000    4.59315
  69.00000    4.59809
  69.50000    4.60206
  70.00000    4.59550
  70.50000    4.59343
  71.00000    4.59353
  71.50000    4.59673
  72.00000    4.59922
  72.50000    4.59720
  73.00000    4.59807
  73.50000    4.59682
  74.00000    4.59893
  74.50000    4.59597
  75.00000    4.59447
  75.50000    4.59199
  76.00000    4.59055
  76.50000    4.59641
  77.00000    4.60436
  77.50000    4.59820
  78.00000    4.58986
  78.50000    4.59655
  79.00000    4.60381
  79.50000    4.59985
  80.00000    4.59873
  80.50000    4.60559
  81.00000    4.60792
  81.50000    4.60805
  82.00000    4.61104
  82.50000    4.60375
  83.00000    4.59926
  83.50000    4.59687
  84.00000    4.60411
  84.50000    4.60001
  85.00000    4.59948
  85.50000    4.59752
  86.00000    4.60296
  86.50000    4.60516
  87.00000    4.60011
  87.50000    4.60177
  88.00000    4.59848
  88.50000    4.59696
  89.00000    4.59758
  89.50000    4.60665
  90.00000    4.60223
  90.50000    4.59596
  91.00000    4.59430
  91.50000    4.60071
  92.00000    4.59906
  92.50000    4.60410
  93.00000    4.60078
  93.50000    4.60101
  94.00000    4.59664
  94.50000    4.60040
  95.00000    4.59428
  95.50000    4.59125
  96.00000    4.59176
  96.50000    4.59539
  97.00000    4.59583
  97.50000    4.59480
  98.00000    4.59186
  98.50000    4.59269
  99.00000    4.59690
  99.50000    4.60077
 100.00000    4.59913
 100.50000    4.59445
 101.00000    4.58996
 101.50000    4.58737
 102.00000    4.58757
 102.50000    4.58645
 103.00000    4.58631
 103.50000    4.58390
 104.00000    4.58661
 104.50000    4.58736
 105.00000    4.58813
 105.50000    4.58871
 106.00000    4.58668
 106.50000    4.58341
 107.00000    4.58687
 107.50000    4.59061
 108.00000    4.58848
 108.50000    4.59013
 109.00000    4.59285
 109.50000    4.58787
 110.00000    4.58856
 110.50000    4.59338
 111.00000    4.59426
 111.50000    4.58594
 112.00000    4.58640
 112.50000    4.58159
 113.00000    4.58047
 113.50000    4.58419
 114.00000    4.59185
 114.50000    4.58598
 115.00000    4.58609
 115.50000    4.58575
 116.00000    4.58157
 116.50000    4.58010
 117.00000    4.58789
 117.50000    4.59474
 118.00000    4.59111
 118.50000    4.58748
 119.00000    4.58776
 119.50000    4.58951
 120.00000    4.58444
 120.50000    4.58245
 121.00000    4.58928
 121.50000    4.58950
 122.00000    4.58748
 122.50000    4.58637
 123.00000    4.59020
 123.50000    4.58944
 124.00000    4.59015
 124.50000    4.58805
 125.00000    4.59209
 125.50000    4.59396
 126.00000    4.58981
 126.50000    4.58568
 127.00000    4.58647
 127.50000    4.58695
 128.00000    4.58568
 128.50000    4.59112
 129.00000    4.59059
 129.50000    4.59102
 130.00000    4.58903
 130.50000    4.58915
 131.00000    4.59233
 131.50000    4.59657
 132.00000    4.59596
 132.50000    4.58729
 133.00000    4.58597
 133.50000    4.58730
 134.00000    4.58801
 134.50000    4.59016
 135.00000    4.58911
 135.50000    4.59074
 136.00000    4.59048
 136.50000    4.58745
 137.00000    4.58469
 137.50000    4.59468
 138.00000    4.59909
 138.50000    4.59354
 139.00000    4.58556
 139.50000    4.58878
 140.00000    4.58804
 140.50000    4.59035
 141.00000    4.59293
 141.50000    4.59710
 142.00000    4.59117
 142.50000    4.58791
 143.00000    4.59169
 143.50000    4.59486
 144.00000    4.58855
 144.50000    4.58466
 145.00000    4.58927
 145.50000    4.58979
 146.00000    4.58757
 146.50000    4.59429
 147.00000    4.59942
 147.50000    4.60154
 148.00000    4.59697
 148.50000    4.59790
 149.00000    4.59188
 149.50000    4.58783
 150.00000    4.58568
