   0.00000    0.96040
   0.50000    1.48487
   1.00000    2.06700
   1.50000    2.70197
   2.00000    3.16562
   2.50000    3.32065
   3.00000    3.27113
   3.50000    3.25532
   4.00000    3.27286
   4.50000    3.31327
   5.00000    3.33134
   5.50000    3.34832
   6.00000    3.36041
   6.50000    3.38041
   7.00000    3.40375
   7.50000    3.42363
   8.00000    3.43373
   8.50000    3.45391
   9.00000    3.47749
   9.50000    3.49051
  10.00000    3.49898
  10.50000    3.51238
  11.00000    3.52631
  11.50000    3.54124
  12.00000    3.56106
  12.50000    3.57162
  13.00000    3.59388
  13.50000    3.60819
  14.00000    3.62597
  14.50000    3.63620
  15.00000    3.65416
  15.50000    3.66436
  16.00000    3.67946
  16.50000    3.68462
  17.00000    3.69160
  17.50000    3.69626
  18.00000    3.71172
  18.50000    3.72270
  19.00000    3.73595
  19.50000    3.73974
  20.00000    3.74239
  20.50000    3.74616
  21.00000    3.76130
  21.50000    3.76462
  22.00000    3.76318
  22.50000    3.76024
  23.00000    3.77360
  23.50000    3.78327
  24.00000    3.79649
  24.50000    3.81033
  25.00000    3.81366
  25.50000    3.80930
  26.00000    3.81233
  26.50000    3.82495
  27.00000    3.83682
  27.50000    3.83531
  28.00000    3.83288
  28.50000    3.83233
  29.00000    3.83917
  29.50000    3.82645
  30.00000    3.79997
  30.50000    3.79333
  31.00000    3.80826
  31.50000    3.82981
  32.00000    3.84325
  32.50000    3.85239
  33.00000    3.88808
  33.50000    3.92128
  34.00000    3.97472
  34.50000    4.01655
  35.00000    4.06987
  35.50000    4.10148
  36.00000    4.14963
  36.50000    4.17112
  37.00000    4.17748
  37.50000    4.18816
  38.00000    4.21557
  38.50000    4.23182
  39.00000    4.24385
  39.50000    4.26079
  40.00000    4.26543
  40.50000    4.28067
  41.00000    4.30210
  41.50000    4.33629
  42.00000    4.36756
  42.50000    4.39879
  43.00000    4.43301
  43.50000    4.46485
  44.00000    4.48440
  44.50000    4.49841
  45.00000    4.52718
  45.50000    4.55654
  46.00000    4.56682
  46.50000    4.57505
  47.00000    4.57617
  47.50000    4.57851
  48.00000    4.56655
  48.50000    4.55741
  49.00000    4.55723
  49.50000    4.57221
  50.00000    4.57151
  50.50000    4.54829
  51.00000    4.53195
  51.50000    4.54524
  52.00000    4.56172
  52.50000    4.55981
  53.00000    4.54901
  53.50000    4.54604
  54.00000    4.54837
  54.50000    4.57104
  55.00000    4.58039
  55.50000    4.58571
  56.00000    4.58360
  56.50000    4.59010
  57.00000    4.58237
  57.50000    4.58937
  58.00000    4.60048
  58.50000    4.59885
  59.00000    4.60237
  59.50000    4.60357
  60.00000    4.60544
  60.50000    4.59933
  61.00000    4.60640
  61.50000    4.61611
  62.00000    4.61879
  62.50000    4.61646
  63.00000    4.61933
  63.50000    4.62790
  64.00000    4.63488
  64.50000    4.64238
  65.00000    4.63920
  65.50000    4.63175
  66.00000    4.63322
  66.50000    4.63832
  67.00000    4.63658
  67.50000    4.63822
  68.00000    4.63979
  68.50000    4.64794
  69.00000    4.65744
  69.50000    4.66991
  70.00000    4.66953
  70.50000    4.67254
  71.00000    4.66940
  71.50000    4.66901
  72.00000    4.67383
  72.50000    4.67403
  73.00000    4.67498
  73.50000    4.67755
  74.00000    4.68634
  74.50000    4.68453
  75.00000    4.68616
  75.50000    4.69089
  76.00000    4.69002
  76.50000    4.69007
  77.00000    4.69029
  77.50000    4.69471
  78.00000    4.69695
  78.50000    4.69684
  79.00000    4.69134
  79.50000    4.69563
  80.00000    4.70903
  80.50000    4.70868
  81.00000    4.70150
  81.50000    4.69841
  82.00000    4.71141
  82.50000    4.71679
  83.00000    4.71851
  83.50000    4.71468
  84.00000    4.71629
  84.50000    4.72105
  85.00000    4.72090
  85.50000    4.71783
  86.00000    4.72105
  86.50000    4.73166
  87.00000    4.73544
  87.50000    4.72023
  88.00000    4.71296
  88.50000    4.71794
  89.00000    4.72863
  89.50000    4.73541
  90.00000    4.74348
  90.50000    4.75603
  91.00000    4.75617
  91.50000    4.74566
  92.00000    4.73450
  92.50000    4.73360
  93.00000    4.73752
  93.50000    4.73639
  94.00000    4.73109
  94.50000    4.73287
  95.00000    4.74052
  95.50000    4.75494
  96.00000    4.75226
  96.50000    4.73954
  97.00000    4.73143
  97.50000    4.73944
  98.00000    4.74625
  98.50000    4.73716
  99.00000    4.73924
  99.50000    4.74499
 100.00000    4.75662
 100.50000    4.75675
 101.00000    4.76005
 101.50000    4.75629
 102.00000    4.75747
 102.50000    4.75501
 103.00000    4.76064
 103.50000    4.76713
 104.00000    4.76282
 104.50000    4.74780
 105.00000    4.74890
 105.50000    4.75614
 106.00000    4.75871
 106.50000    4.75725
 107.00000    4.75818
 107.50000    4.76188
 108.00000    4.77014
 108.50000    4.76792
 109.00000    4.75628
 109.50000    4.75112
 110.00000    4.75362
 110.50000    4.75633
 111.00000    4.75533
 111.50000    4.74925
 112.00000    4.74241
 112.50000    4.74103
 113.00000    4.75089
 113.50000    4.75185
 114.00000    4.74878
 114.50000    4.75092
 115.00000    4.75678
 115.50000    4.76029
 116.00000    4.75981
 116.50000    4.76166
 117.00000    4.75822
 117.50000    4.75738
 118.00000    4.75576
 118.50000    4.75867
 119.00000    4.76547
 119.50000    4.76233
 120.00000    4.75627
 120.50000    4.76623
 121.00000    4.77228
 121.50000    4.77171
 122.00000    4.76287
 122.50000    4.76077
 123.00000    4.75918
 123.50000    4.76196
 124.00000    4.75363
 124.50000    4.74999
 125.00000    4.75478
 125.50000    4.76004
 126.00000    4.75618
 126.50000    4.74861
 127.00000    4.74355
 127.50000    4.74870
 128.00000    4.76092
 128.50000    4.75761
 129.00000    4.74997
 129.50000    4.74001
 130.00000    4.74182
 130.50000    4.73907
 131.00000    4.74086
 131.50000    4.73872
 132.00000    4.74743
 132.50000    4.74919
 133.00000    4.74871
 133.50000    4.74527
 134.00000    4.74860
 134.50000    4.74675
 135.00000    4.74756
 135.50000    4.73948
 136.00000    4.73876
 136.50000    4.73917
 137.00000    4.73841
 137.50000    4.73316
 138.00000    4.73760
 138.50000    4.74081
 139.00000    4.73981
 139.50000    4.74037
 140.00000    4.74450
 140.50000    4.74662
 141.00000    4.73706
 141.50000    4.73319
 142.00000    4.73419
 142.50000    4.73458
 143.00000    4.72589
 143.50000    4.72413
 144.00000    4.73916
 144.50000    4.74406
 145.00000    4.74146
 145.50000    4.72933
 146.00000    4.73062
 146.50000    4.73615
 147.00000    4.73862
 147.50000    4.73776
 148.00000    4.72611
 148.50000    4.72666
 149.00000    4.73157
 149.50000    4.73734
 150.00000    4.70750
