   0.00000    1.40289
   0.50000    3.43680
   1.00000    3.71772
   1.50000    3.52734
   2.00000    3.49102
   2.50000    3.37081
   3.00000    3.23554
   3.50000    3.19827
   4.00000    3.21429
   4.50000    3.19423
   5.00000    3.22196
   5.50000    3.29516
   6.00000    3.39251
   6.50000    3.47675
   7.00000    3.56908
   7.50000    3.59975
   8.00000    3.60520
   8.50000    3.60024
   9.00000    3.61507
   9.50000    3.62087
  10.00000    3.63541
  10.50000    3.62874
  11.00000    3.61901
  11.50000    3.60536
  12.00000    3.59526
  12.50000    3.59888
  13.00000    3.59290
  13.50000    3.58530
  14.00000    3.57035
  14.50000    3.56424
  15.00000    3.56346
  15.50000    3.56152
  16.00000    3.54333
  16.50000    3.53827
  17.00000    3.54174
  17.50000    3.54480
  18.00000    3.55162
  18.50000    3.53703
  19.00000    3.53959
  19.50000    3.55672
  20.00000    3.57140
  20.50000    3.55908
  21.00000    3.55586
  21.50000    3.56896
  22.00000    3.53113
  22.50000    3.51396
  23.00000    3.48425
  23.50000    3.46656
  24.00000    3.45858
  24.50000    3.46801
  25.00000    3.45782
  25.50000    3.45393
  26.00000    3.52655
  26.50000    3.61193
  27.00000    3.66792
  27.50000    3.70443
  28.00000    3.71949
  28.50000    3.72144
  29.00000    3.72542
  29.50000    3.70372
  30.00000    3.67733
  30.50000    3.68688
  31.00000    3.70342
  31.50000    3.68940
  32.00000    3.68667
  32.50000    3.67167
  33.00000    3.63327
  33.50000    3.60784
  34.00000    3.64265
  34.50000    3.69471
  35.00000    3.73129
  35.50000    3.79819
  36.00000    3.82466
  36.50000    3.82927
  37.00000    3.81375
  37.50000    3.87258
  38.00000    3.87868
  38.50000    3.85491
  39.00000    3.85838
  39.50000    3.91560
  40.00000    3.95961
  40.50000    3.94308
  41.00000    3.90370
  41.50000    3.88064
  42.00000    3.90901
  42.50000    3.92589
  43.00000    3.96207
  43.50000    3.96983
  44.00000    4.00802
  44.50000    3.99825
  45.00000    4.04888
  45.50000    4.08464
  46.00000    4.13982
  46.50000    4.14628
  47.00000    4.16357
  47.50000    4.16716
  48.00000    4.17954
  48.50000    4.25294
  49.00000    4.35400
  49.50000    4.36845
  50.00000    4.32406
  50.50000    4.33023
  51.00000    4.36834
  51.50000    4.38754
  52.00000    4.38973
  52.50000    4.41687
  53.00000    4.41436
  53.50000    4.39357
  54.00000    4.37748
  54.50000    4.40985
  55.00000    4.45067
  55.50000    4.45621
  56.00000    4.43747
  56.50000    4.42813
  57.00000    4.44588
  57.50000    4.47595
  58.00000    4.48242
  58.50000    4.47557
  59.00000    4.46387
  59.50000    4.46492
  60.00000    4.46653
  60.50000    4.45790
  61.00000    4.43479
  61.50000    4.41896
  62.00000    4.43728
  62.50000    4.45972
  63.00000    4.46647
  63.50000    4.44730
  64.00000    4.44107
  64.50000    4.43536
  65.00000    4.41490
  65.50000    4.41979
  66.00000    4.43611
  66.50000    4.41966
  67.00000    4.38504
  67.50000    4.36737
  68.00000    4.40017
  68.50000    4.41102
  69.00000    4.40641
  69.50000    4.38125
  70.00000    4.38542
  70.50000    4.38040
  71.00000    4.35124
  71.50000    4.35760
  72.00000    4.36900
  72.50000    4.37059
  73.00000    4.37590
  73.50000    4.37988
  74.00000    4.36795
  74.50000    4.32452
  75.00000    4.30199
  75.50000    4.31287
  76.00000    4.32197
  76.50000    4.33205
  77.00000    4.34805
  77.50000    4.35121
  78.00000    4.31657
  78.50000    4.31349
  79.00000    4.36192
  79.50000    4.37534
  80.00000    4.37930
  80.50000    4.38527
  81.00000    4.35764
  81.50000    4.34229
  82.00000    4.33510
  82.50000    4.35185
  83.00000    4.31017
  83.50000    4.29613
  84.00000    4.31042
  84.50000    4.33736
  85.00000    4.33761
  85.50000    4.32502
  86.00000    4.33420
  86.50000    4.32579
  87.00000    4.32129
  87.50000    4.30393
  88.00000    4.27059
  88.50000    4.25240
  89.00000    4.26976
  89.50000    4.29985
  90.00000    4.30120
  90.50000    4.27424
  91.00000    4.25771
  91.50000    4.26467
  92.00000    4.28481
  92.50000    4.28373
  93.00000    4.27972
  93.50000    4.26802
  94.00000    4.29030
  94.50000    4.26412
  95.00000    4.23945
  95.50000    4.23408
  96.00000    4.26179
  96.50000    4.26692
  97.00000    4.27192
  97.50000    4.27258
  98.00000    4.26984
  98.50000    4.26137
  99.00000    4.25642
  99.50000    4.27159
 100.00000    4.26898
 100.50000    4.23797
 101.00000    4.21656
 101.50000    4.24805
 102.00000    4.23675
 102.50000    4.23285
 103.00000    4.22437
 103.50000    4.23919
 104.00000    4.23001
 104.50000    4.25127
 105.00000    4.26300
 105.50000    4.26695
 106.00000    4.24780
 106.50000    4.24549
 107.00000    4.27493
 107.50000    4.27336
 108.00000    4.25150
 108.50000    4.21463
 109.00000    4.23846
 109.50000    4.22679
 110.00000    4.22477
 110.50000    4.22773
 111.00000    4.24303
 111.50000    4.23770
 112.00000    4.25337
 112.50000    4.23384
 113.00000    4.22970
 113.50000    4.22708
 114.00000    4.25102
 114.50000    4.24385
 115.00000    4.25846
 115.50000    4.24761
 116.00000    4.22328
 116.50000    4.23428
 117.00000    4.25837
 117.50000    4.23631
 118.00000    4.22382
 118.50000    4.23075
 119.00000    4.24660
 119.50000    4.24905
 120.00000    4.25921
 120.50000    4.25538
 121.00000    4.24297
 121.50000    4.25172
 122.00000    4.25028
 122.50000    4.24022
 123.00000    4.25748
 123.50000    4.26505
 124.00000    4.26591
 124.50000    4.26047
 125.00000    4.27338
 125.50000    4.25094
 126.00000    4.23492
 126.50000    4.23152
 127.00000    4.24293
 127.50000    4.24960
 128.00000    4.27760
 128.50000    4.26465
 129.00000    4.26563
 129.50000    4.25056
 130.00000    4.26116
 130.50000    4.25992
 131.00000    4.27019
 131.50000    4.27223
 132.00000    4.28877
 132.50000    4.31744
 133.00000    4.30453
 133.50000    4.29779
 134.00000    4.28954
 134.50000    4.27766
 135.00000    4.26207
 135.50000    4.28523
 136.00000    4.29726
 136.50000    4.28141
 137.00000    4.30678
 137.50000    4.35495
 138.00000    4.38955
 138.50000    4.33869
 139.00000    4.31533
 139.50000    4.33796
 140.00000    4.35292
 140.50000    4.32841
 141.00000    4.32413
 141.50000    4.34495
 142.00000    4.31519
 142.50000    4.29015
 143.00000    4.32132
 143.50000    4.33268
 144.00000    4.34563
 144.50000    4.33520
 145.00000    4.35998
 145.50000    4.33883
 146.00000    4.34223
 146.50000    4.32241
 147.00000    4.36036
 147.50000    4.37984
 148.00000    4.36760
 148.50000    4.33808
 149.00000    4.37221
 149.50000    4.42527
 150.00000    4.38151
