   0.00000    1.05861
   0.50000    2.42910
   1.00000    2.93619
   1.50000    3.07671
   2.00000    3.16144
   2.50000    3.22553
   3.00000    3.28076
   3.50000    3.30677
   4.00000    3.34858
   4.50000    3.40179
   5.00000    3.48706
   5.50000    3.51096
   6.00000    3.52246
   6.50000    3.52058
   7.00000    3.53811
   7.50000    3.53540
   8.00000    3.53432
   8.50000    3.53582
   9.00000    3.55615
   9.50000    3.56585
  10.00000    3.57663
  10.50000    3.57293
  11.00000    3.57753
  11.50000    3.57099
  12.00000    3.57291
  12.50000    3.57876
  13.00000    3.60149
  13.50000    3.60473
  14.00000    3.59080
  14.50000    3.59471
  15.00000    3.60416
  15.50000    3.60125
  16.00000    3.58935
  16.50000    3.59351
  17.00000    3.59821
  17.50000    3.60282
  18.00000    3.59846
  18.50000    3.61030
  19.00000    3.63839
  19.50000    3.66007
  20.00000    3.66259
  20.50000    3.66024
  21.00000    3.66831
  21.50000    3.68059
  22.00000    3.69775
  22.50000    3.70682
  23.00000    3.70881
  23.50000    3.73772
  24.00000    3.78714
  24.50000    3.83907
  25.00000    3.87245
  25.50000    3.90227
  26.00000    3.92798
  26.50000    3.97765
  27.00000    4.05806
  27.50000    4.13994
  28.00000    4.21719
  28.50000    4.28377
  29.00000    4.32458
  29.50000    4.35288
  30.00000    4.34562
  30.50000    4.32014
  31.00000    4.31037
  31.50000    4.32360
  32.00000    4.32940
  32.50000    4.30749
  33.00000    4.30015
  33.50000    4.31227
  34.00000    4.36579
  34.50000    4.43396
  35.00000    4.48953
  35.50000    4.53658
  36.00000    4.53298
  36.50000    4.52930
  37.00000    4.53410
  37.50000    4.55485
  38.00000    4.55258
  38.50000    4.54497
  39.00000    4.56244
  39.50000    4.57720
  40.00000    4.58474
  40.50000    4.57305
  41.00000    4.57215
  41.50000    4.57047
  42.00000    4.55771
  42.50000    4.54459
  43.00000    4.53608
  43.50000    4.53731
  44.00000    4.51681
  44.50000    4.51138
  45.00000    4.50252
  45.50000    4.51165
  46.00000    4.51716
  46.50000    4.54757
  47.00000    4.54988
  47.50000    4.56829
  48.00000    4.55372
  48.50000    4.54876
  49.00000    4.53330
  49.50000    4.55145
  50.00000    4.55334
  50.50000    4.54598
  51.00000    4.53323
  51.50000    4.52610
  52.00000    4.53843
  52.50000    4.52520
  53.00000    4.50841
  53.50000    4.49731
  54.00000    4.49357
  54.50000    4.48724
  55.00000    4.47390
  55.50000    4.46860
  56.00000    4.46106
  56.50000    4.47079
  57.00000    4.46083
  57.50000    4.45197
  58.00000    4.44069
  58.50000    4.45033
  59.00000    4.45933
  59.50000    4.45697
  60.00000    4.43554
  60.50000    4.42572
  61.00000    4.43499
  61.50000    4.43396
  62.00000    4.41861
  62.50000    4.41019
  63.00000    4.41138
  63.50000    4.40909
  64.00000    4.39777
  64.50000    4.38209
  65.00000    4.37512
  65.50000    4.38595
  66.00000    4.40065
  66.50000    4.39255
  67.00000    4.37815
  67.50000    4.38467
  68.00000    4.38915
  68.50000    4.38217
  69.00000    4.36338
  69.50000    4.36416
  70.00000    4.35786
  70.50000    4.37134
  71.00000    4.36654
  71.50000    4.36833
  72.00000    4.36461
  72.50000    4.37784
  73.00000    4.37286
  73.50000    4.35834
  74.00000    4.36262
  74.50000    4.35534
  75.00000    4.35497
  75.50000    4.33951
  76.00000    4.35512
  76.50000    4.35784
  77.00000    4.36370
  77.50000    4.36580
  78.00000    4.36349
  78.50000    4.35367
  79.00000    4.34742
  79.50000    4.36236
  80.00000    4.36362
  80.50000    4.35375
  81.00000    4.34765
  81.50000    4.34846
  82.00000    4.33694
  82.50000    4.33748
  83.00000    4.33481
  83.50000    4.33929
  84.00000    4.34158
  84.50000    4.36409
  85.00000    4.36325
  85.50000    4.36604
  86.00000    4.35610
  86.50000    4.35622
  87.00000    4.35132
  87.50000    4.34461
  88.00000    4.33712
  88.50000    4.34741
  89.00000    4.35796
  89.50000    4.35903
  90.00000    4.34931
  90.50000    4.34230
  91.00000    4.33491
  91.50000    4.34717
  92.00000    4.35744
  92.50000    4.36697
  93.00000    4.36054
  93.50000    4.35994
  94.00000    4.34716
  94.50000    4.35416
  95.00000    4.35333
  95.50000    4.36024
  96.00000    4.34430
  96.50000    4.35435
  97.00000    4.35619
  97.50000    4.35848
  98.00000    4.34607
  98.50000    4.36238
  99.00000    4.36203
  99.50000    4.35827
 100.00000    4.34722
 100.50000    4.34271
 101.00000    4.34485
 101.50000    4.35641
 102.00000    4.35499
 102.50000    4.35157
 103.00000    4.35168
 103.50000    4.36576
 104.00000    4.35374
 104.50000    4.35380
 105.00000    4.34720
 105.50000    4.34412
 106.00000    4.34508
 106.50000    4.35003
 107.00000    4.36116
 107.50000    4.35107
 108.00000    4.36418
 108.50000    4.35821
 109.00000    4.35836
 109.50000    4.35569
 110.00000    4.38078
 110.50000    4.37658
 111.00000    4.36104
 111.50000    4.35264
 112.00000    4.37016
 112.50000    4.36652
 113.00000    4.35733
 113.50000    4.35021
 114.00000    4.36085
 114.50000    4.35292
 115.00000    4.34233
 115.50000    4.34332
 116.00000    4.35363
 116.50000    4.36714
 117.00000    4.36396
 117.50000    4.36185
 118.00000    4.36980
 118.50000    4.36941
 119.00000    4.35575
 119.50000    4.35551
 120.00000    4.36386
 120.50000    4.35606
 121.00000    4.34937
 121.50000    4.35577
 122.00000    4.36107
 122.50000    4.37295
 123.00000    4.37736
 123.50000    4.37144
 124.00000    4.36592
 124.50000    4.37146
 125.00000    4.37466
 125.50000    4.37643
 126.00000    4.37344
 126.50000    4.35071
 127.00000    4.33741
 127.50000    4.35067
 128.00000    4.37467
 128.50000    4.37153
 129.00000    4.36308
 129.50000    4.36089
 130.00000    4.37353
 130.50000    4.38709
 131.00000    4.39077
 131.50000    4.37309
 132.00000    4.36550
 132.50000    4.37337
 133.00000    4.37406
 133.50000    4.37370
 134.00000    4.37206
 134.50000    4.37932
 135.00000    4.36560
 135.50000    4.36451
 136.00000    4.36025
 136.50000    4.37089
 137.00000    4.37599
 137.50000    4.38132
 138.00000    4.38561
 138.50000    4.39040
 139.00000    4.38746
 139.50000    4.38102
 140.00000    4.39672
 140.50000    4.40606
 141.00000    4.38935
 141.50000    4.38771
 142.00000    4.39715
 142.50000    4.40676
 143.00000    4.38622
 143.50000    4.38562
 144.00000    4.38192
 144.50000    4.39698
 145.00000    4.40291
 145.50000    4.40729
 146.00000    4.40227
 146.50000    4.39826
 147.00000    4.38487
 147.50000    4.38720
 148.00000    4.38477
 148.50000    4.40553
 149.00000    4.41081
 149.50000    4.42525
 150.00000    4.41747
