   0.00000    1.08375
   0.50000    1.22885
   1.00000    1.52317
   1.50000    2.05709
   2.00000    2.59265
   2.50000    3.05006
   3.00000    3.25749
   3.50000    3.37067
   4.00000    3.40895
   4.50000    3.47301
   5.00000    3.52756
   5.50000    3.54021
   6.00000    3.54286
   6.50000    3.55157
   7.00000    3.57074
   7.50000    3.58159
   8.00000    3.59298
   8.50000    3.60256
   9.00000    3.61398
   9.50000    3.63302
  10.00000    3.65007
  10.50000    3.65707
  11.00000    3.66057
  11.50000    3.67235
  12.00000    3.67822
  12.50000    3.69120
  13.00000    3.70276
  13.50000    3.71166
  14.00000    3.71400
  14.50000    3.72711
  15.00000    3.73590
  15.50000    3.74362
  16.00000    3.74900
  16.50000    3.75774
  17.00000    3.76424
  17.50000    3.76144
  18.00000    3.76339
  18.50000    3.76855
  19.00000    3.77504
  19.50000    3.77625
  20.00000    3.78449
  20.50000    3.79166
  21.00000    3.79574
  21.50000    3.79554
  22.00000    3.79825
  22.50000    3.79499
  23.00000    3.79566
  23.50000    3.80123
  24.00000    3.81765
  24.50000    3.81883
  25.00000    3.81622
  25.50000    3.81568
  26.00000    3.82299
  26.50000    3.82585
  27.00000    3.83070
  27.50000    3.83854
  28.00000    3.84479
  28.50000    3.84342
  29.00000    3.84820
  29.50000    3.85563
  30.00000    3.86893
  30.50000    3.88795
  31.00000    3.89980
  31.50000    3.89559
  32.00000    3.88967
  32.50000    3.89679
  33.00000    3.89706
  33.50000    3.88880
  34.00000    3.88463
  34.50000    3.89158
  35.00000    3.89489
  35.50000    3.88518
  36.00000    3.88551
  36.50000    3.89054
  37.00000    3.89032
  37.50000    3.87614
  38.00000    3.87495
  38.50000    3.87721
  39.00000    3.88491
  39.50000    3.88534
  40.00000    3.88755
  40.50000    3.90181
  41.00000    3.92024
  41.50000    3.93847
  42.00000    3.95654
  42.50000    3.96876
  43.00000    3.98423
  43.50000    4.01498
  44.00000    4.05428
  44.50000    4.08926
  45.00000    4.14340
  45.50000    4.20166
  46.00000    4.26131
  46.50000    4.32000
  47.00000    4.38325
  47.50000    4.43223
  48.00000    4.47700
  48.50000    4.51072
  49.00000    4.53791
  49.50000    4.54726
  50.00000    4.55205
  50.50000    4.56098
  51.00000    4.57340
  51.50000    4.59094
  52.00000    4.60176
  52.50000    4.62031
  53.00000    4.63041
  53.50000    4.63644
  54.00000    4.63413
  54.50000    4.64229
  55.00000    4.64727
  55.50000    4.64739
  56.00000    4.64920
  56.50000    4.66287
  57.00000    4.66988
  57.50000    4.67340
  58.00000    4.67699
  58.50000    4.67767
  59.00000    4.67720
  59.50000    4.67398
  60.00000    4.67765
  60.50000    4.68021
  61.00000    4.68493
  61.50000    4.69445
  62.00000    4.70518
  62.50000    4.70855
  63.00000    4.70272
  63.50000    4.69682
  64.00000    4.70446
  64.50000    4.70862
  65.00000    4.71268
  65.50000    4.70065
  66.00000    4.69652
  66.50000    4.68818
  67.00000    4.69766
  67.50000    4.69737
  68.00000    4.69106
  68.50000    4.67902
  69.00000    4.67962
  69.50000    4.68495
  70.00000    4.68656
  70.50000    4.68956
  71.00000    4.69004
  71.50000    4.69125
  72.00000    4.68185
  72.50000    4.67607
  73.00000    4.67442
  73.50000    4.67836
  74.00000    4.68285
  74.50000    4.68514
  75.00000    4.67557
  75.50000    4.67123
  76.00000    4.66203
  76.50000    4.65703
  77.00000    4.65425
  77.50000    4.66334
  78.00000    4.66569
  78.50000    4.65735
  79.00000    4.65579
  79.50000    4.64643
  80.00000    4.64011
  80.50000    4.63181
  81.00000    4.63912
  81.50000    4.64482
  82.00000    4.63636
  82.50000    4.62870
  83.00000    4.62380
  83.50000    4.61934
  84.00000    4.61070
  84.50000    4.60408
  85.00000    4.60850
  85.50000    4.61531
  86.00000    4.60443
  86.50000    4.58884
  87.00000    4.58897
  87.50000    4.60544
  88.00000    4.59613
  88.50000    4.58769
  89.00000    4.57795
  89.50000    4.57792
  90.00000    4.57474
  90.50000    4.57464
  91.00000    4.57233
  91.50000    4.56757
  92.00000    4.56439
  92.50000    4.56432
  93.00000    4.56068
  93.50000    4.55617
  94.00000    4.55181
  94.50000    4.55278
  95.00000    4.55113
  95.50000    4.54786
  96.00000    4.54150
  96.50000    4.54248
  97.00000    4.54272
  97.50000    4.54031
  98.00000    4.53488
  98.50000    4.53619
  99.00000    4.53376
  99.50000    4.52934
 100.00000    4.52546
 100.50000    4.53004
 101.00000    4.53647
 101.50000    4.53734
 102.00000    4.52799
 102.50000    4.52449
 103.00000    4.52403
 103.50000    4.52390
 104.00000    4.51872
 104.50000    4.51153
 105.00000    4.51156
 105.50000    4.51097
 106.00000    4.51321
 106.50000    4.50762
 107.00000    4.50905
 107.50000    4.51112
 108.00000    4.51212
 108.50000    4.50770
 109.00000    4.50777
 109.50000    4.50960
 110.00000    4.50607
 110.50000    4.50362
 111.00000    4.50115
 111.50000    4.49770
 112.00000    4.49731
 112.50000    4.49865
 113.00000    4.50031
 113.50000    4.49904
 114.00000    4.50197
 114.50000    4.50365
 115.00000    4.49869
 115.50000    4.48672
 116.00000    4.49011
 116.50000    4.49929
 117.00000    4.50433
 117.50000    4.49726
 118.00000    4.49189
 118.50000    4.48642
 119.00000    4.48679
 119.50000    4.49156
 120.00000    4.49919
 120.50000    4.49603
 121.00000    4.49153
 121.50000    4.49104
 122.00000    4.49745
 122.50000    4.49965
 123.00000    4.50360
 123.50000    4.50202
 124.00000    4.49064
 124.50000    4.49093
 125.00000    4.49736
 125.50000    4.50286
 126.00000    4.50133
 126.50000    4.50193
 127.00000    4.50362
 127.50000    4.50416
 128.00000    4.50225
 128.50000    4.49861
 129.00000    4.50815
 129.50000    4.52034
 130.00000    4.52282
 130.50000    4.51187
 131.00000    4.51021
 131.50000    4.51495
 132.00000    4.51466
 132.50000    4.51735
 133.00000    4.51998
 133.50000    4.52455
 134.00000    4.52213
 134.50000    4.52443
 135.00000    4.52334
 135.50000    4.52555
 136.00000    4.52587
 136.50000    4.52807
 137.00000    4.53023
 137.50000    4.53630
 138.00000    4.53246
 138.50000    4.53576
 139.00000    4.53167
 139.50000    4.53160
 140.00000    4.53463
 140.50000    4.54267
 141.00000    4.54533
 141.50000    4.54237
 142.00000    4.54696
 142.50000    4.54370
 143.00000    4.54415
 143.50000    4.54690
 144.00000    4.55353
 144.50000    4.54988
 145.00000    4.54582
 145.50000    4.55122
 146.00000    4.55443
 146.50000    4.55298
 147.00000    4.55460
 147.50000    4.55494
 148.00000    4.54864
 148.50000    4.54676
 149.00000    4.55374
 149.50000    4.55915
 150.00000    4.56122
