   0.00000    1.39392
   0.50000    2.86496
   1.00000    3.14848
   1.50000    3.08364
   2.00000    3.18275
   2.50000    3.23423
   3.00000    3.28291
   3.50000    3.30709
   4.00000    3.34481
   4.50000    3.38093
   5.00000    3.40508
   5.50000    3.41365
   6.00000    3.44019
   6.50000    3.46298
   7.00000    3.47600
   7.50000    3.47585
   8.00000    3.48120
   8.50000    3.49623
   9.00000    3.51308
   9.50000    3.51951
  10.00000    3.52162
  10.50000    3.53353
  11.00000    3.54509
  11.50000    3.54563
  12.00000    3.55410
  12.50000    3.55935
  13.00000    3.56962
  13.50000    3.58217
  14.00000    3.59301
  14.50000    3.59214
  15.00000    3.59937
  15.50000    3.60507
  16.00000    3.61526
  16.50000    3.62296
  17.00000    3.63401
  17.50000    3.63681
  18.00000    3.64231
  18.50000    3.64233
  19.00000    3.64267
  19.50000    3.64881
  20.00000    3.65735
  20.50000    3.66326
  21.00000    3.66801
  21.50000    3.68047
  22.00000    3.69317
  22.50000    3.71103
  23.00000    3.72195
  23.50000    3.73356
  24.00000    3.74405
  24.50000    3.74262
  25.00000    3.74461
  25.50000    3.75573
  26.00000    3.78675
  26.50000    3.81582
  27.00000    3.86598
  27.50000    3.94463
  28.00000    4.02535
  28.50000    4.08027
  29.00000    4.10924
  29.50000    4.13327
  30.00000    4.14922
  30.50000    4.16285
  31.00000    4.19340
  31.50000    4.22341
  32.00000    4.25211
  32.50000    4.28181
  33.00000    4.31403
  33.50000    4.33088
  34.00000    4.34018
  34.50000    4.34339
  35.00000    4.33632
  35.50000    4.32339
  36.00000    4.33073
  36.50000    4.33483
  37.00000    4.33308
  37.50000    4.33452
  38.00000    4.34555
  38.50000    4.36259
  39.00000    4.36736
  39.50000    4.36862
  40.00000    4.35976
  40.50000    4.36072
  41.00000    4.37487
  41.50000    4.39335
  42.00000    4.40678
  42.50000    4.40900
  43.00000    4.41550
  43.50000    4.42799
  44.00000    4.42996
  44.50000    4.43542
  45.00000    4.44636
  45.50000    4.45699
  46.00000    4.46293
  46.50000    4.47038
  47.00000    4.47733
  47.50000    4.47387
  48.00000    4.48457
  48.50000    4.48169
  49.00000    4.47033
  49.50000    4.46448
  50.00000    4.47694
  50.50000    4.47276
  51.00000    4.46875
  51.50000    4.46133
  52.00000    4.46270
  52.50000    4.45277
  53.00000    4.45031
  53.50000    4.44814
  54.00000    4.45636
  54.50000    4.45589
  55.00000    4.46062
  55.50000    4.46311
  56.00000    4.46141
  56.50000    4.45339
  57.00000    4.45127
  57.50000    4.45515
  58.00000    4.45461
  58.50000    4.45885
  59.00000    4.45181
  59.50000    4.44706
  60.00000    4.44066
  60.50000    4.43665
  61.00000    4.43902
  61.50000    4.43948
  62.00000    4.44366
  62.50000    4.43555
  63.00000    4.43876
  63.50000    4.43574
  64.00000    4.43747
  64.50000    4.43491
  65.00000    4.43196
  65.50000    4.42920
  66.00000    4.41865
  66.50000    4.42342
  67.00000    4.42335
  67.50000    4.42805
  68.00000    4.41522
  68.50000    4.41350
  69.00000    4.40753
  69.50000    4.40343
  70.00000    4.41023
  70.50000    4.41544
  71.00000    4.41188
  71.50000    4.39842
  72.00000    4.40182
  72.50000    4.40095
  73.00000    4.40082
  73.50000    4.39404
  74.00000    4.39619
  74.50000    4.39257
  75.00000    4.39077
  75.50000    4.38468
  76.00000    4.39006
  76.50000    4.38557
  77.00000    4.37535
  77.50000    4.36349
  78.00000    4.36349
  78.50000    4.36561
  79.00000    4.36221
  79.50000    4.35667
  80.00000    4.35451
  80.50000    4.36188
  81.00000    4.36264
  81.50000    4.36308
  82.00000    4.35893
  82.50000    4.35579
  83.00000    4.35484
  83.50000    4.34929
  84.00000    4.34497
  84.50000    4.34101
  85.00000    4.34162
  85.50000    4.33046
  86.00000    4.32052
  86.50000    4.32350
  87.00000    4.32354
  87.50000    4.32185
  88.00000    4.31798
  88.50000    4.32453
  89.00000    4.32016
  89.50000    4.31417
  90.00000    4.31249
  90.50000    4.32300
  91.00000    4.32044
  91.50000    4.31532
  92.00000    4.31327
  92.50000    4.31194
  93.00000    4.31253
  93.50000    4.30503
  94.00000    4.30715
  94.50000    4.29694
  95.00000    4.30134
  95.50000    4.29494
  96.00000    4.29307
  96.50000    4.29224
  97.00000    4.29656
  97.50000    4.29640
  98.00000    4.29123
  98.50000    4.29256
  99.00000    4.29218
  99.50000    4.28793
 100.00000    4.28654
 100.50000    4.28504
 101.00000    4.28317
 101.50000    4.28890
 102.00000    4.29286
 102.50000    4.28666
 103.00000    4.28033
 103.50000    4.27590
 104.00000    4.27364
 104.50000    4.27216
 105.00000    4.27356
 105.50000    4.26591
 106.00000    4.26373
 106.50000    4.26844
 107.00000    4.27300
 107.50000    4.28085
 108.00000    4.27572
 108.50000    4.26772
 109.00000    4.26441
 109.50000    4.27012
 110.00000    4.26368
 110.50000    4.26375
 111.00000    4.26873
 111.50000    4.26662
 112.00000    4.26470
 112.50000    4.26338
 113.00000    4.26037
 113.50000    4.25765
 114.00000    4.26494
 114.50000    4.26745
 115.00000    4.25899
 115.50000    4.25325
 116.00000    4.24842
 116.50000    4.25497
 117.00000    4.25689
 117.50000    4.25364
 118.00000    4.24854
 118.50000    4.26120
 119.00000    4.26357
 119.50000    4.25560
 120.00000    4.25017
 120.50000    4.25403
 121.00000    4.25767
 121.50000    4.26228
 122.00000    4.26194
 122.50000    4.24772
 123.00000    4.25595
 123.50000    4.26404
 124.00000    4.25922
 124.50000    4.24605
 125.00000    4.24792
 125.50000    4.25317
 126.00000    4.24998
 126.50000    4.25269
 127.00000    4.25434
 127.50000    4.25428
 128.00000    4.25640
 128.50000    4.26099
 129.00000    4.26509
 129.50000    4.26371
 130.00000    4.26226
 130.50000    4.25283
 131.00000    4.25670
 131.50000    4.26479
 132.00000    4.27022
 132.50000    4.25590
 133.00000    4.25376
 133.50000    4.25412
 134.00000    4.26058
 134.50000    4.26521
 135.00000    4.26712
 135.50000    4.26180
 136.00000    4.25689
 136.50000    4.26483
 137.00000    4.27639
 137.50000    4.26898
 138.00000    4.25749
 138.50000    4.24917
 139.00000    4.25908
 139.50000    4.25981
 140.00000    4.25950
 140.50000    4.26235
 141.00000    4.26695
 141.50000    4.27182
 142.00000    4.27256
 142.50000    4.27100
 143.00000    4.27059
 143.50000    4.27577
 144.00000    4.27893
 144.50000    4.27464
 145.00000    4.27186
 145.50000    4.27386
 146.00000    4.27339
 146.50000    4.28107
 147.00000    4.28329
 147.50000    4.28515
 148.00000    4.28749
 148.50000    4.28497
 149.00000    4.28636
 149.50000    4.28877
 150.00000    4.30173
