   0.00000    1.46117
   0.50000    3.26555
   1.00000    3.54466
   1.50000    3.39298
   2.00000    3.38458
   2.50000    3.32098
   3.00000    3.24763
   3.50000    3.22042
   4.00000    3.23971
   4.50000    3.23434
   5.00000    3.27150
   5.50000    3.32523
   6.00000    3.42446
   6.50000    3.48009
   7.00000    3.55331
   7.50000    3.58211
   8.00000    3.61236
   8.50000    3.59262
   9.00000    3.60908
   9.50000    3.61388
  10.00000    3.62559
  10.50000    3.61427
  11.00000    3.61901
  11.50000    3.61049
  12.00000    3.61461
  12.50000    3.61807
  13.00000    3.60553
  13.50000    3.59832
  14.00000    3.59556
  14.50000    3.59461
  15.00000    3.59132
  15.50000    3.61088
  16.00000    3.61173
  16.50000    3.61362
  17.00000    3.60233
  17.50000    3.60961
  18.00000    3.62304
  18.50000    3.61387
  19.00000    3.59065
  19.50000    3.60227
  20.00000    3.62361
  20.50000    3.61906
  21.00000    3.61635
  21.50000    3.63360
  22.00000    3.59237
  22.50000    3.55531
  23.00000    3.53436
  23.50000    3.51704
  24.00000    3.50188
  24.50000    3.49137
  25.00000    3.46303
  25.50000    3.43501
  26.00000    3.48743
  26.50000    3.57082
  27.00000    3.63747
  27.50000    3.64977
  28.00000    3.65417
  28.50000    3.65632
  29.00000    3.68570
  29.50000    3.66270
  30.00000    3.64182
  30.50000    3.65216
  31.00000    3.67258
  31.50000    3.66319
  32.00000    3.65654
  32.50000    3.66245
  33.00000    3.61529
  33.50000    3.57635
  34.00000    3.60012
  34.50000    3.64120
  35.00000    3.66906
  35.50000    3.72068
  36.00000    3.73156
  36.50000    3.69392
  37.00000    3.67201
  37.50000    3.71943
  38.00000    3.71454
  38.50000    3.68459
  39.00000    3.68454
  39.50000    3.73278
  40.00000    3.78918
  40.50000    3.79332
  41.00000    3.76610
  41.50000    3.74022
  42.00000    3.75790
  42.50000    3.77702
  43.00000    3.79524
  43.50000    3.80815
  44.00000    3.83791
  44.50000    3.84716
  45.00000    3.87905
  45.50000    3.90660
  46.00000    3.96022
  46.50000    3.98981
  47.00000    4.01617
  47.50000    4.03115
  48.00000    4.05260
  48.50000    4.14575
  49.00000    4.24537
  49.50000    4.26218
  50.00000    4.23427
  50.50000    4.26294
  51.00000    4.31328
  51.50000    4.33054
  52.00000    4.34061
  52.50000    4.36154
  53.00000    4.36217
  53.50000    4.33970
  54.00000    4.32697
  54.50000    4.35985
  55.00000    4.41662
  55.50000    4.42151
  56.00000    4.39691
  56.50000    4.37908
  57.00000    4.39634
  57.50000    4.42578
  58.00000    4.44032
  58.50000    4.43808
  59.00000    4.42866
  59.50000    4.42763
  60.00000    4.42592
  60.50000    4.41472
  61.00000    4.39166
  61.50000    4.37422
  62.00000    4.39784
  62.50000    4.42573
  63.00000    4.44751
  63.50000    4.43165
  64.00000    4.42227
  64.50000    4.39387
  65.00000    4.36787
  65.50000    4.37612
  66.00000    4.39933
  66.50000    4.38224
  67.00000    4.32956
  67.50000    4.31320
  68.00000    4.35539
  68.50000    4.39074
  69.00000    4.37930
  69.50000    4.34724
  70.00000    4.34124
  70.50000    4.33021
  71.00000    4.30141
  71.50000    4.32217
  72.00000    4.34557
  72.50000    4.34346
  73.00000    4.34031
  73.50000    4.34231
  74.00000    4.31544
  74.50000    4.27818
  75.00000    4.25666
  75.50000    4.28004
  76.00000    4.27499
  76.50000    4.28054
  77.00000    4.29330
  77.50000    4.30913
  78.00000    4.26841
  78.50000    4.26028
  79.00000    4.31101
  79.50000    4.33900
  80.00000    4.32808
  80.50000    4.32575
  81.00000    4.29687
  81.50000    4.29993
  82.00000    4.28092
  82.50000    4.29575
  83.00000    4.25015
  83.50000    4.24504
  84.00000    4.25578
  84.50000    4.29807
  85.00000    4.29461
  85.50000    4.27839
  86.00000    4.28048
  86.50000    4.28629
  87.00000    4.27649
  87.50000    4.24826
  88.00000    4.20339
  88.50000    4.18851
  89.00000    4.21524
  89.50000    4.25018
  90.00000    4.24098
  90.50000    4.20796
  91.00000    4.19231
  91.50000    4.20895
  92.00000    4.22529
  92.50000    4.23019
  93.00000    4.22242
  93.50000    4.22375
  94.00000    4.23780
  94.50000    4.19992
  95.00000    4.17310
  95.50000    4.18981
  96.00000    4.21830
  96.50000    4.20350
  97.00000    4.19581
  97.50000    4.21353
  98.00000    4.20558
  98.50000    4.19464
  99.00000    4.18705
  99.50000    4.20402
 100.00000    4.19763
 100.50000    4.18281
 101.00000    4.16648
 101.50000    4.18562
 102.00000    4.16318
 102.50000    4.15923
 103.00000    4.14473
 103.50000    4.16333
 104.00000    4.15157
 104.50000    4.17153
 105.00000    4.18444
 105.50000    4.19178
 106.00000    4.16458
 106.50000    4.15206
 107.00000    4.17916
 107.50000    4.18356
 108.00000    4.15925
 108.50000    4.12170
 109.00000    4.14102
 109.50000    4.12736
 110.00000    4.13988
 110.50000    4.14694
 111.00000    4.15833
 111.50000    4.14577
 112.00000    4.16726
 112.50000    4.14217
 113.00000    4.14221
 113.50000    4.15245
 114.00000    4.17671
 114.50000    4.16793
 115.00000    4.17185
 115.50000    4.14090
 116.00000    4.10856
 116.50000    4.13465
 117.00000    4.16812
 117.50000    4.15312
 118.00000    4.14253
 118.50000    4.14111
 119.00000    4.15266
 119.50000    4.16430
 120.00000    4.17711
 120.50000    4.16198
 121.00000    4.16113
 121.50000    4.17278
 122.00000    4.16998
 122.50000    4.14729
 123.00000    4.16016
 123.50000    4.16924
 124.00000    4.16125
 124.50000    4.15974
 125.00000    4.17693
 125.50000    4.16554
 126.00000    4.14306
 126.50000    4.13944
 127.00000    4.15501
 127.50000    4.15424
 128.00000    4.17566
 128.50000    4.16199
 129.00000    4.16431
 129.50000    4.14001
 130.00000    4.14117
 130.50000    4.15170
 131.00000    4.17447
 131.50000    4.18351
 132.00000    4.18070
 132.50000    4.20487
 133.00000    4.18560
 133.50000    4.19042
 134.00000    4.17114
 134.50000    4.15934
 135.00000    4.13151
 135.50000    4.17132
 136.00000    4.19491
 136.50000    4.18423
 137.00000    4.20183
 137.50000    4.24611
 138.00000    4.27971
 138.50000    4.21597
 139.00000    4.18803
 139.50000    4.21388
 140.00000    4.24192
 140.50000    4.21763
 141.00000    4.22279
 141.50000    4.24980
 142.00000    4.21707
 142.50000    4.18736
 143.00000    4.22647
 143.50000    4.23800
 144.00000    4.24954
 144.50000    4.23185
 145.00000    4.25626
 145.50000    4.23534
 146.00000    4.25130
 146.50000    4.23917
 147.00000    4.27599
 147.50000    4.28695
 148.00000    4.27110
 148.50000    4.23899
 149.00000    4.26835
 149.50000    4.31737
 150.00000    4.28162
