   0.00000    1.26581
   0.50000    3.18078
   1.00000    3.54340
   1.50000    3.38831
   2.00000    3.34258
   2.50000    3.30018
   3.00000    3.29096
   3.50000    3.30468
   4.00000    3.34525
   4.50000    3.37750
   5.00000    3.40864
   5.50000    3.42964
   6.00000    3.44031
   6.50000    3.45423
   7.00000    3.46776
   7.50000    3.48218
   8.00000    3.47721
   8.50000    3.47584
   9.00000    3.48601
   9.50000    3.50616
  10.00000    3.51715
  10.50000    3.52011
  11.00000    3.53551
  11.50000    3.53827
  12.00000    3.54264
  12.50000    3.54900
  13.00000    3.55038
  13.50000    3.54591
  14.00000    3.54104
  14.50000    3.56946
  15.00000    3.57113
  15.50000    3.56902
  16.00000    3.56368
  16.50000    3.58041
  17.00000    3.58964
  17.50000    3.59221
  18.00000    3.59030
  18.50000    3.59879
  19.00000    3.60085
  19.50000    3.60449
  20.00000    3.60450
  20.50000    3.62982
  21.00000    3.64393
  21.50000    3.66140
  22.00000    3.67331
  22.50000    3.70986
  23.00000    3.73915
  23.50000    3.75773
  24.00000    3.78308
  24.50000    3.82271
  25.00000    3.87125
  25.50000    3.97423
  26.00000    4.09673
  26.50000    4.18775
  27.00000    4.20058
  27.50000    4.24328
  28.00000    4.29889
  28.50000    4.34774
  29.00000    4.36405
  29.50000    4.37956
  30.00000    4.41394
  30.50000    4.44604
  31.00000    4.47149
  31.50000    4.48371
  32.00000    4.49893
  32.50000    4.51506
  33.00000    4.51817
  33.50000    4.51783
  34.00000    4.52637
  34.50000    4.53655
  35.00000    4.53110
  35.50000    4.52014
  36.00000    4.51668
  36.50000    4.50631
  37.00000    4.49325
  37.50000    4.47855
  38.00000    4.48653
  38.50000    4.48543
  39.00000    4.49421
  39.50000    4.48715
  40.00000    4.48260
  40.50000    4.47367
  41.00000    4.46967
  41.50000    4.46128
  42.00000    4.45288
  42.50000    4.45863
  43.00000    4.46652
  43.50000    4.46395
  44.00000    4.45249
  44.50000    4.44329
  45.00000    4.44275
  45.50000    4.44392
  46.00000    4.44514
  46.50000    4.45509
  47.00000    4.45195
  47.50000    4.44426
  48.00000    4.43488
  48.50000    4.43805
  49.00000    4.43857
  49.50000    4.43526
  50.00000    4.42534
  50.50000    4.41060
  51.00000    4.39522
  51.50000    4.39895
  52.00000    4.40197
  52.50000    4.40533
  53.00000    4.40142
  53.50000    4.41143
  54.00000    4.40779
  54.50000    4.40845
  55.00000    4.41201
  55.50000    4.40780
  56.00000    4.40556
  56.50000    4.40692
  57.00000    4.41093
  57.50000    4.40350
  58.00000    4.41200
  58.50000    4.40335
  59.00000    4.39602
  59.50000    4.39250
  60.00000    4.40031
  60.50000    4.38913
  61.00000    4.38778
  61.50000    4.39214
  62.00000    4.39074
  62.50000    4.38424
  63.00000    4.38733
  63.50000    4.39028
  64.00000    4.40101
  64.50000    4.40554
  65.00000    4.40089
  65.50000    4.38084
  66.00000    4.36994
  66.50000    4.36584
  67.00000    4.36960
  67.50000    4.37900
  68.00000    4.37873
  68.50000    4.37764
  69.00000    4.36905
  69.50000    4.35925
  70.00000    4.35162
  70.50000    4.37000
  71.00000    4.38301
  71.50000    4.37639
  72.00000    4.36938
  72.50000    4.37174
  73.00000    4.37001
  73.50000    4.35628
  74.00000    4.35345
  74.50000    4.35721
  75.00000    4.36431
  75.50000    4.36812
  76.00000    4.35927
  76.50000    4.34985
  77.00000    4.34692
  77.50000    4.34513
  78.00000    4.34365
  78.50000    4.33642
  79.00000    4.34276
  79.50000    4.33356
  80.00000    4.33595
  80.50000    4.33122
  81.00000    4.33298
  81.50000    4.33138
  82.00000    4.33322
  82.50000    4.32400
  83.00000    4.31536
  83.50000    4.31760
  84.00000    4.32375
  84.50000    4.32349
  85.00000    4.31674
  85.50000    4.31629
  86.00000    4.31648
  86.50000    4.31649
  87.00000    4.31137
  87.50000    4.30677
  88.00000    4.30445
  88.50000    4.31622
  89.00000    4.32696
  89.50000    4.31614
  90.00000    4.29974
  90.50000    4.29959
  91.00000    4.30324
  91.50000    4.29549
  92.00000    4.29204
  92.50000    4.29307
  93.00000    4.29155
  93.50000    4.27696
  94.00000    4.27053
  94.50000    4.27001
  95.00000    4.27429
  95.50000    4.26797
  96.00000    4.26488
  96.50000    4.27210
  97.00000    4.27854
  97.50000    4.27345
  98.00000    4.27138
  98.50000    4.27131
  99.00000    4.27697
  99.50000    4.26886
 100.00000    4.27418
 100.50000    4.27406
 101.00000    4.27900
 101.50000    4.27029
 102.00000    4.26404
 102.50000    4.26030
 103.00000    4.26688
 103.50000    4.27006
 104.00000    4.25786
 104.50000    4.24244
 105.00000    4.24475
 105.50000    4.24917
 106.00000    4.24521
 106.50000    4.23546
 107.00000    4.23930
 107.50000    4.24155
 108.00000    4.24137
 108.50000    4.23258
 109.00000    4.23186
 109.50000    4.23648
 110.00000    4.23574
 110.50000    4.22902
 111.00000    4.22512
 111.50000    4.22980
 112.00000    4.22631
 112.50000    4.22698
 113.00000    4.22687
 113.50000    4.21875
 114.00000    4.20581
 114.50000    4.20701
 115.00000    4.21493
 115.50000    4.21058
 116.00000    4.19829
 116.50000    4.20922
 117.00000    4.21070
 117.50000    4.21097
 118.00000    4.21397
 118.50000    4.21813
 119.00000    4.19825
 119.50000    4.18679
 120.00000    4.18996
 120.50000    4.19200
 121.00000    4.19826
 121.50000    4.20332
 122.00000    4.20060
 122.50000    4.19950
 123.00000    4.20682
 123.50000    4.20719
 124.00000    4.19890
 124.50000    4.19283
 125.00000    4.19219
 125.50000    4.18816
 126.00000    4.18673
 126.50000    4.18717
 127.00000    4.18814
 127.50000    4.18737
 128.00000    4.19012
 128.50000    4.18236
 129.00000    4.18050
 129.50000    4.19210
 130.00000    4.19453
 130.50000    4.18163
 131.00000    4.17012
 131.50000    4.18002
 132.00000    4.17639
 132.50000    4.18257
 133.00000    4.18379
 133.50000    4.18548
 134.00000    4.18440
 134.50000    4.19450
 135.00000    4.19219
 135.50000    4.18196
 136.00000    4.18813
 136.50000    4.18470
 137.00000    4.18518
 137.50000    4.18655
 138.00000    4.18652
 138.50000    4.17671
 139.00000    4.18419
 139.50000    4.19043
 140.00000    4.19204
 140.50000    4.19278
 141.00000    4.19856
 141.50000    4.19460
 142.00000    4.19381
 142.50000    4.19459
 143.00000    4.19413
 143.50000    4.19470
 144.00000    4.18168
 144.50000    4.18304
 145.00000    4.18998
 145.50000    4.19690
 146.00000    4.19594
 146.50000    4.19917
 147.00000    4.21828
 147.50000    4.21970
 148.00000    4.21688
 148.50000    4.21092
 149.00000    4.22467
 149.50000    4.23115
 150.00000    4.20376
