   0.00000    1.31905
   0.50000    2.96915
   1.00000    3.34630
   1.50000    3.24770
   2.00000    3.17548
   2.50000    3.17629
   3.00000    3.19953
   3.50000    3.22097
   4.00000    3.25532
   4.50000    3.28489
   5.00000    3.33365
   5.50000    3.35933
   6.00000    3.38169
   6.50000    3.39925
   7.00000    3.41293
   7.50000    3.41614
   8.00000    3.41813
   8.50000    3.42847
   9.00000    3.43825
   9.50000    3.45674
  10.00000    3.46351
  10.50000    3.46765
  11.00000    3.47301
  11.50000    3.48541
  12.00000    3.48567
  12.50000    3.49746
  13.00000    3.49460
  13.50000    3.50286
  14.00000    3.49649
  14.50000    3.51690
  15.00000    3.51476
  15.50000    3.52726
  16.00000    3.51890
  16.50000    3.53703
  17.00000    3.55382
  17.50000    3.56501
  18.00000    3.56756
  18.50000    3.57217
  19.00000    3.58515
  19.50000    3.58161
  20.00000    3.59062
  20.50000    3.60691
  21.00000    3.61609
  21.50000    3.62678
  22.00000    3.63782
  22.50000    3.67956
  23.00000    3.72154
  23.50000    3.77005
  24.00000    3.80752
  24.50000    3.86561
  25.00000    3.93542
  25.50000    4.04650
  26.00000    4.18832
  26.50000    4.30776
  27.00000    4.34976
  27.50000    4.39278
  28.00000    4.45112
  28.50000    4.49486
  29.00000    4.51017
  29.50000    4.52640
  30.00000    4.53612
  30.50000    4.53945
  31.00000    4.54979
  31.50000    4.56810
  32.00000    4.57477
  32.50000    4.55734
  33.00000    4.53759
  33.50000    4.53291
  34.00000    4.53707
  34.50000    4.52731
  35.00000    4.52333
  35.50000    4.51563
  36.00000    4.50639
  36.50000    4.49913
  37.00000    4.50167
  37.50000    4.48912
  38.00000    4.47794
  38.50000    4.47198
  39.00000    4.47167
  39.50000    4.46705
  40.00000    4.47609
  40.50000    4.48263
  41.00000    4.47564
  41.50000    4.46002
  42.00000    4.45441
  42.50000    4.46149
  43.00000    4.46343
  43.50000    4.46883
  44.00000    4.46542
  44.50000    4.46966
  45.00000    4.45502
  45.50000    4.45043
  46.00000    4.43778
  46.50000    4.43952
  47.00000    4.43931
  47.50000    4.43614
  48.00000    4.42769
  48.50000    4.42696
  49.00000    4.43663
  49.50000    4.44017
  50.00000    4.44586
  50.50000    4.44276
  51.00000    4.43660
  51.50000    4.42759
  52.00000    4.43385
  52.50000    4.43479
  53.00000    4.42533
  53.50000    4.42832
  54.00000    4.43006
  54.50000    4.42312
  55.00000    4.42076
  55.50000    4.42784
  56.00000    4.42994
  56.50000    4.42688
  57.00000    4.43843
  57.50000    4.43574
  58.00000    4.42832
  58.50000    4.41402
  59.00000    4.40596
  59.50000    4.40238
  60.00000    4.40777
  60.50000    4.40990
  61.00000    4.41130
  61.50000    4.40258
  62.00000    4.39510
  62.50000    4.38991
  63.00000    4.39120
  63.50000    4.39329
  64.00000    4.40618
  64.50000    4.41286
  65.00000    4.40670
  65.50000    4.39636
  66.00000    4.39188
  66.50000    4.37358
  67.00000    4.36682
  67.50000    4.37460
  68.00000    4.38834
  68.50000    4.37710
  69.00000    4.36212
  69.50000    4.35774
  70.00000    4.35929
  70.50000    4.35972
  71.00000    4.35844
  71.50000    4.35867
  72.00000    4.35854
  72.50000    4.35177
  73.00000    4.34173
  73.50000    4.33990
  74.00000    4.34449
  74.50000    4.35457
  75.00000    4.35228
  75.50000    4.34868
  76.00000    4.33944
  76.50000    4.34701
  77.00000    4.34767
  77.50000    4.34104
  78.00000    4.33246
  78.50000    4.33281
  79.00000    4.33053
  79.50000    4.31806
  80.00000    4.31459
  80.50000    4.31674
  81.00000    4.32081
  81.50000    4.32035
  82.00000    4.31872
  82.50000    4.31203
  83.00000    4.30010
  83.50000    4.30079
  84.00000    4.31194
  84.50000    4.31816
  85.00000    4.30040
  85.50000    4.29851
  86.00000    4.30526
  86.50000    4.30580
  87.00000    4.30142
  87.50000    4.29832
  88.00000    4.29826
  88.50000    4.28923
  89.00000    4.30750
  89.50000    4.30143
  90.00000    4.29847
  90.50000    4.27704
  91.00000    4.28304
  91.50000    4.28017
  92.00000    4.28035
  92.50000    4.27758
  93.00000    4.27502
  93.50000    4.27353
  94.00000    4.27651
  94.50000    4.28590
  95.00000    4.27656
  95.50000    4.26051
  96.00000    4.25216
  96.50000    4.25445
  97.00000    4.26403
  97.50000    4.25889
  98.00000    4.24799
  98.50000    4.24319
  99.00000    4.24873
  99.50000    4.24591
 100.00000    4.24355
 100.50000    4.24553
 101.00000    4.25303
 101.50000    4.25289
 102.00000    4.25107
 102.50000    4.24086
 103.00000    4.24623
 103.50000    4.24562
 104.00000    4.23494
 104.50000    4.22285
 105.00000    4.22639
 105.50000    4.23489
 106.00000    4.23375
 106.50000    4.22752
 107.00000    4.22099
 107.50000    4.21022
 108.00000    4.20697
 108.50000    4.20965
 109.00000    4.21614
 109.50000    4.22304
 110.00000    4.21925
 110.50000    4.21073
 111.00000    4.20711
 111.50000    4.20577
 112.00000    4.20973
 112.50000    4.21273
 113.00000    4.21661
 113.50000    4.20154
 114.00000    4.19372
 114.50000    4.19377
 115.00000    4.19164
 115.50000    4.18870
 116.00000    4.18705
 116.50000    4.19024
 117.00000    4.18803
 117.50000    4.19088
 118.00000    4.19461
 118.50000    4.19152
 119.00000    4.17143
 119.50000    4.16633
 120.00000    4.17062
 120.50000    4.18170
 121.00000    4.18046
 121.50000    4.18487
 122.00000    4.18026
 122.50000    4.17843
 123.00000    4.17512
 123.50000    4.17140
 124.00000    4.18160
 124.50000    4.18678
 125.00000    4.18143
 125.50000    4.16861
 126.00000    4.16313
 126.50000    4.16117
 127.00000    4.15633
 127.50000    4.17134
 128.00000    4.17281
 128.50000    4.17163
 129.00000    4.17019
 129.50000    4.18070
 130.00000    4.17241
 130.50000    4.16075
 131.00000    4.15687
 131.50000    4.16244
 132.00000    4.16201
 132.50000    4.16818
 133.00000    4.15743
 133.50000    4.15006
 134.00000    4.15240
 134.50000    4.16134
 135.00000    4.14558
 135.50000    4.13611
 136.00000    4.14118
 136.50000    4.15518
 137.00000    4.15983
 137.50000    4.16753
 138.00000    4.16957
 138.50000    4.17218
 139.00000    4.17270
 139.50000    4.17455
 140.00000    4.17125
 140.50000    4.16393
 141.00000    4.15988
 141.50000    4.16076
 142.00000    4.15526
 142.50000    4.16156
 143.00000    4.15964
 143.50000    4.17166
 144.00000    4.16402
 144.50000    4.16709
 145.00000    4.16565
 145.50000    4.16553
 146.00000    4.16222
 146.50000    4.15083
 147.00000    4.17374
 147.50000    4.18105
 148.00000    4.18350
 148.50000    4.16710
 149.00000    4.17575
 149.50000    4.18141
 150.00000    4.17127
