   0.00000    1.19144
   0.50000    1.54514
   1.00000    2.02254
   1.50000    2.46259
   2.00000    2.75356
   2.50000    2.96285
   3.00000    3.14646
   3.50000    3.27640
   4.00000    3.31479
   4.50000    3.29339
   5.00000    3.29328
   5.50000    3.29895
   6.00000    3.31712
   6.50000    3.33987
   7.00000    3.36138
   7.50000    3.36932
   8.00000    3.38561
   8.50000    3.40872
   9.00000    3.42805
   9.50000    3.43477
  10.00000    3.45027
  10.50000    3.46694
  11.00000    3.48164
  11.50000    3.49004
  12.00000    3.51530
  12.50000    3.53736
  13.00000    3.55490
  13.50000    3.55968
  14.00000    3.57294
  14.50000    3.58437
  15.00000    3.59794
  15.50000    3.61270
  16.00000    3.63085
  16.50000    3.64671
  17.00000    3.65674
  17.50000    3.66287
  18.00000    3.67938
  18.50000    3.69454
  19.00000    3.70729
  19.50000    3.71532
  20.00000    3.73294
  20.50000    3.74838
  21.00000    3.75951
  21.50000    3.75985
  22.00000    3.77061
  22.50000    3.78934
  23.00000    3.80271
  23.50000    3.80161
  24.00000    3.79589
  24.50000    3.79701
  25.00000    3.79304
  25.50000    3.79543
  26.00000    3.79018
  26.50000    3.79248
  27.00000    3.79284
  27.50000    3.79237
  28.00000    3.79498
  28.50000    3.80177
  29.00000    3.81071
  29.50000    3.81332
  30.00000    3.82071
  30.50000    3.83007
  31.00000    3.84823
  31.50000    3.87451
  32.00000    3.90034
  32.50000    3.90948
  33.00000    3.91739
  33.50000    3.93928
  34.00000    3.97069
  34.50000    4.00441
  35.00000    4.04609
  35.50000    4.09246
  36.00000    4.12690
  36.50000    4.16321
  37.00000    4.19669
  37.50000    4.22345
  38.00000    4.23483
  38.50000    4.24617
  39.00000    4.26305
  39.50000    4.26940
  40.00000    4.26826
  40.50000    4.25299
  41.00000    4.26001
  41.50000    4.27543
  42.00000    4.29100
  42.50000    4.30450
  43.00000    4.32673
  43.50000    4.35937
  44.00000    4.37561
  44.50000    4.39617
  45.00000    4.41948
  45.50000    4.45386
  46.00000    4.47071
  46.50000    4.47533
  47.00000    4.47546
  47.50000    4.47745
  48.00000    4.47456
  48.50000    4.47983
  49.00000    4.49129
  49.50000    4.50611
  50.00000    4.50503
  50.50000    4.50472
  51.00000    4.49655
  51.50000    4.50165
  52.00000    4.50362
  52.50000    4.50109
  53.00000    4.49308
  53.50000    4.49920
  54.00000    4.51402
  54.50000    4.52511
  55.00000    4.53362
  55.50000    4.53569
  56.00000    4.53408
  56.50000    4.52979
  57.00000    4.52736
  57.50000    4.53214
  58.00000    4.53594
  58.50000    4.53860
  59.00000    4.54326
  59.50000    4.55385
  60.00000    4.55777
  60.50000    4.56583
  61.00000    4.56867
  61.50000    4.56817
  62.00000    4.56916
  62.50000    4.57448
  63.00000    4.57625
  63.50000    4.58445
  64.00000    4.59558
  64.50000    4.59334
  65.00000    4.58887
  65.50000    4.59796
  66.00000    4.60725
  66.50000    4.61502
  67.00000    4.61346
  67.50000    4.61756
  68.00000    4.61974
  68.50000    4.62241
  69.00000    4.62590
  69.50000    4.63699
  70.00000    4.64850
  70.50000    4.65283
  71.00000    4.64727
  71.50000    4.64463
  72.00000    4.65116
  72.50000    4.66262
  73.00000    4.66521
  73.50000    4.66041
  74.00000    4.66241
  74.50000    4.66875
  75.00000    4.67614
  75.50000    4.67675
  76.00000    4.67552
  76.50000    4.68073
  77.00000    4.68963
  77.50000    4.69583
  78.00000    4.68989
  78.50000    4.69213
  79.00000    4.69372
  79.50000    4.70205
  80.00000    4.71063
  80.50000    4.72024
  81.00000    4.71683
  81.50000    4.72070
  82.00000    4.72514
  82.50000    4.72775
  83.00000    4.72350
  83.50000    4.72673
  84.00000    4.72316
  84.50000    4.73592
  85.00000    4.73794
  85.50000    4.73720
  86.00000    4.73326
  86.50000    4.74397
  87.00000    4.74552
  87.50000    4.74160
  88.00000    4.74558
  88.50000    4.75373
  89.00000    4.76016
  89.50000    4.75783
  90.00000    4.75645
  90.50000    4.75769
  91.00000    4.76260
  91.50000    4.75882
  92.00000    4.75919
  92.50000    4.76008
  93.00000    4.77331
  93.50000    4.77290
  94.00000    4.77814
  94.50000    4.77060
  95.00000    4.77050
  95.50000    4.76743
  96.00000    4.77776
  96.50000    4.78171
  97.00000    4.78236
  97.50000    4.78461
  98.00000    4.78357
  98.50000    4.77626
  99.00000    4.77261
  99.50000    4.77720
 100.00000    4.78423
 100.50000    4.78433
 101.00000    4.78210
 101.50000    4.77844
 102.00000    4.77975
 102.50000    4.78549
 103.00000    4.78629
 103.50000    4.78788
 104.00000    4.77932
 104.50000    4.78548
 105.00000    4.78937
 105.50000    4.79874
 106.00000    4.79198
 106.50000    4.79178
 107.00000    4.78782
 107.50000    4.78764
 108.00000    4.78403
 108.50000    4.78753
 109.00000    4.78367
 109.50000    4.78042
 110.00000    4.77607
 110.50000    4.78424
 111.00000    4.77734
 111.50000    4.77879
 112.00000    4.77985
 112.50000    4.78067
 113.00000    4.76808
 113.50000    4.77199
 114.00000    4.77407
 114.50000    4.77448
 115.00000    4.77456
 115.50000    4.78147
 116.00000    4.77535
 116.50000    4.77068
 117.00000    4.76563
 117.50000    4.76085
 118.00000    4.76443
 118.50000    4.77142
 119.00000    4.77727
 119.50000    4.76627
 120.00000    4.75594
 120.50000    4.75465
 121.00000    4.76095
 121.50000    4.76079
 122.00000    4.76029
 122.50000    4.75763
 123.00000    4.75452
 123.50000    4.75641
 124.00000    4.76177
 124.50000    4.75467
 125.00000    4.74674
 125.50000    4.74381
 126.00000    4.74542
 126.50000    4.74365
 127.00000    4.73987
 127.50000    4.73250
 128.00000    4.73537
 128.50000    4.73633
 129.00000    4.72972
 129.50000    4.71648
 130.00000    4.71884
 130.50000    4.72916
 131.00000    4.73117
 131.50000    4.72542
 132.00000    4.72243
 132.50000    4.71824
 133.00000    4.72132
 133.50000    4.72010
 134.00000    4.72198
 134.50000    4.71458
 135.00000    4.71399
 135.50000    4.71107
 136.00000    4.71365
 136.50000    4.70662
 137.00000    4.69814
 137.50000    4.69292
 138.00000    4.70589
 138.50000    4.70733
 139.00000    4.71032
 139.50000    4.70293
 140.00000    4.70446
 140.50000    4.69951
 141.00000    4.69496
 141.50000    4.69803
 142.00000    4.69433
 142.50000    4.69373
 143.00000    4.68614
 143.50000    4.68739
 144.00000    4.67409
 144.50000    4.67630
 145.00000    4.68342
 145.50000    4.68341
 146.00000    4.68088
 146.50000    4.68633
 147.00000    4.68474
 147.50000    4.68276
 148.00000    4.68222
 148.50000    4.68335
 149.00000    4.67598
 149.50000    4.67967
 150.00000    4.67679
