   0.00000    1.45057
   0.50000    3.45675
   1.00000    3.66832
   1.50000    3.40421
   2.00000    3.33668
   2.50000    3.26039
   3.00000    3.15818
   3.50000    3.14456
   4.00000    3.20369
   4.50000    3.22828
   5.00000    3.25077
   5.50000    3.30193
   6.00000    3.38418
   6.50000    3.43098
   7.00000    3.48847
   7.50000    3.52394
   8.00000    3.54011
   8.50000    3.52061
   9.00000    3.53686
   9.50000    3.55811
  10.00000    3.57750
  10.50000    3.56493
  11.00000    3.53949
  11.50000    3.53201
  12.00000    3.54143
  12.50000    3.55045
  13.00000    3.52828
  13.50000    3.54496
  14.00000    3.52566
  14.50000    3.50153
  15.00000    3.50165
  15.50000    3.53800
  16.00000    3.53582
  16.50000    3.51818
  17.00000    3.50506
  17.50000    3.50982
  18.00000    3.53804
  18.50000    3.51525
  19.00000    3.49513
  19.50000    3.49985
  20.00000    3.53081
  20.50000    3.51422
  21.00000    3.52994
  21.50000    3.55647
  22.00000    3.51132
  22.50000    3.46915
  23.00000    3.45033
  23.50000    3.46012
  24.00000    3.44878
  24.50000    3.45216
  25.00000    3.44736
  25.50000    3.45435
  26.00000    3.51477
  26.50000    3.58131
  27.00000    3.62573
  27.50000    3.64645
  28.00000    3.66232
  28.50000    3.67503
  29.00000    3.69905
  29.50000    3.70059
  30.00000    3.69762
  30.50000    3.70522
  31.00000    3.70620
  31.50000    3.67869
  32.00000    3.66882
  32.50000    3.66479
  33.00000    3.62101
  33.50000    3.56563
  34.00000    3.56543
  34.50000    3.59094
  35.00000    3.63125
  35.50000    3.68109
  36.00000    3.71405
  36.50000    3.71680
  37.00000    3.71337
  37.50000    3.74263
  38.00000    3.75467
  38.50000    3.76698
  39.00000    3.76772
  39.50000    3.80313
  40.00000    3.85248
  40.50000    3.88285
  41.00000    3.87406
  41.50000    3.84842
  42.00000    3.85288
  42.50000    3.87587
  43.00000    3.90076
  43.50000    3.92331
  44.00000    3.97046
  44.50000    3.98087
  45.00000    3.99909
  45.50000    4.01779
  46.00000    4.07710
  46.50000    4.09074
  47.00000    4.13059
  47.50000    4.13573
  48.00000    4.15460
  48.50000    4.23749
  49.00000    4.36732
  49.50000    4.42131
  50.00000    4.40681
  50.50000    4.42814
  51.00000    4.46768
  51.50000    4.46809
  52.00000    4.44750
  52.50000    4.45128
  53.00000    4.44826
  53.50000    4.41694
  54.00000    4.41301
  54.50000    4.44691
  55.00000    4.48848
  55.50000    4.49403
  56.00000    4.47942
  56.50000    4.47447
  57.00000    4.46873
  57.50000    4.48467
  58.00000    4.48757
  58.50000    4.50148
  59.00000    4.49247
  59.50000    4.47395
  60.00000    4.45667
  60.50000    4.44613
  61.00000    4.44094
  61.50000    4.42741
  62.00000    4.45399
  62.50000    4.46596
  63.00000    4.46372
  63.50000    4.43288
  64.00000    4.43513
  64.50000    4.41939
  65.00000    4.39912
  65.50000    4.41117
  66.00000    4.43532
  66.50000    4.41551
  67.00000    4.35490
  67.50000    4.34713
  68.00000    4.37707
  68.50000    4.39868
  69.00000    4.36382
  69.50000    4.34192
  70.00000    4.34872
  70.50000    4.34058
  71.00000    4.30491
  71.50000    4.31453
  72.00000    4.34040
  72.50000    4.33515
  73.00000    4.33374
  73.50000    4.33446
  74.00000    4.31815
  74.50000    4.29647
  75.00000    4.27490
  75.50000    4.29851
  76.00000    4.29113
  76.50000    4.28917
  77.00000    4.29276
  77.50000    4.30810
  78.00000    4.26331
  78.50000    4.23679
  79.00000    4.27605
  79.50000    4.29243
  80.00000    4.29705
  80.50000    4.30159
  81.00000    4.27890
  81.50000    4.26752
  82.00000    4.25309
  82.50000    4.27706
  83.00000    4.23850
  83.50000    4.22997
  84.00000    4.23063
  84.50000    4.26648
  85.00000    4.26402
  85.50000    4.23830
  86.00000    4.23466
  86.50000    4.23109
  87.00000    4.23429
  87.50000    4.21499
  88.00000    4.18534
  88.50000    4.16466
  89.00000    4.17270
  89.50000    4.18936
  90.00000    4.19005
  90.50000    4.17194
  91.00000    4.16762
  91.50000    4.17635
  92.00000    4.19062
  92.50000    4.19743
  93.00000    4.19730
  93.50000    4.20153
  94.00000    4.19504
  94.50000    4.16765
  95.00000    4.14682
  95.50000    4.16360
  96.00000    4.18269
  96.50000    4.16677
  97.00000    4.15352
  97.50000    4.16632
  98.00000    4.16740
  98.50000    4.15971
  99.00000    4.14277
  99.50000    4.15465
 100.00000    4.14607
 100.50000    4.14994
 101.00000    4.14450
 101.50000    4.16225
 102.00000    4.13068
 102.50000    4.12567
 103.00000    4.11652
 103.50000    4.14098
 104.00000    4.13960
 104.50000    4.16977
 105.00000    4.18395
 105.50000    4.17619
 106.00000    4.14255
 106.50000    4.13143
 107.00000    4.15536
 107.50000    4.15654
 108.00000    4.14514
 108.50000    4.12460
 109.00000    4.14721
 109.50000    4.12827
 110.00000    4.11926
 110.50000    4.12521
 111.00000    4.13930
 111.50000    4.13806
 112.00000    4.14652
 112.50000    4.12706
 113.00000    4.11558
 113.50000    4.13670
 114.00000    4.15725
 114.50000    4.13519
 115.00000    4.13701
 115.50000    4.12711
 116.00000    4.12201
 116.50000    4.14201
 117.00000    4.16286
 117.50000    4.14723
 118.00000    4.14740
 118.50000    4.15258
 119.00000    4.16964
 119.50000    4.17625
 120.00000    4.16842
 120.50000    4.13831
 121.00000    4.14664
 121.50000    4.16060
 122.00000    4.15745
 122.50000    4.14191
 123.00000    4.16752
 123.50000    4.17688
 124.00000    4.15842
 124.50000    4.17006
 125.00000    4.18832
 125.50000    4.17776
 126.00000    4.15071
 126.50000    4.15533
 127.00000    4.16806
 127.50000    4.18254
 128.00000    4.19502
 128.50000    4.18151
 129.00000    4.18564
 129.50000    4.17530
 130.00000    4.16431
 130.50000    4.16823
 131.00000    4.18741
 131.50000    4.21369
 132.00000    4.22059
 132.50000    4.23259
 133.00000    4.19648
 133.50000    4.19624
 134.00000    4.18254
 134.50000    4.18054
 135.00000    4.17056
 135.50000    4.21664
 136.00000    4.23705
 136.50000    4.22784
 137.00000    4.23116
 137.50000    4.27787
 138.00000    4.29454
 138.50000    4.24698
 139.00000    4.21894
 139.50000    4.24356
 140.00000    4.25484
 140.50000    4.23399
 141.00000    4.24176
 141.50000    4.28222
 142.00000    4.26447
 142.50000    4.24049
 143.00000    4.25308
 143.50000    4.28206
 144.00000    4.29406
 144.50000    4.27402
 145.00000    4.29045
 145.50000    4.28300
 146.00000    4.28184
 146.50000    4.26686
 147.00000    4.31609
 147.50000    4.32519
 148.00000    4.30714
 148.50000    4.28661
 149.00000    4.32203
 149.50000    4.35401
 150.00000    4.33594
