   0.00000    1.40730
   0.50000    2.89997
   1.00000    3.27703
   1.50000    3.34680
   2.00000    3.54363
   2.50000    3.55939
   3.00000    3.52782
   3.50000    3.49327
   4.00000    3.50781
   4.50000    3.52907
   5.00000    3.54694
   5.50000    3.53522
   6.00000    3.52757
   6.50000    3.52636
   7.00000    3.54308
   7.50000    3.54719
   8.00000    3.54378
   8.50000    3.54457
   9.00000    3.56784
   9.50000    3.57061
  10.00000    3.56253
  10.50000    3.56266
  11.00000    3.57869
  11.50000    3.58028
  12.00000    3.57302
  12.50000    3.58640
  13.00000    3.60418
  13.50000    3.62006
  14.00000    3.62139
  14.50000    3.62741
  15.00000    3.63979
  15.50000    3.64770
  16.00000    3.64400
  16.50000    3.63745
  17.00000    3.65398
  17.50000    3.67321
  18.00000    3.68291
  18.50000    3.68053
  19.00000    3.68205
  19.50000    3.68362
  20.00000    3.69155
  20.50000    3.70819
  21.00000    3.71024
  21.50000    3.70668
  22.00000    3.70137
  22.50000    3.72012
  23.00000    3.73032
  23.50000    3.74743
  24.00000    3.74518
  24.50000    3.74010
  25.00000    3.72925
  25.50000    3.72857
  26.00000    3.70344
  26.50000    3.67407
  27.00000    3.64385
  27.50000    3.63377
  28.00000    3.63520
  28.50000    3.64706
  29.00000    3.66159
  29.50000    3.67167
  30.00000    3.67599
  30.50000    3.69307
  31.00000    3.73779
  31.50000    3.77646
  32.00000    3.80689
  32.50000    3.83297
  33.00000    3.86430
  33.50000    3.91699
  34.00000    3.98980
  34.50000    4.06993
  35.00000    4.12076
  35.50000    4.17466
  36.00000    4.21043
  36.50000    4.24649
  37.00000    4.27559
  37.50000    4.31238
  38.00000    4.33688
  38.50000    4.35261
  39.00000    4.38015
  39.50000    4.39535
  40.00000    4.41034
  40.50000    4.41308
  41.00000    4.43574
  41.50000    4.46285
  42.00000    4.47612
  42.50000    4.47736
  43.00000    4.48196
  43.50000    4.49818
  44.00000    4.49050
  44.50000    4.48007
  45.00000    4.47549
  45.50000    4.46830
  46.00000    4.46616
  46.50000    4.47580
  47.00000    4.47892
  47.50000    4.48579
  48.00000    4.48398
  48.50000    4.50359
  49.00000    4.51456
  49.50000    4.53060
  50.00000    4.53828
  50.50000    4.56012
  51.00000    4.56514
  51.50000    4.56896
  52.00000    4.57346
  52.50000    4.57853
  53.00000    4.57174
  53.50000    4.58806
  54.00000    4.59913
  54.50000    4.60312
  55.00000    4.59982
  55.50000    4.60227
  56.00000    4.59825
  56.50000    4.59363
  57.00000    4.59951
  57.50000    4.60871
  58.00000    4.62218
  58.50000    4.61977
  59.00000    4.60941
  59.50000    4.60361
  60.00000    4.60335
  60.50000    4.61626
  61.00000    4.61685
  61.50000    4.61241
  62.00000    4.60889
  62.50000    4.61325
  63.00000    4.60348
  63.50000    4.58830
  64.00000    4.58270
  64.50000    4.58833
  65.00000    4.59749
  65.50000    4.60514
  66.00000    4.60023
  66.50000    4.59223
  67.00000    4.59350
  67.50000    4.59123
  68.00000    4.58739
  68.50000    4.58105
  69.00000    4.58722
  69.50000    4.59126
  70.00000    4.58892
  70.50000    4.58892
  71.00000    4.58329
  71.50000    4.57368
  72.00000    4.56242
  72.50000    4.57415
  73.00000    4.58668
  73.50000    4.57832
  74.00000    4.56675
  74.50000    4.56681
  75.00000    4.56820
  75.50000    4.56019
  76.00000    4.55625
  76.50000    4.55559
  77.00000    4.55478
  77.50000    4.55811
  78.00000    4.56227
  78.50000    4.56236
  79.00000    4.55684
  79.50000    4.55464
  80.00000    4.53996
  80.50000    4.54042
  81.00000    4.53381
  81.50000    4.53962
  82.00000    4.53041
  82.50000    4.53126
  83.00000    4.52892
  83.50000    4.52745
  84.00000    4.51575
  84.50000    4.51289
  85.00000    4.52596
  85.50000    4.52315
  86.00000    4.50492
  86.50000    4.49985
  87.00000    4.50915
  87.50000    4.51303
  88.00000    4.50575
  88.50000    4.50067
  89.00000    4.49533
  89.50000    4.50447
  90.00000    4.51076
  90.50000    4.50959
  91.00000    4.49136
  91.50000    4.48635
  92.00000    4.49220
  92.50000    4.49707
  93.00000    4.48926
  93.50000    4.48864
  94.00000    4.48474
  94.50000    4.47604
  95.00000    4.47354
  95.50000    4.47596
  96.00000    4.48062
  96.50000    4.47211
  97.00000    4.46343
  97.50000    4.45405
  98.00000    4.46738
  98.50000    4.47373
  99.00000    4.47343
  99.50000    4.46632
 100.00000    4.46126
 100.50000    4.45707
 101.00000    4.45849
 101.50000    4.46718
 102.00000    4.46178
 102.50000    4.45451
 103.00000    4.43959
 103.50000    4.44267
 104.00000    4.45480
 104.50000    4.46039
 105.00000    4.45006
 105.50000    4.44437
 106.00000    4.45056
 106.50000    4.44930
 107.00000    4.45068
 107.50000    4.45789
 108.00000    4.45998
 108.50000    4.44251
 109.00000    4.43641
 109.50000    4.44451
 110.00000    4.45623
 110.50000    4.45513
 111.00000    4.44517
 111.50000    4.42923
 112.00000    4.43857
 112.50000    4.43764
 113.00000    4.42976
 113.50000    4.42223
 114.00000    4.43759
 114.50000    4.44100
 115.00000    4.43793
 115.50000    4.43215
 116.00000    4.41947
 116.50000    4.42737
 117.00000    4.43223
 117.50000    4.43751
 118.00000    4.43860
 118.50000    4.44737
 119.00000    4.43475
 119.50000    4.42646
 120.00000    4.42743
 120.50000    4.43446
 121.00000    4.43827
 121.50000    4.44065
 122.00000    4.43884
 122.50000    4.42789
 123.00000    4.42743
 123.50000    4.43216
 124.00000    4.42985
 124.50000    4.42154
 125.00000    4.42118
 125.50000    4.43066
 126.00000    4.43151
 126.50000    4.43320
 127.00000    4.43317
 127.50000    4.43037
 128.00000    4.42647
 128.50000    4.42217
 129.00000    4.41783
 129.50000    4.42598
 130.00000    4.43944
 130.50000    4.44193
 131.00000    4.43857
 131.50000    4.44263
 132.00000    4.44186
 132.50000    4.43425
 133.00000    4.42776
 133.50000    4.43654
 134.00000    4.43866
 134.50000    4.44243
 135.00000    4.43509
 135.50000    4.43976
 136.00000    4.42952
 136.50000    4.43715
 137.00000    4.44577
 137.50000    4.45615
 138.00000    4.45347
 138.50000    4.45263
 139.00000    4.45078
 139.50000    4.44652
 140.00000    4.44878
 140.50000    4.45035
 141.00000    4.45306
 141.50000    4.45282
 142.00000    4.45870
 142.50000    4.45499
 143.00000    4.44887
 143.50000    4.44666
 144.00000    4.44563
 144.50000    4.44829
 145.00000    4.45227
 145.50000    4.46343
 146.00000    4.46551
 146.50000    4.47978
 147.00000    4.47825
 147.50000    4.45781
 148.00000    4.44550
 148.50000    4.45136
 149.00000    4.45283
 149.50000    4.44581
 150.00000    4.46554
