   0.00000    1.42939
   0.50000    3.43534
   1.00000    3.69689
   1.50000    3.45978
   2.00000    3.39843
   2.50000    3.31717
   3.00000    3.23284
   3.50000    3.20770
   4.00000    3.24206
   4.50000    3.25981
   5.00000    3.28751
   5.50000    3.33900
   6.00000    3.43103
   6.50000    3.49325
   7.00000    3.55002
   7.50000    3.56608
   8.00000    3.58737
   8.50000    3.57272
   9.00000    3.59856
   9.50000    3.60396
  10.00000    3.61895
  10.50000    3.60429
  11.00000    3.59154
  11.50000    3.58147
  12.00000    3.58996
  12.50000    3.59342
  13.00000    3.57256
  13.50000    3.57648
  14.00000    3.56265
  14.50000    3.54208
  15.00000    3.53890
  15.50000    3.56518
  16.00000    3.56695
  16.50000    3.56027
  17.00000    3.53919
  17.50000    3.54624
  18.00000    3.56962
  18.50000    3.55752
  19.00000    3.53235
  19.50000    3.53774
  20.00000    3.55559
  20.50000    3.53811
  21.00000    3.55052
  21.50000    3.57044
  22.00000    3.52267
  22.50000    3.47628
  23.00000    3.45228
  23.50000    3.44319
  24.00000    3.42669
  24.50000    3.41296
  25.00000    3.39116
  25.50000    3.37966
  26.00000    3.44259
  26.50000    3.51274
  27.00000    3.56400
  27.50000    3.59250
  28.00000    3.60603
  28.50000    3.62033
  29.00000    3.64016
  29.50000    3.63432
  30.00000    3.63352
  30.50000    3.66071
  31.00000    3.66646
  31.50000    3.62599
  32.00000    3.60886
  32.50000    3.61187
  33.00000    3.57749
  33.50000    3.54486
  34.00000    3.56839
  34.50000    3.60031
  35.00000    3.63599
  35.50000    3.68243
  36.00000    3.70996
  36.50000    3.69817
  37.00000    3.68258
  37.50000    3.71570
  38.00000    3.71797
  38.50000    3.72375
  39.00000    3.71961
  39.50000    3.76276
  40.00000    3.81345
  40.50000    3.84064
  41.00000    3.81684
  41.50000    3.78776
  42.00000    3.79389
  42.50000    3.82089
  43.00000    3.84102
  43.50000    3.85800
  44.00000    3.88967
  44.50000    3.89762
  45.00000    3.91137
  45.50000    3.93487
  46.00000    3.98864
  46.50000    4.02027
  47.00000    4.04943
  47.50000    4.05852
  48.00000    4.07618
  48.50000    4.17107
  49.00000    4.27938
  49.50000    4.32005
  50.00000    4.30885
  50.50000    4.34120
  51.00000    4.38000
  51.50000    4.39426
  52.00000    4.39170
  52.50000    4.39460
  53.00000    4.38385
  53.50000    4.35673
  54.00000    4.35501
  54.50000    4.39038
  55.00000    4.44311
  55.50000    4.44799
  56.00000    4.42590
  56.50000    4.41684
  57.00000    4.41519
  57.50000    4.42988
  58.00000    4.44330
  58.50000    4.45767
  59.00000    4.44588
  59.50000    4.43186
  60.00000    4.41833
  60.50000    4.40470
  61.00000    4.39481
  61.50000    4.38397
  62.00000    4.40422
  62.50000    4.41832
  63.00000    4.42162
  63.50000    4.40487
  64.00000    4.40725
  64.50000    4.39282
  65.00000    4.36378
  65.50000    4.37571
  66.00000    4.39527
  66.50000    4.37078
  67.00000    4.31139
  67.50000    4.31000
  68.00000    4.35333
  68.50000    4.37875
  69.00000    4.34940
  69.50000    4.31909
  70.00000    4.32080
  70.50000    4.31091
  71.00000    4.27314
  71.50000    4.28472
  72.00000    4.31608
  72.50000    4.30823
  73.00000    4.29876
  73.50000    4.30275
  74.00000    4.29452
  74.50000    4.26502
  75.00000    4.24831
  75.50000    4.27309
  76.00000    4.26576
  76.50000    4.26141
  77.00000    4.27000
  77.50000    4.28637
  78.00000    4.24474
  78.50000    4.22035
  79.00000    4.25947
  79.50000    4.27992
  80.00000    4.28736
  80.50000    4.28492
  81.00000    4.25614
  81.50000    4.24539
  82.00000    4.23597
  82.50000    4.25939
  83.00000    4.21752
  83.50000    4.21188
  84.00000    4.21379
  84.50000    4.24910
  85.00000    4.24303
  85.50000    4.22535
  86.00000    4.22508
  86.50000    4.22962
  87.00000    4.22837
  87.50000    4.20291
  88.00000    4.15893
  88.50000    4.14431
  89.00000    4.16677
  89.50000    4.19209
  90.00000    4.18392
  90.50000    4.15799
  91.00000    4.15202
  91.50000    4.15883
  92.00000    4.17711
  92.50000    4.17746
  93.00000    4.17299
  93.50000    4.17579
  94.00000    4.18004
  94.50000    4.15203
  95.00000    4.12030
  95.50000    4.13639
  96.00000    4.15828
  96.50000    4.14913
  97.00000    4.13141
  97.50000    4.14569
  98.00000    4.14549
  98.50000    4.13706
  99.00000    4.12871
  99.50000    4.13899
 100.00000    4.12465
 100.50000    4.11553
 101.00000    4.11208
 101.50000    4.13905
 102.00000    4.11349
 102.50000    4.09835
 103.00000    4.08311
 103.50000    4.11066
 104.00000    4.11267
 104.50000    4.13184
 105.00000    4.14242
 105.50000    4.13552
 106.00000    4.10401
 106.50000    4.09764
 107.00000    4.12470
 107.50000    4.12718
 108.00000    4.10905
 108.50000    4.08452
 109.00000    4.09998
 109.50000    4.08084
 110.00000    4.08116
 110.50000    4.08941
 111.00000    4.10111
 111.50000    4.09758
 112.00000    4.11114
 112.50000    4.09091
 113.00000    4.08444
 113.50000    4.09896
 114.00000    4.11828
 114.50000    4.10371
 115.00000    4.11317
 115.50000    4.09654
 116.00000    4.07536
 116.50000    4.09117
 117.00000    4.11967
 117.50000    4.10326
 118.00000    4.09704
 118.50000    4.10426
 119.00000    4.12058
 119.50000    4.12075
 120.00000    4.11736
 120.50000    4.10000
 121.00000    4.10788
 121.50000    4.12667
 122.00000    4.12270
 122.50000    4.09963
 123.00000    4.12056
 123.50000    4.13792
 124.00000    4.12795
 124.50000    4.12717
 125.00000    4.13960
 125.50000    4.12697
 126.00000    4.10685
 126.50000    4.10284
 127.00000    4.10642
 127.50000    4.11247
 128.00000    4.13667
 128.50000    4.13050
 129.00000    4.13248
 129.50000    4.10956
 130.00000    4.10255
 130.50000    4.11790
 131.00000    4.14174
 131.50000    4.15941
 132.00000    4.15297
 132.50000    4.17521
 133.00000    4.14548
 133.50000    4.14964
 134.00000    4.12289
 134.50000    4.11797
 135.00000    4.10461
 135.50000    4.14734
 136.00000    4.17141
 136.50000    4.15928
 137.00000    4.17469
 137.50000    4.22083
 138.00000    4.25058
 138.50000    4.18309
 139.00000    4.14875
 139.50000    4.16618
 140.00000    4.19028
 140.50000    4.17030
 141.00000    4.19044
 141.50000    4.22735
 142.00000    4.20117
 142.50000    4.16552
 143.00000    4.19447
 143.50000    4.22173
 144.00000    4.23288
 144.50000    4.20799
 145.00000    4.22366
 145.50000    4.20863
 146.00000    4.21645
 146.50000    4.20472
 147.00000    4.24574
 147.50000    4.25850
 148.00000    4.24658
 148.50000    4.22542
 149.00000    4.25283
 149.50000    4.28700
 150.00000    4.25588
