   0.00000    1.40355
   0.50000    3.19673
   1.00000    3.48954
   1.50000    3.34886
   2.00000    3.35598
   2.50000    3.31148
   3.00000    3.26688
   3.50000    3.24546
   4.00000    3.25692
   4.50000    3.24526
   5.00000    3.27553
   5.50000    3.32550
   6.00000    3.41037
   6.50000    3.45507
   7.00000    3.51442
   7.50000    3.53829
   8.00000    3.56180
   8.50000    3.53471
   9.00000    3.55515
   9.50000    3.56615
  10.00000    3.58116
  10.50000    3.57167
  11.00000    3.57517
  11.50000    3.56382
  12.00000    3.55844
  12.50000    3.56625
  13.00000    3.54940
  13.50000    3.54770
  14.00000    3.53679
  14.50000    3.53264
  15.00000    3.53456
  15.50000    3.56223
  16.00000    3.55499
  16.50000    3.54894
  17.00000    3.54348
  17.50000    3.55873
  18.00000    3.57212
  18.50000    3.56417
  19.00000    3.53441
  19.50000    3.53700
  20.00000    3.55602
  20.50000    3.55558
  21.00000    3.55451
  21.50000    3.57715
  22.00000    3.53999
  22.50000    3.50499
  23.00000    3.47588
  23.50000    3.46513
  24.00000    3.45087
  24.50000    3.44262
  25.00000    3.40952
  25.50000    3.37862
  26.00000    3.42960
  26.50000    3.51135
  27.00000    3.57953
  27.50000    3.60421
  28.00000    3.61625
  28.50000    3.62130
  29.00000    3.64727
  29.50000    3.63356
  30.00000    3.62213
  30.50000    3.64003
  31.00000    3.65398
  31.50000    3.64097
  32.00000    3.64448
  32.50000    3.66026
  33.00000    3.61577
  33.50000    3.57588
  34.00000    3.59603
  34.50000    3.63390
  35.00000    3.66456
  35.50000    3.71564
  36.00000    3.71999
  36.50000    3.68131
  37.00000    3.65780
  37.50000    3.69532
  38.00000    3.68437
  38.50000    3.65480
  39.00000    3.64175
  39.50000    3.67534
  40.00000    3.72007
  40.50000    3.71967
  41.00000    3.68470
  41.50000    3.64905
  42.00000    3.65868
  42.50000    3.67210
  43.00000    3.68982
  43.50000    3.70026
  44.00000    3.72677
  44.50000    3.72487
  45.00000    3.74729
  45.50000    3.77535
  46.00000    3.82633
  46.50000    3.85138
  47.00000    3.87771
  47.50000    3.89675
  48.00000    3.92240
  48.50000    4.01826
  49.00000    4.13220
  49.50000    4.16911
  50.00000    4.16718
  50.50000    4.20626
  51.00000    4.26076
  51.50000    4.27767
  52.00000    4.28847
  52.50000    4.30968
  53.00000    4.31160
  53.50000    4.28893
  54.00000    4.28102
  54.50000    4.31790
  55.00000    4.37387
  55.50000    4.37829
  56.00000    4.35590
  56.50000    4.34798
  57.00000    4.36248
  57.50000    4.38662
  58.00000    4.39778
  58.50000    4.40546
  59.00000    4.40232
  59.50000    4.39776
  60.00000    4.38987
  60.50000    4.37783
  61.00000    4.36586
  61.50000    4.35440
  62.00000    4.37754
  62.50000    4.40046
  63.00000    4.42036
  63.50000    4.40405
  64.00000    4.39869
  64.50000    4.37867
  65.00000    4.35831
  65.50000    4.37197
  66.00000    4.39010
  66.50000    4.36337
  67.00000    4.30578
  67.50000    4.29766
  68.00000    4.34559
  68.50000    4.37856
  69.00000    4.35787
  69.50000    4.32657
  70.00000    4.32274
  70.50000    4.32154
  71.00000    4.29391
  71.50000    4.30879
  72.00000    4.32839
  72.50000    4.32419
  73.00000    4.32590
  73.50000    4.32935
  74.00000    4.31430
  74.50000    4.28443
  75.00000    4.27214
  75.50000    4.28993
  76.00000    4.27149
  76.50000    4.26973
  77.00000    4.28970
  77.50000    4.31126
  78.00000    4.27050
  78.50000    4.25052
  79.00000    4.29290
  79.50000    4.31463
  80.00000    4.31981
  80.50000    4.31882
  81.00000    4.29007
  81.50000    4.27944
  82.00000    4.26274
  82.50000    4.28231
  83.00000    4.24221
  83.50000    4.23557
  84.00000    4.24063
  84.50000    4.28527
  85.00000    4.28973
  85.50000    4.27833
  86.00000    4.27225
  86.50000    4.27191
  87.00000    4.25879
  87.50000    4.22965
  88.00000    4.18337
  88.50000    4.18045
  89.00000    4.20985
  89.50000    4.23029
  90.00000    4.21519
  90.50000    4.18866
  91.00000    4.18114
  91.50000    4.19039
  92.00000    4.21185
  92.50000    4.21511
  93.00000    4.20092
  93.50000    4.19928
  94.00000    4.21124
  94.50000    4.18209
  95.00000    4.15592
  95.50000    4.16986
  96.00000    4.19041
  96.50000    4.17974
  97.00000    4.17267
  97.50000    4.18781
  98.00000    4.17682
  98.50000    4.16260
  99.00000    4.14939
  99.50000    4.17068
 100.00000    4.16638
 100.50000    4.15456
 101.00000    4.14700
 101.50000    4.17116
 102.00000    4.14361
 102.50000    4.12367
 103.00000    4.10711
 103.50000    4.13229
 104.00000    4.13044
 104.50000    4.15258
 105.00000    4.15953
 105.50000    4.16583
 106.00000    4.13526
 106.50000    4.11822
 107.00000    4.13992
 107.50000    4.15380
 108.00000    4.13490
 108.50000    4.09877
 109.00000    4.11274
 109.50000    4.09965
 110.00000    4.10677
 110.50000    4.11754
 111.00000    4.12301
 111.50000    4.11190
 112.00000    4.12982
 112.50000    4.11202
 113.00000    4.10696
 113.50000    4.11834
 114.00000    4.13748
 114.50000    4.12773
 115.00000    4.13371
 115.50000    4.10422
 116.00000    4.07145
 116.50000    4.09740
 117.00000    4.12977
 117.50000    4.10969
 118.00000    4.10538
 118.50000    4.10710
 119.00000    4.12074
 119.50000    4.12253
 120.00000    4.13549
 120.50000    4.12077
 121.00000    4.12472
 121.50000    4.13057
 122.00000    4.12355
 122.50000    4.10614
 123.00000    4.12846
 123.50000    4.13987
 124.00000    4.13148
 124.50000    4.13214
 125.00000    4.14581
 125.50000    4.12625
 126.00000    4.09759
 126.50000    4.09221
 127.00000    4.10740
 127.50000    4.11202
 128.00000    4.13441
 128.50000    4.11929
 129.00000    4.12316
 129.50000    4.09746
 130.00000    4.09898
 130.50000    4.11867
 131.00000    4.13824
 131.50000    4.14252
 132.00000    4.13254
 132.50000    4.16703
 133.00000    4.13982
 133.50000    4.14516
 134.00000    4.11708
 134.50000    4.11160
 135.00000    4.08628
 135.50000    4.12829
 136.00000    4.14961
 136.50000    4.14380
 137.00000    4.15885
 137.50000    4.20386
 138.00000    4.23658
 138.50000    4.17479
 139.00000    4.14033
 139.50000    4.16621
 140.00000    4.19496
 140.50000    4.17243
 141.00000    4.18681
 141.50000    4.21104
 142.00000    4.17727
 142.50000    4.14311
 143.00000    4.18334
 143.50000    4.19620
 144.00000    4.20378
 144.50000    4.18611
 145.00000    4.20633
 145.50000    4.19306
 146.00000    4.20432
 146.50000    4.19065
 147.00000    4.22190
 147.50000    4.22795
 148.00000    4.22070
 148.50000    4.19808
 149.00000    4.23291
 149.50000    4.27540
 150.00000    4.25142
