   0.00000    1.37136
   0.50000    1.60887
   1.00000    2.12563
   1.50000    2.55187
   2.00000    2.77947
   2.50000    2.89568
   3.00000    3.04473
   3.50000    3.17938
   4.00000    3.26929
   4.50000    3.26965
   5.00000    3.25044
   5.50000    3.24380
   6.00000    3.25638
   6.50000    3.26390
   7.00000    3.28198
   7.50000    3.29284
   8.00000    3.30927
   8.50000    3.32899
   9.00000    3.34554
   9.50000    3.35400
  10.00000    3.36554
  10.50000    3.38149
  11.00000    3.39537
  11.50000    3.41282
  12.00000    3.42958
  12.50000    3.44198
  13.00000    3.45418
  13.50000    3.46776
  14.00000    3.48427
  14.50000    3.50402
  15.00000    3.51698
  15.50000    3.52796
  16.00000    3.53947
  16.50000    3.55873
  17.00000    3.57506
  17.50000    3.59311
  18.00000    3.60845
  18.50000    3.61949
  19.00000    3.62966
  19.50000    3.64410
  20.00000    3.65925
  20.50000    3.67252
  21.00000    3.68730
  21.50000    3.70070
  22.00000    3.72002
  22.50000    3.73799
  23.00000    3.74971
  23.50000    3.75718
  24.00000    3.76998
  24.50000    3.78350
  25.00000    3.78642
  25.50000    3.79091
  26.00000    3.79669
  26.50000    3.80074
  27.00000    3.79989
  27.50000    3.79436
  28.00000    3.80401
  28.50000    3.81530
  29.00000    3.83488
  29.50000    3.84865
  30.00000    3.87655
  30.50000    3.90242
  31.00000    3.93171
  31.50000    3.96027
  32.00000    3.98865
  32.50000    4.01713
  33.00000    4.04629
  33.50000    4.07173
  34.00000    4.08063
  34.50000    4.08064
  35.00000    4.08417
  35.50000    4.08895
  36.00000    4.08912
  36.50000    4.09337
  37.00000    4.10226
  37.50000    4.10944
  38.00000    4.11015
  38.50000    4.10766
  39.00000    4.11420
  39.50000    4.12437
  40.00000    4.12894
  40.50000    4.11541
  41.00000    4.11438
  41.50000    4.12767
  42.00000    4.14124
  42.50000    4.14714
  43.00000    4.15912
  43.50000    4.17749
  44.00000    4.19265
  44.50000    4.20352
  45.00000    4.21907
  45.50000    4.23869
  46.00000    4.25744
  46.50000    4.27124
  47.00000    4.28520
  47.50000    4.29278
  48.00000    4.31008
  48.50000    4.32541
  49.00000    4.34626
  49.50000    4.34951
  50.00000    4.34652
  50.50000    4.33710
  51.00000    4.33701
  51.50000    4.34402
  52.00000    4.35054
  52.50000    4.36371
  53.00000    4.37370
  53.50000    4.38888
  54.00000    4.39820
  54.50000    4.40762
  55.00000    4.41377
  55.50000    4.42486
  56.00000    4.43855
  56.50000    4.44158
  57.00000    4.44146
  57.50000    4.44534
  58.00000    4.45505
  58.50000    4.46019
  59.00000    4.46536
  59.50000    4.46032
  60.00000    4.45882
  60.50000    4.46903
  61.00000    4.48465
  61.50000    4.48834
  62.00000    4.49597
  62.50000    4.50267
  63.00000    4.50465
  63.50000    4.50628
  64.00000    4.51657
  64.50000    4.52809
  65.00000    4.53424
  65.50000    4.53536
  66.00000    4.53652
  66.50000    4.54471
  67.00000    4.54814
  67.50000    4.55137
  68.00000    4.55034
  68.50000    4.56157
  69.00000    4.57057
  69.50000    4.57953
  70.00000    4.58232
  70.50000    4.58374
  71.00000    4.58310
  71.50000    4.58812
  72.00000    4.59607
  72.50000    4.60156
  73.00000    4.60532
  73.50000    4.61529
  74.00000    4.61311
  74.50000    4.60592
  75.00000    4.61127
  75.50000    4.63196
  76.00000    4.64015
  76.50000    4.63376
  77.00000    4.62809
  77.50000    4.63408
  78.00000    4.64773
  78.50000    4.65612
  79.00000    4.65006
  79.50000    4.64355
  80.00000    4.64750
  80.50000    4.65590
  81.00000    4.66592
  81.50000    4.67068
  82.00000    4.67194
  82.50000    4.66935
  83.00000    4.66852
  83.50000    4.67742
  84.00000    4.68420
  84.50000    4.68336
  85.00000    4.67992
  85.50000    4.68866
  86.00000    4.69493
  86.50000    4.69400
  87.00000    4.68933
  87.50000    4.69043
  88.00000    4.69729
  88.50000    4.70827
  89.00000    4.70898
  89.50000    4.70974
  90.00000    4.70931
  90.50000    4.71094
  91.00000    4.71355
  91.50000    4.71358
  92.00000    4.71771
  92.50000    4.71710
  93.00000    4.72645
  93.50000    4.72441
  94.00000    4.72704
  94.50000    4.72301
  95.00000    4.72240
  95.50000    4.72332
  96.00000    4.72412
  96.50000    4.72512
  97.00000    4.72632
  97.50000    4.73198
  98.00000    4.73041
  98.50000    4.72471
  99.00000    4.72550
  99.50000    4.72830
 100.00000    4.72668
 100.50000    4.71833
 101.00000    4.72441
 101.50000    4.73471
 102.00000    4.73660
 102.50000    4.73204
 103.00000    4.73578
 103.50000    4.74109
 104.00000    4.73373
 104.50000    4.73079
 105.00000    4.73363
 105.50000    4.73314
 106.00000    4.73106
 106.50000    4.72803
 107.00000    4.72600
 107.50000    4.73258
 108.00000    4.73582
 108.50000    4.74354
 109.00000    4.73598
 109.50000    4.73689
 110.00000    4.73011
 110.50000    4.73782
 111.00000    4.73489
 111.50000    4.73680
 112.00000    4.73319
 112.50000    4.73155
 113.00000    4.72942
 113.50000    4.73342
 114.00000    4.72914
 114.50000    4.72395
 115.00000    4.72797
 115.50000    4.72828
 116.00000    4.72775
 116.50000    4.72777
 117.00000    4.72963
 117.50000    4.72478
 118.00000    4.72433
 118.50000    4.72285
 119.00000    4.72856
 119.50000    4.72095
 120.00000    4.72127
 120.50000    4.71914
 121.00000    4.72599
 121.50000    4.72138
 122.00000    4.71185
 122.50000    4.71035
 123.00000    4.71048
 123.50000    4.71385
 124.00000    4.70564
 124.50000    4.70673
 125.00000    4.70964
 125.50000    4.70755
 126.00000    4.70071
 126.50000    4.69964
 127.00000    4.70040
 127.50000    4.70058
 128.00000    4.70286
 128.50000    4.70112
 129.00000    4.69135
 129.50000    4.68567
 130.00000    4.69127
 130.50000    4.69288
 131.00000    4.69526
 131.50000    4.69188
 132.00000    4.69246
 132.50000    4.69188
 133.00000    4.69145
 133.50000    4.68534
 134.00000    4.67979
 134.50000    4.67994
 135.00000    4.67519
 135.50000    4.67344
 136.00000    4.67821
 136.50000    4.67587
 137.00000    4.66883
 137.50000    4.66015
 138.00000    4.66722
 138.50000    4.66756
 139.00000    4.66272
 139.50000    4.66001
 140.00000    4.66226
 140.50000    4.66475
 141.00000    4.66014
 141.50000    4.66588
 142.00000    4.66676
 142.50000    4.66032
 143.00000    4.64858
 143.50000    4.64731
 144.00000    4.65417
 144.50000    4.65539
 145.00000    4.64935
 145.50000    4.64235
 146.00000    4.64708
 146.50000    4.65209
 147.00000    4.64361
 147.50000    4.63716
 148.00000    4.63892
 148.50000    4.64563
 149.00000    4.63863
 149.50000    4.63213
 150.00000    4.62646
