   0.00000    1.44857
   0.50000    2.92298
   1.00000    3.16203
   1.50000    3.10610
   2.00000    3.22730
   2.50000    3.27645
   3.00000    3.29718
   3.50000    3.32458
   4.00000    3.35471
   4.50000    3.38885
   5.00000    3.41458
   5.50000    3.42527
   6.00000    3.43934
   6.50000    3.45717
   7.00000    3.47667
   7.50000    3.48363
   8.00000    3.49059
   8.50000    3.49855
   9.00000    3.51115
   9.50000    3.52387
  10.00000    3.53971
  10.50000    3.55633
  11.00000    3.56579
  11.50000    3.56843
  12.00000    3.56922
  12.50000    3.56734
  13.00000    3.57699
  13.50000    3.59856
  14.00000    3.60976
  14.50000    3.60867
  15.00000    3.61263
  15.50000    3.63124
  16.00000    3.64333
  16.50000    3.65185
  17.00000    3.65734
  17.50000    3.67653
  18.00000    3.68492
  18.50000    3.68849
  19.00000    3.68445
  19.50000    3.68845
  20.00000    3.68833
  20.50000    3.69935
  21.00000    3.69938
  21.50000    3.70756
  22.00000    3.71573
  22.50000    3.73284
  23.00000    3.74278
  23.50000    3.75393
  24.00000    3.75044
  24.50000    3.74154
  25.00000    3.74567
  25.50000    3.76883
  26.00000    3.78991
  26.50000    3.79414
  27.00000    3.79626
  27.50000    3.82889
  28.00000    3.87609
  28.50000    3.93386
  29.00000    3.98766
  29.50000    4.02409
  30.00000    4.02648
  30.50000    4.03222
  31.00000    4.06403
  31.50000    4.09697
  32.00000    4.11775
  32.50000    4.13361
  33.00000    4.14832
  33.50000    4.16004
  34.00000    4.18134
  34.50000    4.21371
  35.00000    4.22918
  35.50000    4.23913
  36.00000    4.25837
  36.50000    4.28429
  37.00000    4.28986
  37.50000    4.29093
  38.00000    4.31116
  38.50000    4.34038
  39.00000    4.35720
  39.50000    4.35891
  40.00000    4.36891
  40.50000    4.37508
  41.00000    4.38702
  41.50000    4.39499
  42.00000    4.41243
  42.50000    4.42416
  43.00000    4.43546
  43.50000    4.44618
  44.00000    4.45231
  44.50000    4.46044
  45.00000    4.46192
  45.50000    4.45855
  46.00000    4.44850
  46.50000    4.45535
  47.00000    4.46830
  47.50000    4.47864
  48.00000    4.48505
  48.50000    4.47813
  49.00000    4.47256
  49.50000    4.47607
  50.00000    4.49304
  50.50000    4.48855
  51.00000    4.48686
  51.50000    4.48642
  52.00000    4.49564
  52.50000    4.50141
  53.00000    4.51887
  53.50000    4.52539
  54.00000    4.51943
  54.50000    4.52166
  55.00000    4.52768
  55.50000    4.52038
  56.00000    4.50694
  56.50000    4.51114
  57.00000    4.52055
  57.50000    4.52086
  58.00000    4.51699
  58.50000    4.52053
  59.00000    4.52411
  59.50000    4.52201
  60.00000    4.52203
  60.50000    4.52147
  61.00000    4.52048
  61.50000    4.51859
  62.00000    4.52499
  62.50000    4.53273
  63.00000    4.52772
  63.50000    4.51433
  64.00000    4.51784
  64.50000    4.52546
  65.00000    4.52257
  65.50000    4.51505
  66.00000    4.51821
  66.50000    4.51764
  67.00000    4.51622
  67.50000    4.51511
  68.00000    4.50449
  68.50000    4.49259
  69.00000    4.48847
  69.50000    4.48673
  70.00000    4.48641
  70.50000    4.47973
  71.00000    4.48145
  71.50000    4.48676
  72.00000    4.48822
  72.50000    4.47519
  73.00000    4.46612
  73.50000    4.46573
  74.00000    4.47059
  74.50000    4.46788
  75.00000    4.45788
  75.50000    4.44696
  76.00000    4.44335
  76.50000    4.44891
  77.00000    4.44255
  77.50000    4.43801
  78.00000    4.43299
  78.50000    4.43277
  79.00000    4.41947
  79.50000    4.41309
  80.00000    4.41566
  80.50000    4.42111
  81.00000    4.41072
  81.50000    4.40976
  82.00000    4.40297
  82.50000    4.39760
  83.00000    4.38629
  83.50000    4.38730
  84.00000    4.38777
  84.50000    4.39039
  85.00000    4.38492
  85.50000    4.37820
  86.00000    4.36812
  86.50000    4.36597
  87.00000    4.36652
  87.50000    4.36881
  88.00000    4.36492
  88.50000    4.35374
  89.00000    4.34936
  89.50000    4.34677
  90.00000    4.34270
  90.50000    4.33730
  91.00000    4.33859
  91.50000    4.33399
  92.00000    4.32440
  92.50000    4.31967
  93.00000    4.32632
  93.50000    4.32289
  94.00000    4.32265
  94.50000    4.31274
  95.00000    4.30261
  95.50000    4.29821
  96.00000    4.29720
  96.50000    4.29914
  97.00000    4.29512
  97.50000    4.29340
  98.00000    4.27530
  98.50000    4.27664
  99.00000    4.27559
  99.50000    4.27972
 100.00000    4.27997
 100.50000    4.29569
 101.00000    4.27944
 101.50000    4.27548
 102.00000    4.26494
 102.50000    4.26710
 103.00000    4.25742
 103.50000    4.26785
 104.00000    4.25786
 104.50000    4.25031
 105.00000    4.24452
 105.50000    4.25304
 106.00000    4.25511
 106.50000    4.24497
 107.00000    4.22628
 107.50000    4.23164
 108.00000    4.24375
 108.50000    4.24911
 109.00000    4.23504
 109.50000    4.22203
 110.00000    4.21545
 110.50000    4.22234
 111.00000    4.22950
 111.50000    4.22581
 112.00000    4.22385
 112.50000    4.22116
 113.00000    4.22318
 113.50000    4.22028
 114.00000    4.21947
 114.50000    4.22138
 115.00000    4.21913
 115.50000    4.20813
 116.00000    4.20033
 116.50000    4.20407
 117.00000    4.20279
 117.50000    4.20640
 118.00000    4.20731
 118.50000    4.20698
 119.00000    4.20049
 119.50000    4.20555
 120.00000    4.20376
 120.50000    4.20117
 121.00000    4.20344
 121.50000    4.20328
 122.00000    4.20251
 122.50000    4.20533
 123.00000    4.20215
 123.50000    4.19020
 124.00000    4.18853
 124.50000    4.19493
 125.00000    4.20120
 125.50000    4.20211
 126.00000    4.19749
 126.50000    4.18670
 127.00000    4.18635
 127.50000    4.19535
 128.00000    4.19723
 128.50000    4.20031
 129.00000    4.20113
 129.50000    4.20849
 130.00000    4.19863
 130.50000    4.19497
 131.00000    4.19943
 131.50000    4.21117
 132.00000    4.21111
 132.50000    4.20729
 133.00000    4.20606
 133.50000    4.19539
 134.00000    4.19801
 134.50000    4.20665
 135.00000    4.21327
 135.50000    4.20051
 136.00000    4.19799
 136.50000    4.20155
 137.00000    4.20275
 137.50000    4.20302
 138.00000    4.20737
 138.50000    4.21121
 139.00000    4.21270
 139.50000    4.20732
 140.00000    4.20505
 140.50000    4.20884
 141.00000    4.21739
 141.50000    4.22165
 142.00000    4.21493
 142.50000    4.22015
 143.00000    4.22282
 143.50000    4.22046
 144.00000    4.21158
 144.50000    4.21491
 145.00000    4.21824
 145.50000    4.22469
 146.00000    4.23217
 146.50000    4.23683
 147.00000    4.23522
 147.50000    4.24395
 148.00000    4.24534
 148.50000    4.23849
 149.00000    4.23058
 149.50000    4.22974
 150.00000    4.22824
