   0.00000    1.42112
   0.50000    3.14647
   1.00000    3.37173
   1.50000    3.23557
   2.00000    3.31954
   2.50000    3.33117
   3.00000    3.33017
   3.50000    3.35448
   4.00000    3.39420
   4.50000    3.43222
   5.00000    3.45760
   5.50000    3.46490
   6.00000    3.47459
   6.50000    3.49027
   7.00000    3.50306
   7.50000    3.50772
   8.00000    3.51245
   8.50000    3.52465
   9.00000    3.53723
   9.50000    3.54221
  10.00000    3.54607
  10.50000    3.55815
  11.00000    3.57060
  11.50000    3.57591
  12.00000    3.57081
  12.50000    3.56816
  13.00000    3.57673
  13.50000    3.59932
  14.00000    3.60356
  14.50000    3.59429
  15.00000    3.60115
  15.50000    3.61842
  16.00000    3.63269
  16.50000    3.63572
  17.00000    3.64069
  17.50000    3.64785
  18.00000    3.64545
  18.50000    3.64302
  19.00000    3.64514
  19.50000    3.65395
  20.00000    3.65438
  20.50000    3.66215
  21.00000    3.66157
  21.50000    3.66276
  22.00000    3.66925
  22.50000    3.69650
  23.00000    3.70556
  23.50000    3.70463
  24.00000    3.70223
  24.50000    3.70290
  25.00000    3.71010
  25.50000    3.73563
  26.00000    3.75694
  26.50000    3.76933
  27.00000    3.77923
  27.50000    3.82378
  28.00000    3.88213
  28.50000    3.95769
  29.00000    4.02301
  29.50000    4.06256
  30.00000    4.07564
  30.50000    4.08316
  31.00000    4.11469
  31.50000    4.14671
  32.00000    4.16786
  32.50000    4.18568
  33.00000    4.21029
  33.50000    4.23473
  34.00000    4.26512
  34.50000    4.31100
  35.00000    4.34367
  35.50000    4.36350
  36.00000    4.38692
  36.50000    4.41406
  37.00000    4.42160
  37.50000    4.42069
  38.00000    4.43378
  38.50000    4.45445
  39.00000    4.46638
  39.50000    4.46638
  40.00000    4.46992
  40.50000    4.46199
  41.00000    4.47595
  41.50000    4.49569
  42.00000    4.51800
  42.50000    4.51370
  43.00000    4.51258
  43.50000    4.52038
  44.00000    4.52417
  44.50000    4.52419
  45.00000    4.51370
  45.50000    4.50824
  46.00000    4.49552
  46.50000    4.49908
  47.00000    4.51260
  47.50000    4.51559
  48.00000    4.51269
  48.50000    4.50270
  49.00000    4.50382
  49.50000    4.50463
  50.00000    4.51599
  50.50000    4.51539
  51.00000    4.51534
  51.50000    4.51315
  52.00000    4.50897
  52.50000    4.50828
  53.00000    4.51998
  53.50000    4.52036
  54.00000    4.50911
  54.50000    4.50331
  55.00000    4.52023
  55.50000    4.51375
  56.00000    4.49586
  56.50000    4.49500
  57.00000    4.50084
  57.50000    4.50099
  58.00000    4.49246
  58.50000    4.50509
  59.00000    4.50315
  59.50000    4.50413
  60.00000    4.49942
  60.50000    4.49366
  61.00000    4.49052
  61.50000    4.48532
  62.00000    4.49437
  62.50000    4.49826
  63.00000    4.49701
  63.50000    4.47712
  64.00000    4.47378
  64.50000    4.47937
  65.00000    4.47901
  65.50000    4.47489
  66.00000    4.46938
  66.50000    4.46876
  67.00000    4.46665
  67.50000    4.47477
  68.00000    4.47137
  68.50000    4.45819
  69.00000    4.44161
  69.50000    4.42933
  70.00000    4.43177
  70.50000    4.43826
  71.00000    4.44182
  71.50000    4.44302
  72.00000    4.44264
  72.50000    4.42997
  73.00000    4.42135
  73.50000    4.41912
  74.00000    4.42685
  74.50000    4.42525
  75.00000    4.42089
  75.50000    4.40285
  76.00000    4.40278
  76.50000    4.41065
  77.00000    4.40288
  77.50000    4.38954
  78.00000    4.38993
  78.50000    4.39439
  79.00000    4.38196
  79.50000    4.37249
  80.00000    4.37401
  80.50000    4.37575
  81.00000    4.36914
  81.50000    4.36193
  82.00000    4.36170
  82.50000    4.35358
  83.00000    4.35366
  83.50000    4.34689
  84.00000    4.34696
  84.50000    4.34747
  85.00000    4.34302
  85.50000    4.33290
  86.00000    4.32386
  86.50000    4.33165
  87.00000    4.33957
  87.50000    4.34292
  88.00000    4.33262
  88.50000    4.31529
  89.00000    4.30653
  89.50000    4.30691
  90.00000    4.30982
  90.50000    4.31120
  91.00000    4.30947
  91.50000    4.31080
  92.00000    4.30209
  92.50000    4.29204
  93.00000    4.29459
  93.50000    4.29685
  94.00000    4.30232
  94.50000    4.29321
  95.00000    4.28207
  95.50000    4.26881
  96.00000    4.27431
  96.50000    4.28391
  97.00000    4.28776
  97.50000    4.27975
  98.00000    4.26507
  98.50000    4.26388
  99.00000    4.26477
  99.50000    4.26698
 100.00000    4.26639
 100.50000    4.27266
 101.00000    4.26791
 101.50000    4.26233
 102.00000    4.25065
 102.50000    4.24654
 103.00000    4.25116
 103.50000    4.25490
 104.00000    4.25152
 104.50000    4.24742
 105.00000    4.24602
 105.50000    4.24995
 106.00000    4.25098
 106.50000    4.24350
 107.00000    4.22770
 107.50000    4.23538
 108.00000    4.24485
 108.50000    4.25653
 109.00000    4.24377
 109.50000    4.23018
 110.00000    4.22114
 110.50000    4.23046
 111.00000    4.23388
 111.50000    4.23555
 112.00000    4.24096
 112.50000    4.24273
 113.00000    4.23375
 113.50000    4.23234
 114.00000    4.23492
 114.50000    4.23787
 115.00000    4.22637
 115.50000    4.21498
 116.00000    4.20738
 116.50000    4.21216
 117.00000    4.21358
 117.50000    4.21774
 118.00000    4.22226
 118.50000    4.22862
 119.00000    4.22439
 119.50000    4.22082
 120.00000    4.21881
 120.50000    4.22779
 121.00000    4.23485
 121.50000    4.22661
 122.00000    4.22113
 122.50000    4.22370
 123.00000    4.22689
 123.50000    4.22732
 124.00000    4.22807
 124.50000    4.22651
 125.00000    4.22437
 125.50000    4.22925
 126.00000    4.23010
 126.50000    4.21883
 127.00000    4.22087
 127.50000    4.22988
 128.00000    4.23673
 128.50000    4.22990
 129.00000    4.23374
 129.50000    4.24008
 130.00000    4.23610
 130.50000    4.22762
 131.00000    4.23269
 131.50000    4.24070
 132.00000    4.24683
 132.50000    4.24483
 133.00000    4.24147
 133.50000    4.23443
 134.00000    4.23690
 134.50000    4.23920
 135.00000    4.24148
 135.50000    4.23607
 136.00000    4.23690
 136.50000    4.24282
 137.00000    4.24907
 137.50000    4.24659
 138.00000    4.24432
 138.50000    4.24859
 139.00000    4.24840
 139.50000    4.24427
 140.00000    4.24133
 140.50000    4.25071
 141.00000    4.25828
 141.50000    4.25826
 142.00000    4.24777
 142.50000    4.25357
 143.00000    4.26899
 143.50000    4.26987
 144.00000    4.25889
 144.50000    4.25488
 145.00000    4.25855
 145.50000    4.27053
 146.00000    4.28217
 146.50000    4.28854
 147.00000    4.28331
 147.50000    4.28841
 148.00000    4.29140
 148.50000    4.28280
 149.00000    4.28114
 149.50000    4.28545
 150.00000    4.28638
