   0.00000    1.52363
   0.50000    2.87217
   1.00000    3.13577
   1.50000    3.09877
   2.00000    3.14932
   2.50000    3.13963
   3.00000    3.06592
   3.50000    3.03561
   4.00000    3.05243
   4.50000    3.05284
   5.00000    3.08444
   5.50000    3.15795
   6.00000    3.25373
   6.50000    3.32895
   7.00000    3.41341
   7.50000    3.45185
   8.00000    3.46299
   8.50000    3.45591
   9.00000    3.47571
   9.50000    3.49091
  10.00000    3.51095
  10.50000    3.50938
  11.00000    3.48899
  11.50000    3.47736
  12.00000    3.48936
  12.50000    3.50983
  13.00000    3.49875
  13.50000    3.50123
  14.00000    3.48711
  14.50000    3.48022
  15.00000    3.48437
  15.50000    3.50121
  16.00000    3.49598
  16.50000    3.49537
  17.00000    3.49720
  17.50000    3.50608
  18.00000    3.52324
  18.50000    3.49159
  19.00000    3.47655
  19.50000    3.49835
  20.00000    3.52720
  20.50000    3.50522
  21.00000    3.49817
  21.50000    3.53006
  22.00000    3.49581
  22.50000    3.47621
  23.00000    3.45174
  23.50000    3.44340
  24.00000    3.43370
  24.50000    3.43994
  25.00000    3.45138
  25.50000    3.43934
  26.00000    3.50020
  26.50000    3.55983
  27.00000    3.61552
  27.50000    3.64006
  28.00000    3.66366
  28.50000    3.67035
  29.00000    3.68161
  29.50000    3.66482
  30.00000    3.64020
  30.50000    3.63572
  31.00000    3.64172
  31.50000    3.62080
  32.00000    3.60255
  32.50000    3.59700
  33.00000    3.55564
  33.50000    3.50081
  34.00000    3.48571
  34.50000    3.49474
  35.00000    3.51428
  35.50000    3.57042
  36.00000    3.60838
  36.50000    3.59449
  37.00000    3.56292
  37.50000    3.58517
  38.00000    3.59704
  38.50000    3.59939
  39.00000    3.61408
  39.50000    3.65314
  40.00000    3.70580
  40.50000    3.72379
  41.00000    3.71382
  41.50000    3.70524
  42.00000    3.73955
  42.50000    3.77391
  43.00000    3.79874
  43.50000    3.82891
  44.00000    3.89325
  44.50000    3.91276
  45.00000    3.94075
  45.50000    3.96358
  46.00000    4.02437
  46.50000    4.03998
  47.00000    4.06938
  47.50000    4.08167
  48.00000    4.10027
  48.50000    4.18125
  49.00000    4.30507
  49.50000    4.35773
  50.00000    4.33906
  50.50000    4.34504
  51.00000    4.37463
  51.50000    4.38141
  52.00000    4.36990
  52.50000    4.37893
  53.00000    4.37947
  53.50000    4.35471
  54.00000    4.33659
  54.50000    4.35601
  55.00000    4.40654
  55.50000    4.41941
  56.00000    4.42236
  56.50000    4.40348
  57.00000    4.39922
  57.50000    4.41154
  58.00000    4.43316
  58.50000    4.44135
  59.00000    4.43094
  59.50000    4.42157
  60.00000    4.42012
  60.50000    4.41046
  61.00000    4.38126
  61.50000    4.35435
  62.00000    4.37506
  62.50000    4.40442
  63.00000    4.41013
  63.50000    4.39306
  64.00000    4.39026
  64.50000    4.36758
  65.00000    4.33725
  65.50000    4.34456
  66.00000    4.36290
  66.50000    4.33640
  67.00000    4.28822
  67.50000    4.27831
  68.00000    4.31568
  68.50000    4.33851
  69.00000    4.31302
  69.50000    4.27743
  70.00000    4.27745
  70.50000    4.26871
  71.00000    4.23750
  71.50000    4.24876
  72.00000    4.26982
  72.50000    4.26706
  73.00000    4.26980
  73.50000    4.27012
  74.00000    4.25584
  74.50000    4.22006
  75.00000    4.20001
  75.50000    4.20927
  76.00000    4.21127
  76.50000    4.20708
  77.00000    4.21623
  77.50000    4.21587
  78.00000    4.18074
  78.50000    4.16807
  79.00000    4.21328
  79.50000    4.22152
  80.00000    4.22381
  80.50000    4.22822
  81.00000    4.20131
  81.50000    4.19437
  82.00000    4.19263
  82.50000    4.21030
  83.00000    4.15747
  83.50000    4.13196
  84.00000    4.14775
  84.50000    4.17516
  85.00000    4.18073
  85.50000    4.15969
  86.00000    4.17418
  86.50000    4.15377
  87.00000    4.14327
  87.50000    4.11753
  88.00000    4.08604
  88.50000    4.07155
  89.00000    4.08789
  89.50000    4.11188
  90.00000    4.10248
  90.50000    4.07338
  91.00000    4.07024
  91.50000    4.08098
  92.00000    4.09319
  92.50000    4.08398
  93.00000    4.08510
  93.50000    4.08801
  94.00000    4.10905
  94.50000    4.08159
  95.00000    4.05141
  95.50000    4.05845
  96.00000    4.08483
  96.50000    4.06239
  97.00000    4.04797
  97.50000    4.05965
  98.00000    4.07240
  98.50000    4.05036
  99.00000    4.04707
  99.50000    4.06540
 100.00000    4.06889
 100.50000    4.04670
 101.00000    4.02548
 101.50000    4.04907
 102.00000    4.02510
 102.50000    4.02598
 103.00000    4.00705
 103.50000    4.03569
 104.00000    4.02984
 104.50000    4.05458
 105.00000    4.05997
 105.50000    4.06721
 106.00000    4.03446
 106.50000    4.02716
 107.00000    4.05579
 107.50000    4.06198
 108.00000    4.03982
 108.50000    4.00447
 109.00000    4.02617
 109.50000    4.00193
 110.00000    4.01266
 110.50000    4.01588
 111.00000    4.02858
 111.50000    4.01620
 112.00000    4.03123
 112.50000    4.01358
 113.00000    4.00153
 113.50000    4.01173
 114.00000    4.02158
 114.50000    4.02379
 115.00000    4.03482
 115.50000    4.02433
 116.00000    4.00163
 116.50000    4.01936
 117.00000    4.03843
 117.50000    4.02695
 118.00000    4.02636
 118.50000    4.01928
 119.00000    4.03529
 119.50000    4.04611
 120.00000    4.05300
 120.50000    4.03571
 121.00000    4.04258
 121.50000    4.04589
 122.00000    4.03451
 122.50000    4.02127
 123.00000    4.05553
 123.50000    4.06165
 124.00000    4.04921
 124.50000    4.04542
 125.00000    4.07033
 125.50000    4.05557
 126.00000    4.03602
 126.50000    4.03279
 127.00000    4.05232
 127.50000    4.05478
 128.00000    4.07043
 128.50000    4.06106
 129.00000    4.06875
 129.50000    4.04630
 130.00000    4.04689
 130.50000    4.05723
 131.00000    4.07589
 131.50000    4.08597
 132.00000    4.08506
 132.50000    4.09791
 133.00000    4.07631
 133.50000    4.08772
 134.00000    4.08116
 134.50000    4.08250
 135.00000    4.06558
 135.50000    4.09428
 136.00000    4.10709
 136.50000    4.09904
 137.00000    4.11105
 137.50000    4.14810
 138.00000    4.17448
 138.50000    4.11636
 139.00000    4.09746
 139.50000    4.12542
 140.00000    4.15580
 140.50000    4.12174
 141.00000    4.12865
 141.50000    4.15085
 142.00000    4.13152
 142.50000    4.10223
 143.00000    4.13450
 143.50000    4.15589
 144.00000    4.16453
 144.50000    4.14042
 145.00000    4.16389
 145.50000    4.15892
 146.00000    4.16160
 146.50000    4.14670
 147.00000    4.18226
 147.50000    4.18893
 148.00000    4.17545
 148.50000    4.15467
 149.00000    4.18275
 149.50000    4.22467
 150.00000    4.22257
