   0.00000    0.85438
   0.50000    1.69503
   1.00000    2.13301
   1.50000    2.40724
   2.00000    2.66859
   2.50000    2.92498
   3.00000    3.13135
   3.50000    3.25850
   4.00000    3.29556
   4.50000    3.32813
   5.00000    3.35936
   5.50000    3.38722
   6.00000    3.39846
   6.50000    3.42735
   7.00000    3.44968
   7.50000    3.46990
   8.00000    3.49795
   8.50000    3.52441
   9.00000    3.53525
   9.50000    3.54113
  10.00000    3.55773
  10.50000    3.57152
  11.00000    3.59188
  11.50000    3.60795
  12.00000    3.62087
  12.50000    3.63280
  13.00000    3.64756
  13.50000    3.66909
  14.00000    3.69268
  14.50000    3.71605
  15.00000    3.72592
  15.50000    3.73124
  16.00000    3.74288
  16.50000    3.75964
  17.00000    3.77302
  17.50000    3.78096
  18.00000    3.80046
  18.50000    3.81099
  19.00000    3.82073
  19.50000    3.83608
  20.00000    3.86147
  20.50000    3.87912
  21.00000    3.88896
  21.50000    3.90336
  22.00000    3.91906
  22.50000    3.93736
  23.00000    3.94658
  23.50000    3.95926
  24.00000    3.98024
  24.50000    3.99880
  25.00000    4.00838
  25.50000    3.98622
  26.00000    3.97025
  26.50000    3.98467
  27.00000    4.03861
  27.50000    4.07318
  28.00000    4.09181
  28.50000    4.11802
  29.00000    4.13796
  29.50000    4.14986
  30.00000    4.14119
  30.50000    4.14761
  31.00000    4.14637
  31.50000    4.16615
  32.00000    4.17949
  32.50000    4.19256
  33.00000    4.18947
  33.50000    4.20207
  34.00000    4.21727
  34.50000    4.24882
  35.00000    4.26278
  35.50000    4.26875
  36.00000    4.25185
  36.50000    4.26363
  37.00000    4.28045
  37.50000    4.28202
  38.00000    4.28552
  38.50000    4.28552
  39.00000    4.30737
  39.50000    4.31564
  40.00000    4.32769
  40.50000    4.32549
  41.00000    4.34169
  41.50000    4.35981
  42.00000    4.36622
  42.50000    4.37138
  43.00000    4.37896
  43.50000    4.38435
  44.00000    4.38989
  44.50000    4.38636
  45.00000    4.38290
  45.50000    4.39083
  46.00000    4.41988
  46.50000    4.42499
  47.00000    4.41830
  47.50000    4.41347
  48.00000    4.40891
  48.50000    4.39961
  49.00000    4.40381
  49.50000    4.43428
  50.00000    4.44371
  50.50000    4.44992
  51.00000    4.46009
  51.50000    4.48053
  52.00000    4.48206
  52.50000    4.46981
  53.00000    4.47003
  53.50000    4.47244
  54.00000    4.47089
  54.50000    4.46561
  55.00000    4.47495
  55.50000    4.47757
  56.00000    4.47182
  56.50000    4.46601
  57.00000    4.47304
  57.50000    4.47481
  58.00000    4.46133
  58.50000    4.45092
  59.00000    4.45528
  59.50000    4.45747
  60.00000    4.45655
  60.50000    4.45160
  61.00000    4.44906
  61.50000    4.43768
  62.00000    4.44414
  62.50000    4.44003
  63.00000    4.42764
  63.50000    4.41960
  64.00000    4.42926
  64.50000    4.43583
  65.00000    4.42021
  65.50000    4.41192
  66.00000    4.41174
  66.50000    4.41513
  67.00000    4.40659
  67.50000    4.40311
  68.00000    4.40496
  68.50000    4.40054
  69.00000    4.39153
  69.50000    4.39020
  70.00000    4.38798
  70.50000    4.37667
  71.00000    4.36787
  71.50000    4.36729
  72.00000    4.37288
  72.50000    4.36685
  73.00000    4.36383
  73.50000    4.35694
  74.00000    4.36211
  74.50000    4.35988
  75.00000    4.35458
  75.50000    4.34350
  76.00000    4.33272
  76.50000    4.33789
  77.00000    4.33784
  77.50000    4.33593
  78.00000    4.32325
  78.50000    4.32496
  79.00000    4.32003
  79.50000    4.31503
  80.00000    4.31030
  80.50000    4.30752
  81.00000    4.30669
  81.50000    4.29690
  82.00000    4.29580
  82.50000    4.30076
  83.00000    4.30164
  83.50000    4.28608
  84.00000    4.28855
  84.50000    4.29359
  85.00000    4.29085
  85.50000    4.28610
  86.00000    4.28404
  86.50000    4.27889
  87.00000    4.27610
  87.50000    4.28073
  88.00000    4.27369
  88.50000    4.27355
  89.00000    4.26880
  89.50000    4.26571
  90.00000    4.26106
  90.50000    4.25474
  91.00000    4.25704
  91.50000    4.25124
  92.00000    4.25044
  92.50000    4.24609
  93.00000    4.25692
  93.50000    4.24998
  94.00000    4.25199
  94.50000    4.24283
  95.00000    4.23783
  95.50000    4.24090
  96.00000    4.24643
  96.50000    4.24669
  97.00000    4.24777
  97.50000    4.24729
  98.00000    4.23675
  98.50000    4.23354
  99.00000    4.23007
  99.50000    4.22925
 100.00000    4.24036
 100.50000    4.25084
 101.00000    4.23360
 101.50000    4.22392
 102.00000    4.22193
 102.50000    4.23135
 103.00000    4.23144
 103.50000    4.23180
 104.00000    4.23546
 104.50000    4.23946
 105.00000    4.23633
 105.50000    4.21900
 106.00000    4.21476
 106.50000    4.21374
 107.00000    4.21314
 107.50000    4.21742
 108.00000    4.22796
 108.50000    4.23602
 109.00000    4.23219
 109.50000    4.22771
 110.00000    4.22081
 110.50000    4.21917
 111.00000    4.21904
 111.50000    4.21623
 112.00000    4.21568
 112.50000    4.22239
 113.00000    4.22654
 113.50000    4.22440
 114.00000    4.22006
 114.50000    4.22242
 115.00000    4.22878
 115.50000    4.23258
 116.00000    4.22675
 116.50000    4.22405
 117.00000    4.22337
 117.50000    4.23437
 118.00000    4.23554
 118.50000    4.24062
 119.00000    4.24134
 119.50000    4.25295
 120.00000    4.24740
 120.50000    4.24426
 121.00000    4.23181
 121.50000    4.23586
 122.00000    4.23872
 122.50000    4.25074
 123.00000    4.24598
 123.50000    4.25283
 124.00000    4.24012
 124.50000    4.24336
 125.00000    4.24036
 125.50000    4.24588
 126.00000    4.24389
 126.50000    4.25836
 127.00000    4.26224
 127.50000    4.26741
 128.00000    4.27035
 128.50000    4.26995
 129.00000    4.26828
 129.50000    4.27166
 130.00000    4.27186
 130.50000    4.27179
 131.00000    4.26837
 131.50000    4.27060
 132.00000    4.27384
 132.50000    4.27713
 133.00000    4.27756
 133.50000    4.28532
 134.00000    4.29000
 134.50000    4.28709
 135.00000    4.28322
 135.50000    4.28659
 136.00000    4.28691
 136.50000    4.29077
 137.00000    4.29038
 137.50000    4.29739
 138.00000    4.30004
 138.50000    4.31142
 139.00000    4.31583
 139.50000    4.31834
 140.00000    4.31503
 140.50000    4.31689
 141.00000    4.30703
 141.50000    4.30517
 142.00000    4.30309
 142.50000    4.31201
 143.00000    4.31576
 143.50000    4.33380
 144.00000    4.33722
 144.50000    4.33187
 145.00000    4.31987
 145.50000    4.32677
 146.00000    4.33758
 146.50000    4.34469
 147.00000    4.33770
 147.50000    4.33888
 148.00000    4.34540
 148.50000    4.35492
 149.00000    4.35141
 149.50000    4.34745
 150.00000    4.35349
