   0.00000    1.35082
   0.50000    3.30763
   1.00000    3.65699
   1.50000    3.51725
   2.00000    3.50606
   2.50000    3.40731
   3.00000    3.31509
   3.50000    3.29098
   4.00000    3.32132
   4.50000    3.32379
   5.00000    3.34081
   5.50000    3.38612
   6.00000    3.45187
   6.50000    3.50025
   7.00000    3.53664
   7.50000    3.54972
   8.00000    3.57015
   8.50000    3.58566
   9.00000    3.61047
   9.50000    3.61719
  10.00000    3.62175
  10.50000    3.61351
  11.00000    3.59693
  11.50000    3.58307
  12.00000    3.57646
  12.50000    3.58742
  13.00000    3.57586
  13.50000    3.57875
  14.00000    3.56471
  14.50000    3.55379
  15.00000    3.55772
  15.50000    3.57171
  16.00000    3.57567
  16.50000    3.56932
  17.00000    3.54818
  17.50000    3.54724
  18.00000    3.57939
  18.50000    3.58969
  19.00000    3.57100
  19.50000    3.56216
  20.00000    3.56422
  20.50000    3.56446
  21.00000    3.57923
  21.50000    3.59184
  22.00000    3.54910
  22.50000    3.52006
  23.00000    3.49540
  23.50000    3.47299
  24.00000    3.44287
  24.50000    3.42077
  25.00000    3.39295
  25.50000    3.38266
  26.00000    3.42909
  26.50000    3.49378
  27.00000    3.54538
  27.50000    3.59421
  28.00000    3.60607
  28.50000    3.61694
  29.00000    3.63179
  29.50000    3.62128
  30.00000    3.61462
  30.50000    3.65033
  31.00000    3.65007
  31.50000    3.62307
  32.00000    3.61803
  32.50000    3.63964
  33.00000    3.61931
  33.50000    3.61254
  34.00000    3.64289
  34.50000    3.68766
  35.00000    3.71372
  35.50000    3.72607
  36.00000    3.70995
  36.50000    3.70467
  37.00000    3.68655
  37.50000    3.72245
  38.00000    3.71181
  38.50000    3.70070
  39.00000    3.67853
  39.50000    3.70504
  40.00000    3.72376
  40.50000    3.71662
  41.00000    3.69726
  41.50000    3.67708
  42.00000    3.69055
  42.50000    3.69844
  43.00000    3.72920
  43.50000    3.72764
  44.00000    3.74738
  44.50000    3.72588
  45.00000    3.75252
  45.50000    3.78546
  46.00000    3.83208
  46.50000    3.85072
  47.00000    3.87131
  47.50000    3.88608
  48.00000    3.90702
  48.50000    4.00790
  49.00000    4.12948
  49.50000    4.19518
  50.00000    4.21497
  50.50000    4.26575
  51.00000    4.31465
  51.50000    4.34848
  52.00000    4.35106
  52.50000    4.35809
  53.00000    4.33747
  53.50000    4.33563
  54.00000    4.33858
  54.50000    4.38657
  55.00000    4.43434
  55.50000    4.44512
  56.00000    4.41427
  56.50000    4.40279
  57.00000    4.41597
  57.50000    4.44032
  58.00000    4.44512
  58.50000    4.45423
  59.00000    4.45099
  59.50000    4.44416
  60.00000    4.42352
  60.50000    4.41961
  61.00000    4.42387
  61.50000    4.41995
  62.00000    4.43052
  62.50000    4.44719
  63.00000    4.44840
  63.50000    4.43304
  64.00000    4.43445
  64.50000    4.44054
  65.00000    4.41469
  65.50000    4.41852
  66.00000    4.43153
  66.50000    4.42320
  67.00000    4.38588
  67.50000    4.38040
  68.00000    4.41204
  68.50000    4.43556
  69.00000    4.41709
  69.50000    4.38800
  70.00000    4.38774
  70.50000    4.38885
  71.00000    4.35918
  71.50000    4.36755
  72.00000    4.37592
  72.50000    4.36804
  73.00000    4.35794
  73.50000    4.37566
  74.00000    4.36362
  74.50000    4.33258
  75.00000    4.31088
  75.50000    4.32659
  76.00000    4.32161
  76.50000    4.33332
  77.00000    4.35505
  77.50000    4.36427
  78.00000    4.31852
  78.50000    4.30580
  79.00000    4.33719
  79.50000    4.35241
  80.00000    4.36083
  80.50000    4.37155
  81.00000    4.35348
  81.50000    4.33205
  82.00000    4.31857
  82.50000    4.32898
  83.00000    4.29592
  83.50000    4.28408
  84.00000    4.29595
  84.50000    4.33067
  85.00000    4.32588
  85.50000    4.31046
  86.00000    4.30497
  86.50000    4.30629
  87.00000    4.30255
  87.50000    4.28841
  88.00000    4.25285
  88.50000    4.24715
  89.00000    4.25231
  89.50000    4.25653
  90.00000    4.25279
  90.50000    4.24550
  91.00000    4.23551
  91.50000    4.23123
  92.00000    4.25978
  92.50000    4.26886
  93.00000    4.26387
  93.50000    4.24919
  94.00000    4.25806
  94.50000    4.23970
  95.00000    4.20926
  95.50000    4.20421
  96.00000    4.21834
  96.50000    4.22663
  97.00000    4.22280
  97.50000    4.22873
  98.00000    4.22297
  98.50000    4.22606
  99.00000    4.21801
  99.50000    4.22297
 100.00000    4.19901
 100.50000    4.18445
 101.00000    4.18675
 101.50000    4.21622
 102.00000    4.19353
 102.50000    4.17908
 103.00000    4.17185
 103.50000    4.19306
 104.00000    4.19182
 104.50000    4.20691
 105.00000    4.20416
 105.50000    4.20432
 106.00000    4.18697
 106.50000    4.17843
 107.00000    4.20405
 107.50000    4.22043
 108.00000    4.20327
 108.50000    4.16662
 109.00000    4.17870
 109.50000    4.16716
 110.00000    4.15602
 110.50000    4.16809
 111.00000    4.18128
 111.50000    4.17522
 112.00000    4.17980
 112.50000    4.17030
 113.00000    4.17217
 113.50000    4.18766
 114.00000    4.20177
 114.50000    4.18363
 115.00000    4.18509
 115.50000    4.17847
 116.00000    4.15856
 116.50000    4.17870
 117.00000    4.19028
 117.50000    4.16535
 118.00000    4.16173
 118.50000    4.18337
 119.00000    4.18663
 119.50000    4.16837
 120.00000    4.18287
 120.50000    4.19192
 121.00000    4.18811
 121.50000    4.18578
 122.00000    4.18544
 122.50000    4.17851
 123.00000    4.19385
 123.50000    4.20663
 124.00000    4.20261
 124.50000    4.20611
 125.00000    4.21510
 125.50000    4.19709
 126.00000    4.17652
 126.50000    4.17473
 127.00000    4.18062
 127.50000    4.18884
 128.00000    4.20880
 128.50000    4.19469
 129.00000    4.19754
 129.50000    4.18422
 130.00000    4.18876
 130.50000    4.19460
 131.00000    4.21329
 131.50000    4.21710
 132.00000    4.22799
 132.50000    4.25746
 133.00000    4.23595
 133.50000    4.22247
 134.00000    4.20312
 134.50000    4.20016
 135.00000    4.18279
 135.50000    4.20463
 136.00000    4.22541
 136.50000    4.22005
 137.00000    4.23648
 137.50000    4.27234
 138.00000    4.30897
 138.50000    4.26160
 139.00000    4.23395
 139.50000    4.24050
 140.00000    4.26105
 140.50000    4.25124
 141.00000    4.26239
 141.50000    4.28142
 142.00000    4.25102
 142.50000    4.22837
 143.00000    4.25340
 143.50000    4.27295
 144.00000    4.28265
 144.50000    4.26686
 145.00000    4.26717
 145.50000    4.25670
 146.00000    4.26791
 146.50000    4.25946
 147.00000    4.28440
 147.50000    4.30240
 148.00000    4.30397
 148.50000    4.28370
 149.00000    4.30622
 149.50000    4.33003
 150.00000    4.28843
