   0.00000    1.38456
   0.50000    3.18806
   1.00000    3.43106
   1.50000    3.29137
   2.00000    3.41703
   2.50000    3.44950
   3.00000    3.43667
   3.50000    3.41679
   4.00000    3.43737
   4.50000    3.45528
   5.00000    3.45827
   5.50000    3.46242
   6.00000    3.47488
   6.50000    3.48231
   7.00000    3.49399
   7.50000    3.49829
   8.00000    3.48850
   8.50000    3.49840
   9.00000    3.51662
   9.50000    3.51606
  10.00000    3.49546
  10.50000    3.49278
  11.00000    3.51596
  11.50000    3.53790
  12.00000    3.53750
  12.50000    3.52825
  13.00000    3.53053
  13.50000    3.53962
  14.00000    3.55110
  14.50000    3.56085
  15.00000    3.57417
  15.50000    3.56280
  16.00000    3.55952
  16.50000    3.55750
  17.00000    3.57635
  17.50000    3.58548
  18.00000    3.59830
  18.50000    3.59377
  19.00000    3.59709
  19.50000    3.59851
  20.00000    3.60253
  20.50000    3.61362
  21.00000    3.62338
  21.50000    3.62627
  22.00000    3.61416
  22.50000    3.61224
  23.00000    3.60823
  23.50000    3.63001
  24.00000    3.63993
  24.50000    3.64668
  25.00000    3.64047
  25.50000    3.62847
  26.00000    3.60778
  26.50000    3.59717
  27.00000    3.59442
  27.50000    3.59343
  28.00000    3.60982
  28.50000    3.64243
  29.00000    3.68541
  29.50000    3.73674
  30.00000    3.77543
  30.50000    3.82816
  31.00000    3.89043
  31.50000    3.94500
  32.00000    3.98846
  32.50000    4.01399
  33.00000    4.05698
  33.50000    4.11110
  34.00000    4.18336
  34.50000    4.24747
  35.00000    4.30467
  35.50000    4.36338
  36.00000    4.40325
  36.50000    4.43749
  37.00000    4.46481
  37.50000    4.50332
  38.00000    4.53417
  38.50000    4.55064
  39.00000    4.55175
  39.50000    4.55040
  40.00000    4.54842
  40.50000    4.54718
  41.00000    4.53840
  41.50000    4.53594
  42.00000    4.53092
  42.50000    4.51688
  43.00000    4.51879
  43.50000    4.52696
  44.00000    4.52583
  44.50000    4.51045
  45.00000    4.50887
  45.50000    4.50654
  46.00000    4.50295
  46.50000    4.50402
  47.00000    4.51290
  47.50000    4.52849
  48.00000    4.52581
  48.50000    4.51541
  49.00000    4.52162
  49.50000    4.53841
  50.00000    4.54358
  50.50000    4.52774
  51.00000    4.52433
  51.50000    4.52839
  52.00000    4.53267
  52.50000    4.51771
  53.00000    4.51523
  53.50000    4.52794
  54.00000    4.53544
  54.50000    4.53456
  55.00000    4.53972
  55.50000    4.54030
  56.00000    4.53789
  56.50000    4.53365
  57.00000    4.54129
  57.50000    4.54120
  58.00000    4.54246
  58.50000    4.53469
  59.00000    4.53074
  59.50000    4.52560
  60.00000    4.51706
  60.50000    4.52559
  61.00000    4.53197
  61.50000    4.53696
  62.00000    4.53022
  62.50000    4.52637
  63.00000    4.51409
  63.50000    4.51205
  64.00000    4.51610
  64.50000    4.53385
  65.00000    4.53393
  65.50000    4.52656
  66.00000    4.50959
  66.50000    4.50281
  67.00000    4.50395
  67.50000    4.50496
  68.00000    4.50855
  68.50000    4.50859
  69.00000    4.50780
  69.50000    4.50120
  70.00000    4.50305
  70.50000    4.51161
  71.00000    4.51009
  71.50000    4.50243
  72.00000    4.49837
  72.50000    4.50160
  73.00000    4.51031
  73.50000    4.50542
  74.00000    4.49372
  74.50000    4.49060
  75.00000    4.49649
  75.50000    4.49757
  76.00000    4.49535
  76.50000    4.50071
  77.00000    4.50134
  77.50000    4.49624
  78.00000    4.48678
  78.50000    4.48485
  79.00000    4.48451
  79.50000    4.47465
  80.00000    4.46784
  80.50000    4.47031
  81.00000    4.47144
  81.50000    4.46570
  82.00000    4.46244
  82.50000    4.46823
  83.00000    4.46921
  83.50000    4.46879
  84.00000    4.47597
  84.50000    4.48062
  85.00000    4.48029
  85.50000    4.46151
  86.00000    4.46078
  86.50000    4.46052
  87.00000    4.46081
  87.50000    4.45150
  88.00000    4.45622
  88.50000    4.45987
  89.00000    4.45641
  89.50000    4.45785
  90.00000    4.46002
  90.50000    4.46487
  91.00000    4.45807
  91.50000    4.45942
  92.00000    4.46082
  92.50000    4.46376
  93.00000    4.45543
  93.50000    4.44984
  94.00000    4.44935
  94.50000    4.44576
  95.00000    4.44414
  95.50000    4.44357
  96.00000    4.45733
  96.50000    4.46861
  97.00000    4.46450
  97.50000    4.44981
  98.00000    4.45043
  98.50000    4.45495
  99.00000    4.45136
  99.50000    4.44767
 100.00000    4.45486
 100.50000    4.45653
 101.00000    4.44883
 101.50000    4.45037
 102.00000    4.45194
 102.50000    4.44876
 103.00000    4.43959
 103.50000    4.44813
 104.00000    4.46073
 104.50000    4.46204
 105.00000    4.45443
 105.50000    4.44628
 106.00000    4.44934
 106.50000    4.44566
 107.00000    4.45061
 107.50000    4.45369
 108.00000    4.46416
 108.50000    4.45004
 109.00000    4.44701
 109.50000    4.44294
 110.00000    4.44837
 110.50000    4.44722
 111.00000    4.45407
 111.50000    4.45356
 112.00000    4.45186
 112.50000    4.44968
 113.00000    4.44750
 113.50000    4.44884
 114.00000    4.45329
 114.50000    4.44968
 115.00000    4.45006
 115.50000    4.45298
 116.00000    4.45883
 116.50000    4.45472
 117.00000    4.45087
 117.50000    4.45156
 118.00000    4.46215
 118.50000    4.46156
 119.00000    4.45687
 119.50000    4.45955
 120.00000    4.47088
 120.50000    4.47272
 121.00000    4.46357
 121.50000    4.46067
 122.00000    4.45922
 122.50000    4.46791
 123.00000    4.46722
 123.50000    4.46668
 124.00000    4.47263
 124.50000    4.48055
 125.00000    4.46858
 125.50000    4.46408
 126.00000    4.47452
 126.50000    4.48296
 127.00000    4.47821
 127.50000    4.48579
 128.00000    4.48329
 128.50000    4.47767
 129.00000    4.47513
 129.50000    4.48329
 130.00000    4.47851
 130.50000    4.47849
 131.00000    4.47507
 131.50000    4.48626
 132.00000    4.48374
 132.50000    4.48815
 133.00000    4.47779
 133.50000    4.48040
 134.00000    4.47405
 134.50000    4.47963
 135.00000    4.47647
 135.50000    4.47610
 136.00000    4.47496
 136.50000    4.48360
 137.00000    4.50349
 137.50000    4.51310
 138.00000    4.50300
 138.50000    4.49207
 139.00000    4.49882
 139.50000    4.50050
 140.00000    4.49682
 140.50000    4.49844
 141.00000    4.50741
 141.50000    4.50601
 142.00000    4.51233
 142.50000    4.50076
 143.00000    4.48919
 143.50000    4.49561
 144.00000    4.50630
 144.50000    4.50510
 145.00000    4.49684
 145.50000    4.50581
 146.00000    4.50669
 146.50000    4.51097
 147.00000    4.51187
 147.50000    4.51208
 148.00000    4.51290
 148.50000    4.51833
 149.00000    4.51692
 149.50000    4.50458
 150.00000    4.49808
