   0.00000    1.35007
   0.50000    2.35469
   1.00000    2.86088
   1.50000    3.07554
   2.00000    3.12704
   2.50000    3.19818
   3.00000    3.23172
   3.50000    3.25415
   4.00000    3.25427
   4.50000    3.26468
   5.00000    3.28113
   5.50000    3.29382
   6.00000    3.30433
   6.50000    3.33792
   7.00000    3.36136
   7.50000    3.38255
   8.00000    3.40009
   8.50000    3.41765
   9.00000    3.42836
   9.50000    3.43503
  10.00000    3.43754
  10.50000    3.44201
  11.00000    3.46838
  11.50000    3.49997
  12.00000    3.51589
  12.50000    3.51889
  13.00000    3.51954
  13.50000    3.53534
  14.00000    3.54153
  14.50000    3.55307
  15.00000    3.55868
  15.50000    3.57641
  16.00000    3.58280
  16.50000    3.59688
  17.00000    3.61145
  17.50000    3.62611
  18.00000    3.64573
  18.50000    3.66393
  19.00000    3.67704
  19.50000    3.68929
  20.00000    3.70547
  20.50000    3.71988
  21.00000    3.71808
  21.50000    3.72596
  22.00000    3.73870
  22.50000    3.77482
  23.00000    3.81324
  23.50000    3.84712
  24.00000    3.87554
  24.50000    3.92310
  25.00000    3.97979
  25.50000    4.01897
  26.00000    4.07895
  26.50000    4.15343
  27.00000    4.22599
  27.50000    4.26463
  28.00000    4.28119
  28.50000    4.26866
  29.00000    4.23930
  29.50000    4.24269
  30.00000    4.25290
  30.50000    4.26514
  31.00000    4.26409
  31.50000    4.27781
  32.00000    4.28690
  32.50000    4.28090
  33.00000    4.28153
  33.50000    4.29681
  34.00000    4.32350
  34.50000    4.33231
  35.00000    4.34120
  35.50000    4.36007
  36.00000    4.36916
  36.50000    4.36607
  37.00000    4.36541
  37.50000    4.36380
  38.00000    4.34992
  38.50000    4.33732
  39.00000    4.33935
  39.50000    4.34185
  40.00000    4.34888
  40.50000    4.34351
  41.00000    4.34021
  41.50000    4.34388
  42.00000    4.34799
  42.50000    4.34218
  43.00000    4.35013
  43.50000    4.36576
  44.00000    4.37405
  44.50000    4.37181
  45.00000    4.37175
  45.50000    4.37898
  46.00000    4.37765
  46.50000    4.36846
  47.00000    4.34803
  47.50000    4.34467
  48.00000    4.33708
  48.50000    4.34620
  49.00000    4.34188
  49.50000    4.34306
  50.00000    4.34987
  50.50000    4.35739
  51.00000    4.35309
  51.50000    4.34197
  52.00000    4.34242
  52.50000    4.32847
  53.00000    4.31827
  53.50000    4.32314
  54.00000    4.32883
  54.50000    4.33271
  55.00000    4.32506
  55.50000    4.32125
  56.00000    4.30687
  56.50000    4.30272
  57.00000    4.30448
  57.50000    4.31811
  58.00000    4.31771
  58.50000    4.30986
  59.00000    4.30393
  59.50000    4.31218
  60.00000    4.31601
  60.50000    4.30943
  61.00000    4.30840
  61.50000    4.30459
  62.00000    4.30762
  62.50000    4.30563
  63.00000    4.30954
  63.50000    4.30774
  64.00000    4.30942
  64.50000    4.31791
  65.00000    4.31694
  65.50000    4.32177
  66.00000    4.33132
  66.50000    4.33225
  67.00000    4.31837
  67.50000    4.32512
  68.00000    4.34193
  68.50000    4.34015
  69.00000    4.33513
  69.50000    4.33268
  70.00000    4.32513
  70.50000    4.32012
  71.00000    4.32827
  71.50000    4.33188
  72.00000    4.34011
  72.50000    4.34605
  73.00000    4.35173
  73.50000    4.34841
  74.00000    4.35519
  74.50000    4.35200
  75.00000    4.36350
  75.50000    4.36722
  76.00000    4.36428
  76.50000    4.37259
  77.00000    4.38076
  77.50000    4.38212
  78.00000    4.37409
  78.50000    4.38296
  79.00000    4.38869
  79.50000    4.38588
  80.00000    4.38477
  80.50000    4.38121
  81.00000    4.39733
  81.50000    4.39756
  82.00000    4.41169
  82.50000    4.40755
  83.00000    4.40955
  83.50000    4.39908
  84.00000    4.41133
  84.50000    4.41828
  85.00000    4.42307
  85.50000    4.42575
  86.00000    4.43869
  86.50000    4.44556
  87.00000    4.45064
  87.50000    4.44742
  88.00000    4.45184
  88.50000    4.45551
  89.00000    4.46864
  89.50000    4.46587
  90.00000    4.45720
  90.50000    4.44545
  91.00000    4.45587
  91.50000    4.46339
  92.00000    4.45839
  92.50000    4.44782
  93.00000    4.45283
  93.50000    4.46650
  94.00000    4.47275
  94.50000    4.47920
  95.00000    4.47363
  95.50000    4.47922
  96.00000    4.48486
  96.50000    4.48842
  97.00000    4.48882
  97.50000    4.49187
  98.00000    4.49582
  98.50000    4.48684
  99.00000    4.49138
  99.50000    4.49196
 100.00000    4.49581
 100.50000    4.49383
 101.00000    4.49903
 101.50000    4.49570
 102.00000    4.49914
 102.50000    4.49708
 103.00000    4.49918
 103.50000    4.50218
 104.00000    4.51038
 104.50000    4.51309
 105.00000    4.51369
 105.50000    4.51250
 106.00000    4.49986
 106.50000    4.51496
 107.00000    4.52535
 107.50000    4.52207
 108.00000    4.50703
 108.50000    4.51966
 109.00000    4.52965
 109.50000    4.53549
 110.00000    4.53779
 110.50000    4.53664
 111.00000    4.52968
 111.50000    4.52613
 112.00000    4.52110
 112.50000    4.52476
 113.00000    4.53679
 113.50000    4.54530
 114.00000    4.53071
 114.50000    4.52654
 115.00000    4.53764
 115.50000    4.55133
 116.00000    4.54402
 116.50000    4.53997
 117.00000    4.53410
 117.50000    4.53676
 118.00000    4.54253
 118.50000    4.54945
 119.00000    4.54488
 119.50000    4.54615
 120.00000    4.54235
 120.50000    4.55032
 121.00000    4.54988
 121.50000    4.55578
 122.00000    4.54280
 122.50000    4.54798
 123.00000    4.53837
 123.50000    4.54352
 124.00000    4.54230
 124.50000    4.54857
 125.00000    4.54559
 125.50000    4.55282
 126.00000    4.55086
 126.50000    4.54310
 127.00000    4.54022
 127.50000    4.55248
 128.00000    4.56182
 128.50000    4.55073
 129.00000    4.54041
 129.50000    4.54293
 130.00000    4.54919
 130.50000    4.54288
 131.00000    4.54492
 131.50000    4.55308
 132.00000    4.55872
 132.50000    4.55561
 133.00000    4.55630
 133.50000    4.56810
 134.00000    4.56581
 134.50000    4.55922
 135.00000    4.54702
 135.50000    4.54767
 136.00000    4.55486
 136.50000    4.55773
 137.00000    4.55012
 137.50000    4.53750
 138.00000    4.55098
 138.50000    4.55635
 139.00000    4.55837
 139.50000    4.55744
 140.00000    4.56122
 140.50000    4.56064
 141.00000    4.55603
 141.50000    4.55337
 142.00000    4.55432
 142.50000    4.56355
 143.00000    4.56662
 143.50000    4.56593
 144.00000    4.56564
 144.50000    4.56137
 145.00000    4.56115
 145.50000    4.55919
 146.00000    4.56511
 146.50000    4.56743
 147.00000    4.56664
 147.50000    4.56052
 148.00000    4.55583
 148.50000    4.56304
 149.00000    4.56250
 149.50000    4.56269
 150.00000    4.55529
