   0.00000    1.37360
   0.50000    2.98900
   1.00000    3.39667
   1.50000    3.41621
   2.00000    3.50830
   2.50000    3.50911
   3.00000    3.47687
   3.50000    3.46754
   4.00000    3.47347
   4.50000    3.48320
   5.00000    3.48389
   5.50000    3.48283
   6.00000    3.49344
   6.50000    3.50583
   7.00000    3.53146
   7.50000    3.54038
   8.00000    3.54101
   8.50000    3.54760
   9.00000    3.55362
   9.50000    3.55096
  10.00000    3.54524
  10.50000    3.55098
  11.00000    3.55838
  11.50000    3.56677
  12.00000    3.57978
  12.50000    3.58915
  13.00000    3.60133
  13.50000    3.61267
  14.00000    3.62205
  14.50000    3.61945
  15.00000    3.62598
  15.50000    3.62426
  16.00000    3.63406
  16.50000    3.63506
  17.00000    3.64419
  17.50000    3.65789
  18.00000    3.67153
  18.50000    3.67173
  19.00000    3.67787
  19.50000    3.69556
  20.00000    3.70266
  20.50000    3.70962
  21.00000    3.71751
  21.50000    3.72442
  22.00000    3.72638
  22.50000    3.75133
  23.00000    3.76203
  23.50000    3.76362
  24.00000    3.75682
  24.50000    3.75975
  25.00000    3.74921
  25.50000    3.72251
  26.00000    3.69447
  26.50000    3.68836
  27.00000    3.71678
  27.50000    3.74540
  28.00000    3.77610
  28.50000    3.81366
  29.00000    3.83713
  29.50000    3.86451
  30.00000    3.88649
  30.50000    3.92117
  31.00000    3.94113
  31.50000    3.99363
  32.00000    4.05531
  32.50000    4.10496
  33.00000    4.15338
  33.50000    4.19958
  34.00000    4.24404
  34.50000    4.27606
  35.00000    4.31482
  35.50000    4.35118
  36.00000    4.37051
  36.50000    4.37959
  37.00000    4.38241
  37.50000    4.40208
  38.00000    4.41748
  38.50000    4.42334
  39.00000    4.42065
  39.50000    4.43066
  40.00000    4.42529
  40.50000    4.41921
  41.00000    4.41697
  41.50000    4.44083
  42.00000    4.44298
  42.50000    4.43973
  43.00000    4.43930
  43.50000    4.45694
  44.00000    4.44856
  44.50000    4.43524
  45.00000    4.43216
  45.50000    4.44635
  46.00000    4.45305
  46.50000    4.44258
  47.00000    4.44431
  47.50000    4.44943
  48.00000    4.46070
  48.50000    4.44948
  49.00000    4.45188
  49.50000    4.46910
  50.00000    4.48689
  50.50000    4.47895
  51.00000    4.46272
  51.50000    4.45334
  52.00000    4.45281
  52.50000    4.46141
  53.00000    4.46921
  53.50000    4.46696
  54.00000    4.46299
  54.50000    4.46972
  55.00000    4.47682
  55.50000    4.48298
  56.00000    4.48078
  56.50000    4.47439
  57.00000    4.46833
  57.50000    4.47266
  58.00000    4.47480
  58.50000    4.47426
  59.00000    4.46876
  59.50000    4.46372
  60.00000    4.47095
  60.50000    4.47460
  61.00000    4.47558
  61.50000    4.46813
  62.00000    4.46906
  62.50000    4.46354
  63.00000    4.46126
  63.50000    4.45579
  64.00000    4.45137
  64.50000    4.45492
  65.00000    4.45975
  65.50000    4.46513
  66.00000    4.46827
  66.50000    4.46788
  67.00000    4.46535
  67.50000    4.46607
  68.00000    4.48330
  68.50000    4.47839
  69.00000    4.46096
  69.50000    4.43939
  70.00000    4.46332
  70.50000    4.47694
  71.00000    4.47164
  71.50000    4.46317
  72.00000    4.46858
  72.50000    4.46747
  73.00000    4.46487
  73.50000    4.46824
  74.00000    4.47002
  74.50000    4.46502
  75.00000    4.46298
  75.50000    4.45816
  76.00000    4.46391
  76.50000    4.46705
  77.00000    4.46605
  77.50000    4.45140
  78.00000    4.44976
  78.50000    4.46082
  79.00000    4.47100
  79.50000    4.47116
  80.00000    4.47360
  80.50000    4.47536
  81.00000    4.47365
  81.50000    4.47305
  82.00000    4.47655
  82.50000    4.47289
  83.00000    4.46814
  83.50000    4.45545
  84.00000    4.46295
  84.50000    4.47195
  85.00000    4.47679
  85.50000    4.46982
  86.00000    4.48156
  86.50000    4.46919
  87.00000    4.46184
  87.50000    4.45657
  88.00000    4.47261
  88.50000    4.46703
  89.00000    4.46578
  89.50000    4.46542
  90.00000    4.46472
  90.50000    4.47518
  91.00000    4.47240
  91.50000    4.46992
  92.00000    4.46713
  92.50000    4.47771
  93.00000    4.48483
  93.50000    4.48335
  94.00000    4.48620
  94.50000    4.47616
  95.00000    4.47548
  95.50000    4.48116
  96.00000    4.49366
  96.50000    4.49784
  97.00000    4.49716
  97.50000    4.49246
  98.00000    4.48907
  98.50000    4.49605
  99.00000    4.50052
  99.50000    4.49428
 100.00000    4.47913
 100.50000    4.48451
 101.00000    4.49376
 101.50000    4.50529
 102.00000    4.49382
 102.50000    4.49224
 103.00000    4.50006
 103.50000    4.49878
 104.00000    4.49717
 104.50000    4.49953
 105.00000    4.50472
 105.50000    4.50729
 106.00000    4.51236
 106.50000    4.51854
 107.00000    4.50936
 107.50000    4.51505
 108.00000    4.51228
 108.50000    4.51770
 109.00000    4.51597
 109.50000    4.50958
 110.00000    4.50221
 110.50000    4.50015
 111.00000    4.50422
 111.50000    4.51597
 112.00000    4.53474
 112.50000    4.53235
 113.00000    4.52268
 113.50000    4.52239
 114.00000    4.52426
 114.50000    4.51448
 115.00000    4.51137
 115.50000    4.52986
 116.00000    4.53323
 116.50000    4.52416
 117.00000    4.51391
 117.50000    4.51756
 118.00000    4.52137
 118.50000    4.53282
 119.00000    4.53634
 119.50000    4.54300
 120.00000    4.53715
 120.50000    4.53837
 121.00000    4.53803
 121.50000    4.54677
 122.00000    4.54481
 122.50000    4.53959
 123.00000    4.53918
 123.50000    4.54496
 124.00000    4.54483
 124.50000    4.54336
 125.00000    4.54757
 125.50000    4.55259
 126.00000    4.54901
 126.50000    4.55004
 127.00000    4.56172
 127.50000    4.56729
 128.00000    4.56496
 128.50000    4.56117
 129.00000    4.55937
 129.50000    4.55335
 130.00000    4.55739
 130.50000    4.56501
 131.00000    4.56917
 131.50000    4.56256
 132.00000    4.57392
 132.50000    4.57224
 133.00000    4.55400
 133.50000    4.54641
 134.00000    4.56113
 134.50000    4.57817
 135.00000    4.57330
 135.50000    4.57538
 136.00000    4.57381
 136.50000    4.57987
 137.00000    4.57401
 137.50000    4.56883
 138.00000    4.56994
 138.50000    4.57383
 139.00000    4.57331
 139.50000    4.58605
 140.00000    4.58898
 140.50000    4.58503
 141.00000    4.57688
 141.50000    4.59247
 142.00000    4.58806
 142.50000    4.58679
 143.00000    4.58323
 143.50000    4.58669
 144.00000    4.58306
 144.50000    4.58851
 145.00000    4.58449
 145.50000    4.58518
 146.00000    4.59031
 146.50000    4.59999
 147.00000    4.59207
 147.50000    4.58737
 148.00000    4.58581
 148.50000    4.58332
 149.00000    4.58553
 149.50000    4.59678
 150.00000    4.59950
