   0.00000    1.37463
   0.50000    3.27971
   1.00000    3.56887
   1.50000    3.39694
   2.00000    3.39199
   2.50000    3.33991
   3.00000    3.28151
   3.50000    3.24532
   4.00000    3.27138
   4.50000    3.26666
   5.00000    3.30468
   5.50000    3.33941
   6.00000    3.41605
   6.50000    3.45167
   7.00000    3.50217
   7.50000    3.52469
   8.00000    3.54144
   8.50000    3.51145
   9.00000    3.52733
   9.50000    3.54529
  10.00000    3.56496
  10.50000    3.56195
  11.00000    3.55663
  11.50000    3.54548
  12.00000    3.53739
  12.50000    3.54874
  13.00000    3.52741
  13.50000    3.53334
  14.00000    3.50931
  14.50000    3.50723
  15.00000    3.50528
  15.50000    3.53089
  16.00000    3.52804
  16.50000    3.53063
  17.00000    3.52464
  17.50000    3.53199
  18.00000    3.54864
  18.50000    3.52908
  19.00000    3.49811
  19.50000    3.50788
  20.00000    3.53495
  20.50000    3.53066
  21.00000    3.53729
  21.50000    3.56955
  22.00000    3.51850
  22.50000    3.47487
  23.00000    3.44589
  23.50000    3.44577
  24.00000    3.42783
  24.50000    3.42355
  25.00000    3.38071
  25.50000    3.35014
  26.00000    3.40948
  26.50000    3.50324
  27.00000    3.56714
  27.50000    3.58484
  28.00000    3.60142
  28.50000    3.61605
  29.00000    3.63974
  29.50000    3.62365
  30.00000    3.61639
  30.50000    3.63089
  31.00000    3.64321
  31.50000    3.61990
  32.00000    3.61789
  32.50000    3.62526
  33.00000    3.58684
  33.50000    3.53920
  34.00000    3.55996
  34.50000    3.59483
  35.00000    3.64254
  35.50000    3.69975
  36.00000    3.72360
  36.50000    3.69655
  37.00000    3.68520
  37.50000    3.71882
  38.00000    3.70597
  38.50000    3.69505
  39.00000    3.69421
  39.50000    3.72974
  40.00000    3.76857
  40.50000    3.77337
  41.00000    3.74125
  41.50000    3.70319
  42.00000    3.70886
  42.50000    3.73284
  43.00000    3.74129
  43.50000    3.74532
  44.00000    3.77372
  44.50000    3.79751
  45.00000    3.81599
  45.50000    3.84004
  46.00000    3.88818
  46.50000    3.91696
  47.00000    3.94285
  47.50000    3.96378
  48.00000    3.99161
  48.50000    4.08068
  49.00000    4.18670
  49.50000    4.21690
  50.00000    4.21319
  50.50000    4.24630
  51.00000    4.28735
  51.50000    4.29256
  52.00000    4.29321
  52.50000    4.31264
  53.00000    4.31059
  53.50000    4.28328
  54.00000    4.27787
  54.50000    4.31749
  55.00000    4.36559
  55.50000    4.36561
  56.00000    4.34885
  56.50000    4.34418
  57.00000    4.34708
  57.50000    4.36044
  58.00000    4.37536
  58.50000    4.39118
  59.00000    4.39613
  59.50000    4.37174
  60.00000    4.35550
  60.50000    4.34101
  61.00000    4.34015
  61.50000    4.32089
  62.00000    4.34302
  62.50000    4.36317
  63.00000    4.38269
  63.50000    4.36141
  64.00000    4.35879
  64.50000    4.33309
  65.00000    4.31135
  65.50000    4.32797
  66.00000    4.35136
  66.50000    4.32531
  67.00000    4.25210
  67.50000    4.25049
  68.00000    4.29857
  68.50000    4.33720
  69.00000    4.29362
  69.50000    4.26425
  70.00000    4.25881
  70.50000    4.25971
  71.00000    4.22716
  71.50000    4.25243
  72.00000    4.27614
  72.50000    4.27868
  73.00000    4.28335
  73.50000    4.28261
  74.00000    4.25927
  74.50000    4.23429
  75.00000    4.23088
  75.50000    4.24477
  76.00000    4.22795
  76.50000    4.22414
  77.00000    4.24215
  77.50000    4.26353
  78.00000    4.21597
  78.50000    4.18671
  79.00000    4.22631
  79.50000    4.25063
  80.00000    4.25744
  80.50000    4.26387
  81.00000    4.23464
  81.50000    4.21611
  82.00000    4.20092
  82.50000    4.23041
  83.00000    4.18633
  83.50000    4.17920
  84.00000    4.18720
  84.50000    4.23064
  85.00000    4.23019
  85.50000    4.21452
  86.00000    4.21798
  86.50000    4.21634
  87.00000    4.20286
  87.50000    4.16780
  88.00000    4.12815
  88.50000    4.12293
  89.00000    4.14886
  89.50000    4.16989
  90.00000    4.16264
  90.50000    4.14158
  91.00000    4.13375
  91.50000    4.14618
  92.00000    4.16054
  92.50000    4.16016
  93.00000    4.15142
  93.50000    4.15848
  94.00000    4.16652
  94.50000    4.13309
  95.00000    4.10715
  95.50000    4.12756
  96.00000    4.15726
  96.50000    4.14246
  97.00000    4.11131
  97.50000    4.12750
  98.00000    4.12982
  98.50000    4.12404
  99.00000    4.09770
  99.50000    4.11472
 100.00000    4.12009
 100.50000    4.12005
 101.00000    4.11176
 101.50000    4.12670
 102.00000    4.09528
 102.50000    4.07341
 103.00000    4.05430
 103.50000    4.08934
 104.00000    4.09220
 104.50000    4.12768
 105.00000    4.13924
 105.50000    4.13799
 106.00000    4.09412
 106.50000    4.07542
 107.00000    4.09571
 107.50000    4.10981
 108.00000    4.09925
 108.50000    4.06365
 109.00000    4.07165
 109.50000    4.06219
 110.00000    4.07753
 110.50000    4.08210
 111.00000    4.08391
 111.50000    4.08063
 112.00000    4.09862
 112.50000    4.07703
 113.00000    4.06113
 113.50000    4.07479
 114.00000    4.09710
 114.50000    4.08750
 115.00000    4.08947
 115.50000    4.05831
 116.00000    4.03426
 116.50000    4.05591
 117.00000    4.09426
 117.50000    4.08216
 118.00000    4.07770
 118.50000    4.07729
 119.00000    4.09152
 119.50000    4.09624
 120.00000    4.10070
 120.50000    4.08316
 121.00000    4.09241
 121.50000    4.10690
 122.00000    4.10256
 122.50000    4.07776
 123.00000    4.10900
 123.50000    4.11831
 124.00000    4.10004
 124.50000    4.09541
 125.00000    4.12284
 125.50000    4.11097
 126.00000    4.08268
 126.50000    4.06821
 127.00000    4.08425
 127.50000    4.08859
 128.00000    4.11538
 128.50000    4.09654
 129.00000    4.09810
 129.50000    4.06452
 130.00000    4.06745
 130.50000    4.09406
 131.00000    4.12058
 131.50000    4.13665
 132.00000    4.11673
 132.50000    4.14315
 133.00000    4.11190
 133.50000    4.12946
 134.00000    4.09143
 134.50000    4.08985
 135.00000    4.06804
 135.50000    4.11543
 136.00000    4.13593
 136.50000    4.13312
 137.00000    4.14090
 137.50000    4.18266
 138.00000    4.20619
 138.50000    4.15109
 139.00000    4.11855
 139.50000    4.14634
 140.00000    4.17317
 140.50000    4.14513
 141.00000    4.16091
 141.50000    4.19341
 142.00000    4.17022
 142.50000    4.12981
 143.00000    4.16100
 143.50000    4.17435
 144.00000    4.18383
 144.50000    4.16962
 145.00000    4.19818
 145.50000    4.18022
 146.00000    4.18360
 146.50000    4.16786
 147.00000    4.20470
 147.50000    4.21105
 148.00000    4.21041
 148.50000    4.19067
 149.00000    4.21708
 149.50000    4.25283
 150.00000    4.26539
