   0.00000    1.45719
   0.50000    3.36059
   1.00000    3.60518
   1.50000    3.40604
   2.00000    3.37339
   2.50000    3.29409
   3.00000    3.17977
   3.50000    3.14378
   4.00000    3.17034
   4.50000    3.18535
   5.00000    3.21493
   5.50000    3.27016
   6.00000    3.35850
   6.50000    3.43052
   7.00000    3.50245
   7.50000    3.52354
   8.00000    3.53960
   8.50000    3.52797
   9.00000    3.54088
   9.50000    3.54709
  10.00000    3.56633
  10.50000    3.56041
  11.00000    3.53724
  11.50000    3.52448
  12.00000    3.52250
  12.50000    3.53015
  13.00000    3.51048
  13.50000    3.52091
  14.00000    3.51263
  14.50000    3.50053
  15.00000    3.50061
  15.50000    3.51748
  16.00000    3.51080
  16.50000    3.49970
  17.00000    3.49093
  17.50000    3.49946
  18.00000    3.52492
  18.50000    3.50837
  19.00000    3.48622
  19.50000    3.49327
  20.00000    3.51309
  20.50000    3.49963
  21.00000    3.50346
  21.50000    3.53410
  22.00000    3.49299
  22.50000    3.46952
  23.00000    3.44791
  23.50000    3.44469
  24.00000    3.43760
  24.50000    3.44939
  25.00000    3.44542
  25.50000    3.42785
  26.00000    3.48658
  26.50000    3.54867
  27.00000    3.59181
  27.50000    3.61147
  28.00000    3.62380
  28.50000    3.61893
  29.00000    3.63243
  29.50000    3.63453
  30.00000    3.63970
  30.50000    3.65824
  31.00000    3.66107
  31.50000    3.62967
  32.00000    3.61661
  32.50000    3.61530
  33.00000    3.58139
  33.50000    3.53906
  34.00000    3.53939
  34.50000    3.57263
  35.00000    3.62067
  35.50000    3.68192
  36.00000    3.72209
  36.50000    3.72958
  37.00000    3.71771
  37.50000    3.75034
  38.00000    3.76439
  38.50000    3.76565
  39.00000    3.76856
  39.50000    3.80959
  40.00000    3.85516
  40.50000    3.87048
  41.00000    3.84200
  41.50000    3.81928
  42.00000    3.84127
  42.50000    3.87157
  43.00000    3.89015
  43.50000    3.90375
  44.00000    3.94308
  44.50000    3.94408
  45.00000    3.96745
  45.50000    3.99059
  46.00000    4.04682
  46.50000    4.06522
  47.00000    4.09161
  47.50000    4.10232
  48.00000    4.13189
  48.50000    4.22098
  49.00000    4.33947
  49.50000    4.38899
  50.00000    4.37931
  50.50000    4.39212
  51.00000    4.43174
  51.50000    4.44121
  52.00000    4.42374
  52.50000    4.42365
  53.00000    4.41741
  53.50000    4.38924
  54.00000    4.37645
  54.50000    4.40358
  55.00000    4.45632
  55.50000    4.46697
  56.00000    4.45497
  56.50000    4.42704
  57.00000    4.42409
  57.50000    4.44184
  58.00000    4.45818
  58.50000    4.46179
  59.00000    4.44910
  59.50000    4.44779
  60.00000    4.44746
  60.50000    4.43517
  61.00000    4.40747
  61.50000    4.39472
  62.00000    4.41565
  62.50000    4.43390
  63.00000    4.43434
  63.50000    4.42043
  64.00000    4.42112
  64.50000    4.40875
  65.00000    4.38780
  65.50000    4.39381
  66.00000    4.40456
  66.50000    4.37565
  67.00000    4.32628
  67.50000    4.31932
  68.00000    4.35981
  68.50000    4.38175
  69.00000    4.36204
  69.50000    4.32954
  70.00000    4.33095
  70.50000    4.31570
  71.00000    4.28585
  71.50000    4.29965
  72.00000    4.32633
  72.50000    4.31721
  73.00000    4.31134
  73.50000    4.31522
  74.00000    4.30996
  74.50000    4.27809
  75.00000    4.25891
  75.50000    4.27216
  76.00000    4.26712
  76.50000    4.26773
  77.00000    4.27420
  77.50000    4.28336
  78.00000    4.24911
  78.50000    4.24291
  79.00000    4.27738
  79.50000    4.28001
  80.00000    4.28508
  80.50000    4.29033
  81.00000    4.26789
  81.50000    4.25689
  82.00000    4.25341
  82.50000    4.27422
  83.00000    4.23096
  83.50000    4.21023
  84.00000    4.21829
  84.50000    4.24095
  85.00000    4.24812
  85.50000    4.23570
  86.00000    4.24797
  86.50000    4.23009
  87.00000    4.22055
  87.50000    4.19574
  88.00000    4.16692
  88.50000    4.15985
  89.00000    4.17638
  89.50000    4.18925
  90.00000    4.17589
  90.50000    4.15705
  91.00000    4.16145
  91.50000    4.16560
  92.00000    4.17368
  92.50000    4.17002
  93.00000    4.17478
  93.50000    4.17242
  94.00000    4.19149
  94.50000    4.16469
  95.00000    4.13514
  95.50000    4.13627
  96.00000    4.16223
  96.50000    4.15152
  97.00000    4.14650
  97.50000    4.15566
  98.00000    4.15680
  98.50000    4.14464
  99.00000    4.14028
  99.50000    4.15343
 100.00000    4.14217
 100.50000    4.12691
 101.00000    4.11211
 101.50000    4.13604
 102.00000    4.11102
 102.50000    4.10477
 103.00000    4.08957
 103.50000    4.12068
 104.00000    4.11965
 104.50000    4.14810
 105.00000    4.14922
 105.50000    4.15142
 106.00000    4.11693
 106.50000    4.11404
 107.00000    4.14064
 107.50000    4.14696
 108.00000    4.12784
 108.50000    4.09104
 109.00000    4.10991
 109.50000    4.09520
 110.00000    4.09535
 110.50000    4.09901
 111.00000    4.11528
 111.50000    4.11311
 112.00000    4.11929
 112.50000    4.09608
 113.00000    4.08615
 113.50000    4.10009
 114.00000    4.11246
 114.50000    4.10521
 115.00000    4.11340
 115.50000    4.11753
 116.00000    4.09902
 116.50000    4.11074
 117.00000    4.11980
 117.50000    4.10685
 118.00000    4.10464
 118.50000    4.10880
 119.00000    4.12259
 119.50000    4.12122
 120.00000    4.12475
 120.50000    4.11736
 121.00000    4.11928
 121.50000    4.11455
 122.00000    4.10834
 122.50000    4.09706
 123.00000    4.12455
 123.50000    4.13547
 124.00000    4.13507
 124.50000    4.12849
 125.00000    4.14098
 125.50000    4.12360
 126.00000    4.11029
 126.50000    4.11166
 127.00000    4.12178
 127.50000    4.12535
 128.00000    4.14558
 128.50000    4.13791
 129.00000    4.14039
 129.50000    4.12353
 130.00000    4.12205
 130.50000    4.13476
 131.00000    4.14840
 131.50000    4.16223
 132.00000    4.16579
 132.50000    4.18752
 133.00000    4.15455
 133.50000    4.15686
 134.00000    4.14566
 134.50000    4.14707
 135.00000    4.13397
 135.50000    4.16953
 136.00000    4.18203
 136.50000    4.17195
 137.00000    4.18062
 137.50000    4.22456
 138.00000    4.25299
 138.50000    4.19841
 139.00000    4.17115
 139.50000    4.19430
 140.00000    4.21823
 140.50000    4.19613
 141.00000    4.20341
 141.50000    4.22731
 142.00000    4.19457
 142.50000    4.17139
 143.00000    4.20319
 143.50000    4.22772
 144.00000    4.23129
 144.50000    4.21458
 145.00000    4.22918
 145.50000    4.21886
 146.00000    4.22130
 146.50000    4.21261
 147.00000    4.24452
 147.50000    4.25703
 148.00000    4.24212
 148.50000    4.22084
 149.00000    4.24219
 149.50000    4.28060
 150.00000    4.27647
