   0.00000    1.32517
   0.50000    2.82901
   1.00000    3.13907
   1.50000    3.10106
   2.00000    3.21011
   2.50000    3.27446
   3.00000    3.31911
   3.50000    3.32985
   4.00000    3.34310
   4.50000    3.37259
   5.00000    3.40072
   5.50000    3.41922
   6.00000    3.43406
   6.50000    3.45072
   7.00000    3.46476
   7.50000    3.47727
   8.00000    3.48334
   8.50000    3.49448
   9.00000    3.50696
   9.50000    3.51458
  10.00000    3.52272
  10.50000    3.53441
  11.00000    3.54034
  11.50000    3.54599
  12.00000    3.55136
  12.50000    3.55027
  13.00000    3.55455
  13.50000    3.57246
  14.00000    3.58734
  14.50000    3.58883
  15.00000    3.59258
  15.50000    3.59454
  16.00000    3.60031
  16.50000    3.60894
  17.00000    3.61607
  17.50000    3.62410
  18.00000    3.63282
  18.50000    3.63871
  19.00000    3.63516
  19.50000    3.63899
  20.00000    3.64432
  20.50000    3.65269
  21.00000    3.65717
  21.50000    3.67015
  22.00000    3.68120
  22.50000    3.68183
  23.00000    3.68302
  23.50000    3.70224
  24.00000    3.72372
  24.50000    3.72880
  25.00000    3.73654
  25.50000    3.75170
  26.00000    3.77755
  26.50000    3.80822
  27.00000    3.86852
  27.50000    3.93465
  28.00000    3.99870
  28.50000    4.05102
  29.00000    4.09294
  29.50000    4.11515
  30.00000    4.11502
  30.50000    4.11848
  31.00000    4.13601
  31.50000    4.15909
  32.00000    4.18286
  32.50000    4.21008
  33.00000    4.23681
  33.50000    4.25160
  34.00000    4.26820
  34.50000    4.28941
  35.00000    4.30093
  35.50000    4.30962
  36.00000    4.31789
  36.50000    4.32827
  37.00000    4.33092
  37.50000    4.33488
  38.00000    4.33650
  38.50000    4.34560
  39.00000    4.35122
  39.50000    4.35663
  40.00000    4.36017
  40.50000    4.36011
  41.00000    4.35465
  41.50000    4.35317
  42.00000    4.35526
  42.50000    4.35552
  43.00000    4.35232
  43.50000    4.35720
  44.00000    4.36198
  44.50000    4.36603
  45.00000    4.36578
  45.50000    4.36632
  46.00000    4.37038
  46.50000    4.37136
  47.00000    4.37325
  47.50000    4.38543
  48.00000    4.39853
  48.50000    4.40357
  49.00000    4.39291
  49.50000    4.39735
  50.00000    4.40347
  50.50000    4.39969
  51.00000    4.39382
  51.50000    4.38673
  52.00000    4.39210
  52.50000    4.38810
  53.00000    4.39436
  53.50000    4.39091
  54.00000    4.39016
  54.50000    4.39290
  55.00000    4.39827
  55.50000    4.39808
  56.00000    4.38999
  56.50000    4.38656
  57.00000    4.38976
  57.50000    4.39166
  58.00000    4.39005
  58.50000    4.38995
  59.00000    4.38440
  59.50000    4.38394
  60.00000    4.38608
  60.50000    4.38818
  61.00000    4.37902
  61.50000    4.37890
  62.00000    4.38266
  62.50000    4.38664
  63.00000    4.37757
  63.50000    4.37772
  64.00000    4.37994
  64.50000    4.38911
  65.00000    4.38366
  65.50000    4.38535
  66.00000    4.37800
  66.50000    4.37754
  67.00000    4.37391
  67.50000    4.37637
  68.00000    4.36483
  68.50000    4.35928
  69.00000    4.35997
  69.50000    4.36516
  70.00000    4.36877
  70.50000    4.36149
  71.00000    4.36128
  71.50000    4.35939
  72.00000    4.36045
  72.50000    4.35415
  73.00000    4.35462
  73.50000    4.35347
  74.00000    4.35278
  74.50000    4.35048
  75.00000    4.34808
  75.50000    4.34885
  76.00000    4.34914
  76.50000    4.34172
  77.00000    4.33166
  77.50000    4.33005
  78.00000    4.33387
  78.50000    4.33597
  79.00000    4.33123
  79.50000    4.32593
  80.00000    4.32438
  80.50000    4.32219
  81.00000    4.31941
  81.50000    4.32220
  82.00000    4.32099
  82.50000    4.31774
  83.00000    4.31714
  83.50000    4.31814
  84.00000    4.31127
  84.50000    4.30607
  85.00000    4.30556
  85.50000    4.30340
  86.00000    4.30400
  86.50000    4.30482
  87.00000    4.29891
  87.50000    4.29575
  88.00000    4.30157
  88.50000    4.30518
  89.00000    4.29701
  89.50000    4.29284
  90.00000    4.28950
  90.50000    4.28931
  91.00000    4.28541
  91.50000    4.28283
  92.00000    4.28417
  92.50000    4.28165
  93.00000    4.28259
  93.50000    4.27779
  94.00000    4.28280
  94.50000    4.27791
  95.00000    4.27420
  95.50000    4.27153
  96.00000    4.27002
  96.50000    4.27153
  97.00000    4.26658
  97.50000    4.26699
  98.00000    4.26061
  98.50000    4.25926
  99.00000    4.25550
  99.50000    4.25622
 100.00000    4.26244
 100.50000    4.26852
 101.00000    4.25715
 101.50000    4.25295
 102.00000    4.25129
 102.50000    4.24815
 103.00000    4.24341
 103.50000    4.24879
 104.00000    4.24863
 104.50000    4.24558
 105.00000    4.24313
 105.50000    4.24208
 106.00000    4.24049
 106.50000    4.24233
 107.00000    4.23698
 107.50000    4.23879
 108.00000    4.23412
 108.50000    4.23726
 109.00000    4.23027
 109.50000    4.22997
 110.00000    4.22998
 110.50000    4.24401
 111.00000    4.24175
 111.50000    4.23159
 112.00000    4.22685
 112.50000    4.23536
 113.00000    4.23836
 113.50000    4.23038
 114.00000    4.22566
 114.50000    4.22864
 115.00000    4.23095
 115.50000    4.22503
 116.00000    4.22346
 116.50000    4.22238
 117.00000    4.22151
 117.50000    4.22126
 118.00000    4.21866
 118.50000    4.21882
 119.00000    4.21990
 119.50000    4.22687
 120.00000    4.22363
 120.50000    4.22301
 121.00000    4.22016
 121.50000    4.22186
 122.00000    4.22054
 122.50000    4.21550
 123.00000    4.20850
 123.50000    4.20673
 124.00000    4.21095
 124.50000    4.21140
 125.00000    4.20644
 125.50000    4.20762
 126.00000    4.21062
 126.50000    4.21123
 127.00000    4.21701
 127.50000    4.22042
 128.00000    4.21559
 128.50000    4.21227
 129.00000    4.21803
 129.50000    4.22019
 130.00000    4.21801
 130.50000    4.21688
 131.00000    4.21632
 131.50000    4.21986
 132.00000    4.21951
 132.50000    4.21654
 133.00000    4.21182
 133.50000    4.21125
 134.00000    4.21277
 134.50000    4.21919
 135.00000    4.21675
 135.50000    4.21164
 136.00000    4.21347
 136.50000    4.21844
 137.00000    4.21745
 137.50000    4.21581
 138.00000    4.21547
 138.50000    4.21765
 139.00000    4.22242
 139.50000    4.22333
 140.00000    4.21858
 140.50000    4.21951
 141.00000    4.22391
 141.50000    4.23230
 142.00000    4.22664
 142.50000    4.22365
 143.00000    4.22387
 143.50000    4.23536
 144.00000    4.23904
 144.50000    4.23808
 145.00000    4.23576
 145.50000    4.23923
 146.00000    4.23902
 146.50000    4.23959
 147.00000    4.23887
 147.50000    4.24372
 148.00000    4.24353
 148.50000    4.25012
 149.00000    4.24652
 149.50000    4.23766
 150.00000    4.24149
