   0.00000    1.41553
   0.50000    3.44384
   1.00000    3.73794
   1.50000    3.50146
   2.00000    3.42879
   2.50000    3.31115
   3.00000    3.23149
   3.50000    3.21150
   4.00000    3.25506
   4.50000    3.29454
   5.00000    3.32542
   5.50000    3.35898
   6.00000    3.40137
   6.50000    3.47287
   7.00000    3.51284
   7.50000    3.52794
   8.00000    3.51195
   8.50000    3.51115
   9.00000    3.51999
   9.50000    3.53427
  10.00000    3.53847
  10.50000    3.53906
  11.00000    3.52036
  11.50000    3.50045
  12.00000    3.48842
  12.50000    3.50624
  13.00000    3.50509
  13.50000    3.50905
  14.00000    3.50255
  14.50000    3.49876
  15.00000    3.49839
  15.50000    3.49390
  16.00000    3.49328
  16.50000    3.48542
  17.00000    3.48010
  17.50000    3.47784
  18.00000    3.49808
  18.50000    3.50181
  19.00000    3.50012
  19.50000    3.47849
  20.00000    3.47005
  20.50000    3.47193
  21.00000    3.50033
  21.50000    3.49270
  22.00000    3.46658
  22.50000    3.45489
  23.00000    3.45532
  23.50000    3.45843
  24.00000    3.46252
  24.50000    3.45924
  25.00000    3.45094
  25.50000    3.45130
  26.00000    3.46948
  26.50000    3.48817
  27.00000    3.50842
  27.50000    3.53488
  28.00000    3.52486
  28.50000    3.52424
  29.00000    3.52157
  29.50000    3.52929
  30.00000    3.53797
  30.50000    3.56566
  31.00000    3.56770
  31.50000    3.55801
  32.00000    3.55714
  32.50000    3.56399
  33.00000    3.57928
  33.50000    3.62080
  34.00000    3.66470
  34.50000    3.70592
  35.00000    3.74149
  35.50000    3.75600
  36.00000    3.74959
  36.50000    3.75710
  37.00000    3.76497
  37.50000    3.77851
  38.00000    3.77499
  38.50000    3.78408
  39.00000    3.77767
  39.50000    3.77948
  40.00000    3.76832
  40.50000    3.76890
  41.00000    3.77538
  41.50000    3.79094
  42.00000    3.79992
  42.50000    3.79837
  43.00000    3.81675
  43.50000    3.81471
  44.00000    3.81332
  44.50000    3.80748
  45.00000    3.84738
  45.50000    3.87573
  46.00000    3.89060
  46.50000    3.89781
  47.00000    3.90119
  47.50000    3.90065
  48.00000    3.91530
  48.50000    4.02232
  49.00000    4.12723
  49.50000    4.21716
  50.00000    4.25456
  50.50000    4.31537
  51.00000    4.31018
  51.50000    4.30784
  52.00000    4.28964
  52.50000    4.29028
  53.00000    4.27721
  53.50000    4.28192
  54.00000    4.30194
  54.50000    4.33805
  55.00000    4.36836
  55.50000    4.37817
  56.00000    4.38769
  56.50000    4.40456
  57.00000    4.40250
  57.50000    4.40089
  58.00000    4.40052
  58.50000    4.41325
  59.00000    4.41392
  59.50000    4.41358
  60.00000    4.39786
  60.50000    4.39117
  61.00000    4.38383
  61.50000    4.39021
  62.00000    4.40457
  62.50000    4.41391
  63.00000    4.40395
  63.50000    4.39682
  64.00000    4.39430
  64.50000    4.39759
  65.00000    4.39465
  65.50000    4.40882
  66.00000    4.40637
  66.50000    4.40003
  67.00000    4.38535
  67.50000    4.40303
  68.00000    4.41428
  68.50000    4.41178
  69.00000    4.39320
  69.50000    4.39293
  70.00000    4.40087
  70.50000    4.40641
  71.00000    4.39216
  71.50000    4.39677
  72.00000    4.38973
  72.50000    4.38608
  73.00000    4.37206
  73.50000    4.38350
  74.00000    4.38477
  74.50000    4.37472
  75.00000    4.35770
  75.50000    4.35435
  76.00000    4.36157
  76.50000    4.37606
  77.00000    4.38008
  77.50000    4.38005
  78.00000    4.37930
  78.50000    4.37961
  79.00000    4.36380
  79.50000    4.35801
  80.00000    4.36696
  80.50000    4.38688
  81.00000    4.38015
  81.50000    4.36702
  82.00000    4.35851
  82.50000    4.35354
  83.00000    4.33852
  83.50000    4.33010
  84.00000    4.35014
  84.50000    4.35776
  85.00000    4.35689
  85.50000    4.33825
  86.00000    4.33814
  86.50000    4.33915
  87.00000    4.34024
  87.50000    4.33955
  88.00000    4.33017
  88.50000    4.32127
  89.00000    4.31499
  89.50000    4.33264
  90.00000    4.32978
  90.50000    4.31073
  91.00000    4.30094
  91.50000    4.31616
  92.00000    4.32839
  92.50000    4.32167
  93.00000    4.32202
  93.50000    4.31737
  94.00000    4.31672
  94.50000    4.31183
  95.00000    4.30199
  95.50000    4.28916
  96.00000    4.28236
  96.50000    4.29223
  97.00000    4.29679
  97.50000    4.29479
  98.00000    4.29851
  98.50000    4.30393
  99.00000    4.29601
  99.50000    4.28014
 100.00000    4.27654
 100.50000    4.28266
 101.00000    4.28221
 101.50000    4.28118
 102.00000    4.26768
 102.50000    4.27291
 103.00000    4.29379
 103.50000    4.30377
 104.00000    4.29604
 104.50000    4.28438
 105.00000    4.27581
 105.50000    4.26346
 106.00000    4.26619
 106.50000    4.27200
 107.00000    4.28372
 107.50000    4.28447
 108.00000    4.28006
 108.50000    4.27537
 109.00000    4.27940
 109.50000    4.27400
 110.00000    4.26866
 110.50000    4.27074
 111.00000    4.27908
 111.50000    4.27146
 112.00000    4.28598
 112.50000    4.28239
 113.00000    4.28036
 113.50000    4.27608
 114.00000    4.29363
 114.50000    4.29006
 115.00000    4.27479
 115.50000    4.26338
 116.00000    4.25832
 116.50000    4.27755
 117.00000    4.29773
 117.50000    4.29055
 118.00000    4.26713
 118.50000    4.26351
 119.00000    4.27600
 119.50000    4.28098
 120.00000    4.28682
 120.50000    4.28311
 121.00000    4.28228
 121.50000    4.28477
 122.00000    4.29535
 122.50000    4.29380
 123.00000    4.30218
 123.50000    4.30044
 124.00000    4.29346
 124.50000    4.29743
 125.00000    4.30187
 125.50000    4.30169
 126.00000    4.28675
 126.50000    4.29803
 127.00000    4.29707
 127.50000    4.30571
 128.00000    4.30817
 128.50000    4.30756
 129.00000    4.30843
 129.50000    4.30526
 130.00000    4.30728
 130.50000    4.29291
 131.00000    4.29225
 131.50000    4.28619
 132.00000    4.30845
 132.50000    4.32265
 133.00000    4.32768
 133.50000    4.31353
 134.00000    4.32172
 134.50000    4.32793
 135.00000    4.32100
 135.50000    4.31229
 136.00000    4.32326
 136.50000    4.33031
 137.00000    4.32646
 137.50000    4.32176
 138.00000    4.33469
 138.50000    4.33509
 139.00000    4.33098
 139.50000    4.32719
 140.00000    4.34216
 140.50000    4.35804
 141.00000    4.36262
 141.50000    4.35228
 142.00000    4.33857
 142.50000    4.33409
 143.00000    4.35005
 143.50000    4.36080
 144.00000    4.36583
 144.50000    4.34790
 145.00000    4.34027
 145.50000    4.33060
 146.00000    4.34267
 146.50000    4.33771
 147.00000    4.34162
 147.50000    4.35570
 148.00000    4.37547
 148.50000    4.36211
 149.00000    4.36027
 149.50000    4.37117
 150.00000    4.35306
