   0.00000    1.38749
   0.50000    3.22971
   1.00000    3.56359
   1.50000    3.45413
   2.00000    3.45513
   2.50000    3.34435
   3.00000    3.22811
   3.50000    3.19946
   4.00000    3.23196
   4.50000    3.24522
   5.00000    3.26852
   5.50000    3.31052
   6.00000    3.36645
   6.50000    3.42567
   7.00000    3.47809
   7.50000    3.50152
   8.00000    3.51444
   8.50000    3.51821
   9.00000    3.52675
   9.50000    3.54265
  10.00000    3.55326
  10.50000    3.54703
  11.00000    3.52142
  11.50000    3.51134
  12.00000    3.51184
  12.50000    3.53012
  13.00000    3.52373
  13.50000    3.52122
  14.00000    3.50742
  14.50000    3.49985
  15.00000    3.49491
  15.50000    3.49084
  16.00000    3.50099
  16.50000    3.50590
  17.00000    3.49956
  17.50000    3.48600
  18.00000    3.51312
  18.50000    3.50129
  19.00000    3.48820
  19.50000    3.48107
  20.00000    3.49335
  20.50000    3.49576
  21.00000    3.50776
  21.50000    3.52155
  22.00000    3.48865
  22.50000    3.47519
  23.00000    3.45798
  23.50000    3.44933
  24.00000    3.44174
  24.50000    3.43012
  25.00000    3.41605
  25.50000    3.41116
  26.00000    3.46981
  26.50000    3.52823
  27.00000    3.56656
  27.50000    3.60732
  28.00000    3.61645
  28.50000    3.62879
  29.00000    3.64056
  29.50000    3.64753
  30.00000    3.64098
  30.50000    3.65993
  31.00000    3.65290
  31.50000    3.62448
  32.00000    3.62060
  32.50000    3.63147
  33.00000    3.61827
  33.50000    3.59954
  34.00000    3.61196
  34.50000    3.64582
  35.00000    3.67098
  35.50000    3.69996
  36.00000    3.71154
  36.50000    3.73225
  37.00000    3.72481
  37.50000    3.75259
  38.00000    3.74589
  38.50000    3.74067
  39.00000    3.73216
  39.50000    3.74768
  40.00000    3.75169
  40.50000    3.73850
  41.00000    3.72194
  41.50000    3.72117
  42.00000    3.74630
  42.50000    3.75948
  43.00000    3.78618
  43.50000    3.78259
  44.00000    3.81052
  44.50000    3.80096
  45.00000    3.84101
  45.50000    3.86451
  46.00000    3.89874
  46.50000    3.90202
  47.00000    3.91299
  47.50000    3.92184
  48.00000    3.94838
  48.50000    4.06825
  49.00000    4.20536
  49.50000    4.27953
  50.00000    4.29253
  50.50000    4.33807
  51.00000    4.36896
  51.50000    4.38483
  52.00000    4.37457
  52.50000    4.37899
  53.00000    4.35900
  53.50000    4.34531
  54.00000    4.34517
  54.50000    4.37673
  55.00000    4.41722
  55.50000    4.41961
  56.00000    4.41596
  56.50000    4.40783
  57.00000    4.41457
  57.50000    4.42135
  58.00000    4.42372
  58.50000    4.42772
  59.00000    4.42872
  59.50000    4.42502
  60.00000    4.42094
  60.50000    4.41536
  61.00000    4.39758
  61.50000    4.38374
  62.00000    4.40212
  62.50000    4.41849
  63.00000    4.41663
  63.50000    4.41102
  64.00000    4.41336
  64.50000    4.41263
  65.00000    4.38977
  65.50000    4.39662
  66.00000    4.40509
  66.50000    4.39484
  67.00000    4.36223
  67.50000    4.36511
  68.00000    4.38672
  68.50000    4.40248
  69.00000    4.39108
  69.50000    4.36894
  70.00000    4.36517
  70.50000    4.35987
  71.00000    4.33818
  71.50000    4.35373
  72.00000    4.36101
  72.50000    4.35118
  73.00000    4.33709
  73.50000    4.35221
  74.00000    4.34840
  74.50000    4.31579
  75.00000    4.29126
  75.50000    4.28749
  76.00000    4.29593
  76.50000    4.31309
  77.00000    4.33158
  77.50000    4.32907
  78.00000    4.29600
  78.50000    4.28635
  79.00000    4.30256
  79.50000    4.31625
  80.00000    4.33526
  80.50000    4.35796
  81.00000    4.33474
  81.50000    4.30720
  82.00000    4.29246
  82.50000    4.30205
  83.00000    4.26794
  83.50000    4.25520
  84.00000    4.27613
  84.50000    4.29778
  85.00000    4.30296
  85.50000    4.28975
  86.00000    4.29732
  86.50000    4.28864
  87.00000    4.28314
  87.50000    4.26793
  88.00000    4.24718
  88.50000    4.23496
  89.00000    4.23992
  89.50000    4.25472
  90.00000    4.24592
  90.50000    4.22444
  91.00000    4.21972
  91.50000    4.23107
  92.00000    4.25144
  92.50000    4.24472
  93.00000    4.24270
  93.50000    4.23140
  94.00000    4.25347
  94.50000    4.22510
  95.00000    4.21189
  95.50000    4.20216
  96.00000    4.21105
  96.50000    4.19725
  97.00000    4.20146
  97.50000    4.20454
  98.00000    4.20532
  98.50000    4.20999
  99.00000    4.20440
  99.50000    4.21160
 100.00000    4.20267
 100.50000    4.18803
 101.00000    4.17072
 101.50000    4.19074
 102.00000    4.17203
 102.50000    4.17456
 103.00000    4.17783
 103.50000    4.19665
 104.00000    4.18820
 104.50000    4.20892
 105.00000    4.21136
 105.50000    4.19994
 106.00000    4.16914
 106.50000    4.16066
 107.00000    4.19280
 107.50000    4.20940
 108.00000    4.19267
 108.50000    4.15737
 109.00000    4.17010
 109.50000    4.15970
 110.00000    4.15738
 110.50000    4.15842
 111.00000    4.17480
 111.50000    4.16368
 112.00000    4.17547
 112.50000    4.16746
 113.00000    4.16765
 113.50000    4.17269
 114.00000    4.18337
 114.50000    4.18429
 115.00000    4.18056
 115.50000    4.17943
 116.00000    4.16265
 116.50000    4.17685
 117.00000    4.18359
 117.50000    4.16658
 118.00000    4.16177
 118.50000    4.16930
 119.00000    4.17497
 119.50000    4.16873
 120.00000    4.18097
 120.50000    4.18223
 121.00000    4.17240
 121.50000    4.16577
 122.00000    4.16190
 122.50000    4.15756
 123.00000    4.18214
 123.50000    4.18924
 124.00000    4.18485
 124.50000    4.18178
 125.00000    4.19782
 125.50000    4.18123
 126.00000    4.16513
 126.50000    4.17259
 127.00000    4.18812
 127.50000    4.19210
 128.00000    4.20191
 128.50000    4.18407
 129.00000    4.18435
 129.50000    4.16904
 130.00000    4.17946
 130.50000    4.17573
 131.00000    4.18648
 131.50000    4.18503
 132.00000    4.20274
 132.50000    4.22809
 133.00000    4.21106
 133.50000    4.19525
 134.00000    4.19522
 134.50000    4.20765
 135.00000    4.20024
 135.50000    4.20571
 136.00000    4.22047
 136.50000    4.21394
 137.00000    4.22567
 137.50000    4.24714
 138.00000    4.27455
 138.50000    4.23932
 139.00000    4.21921
 139.50000    4.22864
 140.00000    4.24884
 140.50000    4.24619
 141.00000    4.24416
 141.50000    4.24985
 142.00000    4.23277
 142.50000    4.21349
 143.00000    4.23477
 143.50000    4.24284
 144.00000    4.26157
 144.50000    4.24504
 145.00000    4.24610
 145.50000    4.22864
 146.00000    4.23284
 146.50000    4.22026
 147.00000    4.24960
 147.50000    4.27074
 148.00000    4.27197
 148.50000    4.23835
 149.00000    4.25806
 149.50000    4.28850
 150.00000    4.28113
