   0.00000    1.51363
   0.50000    2.54259
   1.00000    2.85767
   1.50000    2.94888
   2.00000    3.04176
   2.50000    3.07010
   3.00000    3.02864
   3.50000    3.01871
   4.00000    3.03740
   4.50000    3.02874
   5.00000    3.06733
   5.50000    3.15085
   6.00000    3.25171
   6.50000    3.31763
   7.00000    3.40459
   7.50000    3.45234
   8.00000    3.47283
   8.50000    3.45059
   9.00000    3.45813
   9.50000    3.47595
  10.00000    3.51805
  10.50000    3.51648
  11.00000    3.50500
  11.50000    3.49544
  12.00000    3.52650
  12.50000    3.54585
  13.00000    3.53092
  13.50000    3.51572
  14.00000    3.49901
  14.50000    3.49814
  15.00000    3.49843
  15.50000    3.51296
  16.00000    3.51550
  16.50000    3.52596
  17.00000    3.54400
  17.50000    3.54982
  18.00000    3.55946
  18.50000    3.51395
  19.00000    3.49802
  19.50000    3.52240
  20.00000    3.57264
  20.50000    3.55557
  21.00000    3.54928
  21.50000    3.57467
  22.00000    3.53262
  22.50000    3.49347
  23.00000    3.47054
  23.50000    3.48352
  24.00000    3.47991
  24.50000    3.48917
  25.00000    3.47610
  25.50000    3.45419
  26.00000    3.50452
  26.50000    3.57902
  27.00000    3.63666
  27.50000    3.64921
  28.00000    3.66256
  28.50000    3.67178
  29.00000    3.68453
  29.50000    3.66933
  30.00000    3.64162
  30.50000    3.63065
  31.00000    3.63549
  31.50000    3.61530
  32.00000    3.61632
  32.50000    3.62088
  33.00000    3.58346
  33.50000    3.50582
  34.00000    3.48689
  34.50000    3.46360
  35.00000    3.47249
  35.50000    3.53113
  36.00000    3.57825
  36.50000    3.55317
  37.00000    3.51715
  37.50000    3.53860
  38.00000    3.55185
  38.50000    3.55087
  39.00000    3.55812
  39.50000    3.59642
  40.00000    3.67082
  40.50000    3.69246
  41.00000    3.68225
  41.50000    3.66706
  42.00000    3.70227
  42.50000    3.74858
  43.00000    3.76357
  43.50000    3.80110
  44.00000    3.87148
  44.50000    3.92306
  45.00000    3.94587
  45.50000    3.99030
  46.00000    4.05431
  46.50000    4.05178
  47.00000    4.06567
  47.50000    4.07638
  48.00000    4.11000
  48.50000    4.17892
  49.00000    4.30951
  49.50000    4.33092
  50.00000    4.30508
  50.50000    4.30345
  51.00000    4.33824
  51.50000    4.32499
  52.00000    4.31550
  52.50000    4.33126
  53.00000    4.34317
  53.50000    4.31270
  54.00000    4.29923
  54.50000    4.32535
  55.00000    4.36707
  55.50000    4.37243
  56.00000    4.37995
  56.50000    4.38477
  57.00000    4.36643
  57.50000    4.36116
  58.00000    4.37296
  58.50000    4.39297
  59.00000    4.39107
  59.50000    4.37541
  60.00000    4.37215
  60.50000    4.35363
  61.00000    4.33493
  61.50000    4.29968
  62.00000    4.32500
  62.50000    4.35611
  63.00000    4.37675
  63.50000    4.35186
  64.00000    4.33995
  64.50000    4.30336
  65.00000    4.27040
  65.50000    4.29662
  66.00000    4.32517
  66.50000    4.29259
  67.00000    4.22429
  67.50000    4.22653
  68.00000    4.27180
  68.50000    4.29563
  69.00000    4.25450
  69.50000    4.22418
  70.00000    4.22805
  70.50000    4.22327
  71.00000    4.18469
  71.50000    4.19803
  72.00000    4.21131
  72.50000    4.22123
  73.00000    4.22708
  73.50000    4.22544
  74.00000    4.19895
  74.50000    4.17805
  75.00000    4.16746
  75.50000    4.17195
  76.00000    4.15863
  76.50000    4.14706
  77.00000    4.16397
  77.50000    4.17519
  78.00000    4.13217
  78.50000    4.09721
  79.00000    4.14198
  79.50000    4.16502
  80.00000    4.18266
  80.50000    4.19744
  81.00000    4.16428
  81.50000    4.14041
  82.00000    4.13178
  82.50000    4.15591
  83.00000    4.10226
  83.50000    4.09027
  84.00000    4.10506
  84.50000    4.13674
  85.00000    4.13449
  85.50000    4.11542
  86.00000    4.11978
  86.50000    4.11113
  87.00000    4.10529
  87.50000    4.08594
  88.00000    4.05059
  88.50000    4.02734
  89.00000    4.05183
  89.50000    4.08383
  90.00000    4.08537
  90.50000    4.05417
  91.00000    4.05108
  91.50000    4.05714
  92.00000    4.07263
  92.50000    4.05855
  93.00000    4.04484
  93.50000    4.04468
  94.00000    4.07704
  94.50000    4.04634
  95.00000    4.01888
  95.50000    4.02737
  96.00000    4.06070
  96.50000    4.04523
  97.00000    4.02945
  97.50000    4.03241
  98.00000    4.03349
  98.50000    4.00826
  99.00000    4.00105
  99.50000    4.02555
 100.00000    4.05565
 100.50000    4.03482
 101.00000    4.00732
 101.50000    4.03012
 102.00000    4.01143
 102.50000    4.00607
 103.00000    3.98835
 103.50000    4.00633
 104.00000    4.00147
 104.50000    4.03862
 105.00000    4.06695
 105.50000    4.05464
 106.00000    4.00966
 106.50000    3.99774
 107.00000    4.02618
 107.50000    4.02684
 108.00000    4.01131
 108.50000    3.98734
 109.00000    4.00086
 109.50000    3.97702
 110.00000    3.99385
 110.50000    3.99817
 111.00000    4.00234
 111.50000    4.00694
 112.00000    4.02232
 112.50000    4.00359
 113.00000    3.98072
 113.50000    4.00428
 114.00000    4.01796
 114.50000    4.01254
 115.00000    4.01693
 115.50000    3.99666
 116.00000    3.97149
 116.50000    3.98332
 117.00000    4.02515
 117.50000    4.01456
 118.00000    4.00149
 118.50000    4.00313
 119.00000    4.03618
 119.50000    4.05802
 120.00000    4.05287
 120.50000    4.03086
 121.00000    4.03917
 121.50000    4.05212
 122.00000    4.03493
 122.50000    4.01319
 123.00000    4.04502
 123.50000    4.05178
 124.00000    4.03341
 124.50000    4.04450
 125.00000    4.07588
 125.50000    4.06100
 126.00000    4.03363
 126.50000    4.03109
 127.00000    4.05235
 127.50000    4.04660
 128.00000    4.06824
 128.50000    4.05494
 129.00000    4.06155
 129.50000    4.02821
 130.00000    4.03550
 130.50000    4.05312
 131.00000    4.07726
 131.50000    4.09135
 132.00000    4.07367
 132.50000    4.08873
 133.00000    4.07586
 133.50000    4.09788
 134.00000    4.07513
 134.50000    4.06348
 135.00000    4.04758
 135.50000    4.09930
 136.00000    4.12376
 136.50000    4.11275
 137.00000    4.10380
 137.50000    4.14196
 138.00000    4.16682
 138.50000    4.11242
 139.00000    4.07868
 139.50000    4.10849
 140.00000    4.14163
 140.50000    4.11211
 141.00000    4.12344
 141.50000    4.15465
 142.00000    4.13731
 142.50000    4.09739
 143.00000    4.12443
 143.50000    4.14131
 144.00000    4.16117
 144.50000    4.13447
 145.00000    4.17208
 145.50000    4.16776
 146.00000    4.16037
 146.50000    4.12348
 147.00000    4.17469
 147.50000    4.19906
 148.00000    4.19409
 148.50000    4.16349
 149.00000    4.19152
 149.50000    4.23039
 150.00000    4.23874
