   0.00000    1.55017
   0.50000    2.47658
   1.00000    2.79229
   1.50000    2.87686
   2.00000    2.93223
   2.50000    2.95827
   3.00000    2.92521
   3.50000    2.90342
   4.00000    2.90426
   4.50000    2.87944
   5.00000    2.91262
   5.50000    3.00485
   6.00000    3.10735
   6.50000    3.19171
   7.00000    3.29955
   7.50000    3.36116
   8.00000    3.36752
   8.50000    3.33913
   9.00000    3.34851
   9.50000    3.35879
  10.00000    3.39619
  10.50000    3.40045
  11.00000    3.41317
  11.50000    3.40400
  12.00000    3.42200
  12.50000    3.43405
  13.00000    3.43721
  13.50000    3.41713
  14.00000    3.39669
  14.50000    3.40836
  15.00000    3.42211
  15.50000    3.43289
  16.00000    3.42677
  16.50000    3.46074
  17.00000    3.49135
  17.50000    3.49040
  18.00000    3.48392
  18.50000    3.44196
  19.00000    3.43996
  19.50000    3.47295
  20.00000    3.53143
  20.50000    3.51013
  21.00000    3.49145
  21.50000    3.51535
  22.00000    3.48523
  22.50000    3.45478
  23.00000    3.42876
  23.50000    3.45305
  24.00000    3.48793
  24.50000    3.54952
  25.00000    3.54853
  25.50000    3.52522
  26.00000    3.56739
  26.50000    3.63848
  27.00000    3.67829
  27.50000    3.67154
  28.00000    3.66970
  28.50000    3.66813
  29.00000    3.67641
  29.50000    3.64424
  30.00000    3.60381
  30.50000    3.59269
  31.00000    3.60845
  31.50000    3.59980
  32.00000    3.59462
  32.50000    3.59200
  33.00000    3.55408
  33.50000    3.50058
  34.00000    3.51902
  34.50000    3.53537
  35.00000    3.57328
  35.50000    3.65480
  36.00000    3.72920
  36.50000    3.72005
  37.00000    3.71062
  37.50000    3.74074
  38.00000    3.74963
  38.50000    3.74310
  39.00000    3.76012
  39.50000    3.80628
  40.00000    3.87478
  40.50000    3.87552
  41.00000    3.83780
  41.50000    3.83171
  42.00000    3.87892
  42.50000    3.92288
  43.00000    3.92602
  43.50000    3.95693
  44.00000    4.00430
  44.50000    4.04491
  45.00000    4.05992
  45.50000    4.08960
  46.00000    4.13627
  46.50000    4.12918
  47.00000    4.13759
  47.50000    4.13616
  48.00000    4.16442
  48.50000    4.21566
  49.00000    4.31101
  49.50000    4.27224
  50.00000    4.21127
  50.50000    4.20062
  51.00000    4.23876
  51.50000    4.21800
  52.00000    4.20963
  52.50000    4.24530
  53.00000    4.27810
  53.50000    4.24898
  54.00000    4.23072
  54.50000    4.24694
  55.00000    4.28155
  55.50000    4.29668
  56.00000    4.31887
  56.50000    4.31654
  57.00000    4.29737
  57.50000    4.30900
  58.00000    4.33223
  58.50000    4.34397
  59.00000    4.32944
  59.50000    4.31821
  60.00000    4.33567
  60.50000    4.32963
  61.00000    4.28825
  61.50000    4.25374
  62.00000    4.27678
  62.50000    4.31918
  63.00000    4.33281
  63.50000    4.30991
  64.00000    4.29645
  64.50000    4.27335
  65.00000    4.25547
  65.50000    4.27038
  66.00000    4.29022
  66.50000    4.25612
  67.00000    4.19426
  67.50000    4.19496
  68.00000    4.24552
  68.50000    4.27763
  69.00000    4.23959
  69.50000    4.20356
  70.00000    4.20198
  70.50000    4.19183
  71.00000    4.15975
  71.50000    4.18428
  72.00000    4.19638
  72.50000    4.21065
  73.00000    4.22687
  73.50000    4.22911
  74.00000    4.19700
  74.50000    4.17674
  75.00000    4.15978
  75.50000    4.15889
  76.00000    4.15734
  76.50000    4.15157
  77.00000    4.15717
  77.50000    4.16597
  78.00000    4.14125
  78.50000    4.11768
  79.00000    4.16309
  79.50000    4.17574
  80.00000    4.18379
  80.50000    4.18837
  81.00000    4.16883
  81.50000    4.15400
  82.00000    4.15286
  82.50000    4.16537
  83.00000    4.11576
  83.50000    4.09752
  84.00000    4.11834
  84.50000    4.12529
  85.00000    4.12900
  85.50000    4.11567
  86.00000    4.13353
  86.50000    4.11870
  87.00000    4.11477
  87.50000    4.09370
  88.00000    4.05500
  88.50000    4.03989
  89.00000    4.06324
  89.50000    4.10302
  90.00000    4.09390
  90.50000    4.06916
  91.00000    4.07010
  91.50000    4.08808
  92.00000    4.07394
  92.50000    4.05564
  93.00000    4.04196
  93.50000    4.05130
  94.00000    4.09211
  94.50000    4.06214
  95.00000    4.02521
  95.50000    4.03276
  96.00000    4.07900
  96.50000    4.06580
  97.00000    4.05021
  97.50000    4.04507
  98.00000    4.03956
  98.50000    4.02185
  99.00000    4.02662
  99.50000    4.04398
 100.00000    4.07235
 100.50000    4.04800
 101.00000    4.01579
 101.50000    4.03277
 102.00000    4.02597
 102.50000    4.01085
 103.00000    4.00290
 103.50000    4.01491
 104.00000    4.02088
 104.50000    4.04512
 105.00000    4.07885
 105.50000    4.05879
 106.00000    4.02301
 106.50000    4.01559
 107.00000    4.04543
 107.50000    4.02852
 108.00000    4.01055
 108.50000    3.98462
 109.00000    4.00236
 109.50000    3.97862
 110.00000    3.99635
 110.50000    3.99906
 111.00000    4.00849
 111.50000    4.01763
 112.00000    4.02060
 112.50000    3.99738
 113.00000    3.98497
 113.50000    4.01200
 114.00000    4.01150
 114.50000    4.00163
 115.00000    4.00532
 115.50000    3.99040
 116.00000    3.96720
 116.50000    3.98208
 117.00000    4.02886
 117.50000    4.01302
 118.00000    3.99166
 118.50000    3.98809
 119.00000    4.02034
 119.50000    4.03832
 120.00000    4.03646
 120.50000    4.01827
 121.00000    4.02266
 121.50000    4.03526
 122.00000    4.02439
 122.50000    3.99759
 123.00000    4.01926
 123.50000    4.02417
 124.00000    4.01526
 124.50000    4.03002
 125.00000    4.04748
 125.50000    4.03611
 126.00000    4.01525
 126.50000    4.02218
 127.00000    4.03530
 127.50000    4.02479
 128.00000    4.03883
 128.50000    4.01945
 129.00000    4.02950
 129.50000    4.00666
 130.00000    4.01094
 130.50000    4.01377
 131.00000    4.03431
 131.50000    4.06142
 132.00000    4.04999
 132.50000    4.06303
 133.00000    4.05070
 133.50000    4.07417
 134.00000    4.05523
 134.50000    4.03686
 135.00000    4.01846
 135.50000    4.05988
 136.00000    4.08604
 136.50000    4.07791
 137.00000    4.07358
 137.50000    4.09501
 138.00000    4.12220
 138.50000    4.07321
 139.00000    4.04749
 139.50000    4.07053
 140.00000    4.10308
 140.50000    4.06563
 141.00000    4.06762
 141.50000    4.09690
 142.00000    4.09231
 142.50000    4.05878
 143.00000    4.08888
 143.50000    4.09689
 144.00000    4.12148
 144.50000    4.10032
 145.00000    4.14151
 145.50000    4.12401
 146.00000    4.11229
 146.50000    4.07803
 147.00000    4.12569
 147.50000    4.14305
 148.00000    4.14078
 148.50000    4.11456
 149.00000    4.13692
 149.50000    4.16756
 150.00000    4.19364
