   0.00000    1.38606
   0.50000    3.13639
   1.00000    3.42289
   1.50000    3.26754
   2.00000    3.25595
   2.50000    3.21938
   3.00000    3.18161
   3.50000    3.15630
   4.00000    3.17592
   4.50000    3.16652
   5.00000    3.19968
   5.50000    3.24209
   6.00000    3.29873
   6.50000    3.30203
   7.00000    3.33542
   7.50000    3.37359
   8.00000    3.39035
   8.50000    3.36607
   9.00000    3.38843
   9.50000    3.41049
  10.00000    3.42510
  10.50000    3.42232
  11.00000    3.41943
  11.50000    3.39989
  12.00000    3.39977
  12.50000    3.41435
  13.00000    3.40311
  13.50000    3.41419
  14.00000    3.38156
  14.50000    3.35936
  15.00000    3.36857
  15.50000    3.41347
  16.00000    3.41825
  16.50000    3.42042
  17.00000    3.42128
  17.50000    3.42543
  18.00000    3.44192
  18.50000    3.42194
  19.00000    3.38693
  19.50000    3.39154
  20.00000    3.42878
  20.50000    3.42233
  21.00000    3.42174
  21.50000    3.44498
  22.00000    3.40635
  22.50000    3.36657
  23.00000    3.35040
  23.50000    3.37067
  24.00000    3.37792
  24.50000    3.38379
  25.00000    3.35912
  25.50000    3.33935
  26.00000    3.38625
  26.50000    3.44347
  27.00000    3.48374
  27.50000    3.49693
  28.00000    3.51297
  28.50000    3.52998
  29.00000    3.56306
  29.50000    3.56143
  30.00000    3.55238
  30.50000    3.55648
  31.00000    3.55968
  31.50000    3.52898
  32.00000    3.52722
  32.50000    3.54776
  33.00000    3.50748
  33.50000    3.46088
  34.00000    3.48494
  34.50000    3.52842
  35.00000    3.56793
  35.50000    3.63268
  36.00000    3.66355
  36.50000    3.64222
  37.00000    3.62225
  37.50000    3.64576
  38.00000    3.64776
  38.50000    3.65195
  39.00000    3.64680
  39.50000    3.66036
  40.00000    3.69841
  40.50000    3.69895
  41.00000    3.66555
  41.50000    3.62658
  42.00000    3.63683
  42.50000    3.65625
  43.00000    3.65039
  43.50000    3.65265
  44.00000    3.67791
  44.50000    3.69045
  45.00000    3.68100
  45.50000    3.68615
  46.00000    3.72278
  46.50000    3.73757
  47.00000    3.75821
  47.50000    3.76843
  48.00000    3.80836
  48.50000    3.91515
  49.00000    4.04717
  49.50000    4.10466
  50.00000    4.12982
  50.50000    4.18980
  51.00000    4.23790
  51.50000    4.24363
  52.00000    4.23541
  52.50000    4.25231
  53.00000    4.24320
  53.50000    4.22341
  54.00000    4.22912
  54.50000    4.27199
  55.00000    4.30465
  55.50000    4.31291
  56.00000    4.31424
  56.50000    4.31506
  57.00000    4.30875
  57.50000    4.31855
  58.00000    4.32892
  58.50000    4.35388
  59.00000    4.36455
  59.50000    4.34224
  60.00000    4.31486
  60.50000    4.30568
  61.00000    4.30864
  61.50000    4.29001
  62.00000    4.31039
  62.50000    4.33541
  63.00000    4.35194
  63.50000    4.32428
  64.00000    4.32151
  64.50000    4.31150
  65.00000    4.29394
  65.50000    4.30421
  66.00000    4.32698
  66.50000    4.30865
  67.00000    4.25011
  67.50000    4.24868
  68.00000    4.29349
  68.50000    4.32851
  69.00000    4.28738
  69.50000    4.25697
  70.00000    4.25006
  70.50000    4.24759
  71.00000    4.21600
  71.50000    4.24160
  72.00000    4.25595
  72.50000    4.24756
  73.00000    4.25031
  73.50000    4.26508
  74.00000    4.24424
  74.50000    4.22090
  75.00000    4.21665
  75.50000    4.23968
  76.00000    4.22983
  76.50000    4.21480
  77.00000    4.21982
  77.50000    4.23607
  78.00000    4.20020
  78.50000    4.17108
  79.00000    4.20009
  79.50000    4.21460
  80.00000    4.23059
  80.50000    4.24622
  81.00000    4.21990
  81.50000    4.19973
  82.00000    4.18935
  82.50000    4.20889
  83.00000    4.15261
  83.50000    4.14095
  84.00000    4.15961
  84.50000    4.20809
  85.00000    4.20902
  85.50000    4.17993
  86.00000    4.17194
  86.50000    4.17271
  87.00000    4.17310
  87.50000    4.15072
  88.00000    4.09937
  88.50000    4.08199
  89.00000    4.10495
  89.50000    4.13109
  90.00000    4.12939
  90.50000    4.10285
  91.00000    4.09220
  91.50000    4.10179
  92.00000    4.12539
  92.50000    4.11756
  93.00000    4.09791
  93.50000    4.10722
  94.00000    4.12132
  94.50000    4.09206
  95.00000    4.06878
  95.50000    4.08162
  96.00000    4.10294
  96.50000    4.08241
  97.00000    4.06368
  97.50000    4.06826
  98.00000    4.05627
  98.50000    4.04108
  99.00000    4.02617
  99.50000    4.04348
 100.00000    4.04211
 100.50000    4.04148
 101.00000    4.04101
 101.50000    4.06038
 102.00000    4.03266
 102.50000    4.01763
 103.00000    4.00056
 103.50000    4.00860
 104.00000    4.01443
 104.50000    4.05076
 105.00000    4.06601
 105.50000    4.04900
 106.00000    4.00678
 106.50000    3.98882
 107.00000    4.01490
 107.50000    4.03075
 108.00000    4.00797
 108.50000    3.98283
 109.00000    3.99514
 109.50000    3.97367
 110.00000    3.97697
 110.50000    3.99441
 111.00000    4.00311
 111.50000    3.99556
 112.00000    4.00394
 112.50000    3.98606
 113.00000    3.96833
 113.50000    3.98984
 114.00000    4.00287
 114.50000    3.98919
 115.00000    3.98785
 115.50000    3.96262
 116.00000    3.93728
 116.50000    3.95784
 117.00000    3.99577
 117.50000    3.98153
 118.00000    3.97487
 118.50000    3.96755
 119.00000    3.98753
 119.50000    3.99233
 120.00000    3.99191
 120.50000    3.96798
 121.00000    3.98013
 121.50000    3.98291
 122.00000    3.97579
 122.50000    3.95871
 123.00000    3.98182
 123.50000    3.98281
 124.00000    3.96123
 124.50000    3.97032
 125.00000    3.99446
 125.50000    3.99433
 126.00000    3.96032
 126.50000    3.95091
 127.00000    3.96614
 127.50000    3.97689
 128.00000    3.98659
 128.50000    3.96227
 129.00000    3.96918
 129.50000    3.94576
 130.00000    3.94621
 130.50000    3.95875
 131.00000    3.97931
 131.50000    3.99404
 132.00000    3.98703
 132.50000    4.01239
 133.00000    3.98183
 133.50000    3.98894
 134.00000    3.95226
 134.50000    3.95154
 135.00000    3.93582
 135.50000    3.97715
 136.00000    3.99549
 136.50000    3.98591
 137.00000    3.98386
 137.50000    4.01318
 138.00000    4.03878
 138.50000    3.99902
 139.00000    3.97497
 139.50000    3.99046
 140.00000    4.01413
 140.50000    3.99054
 141.00000    4.00299
 141.50000    4.03249
 142.00000    4.02086
 142.50000    3.98882
 143.00000    4.00999
 143.50000    4.02657
 144.00000    4.04164
 144.50000    4.02214
 145.00000    4.04988
 145.50000    4.03887
 146.00000    4.02945
 146.50000    4.00632
 147.00000    4.05425
 147.50000    4.07173
 148.00000    4.06581
 148.50000    4.03997
 149.00000    4.06503
 149.50000    4.09315
 150.00000    4.09533
