   0.00000    1.43667
   0.50000    3.03033
   1.00000    3.24506
   1.50000    3.12673
   2.00000    3.16278
   2.50000    3.14822
   3.00000    3.07170
   3.50000    3.05107
   4.00000    3.07499
   4.50000    3.06805
   5.00000    3.10056
   5.50000    3.17169
   6.00000    3.27121
   6.50000    3.35017
   7.00000    3.43757
   7.50000    3.47053
   8.00000    3.47435
   8.50000    3.47050
   9.00000    3.49260
   9.50000    3.50963
  10.00000    3.52054
  10.50000    3.51904
  11.00000    3.50585
  11.50000    3.49513
  12.00000    3.50794
  12.50000    3.52523
  13.00000    3.51849
  13.50000    3.51571
  14.00000    3.49369
  14.50000    3.47747
  15.00000    3.48000
  15.50000    3.50102
  16.00000    3.49935
  16.50000    3.49539
  17.00000    3.49538
  17.50000    3.50080
  18.00000    3.52194
  18.50000    3.49116
  19.00000    3.48213
  19.50000    3.50982
  20.00000    3.53499
  20.50000    3.51011
  21.00000    3.51286
  21.50000    3.53622
  22.00000    3.49470
  22.50000    3.47506
  23.00000    3.45579
  23.50000    3.44405
  24.00000    3.42852
  24.50000    3.42247
  25.00000    3.40875
  25.50000    3.39302
  26.00000    3.45993
  26.50000    3.52597
  27.00000    3.59512
  27.50000    3.61690
  28.00000    3.64017
  28.50000    3.64700
  29.00000    3.67703
  29.50000    3.66218
  30.00000    3.64254
  30.50000    3.64642
  31.00000    3.66450
  31.50000    3.63708
  32.00000    3.61808
  32.50000    3.60365
  33.00000    3.55766
  33.50000    3.49370
  34.00000    3.48491
  34.50000    3.48872
  35.00000    3.50045
  35.50000    3.53801
  36.00000    3.55676
  36.50000    3.53561
  37.00000    3.51066
  37.50000    3.53752
  38.00000    3.55105
  38.50000    3.55215
  39.00000    3.55752
  39.50000    3.58810
  40.00000    3.63923
  40.50000    3.64485
  41.00000    3.62899
  41.50000    3.60545
  42.00000    3.64013
  42.50000    3.67514
  43.00000    3.70596
  43.50000    3.72472
  44.00000    3.77921
  44.50000    3.80831
  45.00000    3.84933
  45.50000    3.88901
  46.00000    3.94707
  46.50000    3.96743
  47.00000    4.00189
  47.50000    4.02015
  48.00000    4.04053
  48.50000    4.12789
  49.00000    4.25121
  49.50000    4.29787
  50.00000    4.27467
  50.50000    4.28594
  51.00000    4.31605
  51.50000    4.33046
  52.00000    4.32793
  52.50000    4.35192
  53.00000    4.36391
  53.50000    4.34196
  54.00000    4.32505
  54.50000    4.35295
  55.00000    4.40721
  55.50000    4.41726
  56.00000    4.41445
  56.50000    4.40203
  57.00000    4.41410
  57.50000    4.43667
  58.00000    4.45339
  58.50000    4.46019
  59.00000    4.46047
  59.50000    4.43939
  60.00000    4.42768
  60.50000    4.42242
  61.00000    4.40697
  61.50000    4.37666
  62.00000    4.40700
  62.50000    4.42861
  63.00000    4.44094
  63.50000    4.42368
  64.00000    4.43285
  64.50000    4.40202
  65.00000    4.36608
  65.50000    4.37794
  66.00000    4.39554
  66.50000    4.37588
  67.00000    4.32672
  67.50000    4.32330
  68.00000    4.36072
  68.50000    4.37620
  69.00000    4.34055
  69.50000    4.30602
  70.00000    4.31837
  70.50000    4.30702
  71.00000    4.27517
  71.50000    4.29134
  72.00000    4.31341
  72.50000    4.30562
  73.00000    4.30901
  73.50000    4.31182
  74.00000    4.29130
  74.50000    4.26161
  75.00000    4.24867
  75.50000    4.25697
  76.00000    4.24685
  76.50000    4.24081
  77.00000    4.25614
  77.50000    4.25396
  78.00000    4.21878
  78.50000    4.20715
  79.00000    4.25316
  79.50000    4.25134
  80.00000    4.25182
  80.50000    4.26479
  81.00000    4.24052
  81.50000    4.23178
  82.00000    4.22578
  82.50000    4.25080
  83.00000    4.19714
  83.50000    4.16388
  84.00000    4.17209
  84.50000    4.20939
  85.00000    4.21598
  85.50000    4.18917
  86.00000    4.20150
  86.50000    4.18420
  87.00000    4.17365
  87.50000    4.15569
  88.00000    4.13008
  88.50000    4.10387
  89.00000    4.11930
  89.50000    4.13686
  90.00000    4.13115
  90.50000    4.10045
  91.00000    4.09528
  91.50000    4.10848
  92.00000    4.12124
  92.50000    4.11578
  93.00000    4.10509
  93.50000    4.10558
  94.00000    4.11692
  94.50000    4.10122
  95.00000    4.08436
  95.50000    4.08649
  96.00000    4.10399
  96.50000    4.09058
  97.00000    4.08027
  97.50000    4.07930
  98.00000    4.07815
  98.50000    4.05407
  99.00000    4.04045
  99.50000    4.06151
 100.00000    4.07061
 100.50000    4.05776
 101.00000    4.04146
 101.50000    4.06474
 102.00000    4.03926
 102.50000    4.03422
 103.00000    4.02154
 103.50000    4.04379
 104.00000    4.04210
 104.50000    4.05637
 105.00000    4.06426
 105.50000    4.07289
 106.00000    4.04126
 106.50000    4.01913
 107.00000    4.05060
 107.50000    4.05721
 108.00000    4.03105
 108.50000    3.99711
 109.00000    4.02339
 109.50000    3.99890
 110.00000    4.00422
 110.50000    4.01051
 111.00000    4.02465
 111.50000    4.02100
 112.00000    4.03856
 112.50000    4.01670
 113.00000    3.99731
 113.50000    4.00391
 114.00000    4.02289
 114.50000    4.02424
 115.00000    4.03018
 115.50000    4.00629
 116.00000    3.97622
 116.50000    3.98531
 117.00000    4.02540
 117.50000    4.01782
 118.00000    4.00949
 118.50000    3.99050
 119.00000    4.01703
 119.50000    4.02694
 120.00000    4.02804
 120.50000    4.01697
 121.00000    4.02199
 121.50000    4.02324
 122.00000    4.01627
 122.50000    4.01152
 123.00000    4.02483
 123.50000    4.02244
 124.00000    4.01135
 124.50000    4.01975
 125.00000    4.04021
 125.50000    4.03343
 126.00000    4.01218
 126.50000    4.01089
 127.00000    4.03051
 127.50000    4.02614
 128.00000    4.04271
 128.50000    4.03022
 129.00000    4.04296
 129.50000    4.01926
 130.00000    4.01455
 130.50000    4.00491
 131.00000    4.01632
 131.50000    4.03736
 132.00000    4.04875
 132.50000    4.07032
 133.00000    4.05522
 133.50000    4.05846
 134.00000    4.03146
 134.50000    4.03139
 135.00000    4.02153
 135.50000    4.05126
 136.00000    4.05829
 136.50000    4.05446
 137.00000    4.07165
 137.50000    4.10787
 138.00000    4.12216
 138.50000    4.06909
 139.00000    4.06018
 139.50000    4.09386
 140.00000    4.11350
 140.50000    4.07124
 141.00000    4.07712
 141.50000    4.09647
 142.00000    4.07786
 142.50000    4.04978
 143.00000    4.09045
 143.50000    4.10840
 144.00000    4.11060
 144.50000    4.08763
 145.00000    4.11159
 145.50000    4.10124
 146.00000    4.10019
 146.50000    4.08011
 147.00000    4.13172
 147.50000    4.15268
 148.00000    4.14786
 148.50000    4.11006
 149.00000    4.13177
 149.50000    4.16543
 150.00000    4.16150
