   0.00000    1.46001
   0.50000    3.17683
   1.00000    3.47703
   1.50000    3.34174
   2.00000    3.33634
   2.50000    3.36494
   3.00000    3.37621
   3.50000    3.38380
   4.00000    3.39405
   4.50000    3.42085
   5.00000    3.43672
   5.50000    3.44532
   6.00000    3.45024
   6.50000    3.46521
   7.00000    3.48217
   7.50000    3.48975
   8.00000    3.49074
   8.50000    3.49746
   9.00000    3.49945
   9.50000    3.49618
  10.00000    3.50365
  10.50000    3.51079
  11.00000    3.50768
  11.50000    3.50942
  12.00000    3.52420
  12.50000    3.52363
  13.00000    3.52404
  13.50000    3.52782
  14.00000    3.53562
  14.50000    3.52806
  15.00000    3.53131
  15.50000    3.53694
  16.00000    3.54837
  16.50000    3.55351
  17.00000    3.54905
  17.50000    3.55204
  18.00000    3.56174
  18.50000    3.57172
  19.00000    3.57892
  19.50000    3.58481
  20.00000    3.58727
  20.50000    3.58832
  21.00000    3.60176
  21.50000    3.61785
  22.00000    3.63104
  22.50000    3.63978
  23.00000    3.64796
  23.50000    3.66889
  24.00000    3.69968
  24.50000    3.73937
  25.00000    3.77129
  25.50000    3.78487
  26.00000    3.80527
  26.50000    3.85077
  27.00000    3.90549
  27.50000    3.94346
  28.00000    3.97859
  28.50000    4.02120
  29.00000    4.05849
  29.50000    4.10457
  30.00000    4.13367
  30.50000    4.15244
  31.00000    4.16480
  31.50000    4.19882
  32.00000    4.23907
  32.50000    4.27412
  33.00000    4.30106
  33.50000    4.31408
  34.00000    4.33726
  34.50000    4.36311
  35.00000    4.39348
  35.50000    4.40785
  36.00000    4.42229
  36.50000    4.42584
  37.00000    4.43177
  37.50000    4.44215
  38.00000    4.43821
  38.50000    4.43173
  39.00000    4.42368
  39.50000    4.42520
  40.00000    4.41709
  40.50000    4.41196
  41.00000    4.39982
  41.50000    4.38605
  42.00000    4.36255
  42.50000    4.34746
  43.00000    4.34170
  43.50000    4.35510
  44.00000    4.35789
  44.50000    4.35312
  45.00000    4.33287
  45.50000    4.32424
  46.00000    4.30578
  46.50000    4.29621
  47.00000    4.29305
  47.50000    4.30930
  48.00000    4.31052
  48.50000    4.30437
  49.00000    4.30244
  49.50000    4.31214
  50.00000    4.32474
  50.50000    4.32036
  51.00000    4.32006
  51.50000    4.31571
  52.00000    4.31531
  52.50000    4.30736
  53.00000    4.30929
  53.50000    4.30840
  54.00000    4.30237
  54.50000    4.28889
  55.00000    4.28492
  55.50000    4.28812
  56.00000    4.28343
  56.50000    4.27789
  57.00000    4.27626
  57.50000    4.27801
  58.00000    4.27576
  58.50000    4.28908
  59.00000    4.29315
  59.50000    4.28855
  60.00000    4.27807
  60.50000    4.28341
  61.00000    4.28824
  61.50000    4.28625
  62.00000    4.28532
  62.50000    4.28742
  63.00000    4.29028
  63.50000    4.28899
  64.00000    4.29074
  64.50000    4.29082
  65.00000    4.28606
  65.50000    4.29427
  66.00000    4.29937
  66.50000    4.30594
  67.00000    4.29949
  67.50000    4.30386
  68.00000    4.30484
  68.50000    4.31228
  69.00000    4.31259
  69.50000    4.30939
  70.00000    4.31443
  70.50000    4.31992
  71.00000    4.32654
  71.50000    4.32695
  72.00000    4.32922
  72.50000    4.33094
  73.00000    4.33310
  73.50000    4.33785
  74.00000    4.33186
  74.50000    4.33098
  75.00000    4.33874
  75.50000    4.35509
  76.00000    4.36328
  76.50000    4.35821
  77.00000    4.34669
  77.50000    4.34183
  78.00000    4.35453
  78.50000    4.36514
  79.00000    4.36542
  79.50000    4.36755
  80.00000    4.37344
  80.50000    4.37785
  81.00000    4.37728
  81.50000    4.37619
  82.00000    4.37083
  82.50000    4.37524
  83.00000    4.38619
  83.50000    4.40016
  84.00000    4.39957
  84.50000    4.39957
  85.00000    4.39786
  85.50000    4.40321
  86.00000    4.41006
  86.50000    4.42009
  87.00000    4.42120
  87.50000    4.41996
  88.00000    4.43000
  88.50000    4.43332
  89.00000    4.42701
  89.50000    4.42545
  90.00000    4.42665
  90.50000    4.43427
  91.00000    4.43639
  91.50000    4.44161
  92.00000    4.43442
  92.50000    4.44142
  93.00000    4.45382
  93.50000    4.46456
  94.00000    4.45800
  94.50000    4.45391
  95.00000    4.45841
  95.50000    4.46030
  96.00000    4.45411
  96.50000    4.45382
  97.00000    4.46341
  97.50000    4.47515
  98.00000    4.47654
  98.50000    4.47303
  99.00000    4.47004
  99.50000    4.47583
 100.00000    4.47776
 100.50000    4.47607
 101.00000    4.47684
 101.50000    4.47890
 102.00000    4.47776
 102.50000    4.47234
 103.00000    4.48005
 103.50000    4.48791
 104.00000    4.48969
 104.50000    4.48814
 105.00000    4.48441
 105.50000    4.48898
 106.00000    4.49112
 106.50000    4.49305
 107.00000    4.48228
 107.50000    4.48539
 108.00000    4.49348
 108.50000    4.50391
 109.00000    4.49252
 109.50000    4.48853
 110.00000    4.49214
 110.50000    4.50199
 111.00000    4.49877
 111.50000    4.50181
 112.00000    4.50874
 112.50000    4.51531
 113.00000    4.51416
 113.50000    4.50944
 114.00000    4.50699
 114.50000    4.51524
 115.00000    4.51941
 115.50000    4.51180
 116.00000    4.50649
 116.50000    4.51092
 117.00000    4.51273
 117.50000    4.51201
 118.00000    4.50904
 118.50000    4.50604
 119.00000    4.50501
 119.50000    4.51156
 120.00000    4.50998
 120.50000    4.51039
 121.00000    4.51303
 121.50000    4.51425
 122.00000    4.51064
 122.50000    4.51300
 123.00000    4.51649
 123.50000    4.51270
 124.00000    4.50695
 124.50000    4.50745
 125.00000    4.51540
 125.50000    4.51444
 126.00000    4.50718
 126.50000    4.50188
 127.00000    4.51237
 127.50000    4.51357
 128.00000    4.51235
 128.50000    4.50957
 129.00000    4.51899
 129.50000    4.50930
 130.00000    4.50138
 130.50000    4.50285
 131.00000    4.51564
 131.50000    4.51448
 132.00000    4.50846
 132.50000    4.50323
 133.00000    4.50142
 133.50000    4.49978
 134.00000    4.50397
 134.50000    4.50409
 135.00000    4.49857
 135.50000    4.49515
 136.00000    4.49574
 136.50000    4.49451
 137.00000    4.49219
 137.50000    4.48897
 138.00000    4.48817
 138.50000    4.48832
 139.00000    4.49704
 139.50000    4.49174
 140.00000    4.48925
 140.50000    4.48466
 141.00000    4.48484
 141.50000    4.48418
 142.00000    4.49294
 142.50000    4.49856
 143.00000    4.50013
 143.50000    4.49423
 144.00000    4.49358
 144.50000    4.48515
 145.00000    4.48356
 145.50000    4.47701
 146.00000    4.47973
 146.50000    4.48168
 147.00000    4.48688
 147.50000    4.49005
 148.00000    4.48639
 148.50000    4.48288
 149.00000    4.48134
 149.50000    4.48309
 150.00000    4.47625
