   0.00000    1.51548
   0.50000    2.09620
   1.00000    2.53105
   1.50000    2.81473
   2.00000    2.95150
   2.50000    3.00464
   3.00000    2.99135
   3.50000    2.97052
   4.00000    2.96937
   4.50000    2.95139
   5.00000    2.99490
   5.50000    3.08453
   6.00000    3.16394
   6.50000    3.24522
   7.00000    3.34422
   7.50000    3.39753
   8.00000    3.39375
   8.50000    3.37614
   9.00000    3.38668
   9.50000    3.38219
  10.00000    3.42132
  10.50000    3.43820
  11.00000    3.46332
  11.50000    3.43951
  12.00000    3.45625
  12.50000    3.47070
  13.00000    3.49244
  13.50000    3.46615
  14.00000    3.43661
  14.50000    3.44907
  15.00000    3.46152
  15.50000    3.47181
  16.00000    3.45604
  16.50000    3.50483
  17.00000    3.53838
  17.50000    3.53598
  18.00000    3.50967
  18.50000    3.47115
  19.00000    3.49779
  19.50000    3.54205
  20.00000    3.59712
  20.50000    3.56658
  21.00000    3.56551
  21.50000    3.59668
  22.00000    3.56543
  22.50000    3.52523
  23.00000    3.50154
  23.50000    3.52882
  24.00000    3.55742
  24.50000    3.63200
  25.00000    3.63962
  25.50000    3.60945
  26.00000    3.62118
  26.50000    3.69617
  27.00000    3.76873
  27.50000    3.76860
  28.00000    3.75156
  28.50000    3.76260
  29.00000    3.79646
  29.50000    3.76488
  30.00000    3.72225
  30.50000    3.73652
  31.00000    3.76744
  31.50000    3.78745
  32.00000    3.77772
  32.50000    3.76433
  33.00000    3.69373
  33.50000    3.63841
  34.00000    3.63298
  34.50000    3.61952
  35.00000    3.61793
  35.50000    3.68021
  36.00000    3.73481
  36.50000    3.70008
  37.00000    3.67738
  37.50000    3.68745
  38.00000    3.67311
  38.50000    3.65229
  39.00000    3.64697
  39.50000    3.67494
  40.00000    3.73679
  40.50000    3.73048
  41.00000    3.67817
  41.50000    3.69085
  42.00000    3.73661
  42.50000    3.76599
  43.00000    3.75987
  43.50000    3.81573
  44.00000    3.85777
  44.50000    3.92281
  45.00000    3.95188
  45.50000    4.00887
  46.00000    4.05395
  46.50000    4.06668
  47.00000    4.07974
  47.50000    4.10784
  48.00000    4.15633
  48.50000    4.20249
  49.00000    4.26515
  49.50000    4.22910
  50.00000    4.21729
  50.50000    4.22934
  51.00000    4.27511
  51.50000    4.24338
  52.00000    4.24950
  52.50000    4.28569
  53.00000    4.33368
  53.50000    4.29167
  54.00000    4.25833
  54.50000    4.26749
  55.00000    4.31006
  55.50000    4.33234
  56.00000    4.35079
  56.50000    4.33660
  57.00000    4.32387
  57.50000    4.34828
  58.00000    4.38071
  58.50000    4.38513
  59.00000    4.36871
  59.50000    4.35458
  60.00000    4.37609
  60.50000    4.37668
  61.00000    4.34376
  61.50000    4.29986
  62.00000    4.31619
  62.50000    4.36449
  63.00000    4.39949
  63.50000    4.37490
  64.00000    4.35655
  64.50000    4.33648
  65.00000    4.32770
  65.50000    4.32049
  66.00000    4.33044
  66.50000    4.30274
  67.00000    4.26936
  67.50000    4.27279
  68.00000    4.31244
  68.50000    4.33268
  69.00000    4.28602
  69.50000    4.26119
  70.00000    4.25087
  70.50000    4.25948
  71.00000    4.22857
  71.50000    4.25690
  72.00000    4.25564
  72.50000    4.27772
  73.00000    4.30630
  73.50000    4.30228
  74.00000    4.27554
  74.50000    4.25757
  75.00000    4.24708
  75.50000    4.22839
  76.00000    4.20972
  76.50000    4.20401
  77.00000    4.22984
  77.50000    4.24923
  78.00000    4.21747
  78.50000    4.18376
  79.00000    4.23655
  79.50000    4.25052
  80.00000    4.25901
  80.50000    4.24776
  81.00000    4.24683
  81.50000    4.23703
  82.00000    4.23363
  82.50000    4.23822
  83.00000    4.19820
  83.50000    4.16877
  84.00000    4.18103
  84.50000    4.19466
  85.00000    4.19713
  85.50000    4.18874
  86.00000    4.20851
  86.50000    4.20097
  87.00000    4.20107
  87.50000    4.19743
  88.00000    4.15933
  88.50000    4.13562
  89.00000    4.16653
  89.50000    4.20509
  90.00000    4.18268
  90.50000    4.14941
  91.00000    4.15782
  91.50000    4.16986
  92.00000    4.14654
  92.50000    4.13732
  93.00000    4.12403
  93.50000    4.12461
  94.00000    4.16697
  94.50000    4.14519
  95.00000    4.10744
  95.50000    4.10559
  96.00000    4.15035
  96.50000    4.15327
  97.00000    4.13763
  97.50000    4.12011
  98.00000    4.11524
  98.50000    4.10868
  99.00000    4.10507
  99.50000    4.10123
 100.00000    4.15021
 100.50000    4.13880
 101.00000    4.09855
 101.50000    4.09911
 102.00000    4.11458
 102.50000    4.10799
 103.00000    4.09063
 103.50000    4.10144
 104.00000    4.11324
 104.50000    4.13026
 105.00000    4.14859
 105.50000    4.13865
 106.00000    4.11354
 106.50000    4.09221
 107.00000    4.11623
 107.50000    4.09103
 108.00000    4.08211
 108.50000    4.04563
 109.00000    4.06647
 109.50000    4.04271
 110.00000    4.06326
 110.50000    4.06984
 111.00000    4.07171
 111.50000    4.08518
 112.00000    4.09386
 112.50000    4.07267
 113.00000    4.06833
 113.50000    4.07774
 114.00000    4.07378
 114.50000    4.05517
 115.00000    4.07101
 115.50000    4.04943
 116.00000    4.02364
 116.50000    4.03729
 117.00000    4.08574
 117.50000    4.07490
 118.00000    4.04698
 118.50000    4.03654
 119.00000    4.04960
 119.50000    4.06838
 120.00000    4.08803
 120.50000    4.09522
 121.00000    4.09744
 121.50000    4.10549
 122.00000    4.08136
 122.50000    4.05618
 123.00000    4.07006
 123.50000    4.07543
 124.00000    4.06214
 124.50000    4.09126
 125.00000    4.10533
 125.50000    4.08222
 126.00000    4.06495
 126.50000    4.07701
 127.00000    4.08951
 127.50000    4.05532
 128.00000    4.07077
 128.50000    4.03777
 129.00000    4.05982
 129.50000    4.04237
 130.00000    4.05437
 130.50000    4.03379
 131.00000    4.05965
 131.50000    4.09106
 132.00000    4.06840
 132.50000    4.07450
 133.00000    4.08762
 133.50000    4.11711
 134.00000    4.08708
 134.50000    4.05976
 135.00000    4.04234
 135.50000    4.07125
 136.00000    4.09405
 136.50000    4.09659
 137.00000    4.09396
 137.50000    4.10331
 138.00000    4.11849
 138.50000    4.08422
 139.00000    4.06985
 139.50000    4.10336
 140.00000    4.11353
 140.50000    4.06679
 141.00000    4.06352
 141.50000    4.09887
 142.00000    4.08942
 142.50000    4.05428
 143.00000    4.08210
 143.50000    4.06886
 144.00000    4.08754
 144.50000    4.08312
 145.00000    4.14148
 145.50000    4.12249
 146.00000    4.10922
 146.50000    4.07848
 147.00000    4.12149
 147.50000    4.12198
 148.00000    4.12551
 148.50000    4.11001
 149.00000    4.13524
 149.50000    4.14951
 150.00000    4.20162
