   0.00000    1.09087
   0.50000    1.77920
   1.00000    2.39392
   1.50000    2.87548
   2.00000    3.24615
   2.50000    3.27344
   3.00000    3.28973
   3.50000    3.31879
   4.00000    3.38096
   4.50000    3.45606
   5.00000    3.50243
   5.50000    3.53487
   6.00000    3.54165
   6.50000    3.56253
   7.00000    3.57689
   7.50000    3.59943
   8.00000    3.60717
   8.50000    3.61002
   9.00000    3.61243
   9.50000    3.62495
  10.00000    3.63858
  10.50000    3.64599
  11.00000    3.64881
  11.50000    3.65849
  12.00000    3.66881
  12.50000    3.67567
  13.00000    3.67063
  13.50000    3.66457
  14.00000    3.66858
  14.50000    3.68024
  15.00000    3.68594
  15.50000    3.68879
  16.00000    3.69157
  16.50000    3.69390
  17.00000    3.68792
  17.50000    3.68771
  18.00000    3.68742
  18.50000    3.69377
  19.00000    3.69676
  19.50000    3.70365
  20.00000    3.70487
  20.50000    3.69949
  21.00000    3.70148
  21.50000    3.70792
  22.00000    3.71358
  22.50000    3.70240
  23.00000    3.69974
  23.50000    3.70653
  24.00000    3.71668
  24.50000    3.71760
  25.00000    3.72435
  25.50000    3.72326
  26.00000    3.71144
  26.50000    3.68730
  27.00000    3.68376
  27.50000    3.68275
  28.00000    3.70502
  28.50000    3.74115
  29.00000    3.78796
  29.50000    3.81866
  30.00000    3.85266
  30.50000    3.89332
  31.00000    3.94280
  31.50000    3.97162
  32.00000    3.98745
  32.50000    4.00167
  33.00000    4.03059
  33.50000    4.06215
  34.00000    4.09935
  34.50000    4.13628
  35.00000    4.16414
  35.50000    4.18476
  36.00000    4.21065
  36.50000    4.23110
  37.00000    4.25339
  37.50000    4.25205
  38.00000    4.25365
  38.50000    4.26019
  39.00000    4.28210
  39.50000    4.29817
  40.00000    4.32069
  40.50000    4.33218
  41.00000    4.33875
  41.50000    4.35779
  42.00000    4.37521
  42.50000    4.38657
  43.00000    4.39896
  43.50000    4.42812
  44.00000    4.44837
  44.50000    4.46738
  45.00000    4.47101
  45.50000    4.47555
  46.00000    4.47435
  46.50000    4.48450
  47.00000    4.48985
  47.50000    4.49850
  48.00000    4.49942
  48.50000    4.51624
  49.00000    4.51711
  49.50000    4.51832
  50.00000    4.50927
  50.50000    4.51748
  51.00000    4.51801
  51.50000    4.51882
  52.00000    4.50605
  52.50000    4.49323
  53.00000    4.48021
  53.50000    4.46970
  54.00000    4.47003
  54.50000    4.47725
  55.00000    4.47949
  55.50000    4.47600
  56.00000    4.46510
  56.50000    4.46225
  57.00000    4.45935
  57.50000    4.46511
  58.00000    4.45979
  58.50000    4.45666
  59.00000    4.45488
  59.50000    4.45499
  60.00000    4.45102
  60.50000    4.44468
  61.00000    4.44518
  61.50000    4.44214
  62.00000    4.44449
  62.50000    4.44464
  63.00000    4.44353
  63.50000    4.44099
  64.00000    4.43575
  64.50000    4.43294
  65.00000    4.43088
  65.50000    4.43691
  66.00000    4.43103
  66.50000    4.42710
  67.00000    4.42268
  67.50000    4.42974
  68.00000    4.43123
  68.50000    4.42533
  69.00000    4.41998
  69.50000    4.42433
  70.00000    4.42432
  70.50000    4.42132
  71.00000    4.42227
  71.50000    4.41715
  72.00000    4.41599
  72.50000    4.41809
  73.00000    4.42002
  73.50000    4.41215
  74.00000    4.41370
  74.50000    4.41150
  75.00000    4.41384
  75.50000    4.42022
  76.00000    4.42064
  76.50000    4.41162
  77.00000    4.40887
  77.50000    4.42198
  78.00000    4.42731
  78.50000    4.42236
  79.00000    4.40660
  79.50000    4.40306
  80.00000    4.40817
  80.50000    4.40490
  81.00000    4.39883
  81.50000    4.39910
  82.00000    4.40694
  82.50000    4.40692
  83.00000    4.41090
  83.50000    4.41130
  84.00000    4.40968
  84.50000    4.40389
  85.00000    4.40078
  85.50000    4.40317
  86.00000    4.40686
  86.50000    4.40439
  87.00000    4.39539
  87.50000    4.39829
  88.00000    4.41064
  88.50000    4.41663
  89.00000    4.41196
  89.50000    4.40714
  90.00000    4.40492
  90.50000    4.40272
  91.00000    4.40960
  91.50000    4.40689
  92.00000    4.39862
  92.50000    4.39053
  93.00000    4.39625
  93.50000    4.40247
  94.00000    4.40468
  94.50000    4.40400
  95.00000    4.40434
  95.50000    4.41124
  96.00000    4.40947
  96.50000    4.40534
  97.00000    4.39894
  97.50000    4.39751
  98.00000    4.40008
  98.50000    4.39533
  99.00000    4.39406
  99.50000    4.39345
 100.00000    4.40093
 100.50000    4.39978
 101.00000    4.40119
 101.50000    4.40131
 102.00000    4.40051
 102.50000    4.39573
 103.00000    4.39581
 103.50000    4.39763
 104.00000    4.39678
 104.50000    4.39500
 105.00000    4.40442
 105.50000    4.39730
 106.00000    4.38958
 106.50000    4.38349
 107.00000    4.39423
 107.50000    4.38760
 108.00000    4.38662
 108.50000    4.39028
 109.00000    4.40094
 109.50000    4.39452
 110.00000    4.38646
 110.50000    4.38905
 111.00000    4.39220
 111.50000    4.39302
 112.00000    4.38409
 112.50000    4.38790
 113.00000    4.38390
 113.50000    4.39254
 114.00000    4.39127
 114.50000    4.39327
 115.00000    4.39064
 115.50000    4.39364
 116.00000    4.39597
 116.50000    4.39489
 117.00000    4.39103
 117.50000    4.38436
 118.00000    4.37803
 118.50000    4.38100
 119.00000    4.39167
 119.50000    4.39546
 120.00000    4.39333
 120.50000    4.38780
 121.00000    4.38860
 121.50000    4.38788
 122.00000    4.38818
 122.50000    4.38634
 123.00000    4.38553
 123.50000    4.38818
 124.00000    4.38599
 124.50000    4.38913
 125.00000    4.39010
 125.50000    4.39027
 126.00000    4.38918
 126.50000    4.38733
 127.00000    4.38802
 127.50000    4.38764
 128.00000    4.39364
 128.50000    4.38846
 129.00000    4.38409
 129.50000    4.38137
 130.00000    4.38331
 130.50000    4.38266
 131.00000    4.37460
 131.50000    4.37815
 132.00000    4.37647
 132.50000    4.38229
 133.00000    4.38295
 133.50000    4.38996
 134.00000    4.38897
 134.50000    4.38584
 135.00000    4.38146
 135.50000    4.37786
 136.00000    4.38259
 136.50000    4.38241
 137.00000    4.38083
 137.50000    4.37729
 138.00000    4.38114
 138.50000    4.38844
 139.00000    4.38831
 139.50000    4.38641
 140.00000    4.38543
 140.50000    4.38814
 141.00000    4.38158
 141.50000    4.38613
 142.00000    4.39127
 142.50000    4.39665
 143.00000    4.38785
 143.50000    4.38898
 144.00000    4.39208
 144.50000    4.40085
 145.00000    4.40032
 145.50000    4.39625
 146.00000    4.38856
 146.50000    4.38738
 147.00000    4.38828
 147.50000    4.39364
 148.00000    4.39815
 148.50000    4.40339
 149.00000    4.40242
 149.50000    4.40096
 150.00000    4.40084
