   0.00000    1.24823
   0.50000    3.11929
   1.00000    3.44470
   1.50000    3.30240
   2.00000    3.30815
   2.50000    3.24760
   3.00000    3.19063
   3.50000    3.16003
   4.00000    3.18987
   4.50000    3.17128
   5.00000    3.17648
   5.50000    3.20048
   6.00000    3.25575
   6.50000    3.27704
   7.00000    3.30881
   7.50000    3.32687
   8.00000    3.32376
   8.50000    3.32887
   9.00000    3.35523
   9.50000    3.37061
  10.00000    3.37049
  10.50000    3.38881
  11.00000    3.38289
  11.50000    3.36256
  12.00000    3.34568
  12.50000    3.36541
  13.00000    3.36996
  13.50000    3.38783
  14.00000    3.37056
  14.50000    3.35562
  15.00000    3.36019
  15.50000    3.37929
  16.00000    3.38749
  16.50000    3.38618
  17.00000    3.37851
  17.50000    3.37635
  18.00000    3.40594
  18.50000    3.39760
  19.00000    3.38800
  19.50000    3.39751
  20.00000    3.42131
  20.50000    3.40633
  21.00000    3.42077
  21.50000    3.42977
  22.00000    3.39756
  22.50000    3.37883
  23.00000    3.36490
  23.50000    3.36026
  24.00000    3.34888
  24.50000    3.34017
  25.00000    3.30706
  25.50000    3.29229
  26.00000    3.33390
  26.50000    3.38136
  27.00000    3.41938
  27.50000    3.43605
  28.00000    3.45682
  28.50000    3.47600
  29.00000    3.50286
  29.50000    3.48873
  30.00000    3.49218
  30.50000    3.51449
  31.00000    3.52445
  31.50000    3.50113
  32.00000    3.49934
  32.50000    3.51481
  33.00000    3.49671
  33.50000    3.48723
  34.00000    3.51691
  34.50000    3.56476
  35.00000    3.60241
  35.50000    3.63766
  36.00000    3.64914
  36.50000    3.64489
  37.00000    3.64101
  37.50000    3.65933
  38.00000    3.65859
  38.50000    3.64923
  39.00000    3.62535
  39.50000    3.61228
  40.00000    3.62271
  40.50000    3.61451
  41.00000    3.58746
  41.50000    3.54154
  42.00000    3.53821
  42.50000    3.54007
  43.00000    3.55761
  43.50000    3.55602
  44.00000    3.56852
  44.50000    3.55240
  45.00000    3.55202
  45.50000    3.55646
  46.00000    3.57267
  46.50000    3.57899
  47.00000    3.60179
  47.50000    3.62529
  48.00000    3.65731
  48.50000    3.75524
  49.00000    3.86485
  49.50000    3.93804
  50.00000    3.97912
  50.50000    4.05632
  51.00000    4.09848
  51.50000    4.13035
  52.00000    4.13792
  52.50000    4.16754
  53.00000    4.15884
  53.50000    4.15485
  54.00000    4.16607
  54.50000    4.22073
  55.00000    4.25068
  55.50000    4.25100
  56.00000    4.24022
  56.50000    4.24922
  57.00000    4.26313
  57.50000    4.28430
  58.00000    4.29065
  58.50000    4.30958
  59.00000    4.31831
  59.50000    4.29662
  60.00000    4.26469
  60.50000    4.26677
  61.00000    4.27547
  61.50000    4.28067
  62.00000    4.30159
  62.50000    4.31887
  63.00000    4.32227
  63.50000    4.30874
  64.00000    4.31758
  64.50000    4.31615
  65.00000    4.29540
  65.50000    4.29656
  66.00000    4.30869
  66.50000    4.29944
  67.00000    4.25950
  67.50000    4.26492
  68.00000    4.29985
  68.50000    4.33022
  69.00000    4.29449
  69.50000    4.25565
  70.00000    4.25358
  70.50000    4.25955
  71.00000    4.24060
  71.50000    4.25543
  72.00000    4.27219
  72.50000    4.25847
  73.00000    4.25786
  73.50000    4.27948
  74.00000    4.26844
  74.50000    4.24417
  75.00000    4.23852
  75.50000    4.26230
  76.00000    4.25443
  76.50000    4.24555
  77.00000    4.25072
  77.50000    4.25958
  78.00000    4.23122
  78.50000    4.21130
  79.00000    4.24117
  79.50000    4.24579
  80.00000    4.26099
  80.50000    4.26422
  81.00000    4.25185
  81.50000    4.23595
  82.00000    4.22264
  82.50000    4.23343
  83.00000    4.18760
  83.50000    4.17396
  84.00000    4.18686
  84.50000    4.23011
  85.00000    4.23129
  85.50000    4.20414
  86.00000    4.20492
  86.50000    4.19467
  87.00000    4.18915
  87.50000    4.17251
  88.00000    4.14339
  88.50000    4.13427
  89.00000    4.14629
  89.50000    4.15718
  90.00000    4.15065
  90.50000    4.13130
  91.00000    4.11742
  91.50000    4.12822
  92.00000    4.15329
  92.50000    4.14957
  93.00000    4.13522
  93.50000    4.13384
  94.00000    4.13199
  94.50000    4.11724
  95.00000    4.10641
  95.50000    4.10425
  96.00000    4.10849
  96.50000    4.10217
  97.00000    4.08658
  97.50000    4.08699
  98.00000    4.07300
  98.50000    4.06505
  99.00000    4.04175
  99.50000    4.05921
 100.00000    4.04338
 100.50000    4.04389
 101.00000    4.05349
 101.50000    4.07376
 102.00000    4.04064
 102.50000    4.01669
 103.00000    4.01882
 103.50000    4.04367
 104.00000    4.04640
 104.50000    4.05364
 105.00000    4.05566
 105.50000    4.05380
 106.00000    4.02106
 106.50000    4.00619
 107.00000    4.03065
 107.50000    4.04957
 108.00000    4.02747
 108.50000    4.00427
 109.00000    4.00415
 109.50000    3.98169
 110.00000    3.97931
 110.50000    4.00513
 111.00000    4.01845
 111.50000    4.00769
 112.00000    4.01024
 112.50000    3.99975
 113.00000    3.98704
 113.50000    3.99113
 114.00000    3.99385
 114.50000    3.99262
 115.00000    3.99873
 115.50000    3.96956
 116.00000    3.94724
 116.50000    3.96281
 117.00000    3.99042
 117.50000    3.97029
 118.00000    3.97824
 118.50000    3.97002
 119.00000    3.97954
 119.50000    3.97232
 120.00000    3.97933
 120.50000    3.97150
 121.00000    3.97299
 121.50000    3.97137
 122.00000    3.96588
 122.50000    3.95946
 123.00000    3.97892
 123.50000    3.97940
 124.00000    3.95065
 124.50000    3.95346
 125.00000    3.96957
 125.50000    3.97442
 126.00000    3.94993
 126.50000    3.93960
 127.00000    3.94469
 127.50000    3.95953
 128.00000    3.97040
 128.50000    3.94792
 129.00000    3.96261
 129.50000    3.94345
 130.00000    3.93241
 130.50000    3.93866
 131.00000    3.95571
 131.50000    3.96729
 132.00000    3.97121
 132.50000    4.00038
 133.00000    3.97000
 133.50000    3.96308
 134.00000    3.92922
 134.50000    3.93390
 135.00000    3.91674
 135.50000    3.93188
 136.00000    3.94143
 136.50000    3.93607
 137.00000    3.95583
 137.50000    3.98485
 138.00000    4.00882
 138.50000    3.96305
 139.00000    3.95389
 139.50000    3.96507
 140.00000    3.98865
 140.50000    3.96539
 141.00000    3.98261
 141.50000    3.99368
 142.00000    3.98086
 142.50000    3.94585
 143.00000    3.98090
 143.50000    3.99989
 144.00000    4.00371
 144.50000    3.98384
 145.00000    3.99884
 145.50000    3.98820
 146.00000    3.98339
 146.50000    3.97348
 147.00000    4.00876
 147.50000    4.01859
 148.00000    4.01567
 148.50000    3.99399
 149.00000    4.01654
 149.50000    4.03755
 150.00000    4.03741
