   0.00000    1.47382
   0.50000    2.50876
   1.00000    2.91681
   1.50000    3.13563
   2.00000    3.34965
   2.50000    3.51255
   3.00000    3.58085
   3.50000    3.60791
   4.00000    3.59105
   4.50000    3.58749
   5.00000    3.59035
   5.50000    3.59391
   6.00000    3.59298
   6.50000    3.58615
   7.00000    3.58742
   7.50000    3.58809
   8.00000    3.58534
   8.50000    3.58258
   9.00000    3.59220
   9.50000    3.60237
  10.00000    3.60449
  10.50000    3.60635
  11.00000    3.60959
  11.50000    3.60596
  12.00000    3.60197
  12.50000    3.60809
  13.00000    3.61277
  13.50000    3.61649
  14.00000    3.61595
  14.50000    3.63052
  15.00000    3.63856
  15.50000    3.63691
  16.00000    3.63577
  16.50000    3.64469
  17.00000    3.64677
  17.50000    3.64714
  18.00000    3.64524
  18.50000    3.65622
  19.00000    3.64851
  19.50000    3.64990
  20.00000    3.65413
  20.50000    3.67064
  21.00000    3.66936
  21.50000    3.66746
  22.00000    3.66982
  22.50000    3.66974
  23.00000    3.67027
  23.50000    3.67734
  24.00000    3.68783
  24.50000    3.68860
  25.00000    3.68984
  25.50000    3.69390
  26.00000    3.69503
  26.50000    3.69766
  27.00000    3.69937
  27.50000    3.71025
  28.00000    3.72952
  28.50000    3.74427
  29.00000    3.74963
  29.50000    3.75320
  30.00000    3.75380
  30.50000    3.75309
  31.00000    3.75376
  31.50000    3.75572
  32.00000    3.73988
  32.50000    3.74381
  33.00000    3.73720
  33.50000    3.74597
  34.00000    3.78031
  34.50000    3.83583
  35.00000    3.88029
  35.50000    3.90448
  36.00000    3.93243
  36.50000    3.94293
  37.00000    3.95072
  37.50000    3.95305
  38.00000    3.96272
  38.50000    3.97253
  39.00000    3.98139
  39.50000    3.98615
  40.00000    3.98925
  40.50000    3.99694
  41.00000    4.00435
  41.50000    4.01694
  42.00000    4.03032
  42.50000    4.04686
  43.00000    4.07068
  43.50000    4.10274
  44.00000    4.13741
  44.50000    4.15358
  45.00000    4.19056
  45.50000    4.22989
  46.00000    4.27533
  46.50000    4.30718
  47.00000    4.33592
  47.50000    4.36704
  48.00000    4.39132
  48.50000    4.42574
  49.00000    4.44542
  49.50000    4.45232
  50.00000    4.44152
  50.50000    4.44774
  51.00000    4.45823
  51.50000    4.47584
  52.00000    4.49079
  52.50000    4.50203
  53.00000    4.50307
  53.50000    4.51598
  54.00000    4.52803
  54.50000    4.53894
  55.00000    4.54612
  55.50000    4.54925
  56.00000    4.55018
  56.50000    4.55475
  57.00000    4.56535
  57.50000    4.56781
  58.00000    4.56867
  58.50000    4.56339
  59.00000    4.56509
  59.50000    4.56726
  60.00000    4.57116
  60.50000    4.57380
  61.00000    4.57911
  61.50000    4.58880
  62.00000    4.59342
  62.50000    4.59712
  63.00000    4.59840
  63.50000    4.59451
  64.00000    4.58825
  64.50000    4.58745
  65.00000    4.59582
  65.50000    4.59620
  66.00000    4.59522
  66.50000    4.60206
  67.00000    4.60512
  67.50000    4.60148
  68.00000    4.59239
  68.50000    4.59765
  69.00000    4.59755
  69.50000    4.59883
  70.00000    4.58916
  70.50000    4.59299
  71.00000    4.59172
  71.50000    4.59933
  72.00000    4.59815
  72.50000    4.60691
  73.00000    4.60150
  73.50000    4.60167
  74.00000    4.59177
  74.50000    4.58286
  75.00000    4.57727
  75.50000    4.58085
  76.00000    4.57443
  76.50000    4.56976
  77.00000    4.57107
  77.50000    4.57673
  78.00000    4.57507
  78.50000    4.57831
  79.00000    4.57326
  79.50000    4.56884
  80.00000    4.56643
  80.50000    4.56681
  81.00000    4.56548
  81.50000    4.56557
  82.00000    4.56079
  82.50000    4.55381
  83.00000    4.55287
  83.50000    4.55723
  84.00000    4.55323
  84.50000    4.54355
  85.00000    4.53995
  85.50000    4.54415
  86.00000    4.54340
  86.50000    4.53632
  87.00000    4.52763
  87.50000    4.53179
  88.00000    4.53363
  88.50000    4.53306
  89.00000    4.52026
  89.50000    4.51654
  90.00000    4.52287
  90.50000    4.52965
  91.00000    4.52252
  91.50000    4.51592
  92.00000    4.51121
  92.50000    4.51579
  93.00000    4.51357
  93.50000    4.50808
  94.00000    4.50296
  94.50000    4.50704
  95.00000    4.50525
  95.50000    4.49720
  96.00000    4.49178
  96.50000    4.48696
  97.00000    4.48740
  97.50000    4.48508
  98.00000    4.48207
  98.50000    4.48306
  99.00000    4.48858
  99.50000    4.48833
 100.00000    4.47863
 100.50000    4.47554
 101.00000    4.47527
 101.50000    4.47388
 102.00000    4.47077
 102.50000    4.47209
 103.00000    4.46344
 103.50000    4.45189
 104.00000    4.45365
 104.50000    4.45588
 105.00000    4.44650
 105.50000    4.43964
 106.00000    4.44905
 106.50000    4.44074
 107.00000    4.44459
 107.50000    4.45063
 108.00000    4.44917
 108.50000    4.44035
 109.00000    4.44063
 109.50000    4.44333
 110.00000    4.43741
 110.50000    4.43709
 111.00000    4.43642
 111.50000    4.43179
 112.00000    4.42810
 112.50000    4.41892
 113.00000    4.42129
 113.50000    4.42535
 114.00000    4.42881
 114.50000    4.42464
 115.00000    4.41846
 115.50000    4.40993
 116.00000    4.40852
 116.50000    4.41348
 117.00000    4.41259
 117.50000    4.41760
 118.00000    4.41855
 118.50000    4.41763
 119.00000    4.40511
 119.50000    4.40113
 120.00000    4.40979
 120.50000    4.40830
 121.00000    4.40768
 121.50000    4.40287
 122.00000    4.41767
 122.50000    4.41159
 123.00000    4.40754
 123.50000    4.40116
 124.00000    4.40411
 124.50000    4.40929
 125.00000    4.40322
 125.50000    4.39675
 126.00000    4.39462
 126.50000    4.40358
 127.00000    4.39197
 127.50000    4.38362
 128.00000    4.38267
 128.50000    4.39210
 129.00000    4.39298
 129.50000    4.39566
 130.00000    4.39905
 130.50000    4.39521
 131.00000    4.39105
 131.50000    4.39679
 132.00000    4.39583
 132.50000    4.39237
 133.00000    4.39219
 133.50000    4.39715
 134.00000    4.39432
 134.50000    4.39737
 135.00000    4.39333
 135.50000    4.39179
 136.00000    4.39330
 136.50000    4.39772
 137.00000    4.39431
 137.50000    4.39177
 138.00000    4.38370
 138.50000    4.38873
 139.00000    4.39453
 139.50000    4.39849
 140.00000    4.40995
 140.50000    4.42406
 141.00000    4.41696
 141.50000    4.39871
 142.00000    4.39881
 142.50000    4.40583
 143.00000    4.41153
 143.50000    4.40664
 144.00000    4.39974
 144.50000    4.39694
 145.00000    4.40164
 145.50000    4.40241
 146.00000    4.40212
 146.50000    4.41328
 147.00000    4.41678
 147.50000    4.41038
 148.00000    4.40085
 148.50000    4.39916
 149.00000    4.39865
 149.50000    4.40261
 150.00000    4.40898
