   0.00000    1.35149
   0.50000    2.45282
   1.00000    2.94351
   1.50000    3.10463
   2.00000    3.13752
   2.50000    3.16128
   3.00000    3.17218
   3.50000    3.18915
   4.00000    3.23343
   4.50000    3.25395
   5.00000    3.28220
   5.50000    3.30960
   6.00000    3.35403
   6.50000    3.37596
   7.00000    3.39553
   7.50000    3.40609
   8.00000    3.42598
   8.50000    3.44066
   9.00000    3.44522
   9.50000    3.46165
  10.00000    3.47583
  10.50000    3.48706
  11.00000    3.49533
  11.50000    3.52409
  12.00000    3.52756
  12.50000    3.53331
  13.00000    3.54185
  13.50000    3.55362
  14.00000    3.55492
  14.50000    3.56558
  15.00000    3.56549
  15.50000    3.57249
  16.00000    3.58865
  16.50000    3.60441
  17.00000    3.61481
  17.50000    3.62941
  18.00000    3.64135
  18.50000    3.64384
  19.00000    3.66284
  19.50000    3.68154
  20.00000    3.69795
  20.50000    3.71319
  21.00000    3.72273
  21.50000    3.74178
  22.00000    3.76796
  22.50000    3.79459
  23.00000    3.80019
  23.50000    3.83755
  24.00000    3.88801
  24.50000    3.94489
  25.00000    3.99613
  25.50000    4.04981
  26.00000    4.14919
  26.50000    4.27131
  27.00000    4.39224
  27.50000    4.44186
  28.00000    4.45527
  28.50000    4.44509
  29.00000    4.43348
  29.50000    4.42670
  30.00000    4.42890
  30.50000    4.44578
  31.00000    4.43899
  31.50000    4.42866
  32.00000    4.43138
  32.50000    4.41246
  33.00000    4.39371
  33.50000    4.35945
  34.00000    4.34231
  34.50000    4.30451
  35.00000    4.29039
  35.50000    4.27232
  36.00000    4.27123
  36.50000    4.27235
  37.00000    4.24729
  37.50000    4.23174
  38.00000    4.23158
  38.50000    4.26051
  39.00000    4.26508
  39.50000    4.26969
  40.00000    4.26157
  40.50000    4.26847
  41.00000    4.26777
  41.50000    4.26801
  42.00000    4.26108
  42.50000    4.26836
  43.00000    4.27781
  43.50000    4.30435
  44.00000    4.30980
  44.50000    4.32068
  45.00000    4.34410
  45.50000    4.38194
  46.00000    4.38380
  46.50000    4.37184
  47.00000    4.38709
  47.50000    4.38875
  48.00000    4.38335
  48.50000    4.36070
  49.00000    4.36902
  49.50000    4.36175
  50.00000    4.37075
  50.50000    4.37044
  51.00000    4.36758
  51.50000    4.35855
  52.00000    4.35697
  52.50000    4.36395
  53.00000    4.36304
  53.50000    4.35119
  54.00000    4.34430
  54.50000    4.34310
  55.00000    4.34497
  55.50000    4.33971
  56.00000    4.34229
  56.50000    4.35144
  57.00000    4.34714
  57.50000    4.33822
  58.00000    4.33228
  58.50000    4.34443
  59.00000    4.34055
  59.50000    4.33124
  60.00000    4.32781
  60.50000    4.32587
  61.00000    4.32101
  61.50000    4.31324
  62.00000    4.32113
  62.50000    4.31770
  63.00000    4.31607
  63.50000    4.31855
  64.00000    4.32151
  64.50000    4.31936
  65.00000    4.31203
  65.50000    4.31588
  66.00000    4.30906
  66.50000    4.29918
  67.00000    4.30556
  67.50000    4.31282
  68.00000    4.30901
  68.50000    4.29393
  69.00000    4.28490
  69.50000    4.28217
  70.00000    4.29402
  70.50000    4.30613
  71.00000    4.30988
  71.50000    4.30259
  72.00000    4.30860
  72.50000    4.30653
  73.00000    4.30380
  73.50000    4.29430
  74.00000    4.30391
  74.50000    4.30919
  75.00000    4.30698
  75.50000    4.30092
  76.00000    4.31222
  76.50000    4.31908
  77.00000    4.32814
  77.50000    4.32236
  78.00000    4.31599
  78.50000    4.30892
  79.00000    4.31351
  79.50000    4.30575
  80.00000    4.30981
  80.50000    4.32319
  81.00000    4.33437
  81.50000    4.33552
  82.00000    4.32958
  82.50000    4.31920
  83.00000    4.31441
  83.50000    4.31125
  84.00000    4.31968
  84.50000    4.32568
  85.00000    4.32739
  85.50000    4.32017
  86.00000    4.32605
  86.50000    4.32833
  87.00000    4.33393
  87.50000    4.34505
  88.00000    4.34698
  88.50000    4.34305
  89.00000    4.35024
  89.50000    4.35930
  90.00000    4.35500
  90.50000    4.35075
  91.00000    4.34720
  91.50000    4.34863
  92.00000    4.35205
  92.50000    4.36022
  93.00000    4.35063
  93.50000    4.33997
  94.00000    4.34847
  94.50000    4.36823
  95.00000    4.36828
  95.50000    4.36265
  96.00000    4.37041
  96.50000    4.38507
  97.00000    4.38931
  97.50000    4.38488
  98.00000    4.37728
  98.50000    4.38316
  99.00000    4.38406
  99.50000    4.38848
 100.00000    4.39035
 100.50000    4.40429
 101.00000    4.40730
 101.50000    4.41027
 102.00000    4.40344
 102.50000    4.39484
 103.00000    4.39751
 103.50000    4.40212
 104.00000    4.40862
 104.50000    4.41136
 105.00000    4.42707
 105.50000    4.42659
 106.00000    4.42929
 106.50000    4.43098
 107.00000    4.42471
 107.50000    4.42331
 108.00000    4.43126
 108.50000    4.44293
 109.00000    4.43607
 109.50000    4.43769
 110.00000    4.43632
 110.50000    4.43737
 111.00000    4.43590
 111.50000    4.45531
 112.00000    4.46277
 112.50000    4.46619
 113.00000    4.45494
 113.50000    4.45632
 114.00000    4.44193
 114.50000    4.44200
 115.00000    4.44664
 115.50000    4.45717
 116.00000    4.46753
 116.50000    4.47515
 117.00000    4.47362
 117.50000    4.46369
 118.00000    4.46464
 118.50000    4.46587
 119.00000    4.46590
 119.50000    4.46554
 120.00000    4.46764
 120.50000    4.47742
 121.00000    4.49520
 121.50000    4.49813
 122.00000    4.48819
 122.50000    4.48970
 123.00000    4.50406
 123.50000    4.50778
 124.00000    4.50019
 124.50000    4.49699
 125.00000    4.49658
 125.50000    4.50818
 126.00000    4.51852
 126.50000    4.50982
 127.00000    4.50316
 127.50000    4.50582
 128.00000    4.51988
 128.50000    4.51459
 129.00000    4.52335
 129.50000    4.52808
 130.00000    4.52861
 130.50000    4.51877
 131.00000    4.53581
 131.50000    4.54457
 132.00000    4.55742
 132.50000    4.54646
 133.00000    4.54369
 133.50000    4.53110
 134.00000    4.53734
 134.50000    4.52754
 135.00000    4.52268
 135.50000    4.52997
 136.00000    4.54162
 136.50000    4.54671
 137.00000    4.55639
 137.50000    4.56282
 138.00000    4.56456
 138.50000    4.55672
 139.00000    4.55081
 139.50000    4.54226
 140.00000    4.55501
 140.50000    4.55475
 141.00000    4.55665
 141.50000    4.55263
 142.00000    4.56027
 142.50000    4.56193
 143.00000    4.56893
 143.50000    4.56841
 144.00000    4.55984
 144.50000    4.55674
 145.00000    4.56247
 145.50000    4.56361
 146.00000    4.56292
 146.50000    4.55191
 147.00000    4.54797
 147.50000    4.55617
 148.00000    4.57472
 148.50000    4.58038
 149.00000    4.57504
 149.50000    4.56963
 150.00000    4.57517
