   0.00000    1.39536
   0.50000    1.75355
   1.00000    2.20065
   1.50000    2.60597
   2.00000    2.83417
   2.50000    2.96850
   3.00000    3.04018
   3.50000    3.09639
   4.00000    3.16617
   4.50000    3.20707
   5.00000    3.25171
   5.50000    3.29031
   6.00000    3.35609
   6.50000    3.39953
   7.00000    3.41793
   7.50000    3.43505
   8.00000    3.46572
   8.50000    3.49615
   9.00000    3.50163
   9.50000    3.50684
  10.00000    3.51498
  10.50000    3.52077
  11.00000    3.52513
  11.50000    3.55685
  12.00000    3.58278
  12.50000    3.59682
  13.00000    3.60239
  13.50000    3.61727
  14.00000    3.62116
  14.50000    3.62629
  15.00000    3.62769
  15.50000    3.64097
  16.00000    3.64247
  16.50000    3.64268
  17.00000    3.66559
  17.50000    3.69305
  18.00000    3.72749
  18.50000    3.71372
  19.00000    3.72752
  19.50000    3.72795
  20.00000    3.75164
  20.50000    3.76083
  21.00000    3.76240
  21.50000    3.77607
  22.00000    3.79401
  22.50000    3.81227
  23.00000    3.82182
  23.50000    3.85457
  24.00000    3.88103
  24.50000    3.89395
  25.00000    3.94698
  25.50000    3.98642
  26.00000    4.05079
  26.50000    4.15407
  27.00000    4.29612
  27.50000    4.39492
  28.00000    4.45773
  28.50000    4.50394
  29.00000    4.53408
  29.50000    4.55430
  30.00000    4.56299
  30.50000    4.55138
  31.00000    4.52520
  31.50000    4.51668
  32.00000    4.52078
  32.50000    4.48729
  33.00000    4.45250
  33.50000    4.42215
  34.00000    4.38449
  34.50000    4.33540
  35.00000    4.29791
  35.50000    4.27802
  36.00000    4.27861
  36.50000    4.32127
  37.00000    4.31260
  37.50000    4.28199
  38.00000    4.27464
  38.50000    4.31693
  39.00000    4.30513
  39.50000    4.28528
  40.00000    4.27612
  40.50000    4.30868
  41.00000    4.32467
  41.50000    4.33096
  42.00000    4.33178
  42.50000    4.34191
  43.00000    4.37562
  43.50000    4.42468
  44.00000    4.48465
  44.50000    4.48699
  45.00000    4.48620
  45.50000    4.50254
  46.00000    4.52126
  46.50000    4.50105
  47.00000    4.51786
  47.50000    4.52573
  48.00000    4.51172
  48.50000    4.48358
  49.00000    4.50797
  49.50000    4.54466
  50.00000    4.56392
  50.50000    4.56359
  51.00000    4.55519
  51.50000    4.55055
  52.00000    4.54207
  52.50000    4.53979
  53.00000    4.53620
  53.50000    4.51680
  54.00000    4.50181
  54.50000    4.49146
  55.00000    4.50328
  55.50000    4.50780
  56.00000    4.50369
  56.50000    4.50476
  57.00000    4.50036
  57.50000    4.49034
  58.00000    4.45924
  58.50000    4.46844
  59.00000    4.46827
  59.50000    4.45839
  60.00000    4.43640
  60.50000    4.45285
  61.00000    4.45683
  61.50000    4.44020
  62.00000    4.43510
  62.50000    4.44357
  63.00000    4.44033
  63.50000    4.43626
  64.00000    4.44136
  64.50000    4.43614
  65.00000    4.41118
  65.50000    4.40336
  66.00000    4.40003
  66.50000    4.39198
  67.00000    4.38270
  67.50000    4.38077
  68.00000    4.37307
  68.50000    4.35657
  69.00000    4.33294
  69.50000    4.32412
  70.00000    4.33416
  70.50000    4.35167
  71.00000    4.36394
  71.50000    4.35269
  72.00000    4.34964
  72.50000    4.34483
  73.00000    4.34399
  73.50000    4.31874
  74.00000    4.32494
  74.50000    4.34194
  75.00000    4.33711
  75.50000    4.32810
  76.00000    4.32446
  76.50000    4.34548
  77.00000    4.34657
  77.50000    4.34262
  78.00000    4.31037
  78.50000    4.30379
  79.00000    4.30814
  79.50000    4.29811
  80.00000    4.30496
  80.50000    4.31306
  81.00000    4.32966
  81.50000    4.31501
  82.00000    4.31652
  82.50000    4.31233
  83.00000    4.30409
  83.50000    4.28977
  84.00000    4.30008
  84.50000    4.31036
  85.00000    4.30688
  85.50000    4.29167
  86.00000    4.29636
  86.50000    4.29755
  87.00000    4.30579
  87.50000    4.29668
  88.00000    4.29885
  88.50000    4.29385
  89.00000    4.30719
  89.50000    4.30613
  90.00000    4.30334
  90.50000    4.28905
  91.00000    4.29003
  91.50000    4.28621
  92.00000    4.28926
  92.50000    4.29925
  93.00000    4.29265
  93.50000    4.28751
  94.00000    4.28445
  94.50000    4.30409
  95.00000    4.29519
  95.50000    4.29790
  96.00000    4.31533
  96.50000    4.33393
  97.00000    4.33714
  97.50000    4.31440
  98.00000    4.29738
  98.50000    4.28046
  99.00000    4.28126
  99.50000    4.29368
 100.00000    4.30990
 100.50000    4.32914
 101.00000    4.32057
 101.50000    4.30755
 102.00000    4.31431
 102.50000    4.31376
 103.00000    4.32700
 103.50000    4.32995
 104.00000    4.34159
 104.50000    4.32284
 105.00000    4.31614
 105.50000    4.30833
 106.00000    4.32675
 106.50000    4.33353
 107.00000    4.32198
 107.50000    4.31200
 108.00000    4.33684
 108.50000    4.34158
 109.00000    4.34196
 109.50000    4.34124
 110.00000    4.33093
 110.50000    4.31711
 111.00000    4.33332
 111.50000    4.36126
 112.00000    4.35807
 112.50000    4.35879
 113.00000    4.36037
 113.50000    4.36751
 114.00000    4.34487
 114.50000    4.32846
 115.00000    4.32529
 115.50000    4.35870
 116.00000    4.38562
 116.50000    4.38078
 117.00000    4.36685
 117.50000    4.36467
 118.00000    4.37816
 118.50000    4.37686
 119.00000    4.36684
 119.50000    4.36862
 120.00000    4.37438
 120.50000    4.37204
 121.00000    4.37822
 121.50000    4.37943
 122.00000    4.35959
 122.50000    4.34854
 123.00000    4.37472
 123.50000    4.41145
 124.00000    4.42668
 124.50000    4.42629
 125.00000    4.40004
 125.50000    4.40220
 126.00000    4.41526
 126.50000    4.41177
 127.00000    4.38468
 127.50000    4.39351
 128.00000    4.41660
 128.50000    4.41419
 129.00000    4.42781
 129.50000    4.44225
 130.00000    4.43195
 130.50000    4.40283
 131.00000    4.41871
 131.50000    4.44029
 132.00000    4.45960
 132.50000    4.46035
 133.00000    4.43899
 133.50000    4.42215
 134.00000    4.43451
 134.50000    4.44052
 135.00000    4.42563
 135.50000    4.42301
 136.00000    4.42110
 136.50000    4.42242
 137.00000    4.44250
 137.50000    4.46106
 138.00000    4.46373
 138.50000    4.46036
 139.00000    4.46026
 139.50000    4.44998
 140.00000    4.45639
 140.50000    4.46205
 141.00000    4.44813
 141.50000    4.44191
 142.00000    4.44987
 142.50000    4.44568
 143.00000    4.43757
 143.50000    4.46430
 144.00000    4.47047
 144.50000    4.44550
 145.00000    4.43898
 145.50000    4.44839
 146.00000    4.44907
 146.50000    4.43323
 147.00000    4.45143
 147.50000    4.47463
 148.00000    4.49132
 148.50000    4.46894
 149.00000    4.45507
 149.50000    4.45181
 150.00000    4.44996
