   0.00000    1.52700
   0.50000    2.36323
   1.00000    2.78876
   1.50000    3.02886
   2.00000    3.23497
   2.50000    3.36576
   3.00000    3.43093
   3.50000    3.43679
   4.00000    3.42722
   4.50000    3.43161
   5.00000    3.44371
   5.50000    3.45313
   6.00000    3.46344
   6.50000    3.47188
   7.00000    3.48534
   7.50000    3.49518
   8.00000    3.50709
   8.50000    3.51573
   9.00000    3.53157
   9.50000    3.54055
  10.00000    3.55168
  10.50000    3.55636
  11.00000    3.56253
  11.50000    3.57137
  12.00000    3.58162
  12.50000    3.59154
  13.00000    3.60134
  13.50000    3.61544
  14.00000    3.61926
  14.50000    3.62146
  15.00000    3.63093
  15.50000    3.64204
  16.00000    3.65110
  16.50000    3.65730
  17.00000    3.66660
  17.50000    3.67046
  18.00000    3.67331
  18.50000    3.67902
  19.00000    3.69105
  19.50000    3.70064
  20.00000    3.70851
  20.50000    3.71963
  21.00000    3.72794
  21.50000    3.72942
  22.00000    3.72837
  22.50000    3.73267
  23.00000    3.74351
  23.50000    3.75546
  24.00000    3.76203
  24.50000    3.76548
  25.00000    3.76826
  25.50000    3.77118
  26.00000    3.77209
  26.50000    3.77773
  27.00000    3.78967
  27.50000    3.79978
  28.00000    3.80719
  28.50000    3.81349
  29.00000    3.82514
  29.50000    3.83289
  30.00000    3.83670
  30.50000    3.84380
  31.00000    3.85207
  31.50000    3.86048
  32.00000    3.86382
  32.50000    3.86646
  33.00000    3.87188
  33.50000    3.87929
  34.00000    3.88149
  34.50000    3.88434
  35.00000    3.89221
  35.50000    3.90382
  36.00000    3.91949
  36.50000    3.94357
  37.00000    3.96209
  37.50000    3.98250
  38.00000    3.99956
  38.50000    4.01938
  39.00000    4.03895
  39.50000    4.05738
  40.00000    4.06808
  40.50000    4.07886
  41.00000    4.09574
  41.50000    4.10869
  42.00000    4.12037
  42.50000    4.13614
  43.00000    4.15030
  43.50000    4.16480
  44.00000    4.18223
  44.50000    4.20970
  45.00000    4.23511
  45.50000    4.25498
  46.00000    4.26159
  46.50000    4.26729
  47.00000    4.27978
  47.50000    4.30403
  48.00000    4.32113
  48.50000    4.33352
  49.00000    4.34138
  49.50000    4.35566
  50.00000    4.36341
  50.50000    4.36645
  51.00000    4.36260
  51.50000    4.35712
  52.00000    4.35371
  52.50000    4.35202
  53.00000    4.35326
  53.50000    4.35126
  54.00000    4.35907
  54.50000    4.36194
  55.00000    4.36140
  55.50000    4.36143
  56.00000    4.37057
  56.50000    4.37331
  57.00000    4.37464
  57.50000    4.37902
  58.00000    4.38250
  58.50000    4.38337
  59.00000    4.38802
  59.50000    4.39509
  60.00000    4.39653
  60.50000    4.39420
  61.00000    4.39463
  61.50000    4.39896
  62.00000    4.40077
  62.50000    4.40036
  63.00000    4.40126
  63.50000    4.40773
  64.00000    4.41583
  64.50000    4.41545
  65.00000    4.41562
  65.50000    4.42311
  66.00000    4.42874
  66.50000    4.42916
  67.00000    4.42698
  67.50000    4.43152
  68.00000    4.43268
  68.50000    4.43703
  69.00000    4.43604
  69.50000    4.44686
  70.00000    4.45106
  70.50000    4.45321
  71.00000    4.44839
  71.50000    4.44802
  72.00000    4.44297
  72.50000    4.44607
  73.00000    4.45268
  73.50000    4.45508
  74.00000    4.45828
  74.50000    4.46022
  75.00000    4.46190
  75.50000    4.46114
  76.00000    4.46946
  76.50000    4.46882
  77.00000    4.46869
  77.50000    4.46672
  78.00000    4.47219
  78.50000    4.47253
  79.00000    4.47604
  79.50000    4.47966
  80.00000    4.47959
  80.50000    4.47209
  81.00000    4.46985
  81.50000    4.47419
  82.00000    4.48103
  82.50000    4.48741
  83.00000    4.49060
  83.50000    4.48827
  84.00000    4.48637
  84.50000    4.48968
  85.00000    4.49131
  85.50000    4.48545
  86.00000    4.48721
  86.50000    4.48911
  87.00000    4.49100
  87.50000    4.48852
  88.00000    4.49479
  88.50000    4.50028
  89.00000    4.50230
  89.50000    4.49880
  90.00000    4.49880
  90.50000    4.49907
  91.00000    4.49923
  91.50000    4.49749
  92.00000    4.50089
  92.50000    4.50045
  93.00000    4.50248
  93.50000    4.50532
  94.00000    4.50523
  94.50000    4.50408
  95.00000    4.50298
  95.50000    4.50548
  96.00000    4.50726
  96.50000    4.50932
  97.00000    4.50509
  97.50000    4.50113
  98.00000    4.50625
  98.50000    4.51137
  99.00000    4.51102
  99.50000    4.50715
 100.00000    4.50680
 100.50000    4.50618
 101.00000    4.50417
 101.50000    4.50602
 102.00000    4.50770
 102.50000    4.51120
 103.00000    4.51126
 103.50000    4.50883
 104.00000    4.50894
 104.50000    4.51360
 105.00000    4.51638
 105.50000    4.51116
 106.00000    4.51410
 106.50000    4.51554
 107.00000    4.51242
 107.50000    4.50603
 108.00000    4.51014
 108.50000    4.51520
 109.00000    4.51475
 109.50000    4.51869
 110.00000    4.52194
 110.50000    4.52072
 111.00000    4.51702
 111.50000    4.51530
 112.00000    4.52026
 112.50000    4.52063
 113.00000    4.52116
 113.50000    4.51831
 114.00000    4.51922
 114.50000    4.51752
 115.00000    4.51879
 115.50000    4.52236
 116.00000    4.52397
 116.50000    4.51973
 117.00000    4.52269
 117.50000    4.52445
 118.00000    4.52565
 118.50000    4.52308
 119.00000    4.52842
 119.50000    4.53073
 120.00000    4.52653
 120.50000    4.52395
 121.00000    4.52467
 121.50000    4.53006
 122.00000    4.52976
 122.50000    4.53120
 123.00000    4.52938
 123.50000    4.52609
 124.00000    4.52634
 124.50000    4.52903
 125.00000    4.52986
 125.50000    4.52590
 126.00000    4.52512
 126.50000    4.52736
 127.00000    4.52822
 127.50000    4.52931
 128.00000    4.52838
 128.50000    4.53084
 129.00000    4.52987
 129.50000    4.52631
 130.00000    4.52773
 130.50000    4.53099
 131.00000    4.53116
 131.50000    4.52565
 132.00000    4.53165
 132.50000    4.53319
 133.00000    4.53323
 133.50000    4.52475
 134.00000    4.52245
 134.50000    4.52440
 135.00000    4.53060
 135.50000    4.53510
 136.00000    4.53386
 136.50000    4.53330
 137.00000    4.53007
 137.50000    4.53307
 138.00000    4.53283
 138.50000    4.53404
 139.00000    4.53396
 139.50000    4.53952
 140.00000    4.53922
 140.50000    4.53784
 141.00000    4.53560
 141.50000    4.53826
 142.00000    4.53918
 142.50000    4.53834
 143.00000    4.53662
 143.50000    4.53724
 144.00000    4.53977
 144.50000    4.53978
 145.00000    4.53987
 145.50000    4.53998
 146.00000    4.54131
 146.50000    4.54349
 147.00000    4.54474
 147.50000    4.54355
 148.00000    4.54071
 148.50000    4.54191
 149.00000    4.53951
 149.50000    4.53740
 150.00000    4.54640
