   0.00000    1.39741
   0.50000    2.73066
   1.00000    3.21141
   1.50000    3.36755
   2.00000    3.48922
   2.50000    3.47292
   3.00000    3.38487
   3.50000    3.33065
   4.00000    3.34499
   4.50000    3.37877
   5.00000    3.40188
   5.50000    3.42402
   6.00000    3.41842
   6.50000    3.42556
   7.00000    3.43804
   7.50000    3.45218
   8.00000    3.44342
   8.50000    3.44826
   9.00000    3.46358
   9.50000    3.47044
  10.00000    3.46252
  10.50000    3.45795
  11.00000    3.46540
  11.50000    3.48419
  12.00000    3.48756
  12.50000    3.49149
  13.00000    3.48672
  13.50000    3.48618
  14.00000    3.49075
  14.50000    3.50615
  15.00000    3.52068
  15.50000    3.52743
  16.00000    3.53031
  16.50000    3.53191
  17.00000    3.53342
  17.50000    3.53605
  18.00000    3.52675
  18.50000    3.52041
  19.00000    3.53931
  19.50000    3.55427
  20.00000    3.56578
  20.50000    3.56527
  21.00000    3.57811
  21.50000    3.58647
  22.00000    3.58637
  22.50000    3.59437
  23.00000    3.59825
  23.50000    3.65006
  24.00000    3.69458
  24.50000    3.71359
  25.00000    3.69773
  25.50000    3.71537
  26.00000    3.76941
  26.50000    3.82617
  27.00000    3.88165
  27.50000    3.93076
  28.00000    3.98541
  28.50000    4.05752
  29.00000    4.16246
  29.50000    4.26230
  30.00000    4.33215
  30.50000    4.36926
  31.00000    4.41118
  31.50000    4.43976
  32.00000    4.47747
  32.50000    4.48928
  33.00000    4.50846
  33.50000    4.50680
  34.00000    4.52446
  34.50000    4.51601
  35.00000    4.52879
  35.50000    4.55089
  36.00000    4.57862
  36.50000    4.56092
  37.00000    4.54855
  37.50000    4.53884
  38.00000    4.53916
  38.50000    4.53261
  39.00000    4.53810
  39.50000    4.54087
  40.00000    4.53789
  40.50000    4.53558
  41.00000    4.52824
  41.50000    4.52525
  42.00000    4.51999
  42.50000    4.52559
  43.00000    4.53469
  43.50000    4.55146
  44.00000    4.57242
  44.50000    4.58832
  45.00000    4.58185
  45.50000    4.58241
  46.00000    4.57779
  46.50000    4.57684
  47.00000    4.58106
  47.50000    4.59751
  48.00000    4.59004
  48.50000    4.57003
  49.00000    4.55914
  49.50000    4.56270
  50.00000    4.56500
  50.50000    4.56285
  51.00000    4.55610
  51.50000    4.54134
  52.00000    4.52754
  52.50000    4.52259
  53.00000    4.51636
  53.50000    4.52002
  54.00000    4.52349
  54.50000    4.52613
  55.00000    4.51901
  55.50000    4.52352
  56.00000    4.51877
  56.50000    4.51237
  57.00000    4.51616
  57.50000    4.52956
  58.00000    4.52182
  58.50000    4.52784
  59.00000    4.51493
  59.50000    4.50427
  60.00000    4.48807
  60.50000    4.50728
  61.00000    4.51029
  61.50000    4.51698
  62.00000    4.51400
  62.50000    4.50640
  63.00000    4.50497
  63.50000    4.50921
  64.00000    4.51645
  64.50000    4.53364
  65.00000    4.53282
  65.50000    4.52174
  66.00000    4.52020
  66.50000    4.52561
  67.00000    4.51562
  67.50000    4.49635
  68.00000    4.49727
  68.50000    4.49448
  69.00000    4.50376
  69.50000    4.49942
  70.00000    4.51516
  70.50000    4.52635
  71.00000    4.54021
  71.50000    4.53081
  72.00000    4.52405
  72.50000    4.52238
  73.00000    4.52588
  73.50000    4.53535
  74.00000    4.53587
  74.50000    4.54515
  75.00000    4.54340
  75.50000    4.54097
  76.00000    4.52991
  76.50000    4.53565
  77.00000    4.54893
  77.50000    4.54683
  78.00000    4.55057
  78.50000    4.55902
  79.00000    4.55137
  79.50000    4.53628
  80.00000    4.53656
  80.50000    4.54357
  81.00000    4.53823
  81.50000    4.54426
  82.00000    4.55037
  82.50000    4.55611
  83.00000    4.55051
  83.50000    4.56343
  84.00000    4.56738
  84.50000    4.57487
  85.00000    4.56055
  85.50000    4.57143
  86.00000    4.57132
  86.50000    4.58203
  87.00000    4.57529
  87.50000    4.57735
  88.00000    4.58021
  88.50000    4.57697
  89.00000    4.57653
  89.50000    4.58365
  90.00000    4.58190
  90.50000    4.57450
  91.00000    4.58119
  91.50000    4.59226
  92.00000    4.58976
  92.50000    4.58960
  93.00000    4.58208
  93.50000    4.56842
  94.00000    4.56522
  94.50000    4.58018
  95.00000    4.59418
  95.50000    4.58746
  96.00000    4.57923
  96.50000    4.58228
  97.00000    4.59621
  97.50000    4.58713
  98.00000    4.57149
  98.50000    4.57009
  99.00000    4.57637
  99.50000    4.58831
 100.00000    4.58367
 100.50000    4.57994
 101.00000    4.59018
 101.50000    4.60341
 102.00000    4.59785
 102.50000    4.57401
 103.00000    4.56531
 103.50000    4.58410
 104.00000    4.59361
 104.50000    4.59100
 105.00000    4.58793
 105.50000    4.58446
 106.00000    4.57297
 106.50000    4.57164
 107.00000    4.57188
 107.50000    4.57198
 108.00000    4.57772
 108.50000    4.58368
 109.00000    4.56911
 109.50000    4.57304
 110.00000    4.59065
 110.50000    4.60490
 111.00000    4.59807
 111.50000    4.58811
 112.00000    4.57460
 112.50000    4.56800
 113.00000    4.57431
 113.50000    4.57831
 114.00000    4.57699
 114.50000    4.56660
 115.00000    4.56837
 115.50000    4.56635
 116.00000    4.57312
 116.50000    4.56554
 117.00000    4.56444
 117.50000    4.56409
 118.00000    4.57696
 118.50000    4.56389
 119.00000    4.56023
 119.50000    4.55766
 120.00000    4.55716
 120.50000    4.55217
 121.00000    4.56210
 121.50000    4.57340
 122.00000    4.56827
 122.50000    4.56134
 123.00000    4.55583
 123.50000    4.54914
 124.00000    4.55755
 124.50000    4.55280
 125.00000    4.53729
 125.50000    4.52721
 126.00000    4.53718
 126.50000    4.53280
 127.00000    4.53044
 127.50000    4.54511
 128.00000    4.55244
 128.50000    4.53621
 129.00000    4.51631
 129.50000    4.51347
 130.00000    4.52383
 130.50000    4.53668
 131.00000    4.53814
 131.50000    4.53132
 132.00000    4.53351
 132.50000    4.52667
 133.00000    4.52375
 133.50000    4.50854
 134.00000    4.51714
 134.50000    4.51545
 135.00000    4.51100
 135.50000    4.49495
 136.00000    4.49553
 136.50000    4.50185
 137.00000    4.50443
 137.50000    4.51390
 138.00000    4.51025
 138.50000    4.50014
 139.00000    4.50812
 139.50000    4.51341
 140.00000    4.51554
 140.50000    4.49631
 141.00000    4.48597
 141.50000    4.47658
 142.00000    4.49304
 142.50000    4.49735
 143.00000    4.48533
 143.50000    4.48400
 144.00000    4.49341
 144.50000    4.50049
 145.00000    4.50043
 145.50000    4.49764
 146.00000    4.49958
 146.50000    4.49425
 147.00000    4.49302
 147.50000    4.49509
 148.00000    4.49586
 148.50000    4.50620
 149.00000    4.49747
 149.50000    4.48147
 150.00000    4.45135
