   0.00000    0.89441
   0.50000    1.21203
   1.00000    1.96824
   1.50000    2.72688
   2.00000    3.22690
   2.50000    3.34109
   3.00000    3.39144
   3.50000    3.44217
   4.00000    3.47592
   4.50000    3.50711
   5.00000    3.52833
   5.50000    3.55011
   6.00000    3.56807
   6.50000    3.58081
   7.00000    3.59034
   7.50000    3.60607
   8.00000    3.60897
   8.50000    3.61521
   9.00000    3.60898
   9.50000    3.62533
  10.00000    3.63651
  10.50000    3.64883
  11.00000    3.64769
  11.50000    3.65046
  12.00000    3.65430
  12.50000    3.65768
  13.00000    3.66552
  13.50000    3.66831
  14.00000    3.67009
  14.50000    3.66981
  15.00000    3.67822
  15.50000    3.68607
  16.00000    3.68387
  16.50000    3.68439
  17.00000    3.69019
  17.50000    3.70047
  18.00000    3.70517
  18.50000    3.70895
  19.00000    3.70889
  19.50000    3.71213
  20.00000    3.71682
  20.50000    3.71172
  21.00000    3.71128
  21.50000    3.72094
  22.00000    3.73847
  22.50000    3.74484
  23.00000    3.74199
  23.50000    3.73704
  24.00000    3.74392
  24.50000    3.75005
  25.00000    3.75445
  25.50000    3.75538
  26.00000    3.76961
  26.50000    3.77621
  27.00000    3.77629
  27.50000    3.76834
  28.00000    3.77687
  28.50000    3.79265
  29.00000    3.79095
  29.50000    3.78709
  30.00000    3.78675
  30.50000    3.80466
  31.00000    3.81639
  31.50000    3.82819
  32.00000    3.83241
  32.50000    3.83539
  33.00000    3.83861
  33.50000    3.84464
  34.00000    3.87512
  34.50000    3.90452
  35.00000    3.92934
  35.50000    3.94637
  36.00000    3.97579
  36.50000    3.99806
  37.00000    4.01262
  37.50000    4.01685
  38.00000    4.03316
  38.50000    4.05413
  39.00000    4.07532
  39.50000    4.09273
  40.00000    4.10567
  40.50000    4.11347
  41.00000    4.13355
  41.50000    4.16276
  42.00000    4.18341
  42.50000    4.20369
  43.00000    4.23170
  43.50000    4.26566
  44.00000    4.30787
  44.50000    4.35412
  45.00000    4.38572
  45.50000    4.40879
  46.00000    4.43259
  46.50000    4.45284
  47.00000    4.47553
  47.50000    4.49656
  48.00000    4.51378
  48.50000    4.52075
  49.00000    4.53488
  49.50000    4.53378
  50.00000    4.53477
  50.50000    4.53735
  51.00000    4.54554
  51.50000    4.54295
  52.00000    4.53972
  52.50000    4.54012
  53.00000    4.54638
  53.50000    4.55629
  54.00000    4.55490
  54.50000    4.55265
  55.00000    4.56033
  55.50000    4.56260
  56.00000    4.55622
  56.50000    4.56434
  57.00000    4.56921
  57.50000    4.56256
  58.00000    4.54810
  58.50000    4.55907
  59.00000    4.56101
  59.50000    4.55789
  60.00000    4.55906
  60.50000    4.56757
  61.00000    4.56973
  61.50000    4.56036
  62.00000    4.56320
  62.50000    4.57219
  63.00000    4.57985
  63.50000    4.57662
  64.00000    4.57229
  64.50000    4.57300
  65.00000    4.56991
  65.50000    4.56668
  66.00000    4.57497
  66.50000    4.58188
  67.00000    4.58299
  67.50000    4.57480
  68.00000    4.57984
  68.50000    4.57742
  69.00000    4.57609
  69.50000    4.56658
  70.00000    4.57210
  70.50000    4.58011
  71.00000    4.58405
  71.50000    4.57970
  72.00000    4.58011
  72.50000    4.59298
  73.00000    4.59531
  73.50000    4.58690
  74.00000    4.57774
  74.50000    4.57580
  75.00000    4.58092
  75.50000    4.58922
  76.00000    4.59114
  76.50000    4.58671
  77.00000    4.58639
  77.50000    4.59136
  78.00000    4.58816
  78.50000    4.59224
  79.00000    4.59052
  79.50000    4.58605
  80.00000    4.58072
  80.50000    4.58929
  81.00000    4.59108
  81.50000    4.59115
  82.00000    4.58447
  82.50000    4.58463
  83.00000    4.59044
  83.50000    4.59430
  84.00000    4.59064
  84.50000    4.59159
  85.00000    4.59005
  85.50000    4.59463
  86.00000    4.58556
  86.50000    4.58379
  87.00000    4.57369
  87.50000    4.58662
  88.00000    4.59356
  88.50000    4.59829
  89.00000    4.59486
  89.50000    4.58918
  90.00000    4.58529
  90.50000    4.58091
  91.00000    4.58629
  91.50000    4.58977
  92.00000    4.59267
  92.50000    4.59198
  93.00000    4.59323
  93.50000    4.58820
  94.00000    4.59174
  94.50000    4.59364
  95.00000    4.59561
  95.50000    4.58902
  96.00000    4.59001
  96.50000    4.59532
  97.00000    4.60007
  97.50000    4.60175
  98.00000    4.58887
  98.50000    4.58302
  99.00000    4.57713
  99.50000    4.58552
 100.00000    4.58890
 100.50000    4.59751
 101.00000    4.59502
 101.50000    4.60096
 102.00000    4.59858
 102.50000    4.60076
 103.00000    4.59186
 103.50000    4.59486
 104.00000    4.59662
 104.50000    4.60647
 105.00000    4.59907
 105.50000    4.59524
 106.00000    4.59424
 106.50000    4.60176
 107.00000    4.59597
 107.50000    4.59822
 108.00000    4.59895
 108.50000    4.60246
 109.00000    4.58976
 109.50000    4.58242
 110.00000    4.58555
 110.50000    4.59608
 111.00000    4.59742
 111.50000    4.59712
 112.00000    4.59459
 112.50000    4.59539
 113.00000    4.59260
 113.50000    4.59526
 114.00000    4.59116
 114.50000    4.59230
 115.00000    4.59868
 115.50000    4.60708
 116.00000    4.60378
 116.50000    4.59683
 117.00000    4.58845
 117.50000    4.59318
 118.00000    4.59692
 118.50000    4.60134
 119.00000    4.59555
 119.50000    4.59040
 120.00000    4.58838
 120.50000    4.59391
 121.00000    4.60314
 121.50000    4.59797
 122.00000    4.58930
 122.50000    4.58429
 123.00000    4.58458
 123.50000    4.58706
 124.00000    4.58728
 124.50000    4.59746
 125.00000    4.59822
 125.50000    4.59511
 126.00000    4.58912
 126.50000    4.59180
 127.00000    4.58884
 127.50000    4.58565
 128.00000    4.58021
 128.50000    4.58540
 129.00000    4.58668
 129.50000    4.58928
 130.00000    4.58832
 130.50000    4.59213
 131.00000    4.59333
 131.50000    4.59658
 132.00000    4.59024
 132.50000    4.58728
 133.00000    4.58470
 133.50000    4.59336
 134.00000    4.59494
 134.50000    4.59748
 135.00000    4.58985
 135.50000    4.58504
 136.00000    4.58841
 136.50000    4.58602
 137.00000    4.58789
 137.50000    4.58950
 138.00000    4.59195
 138.50000    4.59388
 139.00000    4.59846
 139.50000    4.59775
 140.00000    4.59538
 140.50000    4.59070
 141.00000    4.58270
 141.50000    4.58542
 142.00000    4.58870
 142.50000    4.59287
 143.00000    4.59394
 143.50000    4.59539
 144.00000    4.58706
 144.50000    4.58303
 145.00000    4.58657
 145.50000    4.58257
 146.00000    4.58459
 146.50000    4.58173
 147.00000    4.58174
 147.50000    4.58801
 148.00000    4.60062
 148.50000    4.59888
 149.00000    4.59180
 149.50000    4.59124
 150.00000    4.58422
