   0.00000    1.39817
   0.50000    2.93180
   1.00000    3.34942
   1.50000    3.36447
   2.00000    3.39546
   2.50000    3.29902
   3.00000    3.20131
   3.50000    3.18144
   4.00000    3.23707
   4.50000    3.28210
   5.00000    3.31531
   5.50000    3.35681
   6.00000    3.39811
   6.50000    3.46820
   7.00000    3.52074
   7.50000    3.54179
   8.00000    3.53826
   8.50000    3.54579
   9.00000    3.56311
   9.50000    3.58423
  10.00000    3.60616
  10.50000    3.61402
  11.00000    3.58022
  11.50000    3.55539
  12.00000    3.55848
  12.50000    3.58919
  13.00000    3.58510
  13.50000    3.58532
  14.00000    3.58199
  14.50000    3.57372
  15.00000    3.55857
  15.50000    3.54773
  16.00000    3.57079
  16.50000    3.57233
  17.00000    3.55871
  17.50000    3.54436
  18.00000    3.56850
  18.50000    3.55710
  19.00000    3.54691
  19.50000    3.53190
  20.00000    3.53102
  20.50000    3.53288
  21.00000    3.55764
  21.50000    3.55757
  22.00000    3.52171
  22.50000    3.51140
  23.00000    3.50337
  23.50000    3.49101
  24.00000    3.47657
  24.50000    3.46498
  25.00000    3.45909
  25.50000    3.44914
  26.00000    3.48149
  26.50000    3.50808
  27.00000    3.54924
  27.50000    3.59346
  28.00000    3.60040
  28.50000    3.59983
  29.00000    3.60485
  29.50000    3.61093
  30.00000    3.60245
  30.50000    3.60889
  31.00000    3.60148
  31.50000    3.58586
  32.00000    3.58893
  32.50000    3.60856
  33.00000    3.60840
  33.50000    3.60597
  34.00000    3.61294
  34.50000    3.63227
  35.00000    3.63524
  35.50000    3.62966
  36.00000    3.62097
  36.50000    3.63662
  37.00000    3.63480
  37.50000    3.64865
  38.00000    3.64119
  38.50000    3.64937
  39.00000    3.63356
  39.50000    3.63358
  40.00000    3.63136
  40.50000    3.64919
  41.00000    3.66378
  41.50000    3.66993
  42.00000    3.68174
  42.50000    3.70636
  43.00000    3.76462
  43.50000    3.77945
  44.00000    3.81230
  44.50000    3.81792
  45.00000    3.87148
  45.50000    3.90433
  46.00000    3.93103
  46.50000    3.93848
  47.00000    3.95539
  47.50000    3.96553
  48.00000    3.97101
  48.50000    4.07493
  49.00000    4.19826
  49.50000    4.29158
  50.00000    4.32257
  50.50000    4.38517
  51.00000    4.39894
  51.50000    4.40531
  52.00000    4.38557
  52.50000    4.37699
  53.00000    4.35065
  53.50000    4.34664
  54.00000    4.35988
  54.50000    4.39948
  55.00000    4.43242
  55.50000    4.43777
  56.00000    4.42694
  56.50000    4.43824
  57.00000    4.43733
  57.50000    4.44714
  58.00000    4.44600
  58.50000    4.45168
  59.00000    4.44313
  59.50000    4.42902
  60.00000    4.41618
  60.50000    4.41064
  61.00000    4.40849
  61.50000    4.40818
  62.00000    4.42487
  62.50000    4.43386
  63.00000    4.42549
  63.50000    4.41545
  64.00000    4.42619
  64.50000    4.43196
  65.00000    4.41461
  65.50000    4.41592
  66.00000    4.42284
  66.50000    4.41454
  67.00000    4.39214
  67.50000    4.40615
  68.00000    4.41022
  68.50000    4.41488
  69.00000    4.39357
  69.50000    4.38530
  70.00000    4.38097
  70.50000    4.38633
  71.00000    4.36004
  71.50000    4.36669
  72.00000    4.36538
  72.50000    4.35982
  73.00000    4.35409
  73.50000    4.36200
  74.00000    4.35827
  74.50000    4.33468
  75.00000    4.32625
  75.50000    4.31738
  76.00000    4.32150
  76.50000    4.33145
  77.00000    4.34623
  77.50000    4.34294
  78.00000    4.32057
  78.50000    4.31542
  79.00000    4.32005
  79.50000    4.32132
  80.00000    4.33800
  80.50000    4.36224
  81.00000    4.34772
  81.50000    4.32047
  82.00000    4.30264
  82.50000    4.30433
  83.00000    4.27585
  83.50000    4.26764
  84.00000    4.28339
  84.50000    4.30711
  85.00000    4.31271
  85.50000    4.29800
  86.00000    4.30168
  86.50000    4.30194
  87.00000    4.30004
  87.50000    4.28505
  88.00000    4.26693
  88.50000    4.26332
  89.00000    4.27290
  89.50000    4.28867
  90.00000    4.27618
  90.50000    4.25070
  91.00000    4.23880
  91.50000    4.24941
  92.00000    4.26950
  92.50000    4.26829
  93.00000    4.26473
  93.50000    4.25622
  94.00000    4.25964
  94.50000    4.24901
  95.00000    4.24313
  95.50000    4.23296
  96.00000    4.22094
  96.50000    4.21461
  97.00000    4.22123
  97.50000    4.21997
  98.00000    4.21938
  98.50000    4.22469
  99.00000    4.21817
  99.50000    4.21096
 100.00000    4.20465
 100.50000    4.19811
 101.00000    4.19624
 101.50000    4.20713
 102.00000    4.19358
 102.50000    4.18951
 103.00000    4.20043
 103.50000    4.22661
 104.00000    4.22175
 104.50000    4.22784
 105.00000    4.22156
 105.50000    4.20982
 106.00000    4.18877
 106.50000    4.18688
 107.00000    4.21086
 107.50000    4.22272
 108.00000    4.21281
 108.50000    4.19526
 109.00000    4.19042
 109.50000    4.18624
 110.00000    4.18449
 110.50000    4.20014
 111.00000    4.20418
 111.50000    4.19726
 112.00000    4.20639
 112.50000    4.19793
 113.00000    4.19102
 113.50000    4.19301
 114.00000    4.20891
 114.50000    4.20936
 115.00000    4.20630
 115.50000    4.19871
 116.00000    4.18334
 116.50000    4.19122
 117.00000    4.20643
 117.50000    4.19692
 118.00000    4.19807
 118.50000    4.20242
 119.00000    4.20563
 119.50000    4.19814
 120.00000    4.21232
 120.50000    4.21596
 121.00000    4.19968
 121.50000    4.19608
 122.00000    4.19693
 122.50000    4.19199
 123.00000    4.22105
 123.50000    4.23056
 124.00000    4.21940
 124.50000    4.21339
 125.00000    4.23048
 125.50000    4.21535
 126.00000    4.19522
 126.50000    4.20011
 127.00000    4.21258
 127.50000    4.23055
 128.00000    4.23912
 128.50000    4.22558
 129.00000    4.22863
 129.50000    4.21799
 130.00000    4.21327
 130.50000    4.20764
 131.00000    4.22718
 131.50000    4.23487
 132.00000    4.25116
 132.50000    4.26624
 133.00000    4.25251
 133.50000    4.23288
 134.00000    4.22407
 134.50000    4.23843
 135.00000    4.24516
 135.50000    4.23913
 136.00000    4.24902
 136.50000    4.24926
 137.00000    4.27205
 137.50000    4.28436
 138.00000    4.29481
 138.50000    4.26557
 139.00000    4.25338
 139.50000    4.26419
 140.00000    4.27774
 140.50000    4.27703
 141.00000    4.27069
 141.50000    4.27762
 142.00000    4.27495
 142.50000    4.26483
 143.00000    4.27543
 143.50000    4.28384
 144.00000    4.29498
 144.50000    4.28564
 145.00000    4.29381
 145.50000    4.27126
 146.00000    4.26538
 146.50000    4.25764
 147.00000    4.29273
 147.50000    4.30647
 148.00000    4.30699
 148.50000    4.28188
 149.00000    4.29642
 149.50000    4.31714
 150.00000    4.30582
