   0.00000    1.08656
   0.50000    2.06851
   1.00000    2.33632
   1.50000    2.42145
   2.00000    2.62637
   2.50000    2.74727
   3.00000    2.89057
   3.50000    3.02012
   4.00000    3.14901
   4.50000    3.22631
   5.00000    3.29005
   5.50000    3.35507
   6.00000    3.46026
   6.50000    3.57007
   7.00000    3.62110
   7.50000    3.62062
   8.00000    3.62129
   8.50000    3.62358
   9.00000    3.62703
   9.50000    3.62819
  10.00000    3.64008
  10.50000    3.63721
  11.00000    3.61587
  11.50000    3.61604
  12.00000    3.63138
  12.50000    3.63973
  13.00000    3.61809
  13.50000    3.62744
  14.00000    3.64266
  14.50000    3.66244
  15.00000    3.65101
  15.50000    3.63763
  16.00000    3.62390
  16.50000    3.62974
  17.00000    3.64005
  17.50000    3.64811
  18.00000    3.67492
  18.50000    3.67549
  19.00000    3.68267
  19.50000    3.65347
  20.00000    3.65451
  20.50000    3.66435
  21.00000    3.69283
  21.50000    3.71259
  22.00000    3.71813
  22.50000    3.71631
  23.00000    3.69394
  23.50000    3.68805
  24.00000    3.66462
  24.50000    3.64731
  25.00000    3.65653
  25.50000    3.68449
  26.00000    3.71659
  26.50000    3.73535
  27.00000    3.75086
  27.50000    3.79048
  28.00000    3.82400
  28.50000    3.84542
  29.00000    3.82864
  29.50000    3.83496
  30.00000    3.84104
  30.50000    3.84654
  31.00000    3.84247
  31.50000    3.83616
  32.00000    3.84144
  32.50000    3.81215
  33.00000    3.82037
  33.50000    3.81654
  34.00000    3.80611
  34.50000    3.76715
  35.00000    3.74887
  35.50000    3.71458
  36.00000    3.67632
  36.50000    3.67387
  37.00000    3.68369
  37.50000    3.69194
  38.00000    3.68788
  38.50000    3.69175
  39.00000    3.70038
  39.50000    3.71380
  40.00000    3.70196
  40.50000    3.70214
  41.00000    3.72782
  41.50000    3.75652
  42.00000    3.77247
  42.50000    3.78145
  43.00000    3.81813
  43.50000    3.85135
  44.00000    3.88565
  44.50000    3.90860
  45.00000    3.94707
  45.50000    3.98856
  46.00000    3.99778
  46.50000    3.99524
  47.00000    3.99641
  47.50000    4.02340
  48.00000    4.04717
  48.50000    4.11291
  49.00000    4.18890
  49.50000    4.26966
  50.00000    4.29102
  50.50000    4.31958
  51.00000    4.31262
  51.50000    4.33555
  52.00000    4.33146
  52.50000    4.32866
  53.00000    4.31927
  53.50000    4.33764
  54.00000    4.35446
  54.50000    4.37373
  55.00000    4.40906
  55.50000    4.43277
  56.00000    4.44700
  56.50000    4.46047
  57.00000    4.45890
  57.50000    4.44443
  58.00000    4.43879
  58.50000    4.44797
  59.00000    4.46386
  59.50000    4.45521
  60.00000    4.45301
  60.50000    4.45024
  61.00000    4.46555
  61.50000    4.45791
  62.00000    4.45809
  62.50000    4.46964
  63.00000    4.46435
  63.50000    4.45714
  64.00000    4.46020
  64.50000    4.47336
  65.00000    4.46772
  65.50000    4.47944
  66.00000    4.48423
  66.50000    4.48012
  67.00000    4.46426
  67.50000    4.46928
  68.00000    4.46538
  68.50000    4.46722
  69.00000    4.46204
  69.50000    4.46092
  70.00000    4.46750
  70.50000    4.47232
  71.00000    4.47856
  71.50000    4.47522
  72.00000    4.47822
  72.50000    4.48242
  73.00000    4.48399
  73.50000    4.48407
  74.00000    4.49753
  74.50000    4.50806
  75.00000    4.49239
  75.50000    4.46953
  76.00000    4.47130
  76.50000    4.49988
  77.00000    4.51092
  77.50000    4.51382
  78.00000    4.50082
  78.50000    4.50206
  79.00000    4.49842
  79.50000    4.49469
  80.00000    4.50616
  80.50000    4.51026
  81.00000    4.51275
  81.50000    4.50025
  82.00000    4.49873
  82.50000    4.48823
  83.00000    4.47752
  83.50000    4.48223
  84.00000    4.49957
  84.50000    4.52010
  85.00000    4.51096
  85.50000    4.48962
  86.00000    4.48061
  86.50000    4.49421
  87.00000    4.50644
  87.50000    4.50684
  88.00000    4.49942
  88.50000    4.49944
  89.00000    4.49362
  89.50000    4.49418
  90.00000    4.49243
  90.50000    4.49784
  91.00000    4.49631
  91.50000    4.51282
  92.00000    4.51997
  92.50000    4.52604
  93.00000    4.53073
  93.50000    4.52955
  94.00000    4.51576
  94.50000    4.52029
  95.00000    4.51167
  95.50000    4.49380
  96.00000    4.48769
  96.50000    4.51487
  97.00000    4.52223
  97.50000    4.51399
  98.00000    4.51685
  98.50000    4.53029
  99.00000    4.50479
  99.50000    4.49637
 100.00000    4.50743
 100.50000    4.52495
 101.00000    4.51995
 101.50000    4.53238
 102.00000    4.52920
 102.50000    4.52060
 103.00000    4.52497
 103.50000    4.54030
 104.00000    4.53837
 104.50000    4.53688
 105.00000    4.52320
 105.50000    4.52079
 106.00000    4.52124
 106.50000    4.52916
 107.00000    4.52512
 107.50000    4.53034
 108.00000    4.55744
 108.50000    4.56720
 109.00000    4.55658
 109.50000    4.54142
 110.00000    4.54956
 110.50000    4.53796
 111.00000    4.54087
 111.50000    4.54558
 112.00000    4.56592
 112.50000    4.55511
 113.00000    4.54166
 113.50000    4.53514
 114.00000    4.54553
 114.50000    4.53975
 115.00000    4.52896
 115.50000    4.53910
 116.00000    4.55283
 116.50000    4.56431
 117.00000    4.55795
 117.50000    4.55650
 118.00000    4.55328
 118.50000    4.56121
 119.00000    4.57118
 119.50000    4.58590
 120.00000    4.56647
 120.50000    4.54427
 121.00000    4.54365
 121.50000    4.56513
 122.00000    4.56754
 122.50000    4.57010
 123.00000    4.58098
 123.50000    4.59150
 124.00000    4.59489
 124.50000    4.58782
 125.00000    4.58764
 125.50000    4.57654
 126.00000    4.57506
 126.50000    4.57125
 127.00000    4.57001
 127.50000    4.58491
 128.00000    4.60554
 128.50000    4.60357
 129.00000    4.59458
 129.50000    4.59822
 130.00000    4.60042
 130.50000    4.59541
 131.00000    4.60357
 131.50000    4.59052
 132.00000    4.61130
 132.50000    4.61365
 133.00000    4.61529
 133.50000    4.60023
 134.00000    4.61493
 134.50000    4.61504
 135.00000    4.60083
 135.50000    4.58856
 136.00000    4.59061
 136.50000    4.59585
 137.00000    4.59960
 137.50000    4.60725
 138.00000    4.62423
 138.50000    4.62972
 139.00000    4.62919
 139.50000    4.62191
 140.00000    4.61435
 140.50000    4.62117
 141.00000    4.61019
 141.50000    4.62150
 142.00000    4.62309
 142.50000    4.62909
 143.00000    4.62016
 143.50000    4.62040
 144.00000    4.61179
 144.50000    4.60934
 145.00000    4.60927
 145.50000    4.59003
 146.00000    4.59533
 146.50000    4.58938
 147.00000    4.58438
 147.50000    4.58651
 148.00000    4.61042
 148.50000    4.60541
 149.00000    4.60004
 149.50000    4.60141
 150.00000    4.61218
