   0.00000    1.64445
   0.50000    3.11178
   1.00000    3.31568
   1.50000    3.17798
   2.00000    3.19315
   2.50000    3.20154
   3.00000    3.17400
   3.50000    3.17506
   4.00000    3.22016
   4.50000    3.27144
   5.00000    3.31663
   5.50000    3.36802
   6.00000    3.42973
   6.50000    3.49370
   7.00000    3.54516
   7.50000    3.56161
   8.00000    3.56372
   8.50000    3.55712
   9.00000    3.56427
   9.50000    3.56686
  10.00000    3.56445
  10.50000    3.55806
  11.00000    3.57161
  11.50000    3.59495
  12.00000    3.59813
  12.50000    3.58875
  13.00000    3.58164
  13.50000    3.58535
  14.00000    3.58631
  14.50000    3.57786
  15.00000    3.58505
  15.50000    3.60033
  16.00000    3.60269
  16.50000    3.59752
  17.00000    3.59901
  17.50000    3.60026
  18.00000    3.60081
  18.50000    3.60154
  19.00000    3.59756
  19.50000    3.59246
  20.00000    3.59399
  20.50000    3.59711
  21.00000    3.59238
  21.50000    3.59689
  22.00000    3.59173
  22.50000    3.58985
  23.00000    3.58264
  23.50000    3.58142
  24.00000    3.57981
  24.50000    3.58450
  25.00000    3.58603
  25.50000    3.58690
  26.00000    3.58366
  26.50000    3.58459
  27.00000    3.58502
  27.50000    3.59315
  28.00000    3.58846
  28.50000    3.57770
  29.00000    3.57716
  29.50000    3.58012
  30.00000    3.57759
  30.50000    3.57028
  31.00000    3.58677
  31.50000    3.60747
  32.00000    3.62002
  32.50000    3.62018
  33.00000    3.61570
  33.50000    3.61775
  34.00000    3.62636
  34.50000    3.63594
  35.00000    3.63353
  35.50000    3.62631
  36.00000    3.62066
  36.50000    3.61601
  37.00000    3.61563
  37.50000    3.62941
  38.00000    3.63601
  38.50000    3.64107
  39.00000    3.63938
  39.50000    3.67414
  40.00000    3.69851
  40.50000    3.72474
  41.00000    3.73126
  41.50000    3.75534
  42.00000    3.78290
  42.50000    3.80406
  43.00000    3.81809
  43.50000    3.83811
  44.00000    3.87100
  44.50000    3.90232
  45.00000    3.93648
  45.50000    3.96521
  46.00000    3.99184
  46.50000    4.01584
  47.00000    4.04225
  47.50000    4.06102
  48.00000    4.07755
  48.50000    4.11446
  49.00000    4.17884
  49.50000    4.24666
  50.00000    4.28068
  50.50000    4.29809
  51.00000    4.31303
  51.50000    4.32525
  52.00000    4.33162
  52.50000    4.33431
  53.00000    4.34281
  53.50000    4.34861
  54.00000    4.36134
  54.50000    4.37218
  55.00000    4.39936
  55.50000    4.41397
  56.00000    4.42781
  56.50000    4.42180
  57.00000    4.42164
  57.50000    4.41869
  58.00000    4.41924
  58.50000    4.42422
  59.00000    4.43609
  59.50000    4.44419
  60.00000    4.43998
  60.50000    4.43070
  61.00000    4.43002
  61.50000    4.42920
  62.00000    4.43773
  62.50000    4.43786
  63.00000    4.44407
  63.50000    4.44361
  64.00000    4.44516
  64.50000    4.44096
  65.00000    4.44341
  65.50000    4.44486
  66.00000    4.44619
  66.50000    4.44906
  67.00000    4.45861
  67.50000    4.45257
  68.00000    4.44814
  68.50000    4.44498
  69.00000    4.45773
  69.50000    4.46197
  70.00000    4.46274
  70.50000    4.45394
  71.00000    4.45141
  71.50000    4.45604
  72.00000    4.45937
  72.50000    4.45439
  73.00000    4.44705
  73.50000    4.45027
  74.00000    4.45360
  74.50000    4.44274
  75.00000    4.43789
  75.50000    4.44124
  76.00000    4.44867
  76.50000    4.45290
  77.00000    4.45158
  77.50000    4.44310
  78.00000    4.44409
  78.50000    4.45850
  79.00000    4.45705
  79.50000    4.45123
  80.00000    4.44706
  80.50000    4.45187
  81.00000    4.44873
  81.50000    4.45447
  82.00000    4.45826
  82.50000    4.45968
  83.00000    4.45243
  83.50000    4.44367
  84.00000    4.44520
  84.50000    4.44959
  85.00000    4.44837
  85.50000    4.44310
  86.00000    4.44609
  86.50000    4.44319
  87.00000    4.43375
  87.50000    4.43098
  88.00000    4.43815
  88.50000    4.44444
  89.00000    4.44218
  89.50000    4.44383
  90.00000    4.44278
  90.50000    4.43987
  91.00000    4.43416
  91.50000    4.43600
  92.00000    4.44047
  92.50000    4.44770
  93.00000    4.44810
  93.50000    4.43482
  94.00000    4.43070
  94.50000    4.42657
  95.00000    4.43077
  95.50000    4.43168
  96.00000    4.44643
  96.50000    4.44334
  97.00000    4.44774
  97.50000    4.44389
  98.00000    4.44230
  98.50000    4.43382
  99.00000    4.43715
  99.50000    4.44548
 100.00000    4.44448
 100.50000    4.44097
 101.00000    4.43447
 101.50000    4.44662
 102.00000    4.43800
 102.50000    4.43539
 103.00000    4.43446
 103.50000    4.44715
 104.00000    4.44542
 104.50000    4.44657
 105.00000    4.44911
 105.50000    4.44195
 106.00000    4.43652
 106.50000    4.44180
 107.00000    4.44953
 107.50000    4.44509
 108.00000    4.43976
 108.50000    4.43798
 109.00000    4.44657
 109.50000    4.45445
 110.00000    4.45217
 110.50000    4.43884
 111.00000    4.43724
 111.50000    4.44450
 112.00000    4.45820
 112.50000    4.45550
 113.00000    4.45563
 113.50000    4.45246
 114.00000    4.45816
 114.50000    4.45308
 115.00000    4.45168
 115.50000    4.45503
 116.00000    4.45517
 116.50000    4.46187
 117.00000    4.46847
 117.50000    4.47637
 118.00000    4.47075
 118.50000    4.46831
 119.00000    4.47268
 119.50000    4.47862
 120.00000    4.48152
 120.50000    4.47338
 121.00000    4.47200
 121.50000    4.47133
 122.00000    4.47306
 122.50000    4.47348
 123.00000    4.47853
 123.50000    4.48371
 124.00000    4.48603
 124.50000    4.48527
 125.00000    4.49324
 125.50000    4.48669
 126.00000    4.48612
 126.50000    4.49413
 127.00000    4.50665
 127.50000    4.50707
 128.00000    4.50611
 128.50000    4.50691
 129.00000    4.49957
 129.50000    4.50347
 130.00000    4.50684
 130.50000    4.51230
 131.00000    4.52017
 131.50000    4.51478
 132.00000    4.50771
 132.50000    4.50830
 133.00000    4.51859
 133.50000    4.51695
 134.00000    4.52147
 134.50000    4.52345
 135.00000    4.52175
 135.50000    4.52148
 136.00000    4.53045
 136.50000    4.53544
 137.00000    4.54055
 137.50000    4.54071
 138.00000    4.55028
 138.50000    4.55124
 139.00000    4.55403
 139.50000    4.54831
 140.00000    4.55170
 140.50000    4.54660
 141.00000    4.54421
 141.50000    4.54804
 142.00000    4.54908
 142.50000    4.55837
 143.00000    4.55022
 143.50000    4.55470
 144.00000    4.55361
 144.50000    4.56547
 145.00000    4.55727
 145.50000    4.55876
 146.00000    4.56354
 146.50000    4.57002
 147.00000    4.56946
 147.50000    4.57340
 148.00000    4.57643
 148.50000    4.57527
 149.00000    4.57047
 149.50000    4.57072
 150.00000    4.57079
