   0.00000    1.50092
   0.50000    2.54153
   1.00000    3.00402
   1.50000    3.11258
   2.00000    3.10899
   2.50000    3.12676
   3.00000    3.12463
   3.50000    3.12693
   4.00000    3.17663
   4.50000    3.20610
   5.00000    3.22714
   5.50000    3.25949
   6.00000    3.28152
   6.50000    3.29982
   7.00000    3.33174
   7.50000    3.36343
   8.00000    3.36335
   8.50000    3.35734
   9.00000    3.37491
   9.50000    3.40672
  10.00000    3.41642
  10.50000    3.40710
  11.00000    3.40980
  11.50000    3.43834
  12.00000    3.47031
  12.50000    3.48895
  13.00000    3.49309
  13.50000    3.49607
  14.00000    3.50227
  14.50000    3.51963
  15.00000    3.53076
  15.50000    3.56060
  16.00000    3.57193
  16.50000    3.59347
  17.00000    3.60031
  17.50000    3.62244
  18.00000    3.63868
  18.50000    3.65723
  19.00000    3.68165
  19.50000    3.70044
  20.00000    3.72212
  20.50000    3.75751
  21.00000    3.76073
  21.50000    3.75966
  22.00000    3.77609
  22.50000    3.86994
  23.00000    3.93793
  23.50000    4.00153
  24.00000    4.07572
  24.50000    4.14013
  25.00000    4.18906
  25.50000    4.24079
  26.00000    4.33247
  26.50000    4.39153
  27.00000    4.41395
  27.50000    4.42579
  28.00000    4.44358
  28.50000    4.46653
  29.00000    4.46076
  29.50000    4.48206
  30.00000    4.48738
  30.50000    4.48241
  31.00000    4.48038
  31.50000    4.51194
  32.00000    4.52852
  32.50000    4.51403
  33.00000    4.50894
  33.50000    4.50981
  34.00000    4.51794
  34.50000    4.51805
  35.00000    4.51136
  35.50000    4.51734
  36.00000    4.50206
  36.50000    4.49911
  37.00000    4.49384
  37.50000    4.50709
  38.00000    4.49613
  38.50000    4.48717
  39.00000    4.49544
  39.50000    4.49677
  40.00000    4.50393
  40.50000    4.50316
  41.00000    4.51261
  41.50000    4.51594
  42.00000    4.51819
  42.50000    4.52739
  43.00000    4.54108
  43.50000    4.56429
  44.00000    4.57817
  44.50000    4.57823
  45.00000    4.55083
  45.50000    4.53153
  46.00000    4.51849
  46.50000    4.51946
  47.00000    4.51219
  47.50000    4.51807
  48.00000    4.50702
  48.50000    4.48764
  49.00000    4.46329
  49.50000    4.46289
  50.00000    4.48352
  50.50000    4.47866
  51.00000    4.45735
  51.50000    4.43571
  52.00000    4.43380
  52.50000    4.42737
  53.00000    4.41922
  53.50000    4.42839
  54.00000    4.43381
  54.50000    4.43402
  55.00000    4.42371
  55.50000    4.41445
  56.00000    4.41527
  56.50000    4.41962
  57.00000    4.43514
  57.50000    4.44137
  58.00000    4.43293
  58.50000    4.42999
  59.00000    4.41963
  59.50000    4.42729
  60.00000    4.41680
  60.50000    4.43265
  61.00000    4.43453
  61.50000    4.43484
  62.00000    4.41338
  62.50000    4.41502
  63.00000    4.41830
  63.50000    4.41174
  64.00000    4.39743
  64.50000    4.41793
  65.00000    4.43259
  65.50000    4.44121
  66.00000    4.43818
  66.50000    4.42563
  67.00000    4.39706
  67.50000    4.39761
  68.00000    4.42382
  68.50000    4.42814
  69.00000    4.41892
  69.50000    4.40963
  70.00000    4.40958
  70.50000    4.41224
  71.00000    4.41508
  71.50000    4.41092
  72.00000    4.41587
  72.50000    4.42033
  73.00000    4.41979
  73.50000    4.42406
  74.00000    4.42254
  74.50000    4.42094
  75.00000    4.41240
  75.50000    4.41689
  76.00000    4.41874
  76.50000    4.43067
  77.00000    4.42501
  77.50000    4.41891
  78.00000    4.42136
  78.50000    4.42053
  79.00000    4.41352
  79.50000    4.41482
  80.00000    4.43087
  80.50000    4.43326
  81.00000    4.43308
  81.50000    4.42290
  82.00000    4.41804
  82.50000    4.40840
  83.00000    4.40703
  83.50000    4.42057
  84.00000    4.42520
  84.50000    4.43131
  85.00000    4.41825
  85.50000    4.42444
  86.00000    4.42375
  86.50000    4.42792
  87.00000    4.42617
  87.50000    4.42198
  88.00000    4.42170
  88.50000    4.42403
  89.00000    4.43923
  89.50000    4.43969
  90.00000    4.42282
  90.50000    4.41118
  91.00000    4.41051
  91.50000    4.41675
  92.00000    4.40172
  92.50000    4.40158
  93.00000    4.40720
  93.50000    4.41680
  94.00000    4.41225
  94.50000    4.41232
  95.00000    4.42265
  95.50000    4.42121
  96.00000    4.40866
  96.50000    4.40633
  97.00000    4.42127
  97.50000    4.42428
  98.00000    4.40688
  98.50000    4.40820
  99.00000    4.40270
  99.50000    4.41261
 100.00000    4.40910
 100.50000    4.41801
 101.00000    4.40442
 101.50000    4.40719
 102.00000    4.39668
 102.50000    4.39336
 103.00000    4.38640
 103.50000    4.38917
 104.00000    4.39005
 104.50000    4.39491
 105.00000    4.40875
 105.50000    4.41563
 106.00000    4.41931
 106.50000    4.40880
 107.00000    4.39412
 107.50000    4.37406
 108.00000    4.38202
 108.50000    4.37932
 109.00000    4.37623
 109.50000    4.37020
 110.00000    4.38352
 110.50000    4.38119
 111.00000    4.37526
 111.50000    4.37054
 112.00000    4.37742
 112.50000    4.39434
 113.00000    4.39293
 113.50000    4.37409
 114.00000    4.36495
 114.50000    4.36373
 115.00000    4.35746
 115.50000    4.36219
 116.00000    4.37264
 116.50000    4.37579
 117.00000    4.35139
 117.50000    4.33920
 118.00000    4.34666
 118.50000    4.35244
 119.00000    4.34169
 119.50000    4.33028
 120.00000    4.34730
 120.50000    4.34960
 121.00000    4.35039
 121.50000    4.33973
 122.00000    4.34273
 122.50000    4.34178
 123.00000    4.34110
 123.50000    4.33085
 124.00000    4.34561
 124.50000    4.36366
 125.00000    4.35692
 125.50000    4.33998
 126.00000    4.32928
 126.50000    4.32424
 127.00000    4.31325
 127.50000    4.32160
 128.00000    4.31668
 128.50000    4.30813
 129.00000    4.30263
 129.50000    4.31199
 130.00000    4.30785
 130.50000    4.31379
 131.00000    4.32513
 131.50000    4.32093
 132.00000    4.31398
 132.50000    4.31544
 133.00000    4.32214
 133.50000    4.29731
 134.00000    4.29887
 134.50000    4.30528
 135.00000    4.30737
 135.50000    4.28135
 136.00000    4.28374
 136.50000    4.28666
 137.00000    4.29874
 137.50000    4.29794
 138.00000    4.30258
 138.50000    4.29191
 139.00000    4.29439
 139.50000    4.29256
 140.00000    4.29397
 140.50000    4.28325
 141.00000    4.27109
 141.50000    4.26222
 142.00000    4.27889
 142.50000    4.28975
 143.00000    4.27905
 143.50000    4.25641
 144.00000    4.26331
 144.50000    4.28551
 145.00000    4.28613
 145.50000    4.27909
 146.00000    4.28208
 146.50000    4.29184
 147.00000    4.28384
 147.50000    4.27364
 148.00000    4.27033
 148.50000    4.27162
 149.00000    4.27746
 149.50000    4.27406
 150.00000    4.24530
