   0.00000    1.29886
   0.50000    1.96157
   1.00000    2.18241
   1.50000    2.30729
   2.00000    2.50370
   2.50000    2.67157
   3.00000    2.85118
   3.50000    3.02423
   4.00000    3.17511
   4.50000    3.25719
   5.00000    3.32893
   5.50000    3.39194
   6.00000    3.48791
   6.50000    3.56217
   7.00000    3.61614
   7.50000    3.63034
   8.00000    3.63970
   8.50000    3.63287
   9.00000    3.63795
   9.50000    3.63670
  10.00000    3.63551
  10.50000    3.63779
  11.00000    3.63602
  11.50000    3.64680
  12.00000    3.66127
  12.50000    3.66449
  13.00000    3.65002
  13.50000    3.65653
  14.00000    3.66405
  14.50000    3.67114
  15.00000    3.67737
  15.50000    3.68274
  16.00000    3.67767
  16.50000    3.66852
  17.00000    3.67847
  17.50000    3.67877
  18.00000    3.69609
  18.50000    3.69765
  19.00000    3.71158
  19.50000    3.68936
  20.00000    3.69351
  20.50000    3.70345
  21.00000    3.71375
  21.50000    3.73294
  22.00000    3.74461
  22.50000    3.74411
  23.00000    3.72370
  23.50000    3.73285
  24.00000    3.72336
  24.50000    3.72076
  25.00000    3.73543
  25.50000    3.75431
  26.00000    3.76139
  26.50000    3.75749
  27.00000    3.74793
  27.50000    3.76119
  28.00000    3.79465
  28.50000    3.82421
  29.00000    3.81100
  29.50000    3.79526
  30.00000    3.79839
  30.50000    3.79638
  31.00000    3.80663
  31.50000    3.79387
  32.00000    3.80440
  32.50000    3.78297
  33.00000    3.78291
  33.50000    3.75800
  34.00000    3.74720
  34.50000    3.73630
  35.00000    3.72681
  35.50000    3.70412
  36.00000    3.69260
  36.50000    3.71313
  37.00000    3.73398
  37.50000    3.74271
  38.00000    3.74954
  38.50000    3.76128
  39.00000    3.77535
  39.50000    3.80227
  40.00000    3.81391
  40.50000    3.82468
  41.00000    3.83057
  41.50000    3.84897
  42.00000    3.86585
  42.50000    3.88239
  43.00000    3.92087
  43.50000    3.97888
  44.00000    4.02082
  44.50000    4.04312
  45.00000    4.06628
  45.50000    4.11621
  46.00000    4.13598
  46.50000    4.14261
  47.00000    4.14303
  47.50000    4.17374
  48.00000    4.20611
  48.50000    4.25732
  49.00000    4.30365
  49.50000    4.36978
  50.00000    4.39985
  50.50000    4.42171
  51.00000    4.39848
  51.50000    4.40660
  52.00000    4.40772
  52.50000    4.40676
  53.00000    4.39647
  53.50000    4.40457
  54.00000    4.41585
  54.50000    4.41489
  55.00000    4.43334
  55.50000    4.45034
  56.00000    4.46285
  56.50000    4.46401
  57.00000    4.46917
  57.50000    4.45833
  58.00000    4.45163
  58.50000    4.45354
  59.00000    4.46793
  59.50000    4.45444
  60.00000    4.44929
  60.50000    4.45716
  61.00000    4.47056
  61.50000    4.45431
  62.00000    4.44020
  62.50000    4.45719
  63.00000    4.45724
  63.50000    4.45511
  64.00000    4.45242
  64.50000    4.47059
  65.00000    4.46508
  65.50000    4.47980
  66.00000    4.47909
  66.50000    4.47846
  67.00000    4.46569
  67.50000    4.46356
  68.00000    4.45834
  68.50000    4.46298
  69.00000    4.46613
  69.50000    4.46187
  70.00000    4.46738
  70.50000    4.47520
  71.00000    4.48612
  71.50000    4.49090
  72.00000    4.49611
  72.50000    4.48795
  73.00000    4.48862
  73.50000    4.49383
  74.00000    4.50914
  74.50000    4.50895
  75.00000    4.50634
  75.50000    4.49409
  76.00000    4.51393
  76.50000    4.53294
  77.00000    4.53696
  77.50000    4.52876
  78.00000    4.52629
  78.50000    4.53043
  79.00000    4.53465
  79.50000    4.52788
  80.00000    4.53042
  80.50000    4.52315
  81.00000    4.53214
  81.50000    4.53483
  82.00000    4.54587
  82.50000    4.53239
  83.00000    4.52053
  83.50000    4.52609
  84.00000    4.54176
  84.50000    4.56021
  85.00000    4.57261
  85.50000    4.56052
  86.00000    4.55972
  86.50000    4.56809
  87.00000    4.58248
  87.50000    4.57795
  88.00000    4.57196
  88.50000    4.57270
  89.00000    4.57662
  89.50000    4.58214
  90.00000    4.58418
  90.50000    4.58085
  91.00000    4.57045
  91.50000    4.57833
  92.00000    4.60498
  92.50000    4.62809
  93.00000    4.63276
  93.50000    4.62544
  94.00000    4.61437
  94.50000    4.60625
  95.00000    4.61103
  95.50000    4.61500
  96.00000    4.62780
  96.50000    4.63633
  97.00000    4.63370
  97.50000    4.62632
  98.00000    4.62149
  98.50000    4.63591
  99.00000    4.61920
  99.50000    4.62806
 100.00000    4.63729
 100.50000    4.65154
 101.00000    4.64901
 101.50000    4.66807
 102.00000    4.67333
 102.50000    4.66431
 103.00000    4.65811
 103.50000    4.66331
 104.00000    4.67476
 104.50000    4.68160
 105.00000    4.66442
 105.50000    4.66163
 106.00000    4.66606
 106.50000    4.67553
 107.00000    4.66544
 107.50000    4.68109
 108.00000    4.70383
 108.50000    4.71494
 109.00000    4.70032
 109.50000    4.68626
 110.00000    4.70265
 110.50000    4.69198
 111.00000    4.69307
 111.50000    4.70661
 112.00000    4.73681
 112.50000    4.72900
 113.00000    4.70439
 113.50000    4.69986
 114.00000    4.70683
 114.50000    4.70704
 115.00000    4.69795
 115.50000    4.71191
 116.00000    4.72543
 116.50000    4.72419
 117.00000    4.71235
 117.50000    4.71381
 118.00000    4.71980
 118.50000    4.72853
 119.00000    4.74699
 119.50000    4.76460
 120.00000    4.74138
 120.50000    4.71925
 121.00000    4.72734
 121.50000    4.74630
 122.00000    4.73489
 122.50000    4.72978
 123.00000    4.74190
 123.50000    4.76582
 124.00000    4.77773
 124.50000    4.76463
 125.00000    4.76349
 125.50000    4.75481
 126.00000    4.75699
 126.50000    4.74490
 127.00000    4.75731
 127.50000    4.76959
 128.00000    4.78727
 128.50000    4.78141
 129.00000    4.77638
 129.50000    4.76832
 130.00000    4.76863
 130.50000    4.77106
 131.00000    4.78808
 131.50000    4.77555
 132.00000    4.79270
 132.50000    4.80012
 133.00000    4.79455
 133.50000    4.78393
 134.00000    4.79374
 134.50000    4.79603
 135.00000    4.77920
 135.50000    4.77147
 136.00000    4.77372
 136.50000    4.76521
 137.00000    4.78403
 137.50000    4.79745
 138.00000    4.81791
 138.50000    4.80845
 139.00000    4.80614
 139.50000    4.79671
 140.00000    4.79022
 140.50000    4.79254
 141.00000    4.77817
 141.50000    4.79287
 142.00000    4.80926
 142.50000    4.81532
 143.00000    4.80062
 143.50000    4.78136
 144.00000    4.77251
 144.50000    4.77698
 145.00000    4.79049
 145.50000    4.76011
 146.00000    4.75526
 146.50000    4.75844
 147.00000    4.77229
 147.50000    4.76983
 148.00000    4.76848
 148.50000    4.76216
 149.00000    4.75605
 149.50000    4.75921
 150.00000    4.78123
