   0.00000    1.83064
   0.50000    2.50367
   1.00000    2.83934
   1.50000    2.99559
   2.00000    3.10720
   2.50000    3.17058
   3.00000    3.22705
   3.50000    3.29725
   4.00000    3.37638
   4.50000    3.42577
   5.00000    3.44498
   5.50000    3.46221
   6.00000    3.47401
   6.50000    3.48539
   7.00000    3.49432
   7.50000    3.50864
   8.00000    3.52051
   8.50000    3.52905
   9.00000    3.53876
   9.50000    3.55000
  10.00000    3.55011
  10.50000    3.54800
  11.00000    3.55343
  11.50000    3.57331
  12.00000    3.59378
  12.50000    3.60382
  13.00000    3.59841
  13.50000    3.60085
  14.00000    3.60448
  14.50000    3.60041
  15.00000    3.60351
  15.50000    3.61401
  16.00000    3.62398
  16.50000    3.62113
  17.00000    3.62501
  17.50000    3.62920
  18.00000    3.63820
  18.50000    3.63487
  19.00000    3.63471
  19.50000    3.62930
  20.00000    3.62799
  20.50000    3.63149
  21.00000    3.63505
  21.50000    3.63272
  22.00000    3.61970
  22.50000    3.62348
  23.00000    3.62074
  23.50000    3.62403
  24.00000    3.62050
  24.50000    3.62330
  25.00000    3.62790
  25.50000    3.63640
  26.00000    3.65096
  26.50000    3.67140
  27.00000    3.69212
  27.50000    3.70380
  28.00000    3.70927
  28.50000    3.71352
  29.00000    3.71157
  29.50000    3.70281
  30.00000    3.70231
  30.50000    3.70698
  31.00000    3.71404
  31.50000    3.70241
  32.00000    3.69447
  32.50000    3.68421
  33.00000    3.68233
  33.50000    3.66790
  34.00000    3.65620
  34.50000    3.63723
  35.00000    3.63488
  35.50000    3.63402
  36.00000    3.62928
  36.50000    3.62460
  37.00000    3.62001
  37.50000    3.61754
  38.00000    3.62627
  38.50000    3.65003
  39.00000    3.66215
  39.50000    3.67624
  40.00000    3.70177
  40.50000    3.72808
  41.00000    3.73938
  41.50000    3.75069
  42.00000    3.76414
  42.50000    3.78618
  43.00000    3.81378
  43.50000    3.84864
  44.00000    3.87237
  44.50000    3.89608
  45.00000    3.93381
  45.50000    3.97871
  46.00000    4.01146
  46.50000    4.03431
  47.00000    4.06516
  47.50000    4.09160
  48.00000    4.12197
  48.50000    4.14523
  49.00000    4.18512
  49.50000    4.24413
  50.00000    4.30368
  50.50000    4.33478
  51.00000    4.35505
  51.50000    4.37173
  52.00000    4.38402
  52.50000    4.39601
  53.00000    4.41359
  53.50000    4.42122
  54.00000    4.41887
  54.50000    4.41011
  55.00000    4.41888
  55.50000    4.43295
  56.00000    4.44559
  56.50000    4.44726
  57.00000    4.45116
  57.50000    4.44775
  58.00000    4.44934
  58.50000    4.45591
  59.00000    4.46260
  59.50000    4.46189
  60.00000    4.46157
  60.50000    4.46371
  61.00000    4.46621
  61.50000    4.46246
  62.00000    4.46757
  62.50000    4.47402
  63.00000    4.47828
  63.50000    4.48124
  64.00000    4.48677
  64.50000    4.48881
  65.00000    4.48938
  65.50000    4.50262
  66.00000    4.50460
  66.50000    4.49668
  67.00000    4.48813
  67.50000    4.49454
  68.00000    4.50116
  68.50000    4.49984
  69.00000    4.49972
  69.50000    4.50625
  70.00000    4.51412
  70.50000    4.51637
  71.00000    4.51431
  71.50000    4.51191
  72.00000    4.50934
  72.50000    4.50898
  73.00000    4.50808
  73.50000    4.50848
  74.00000    4.51827
  74.50000    4.51912
  75.00000    4.51836
  75.50000    4.51938
  76.00000    4.52365
  76.50000    4.52595
  77.00000    4.52693
  77.50000    4.52629
  78.00000    4.52049
  78.50000    4.51909
  79.00000    4.52154
  79.50000    4.51639
  80.00000    4.51763
  80.50000    4.51893
  81.00000    4.52499
  81.50000    4.52508
  82.00000    4.52715
  82.50000    4.52606
  83.00000    4.52312
  83.50000    4.52336
  84.00000    4.53032
  84.50000    4.53168
  85.00000    4.52673
  85.50000    4.52122
  86.00000    4.52649
  86.50000    4.52635
  87.00000    4.52381
  87.50000    4.52113
  88.00000    4.52415
  88.50000    4.52652
  89.00000    4.52836
  89.50000    4.52686
  90.00000    4.52181
  90.50000    4.52159
  91.00000    4.52663
  91.50000    4.52652
  92.00000    4.52424
  92.50000    4.53035
  93.00000    4.53145
  93.50000    4.53124
  94.00000    4.52370
  94.50000    4.52442
  95.00000    4.51896
  95.50000    4.52291
  96.00000    4.52573
  96.50000    4.52684
  97.00000    4.52768
  97.50000    4.52498
  98.00000    4.52244
  98.50000    4.51924
  99.00000    4.52583
  99.50000    4.53139
 100.00000    4.53570
 100.50000    4.53238
 101.00000    4.52710
 101.50000    4.52278
 102.00000    4.52568
 102.50000    4.52854
 103.00000    4.53091
 103.50000    4.53261
 104.00000    4.53044
 104.50000    4.52691
 105.00000    4.52119
 105.50000    4.51991
 106.00000    4.52254
 106.50000    4.52369
 107.00000    4.52239
 107.50000    4.52501
 108.00000    4.52983
 108.50000    4.52724
 109.00000    4.52664
 109.50000    4.52425
 110.00000    4.52461
 110.50000    4.52765
 111.00000    4.52977
 111.50000    4.52652
 112.00000    4.52372
 112.50000    4.52287
 113.00000    4.52668
 113.50000    4.53045
 114.00000    4.52576
 114.50000    4.52033
 115.00000    4.52864
 115.50000    4.54221
 116.00000    4.54136
 116.50000    4.53521
 117.00000    4.52906
 117.50000    4.53098
 118.00000    4.52840
 118.50000    4.52957
 119.00000    4.53321
 119.50000    4.54090
 120.00000    4.53659
 120.50000    4.53467
 121.00000    4.53594
 121.50000    4.53754
 122.00000    4.53405
 122.50000    4.53430
 123.00000    4.54361
 123.50000    4.54688
 124.00000    4.54703
 124.50000    4.53981
 125.00000    4.54022
 125.50000    4.53973
 126.00000    4.54150
 126.50000    4.54181
 127.00000    4.54334
 127.50000    4.54390
 128.00000    4.54471
 128.50000    4.54607
 129.00000    4.54438
 129.50000    4.54446
 130.00000    4.53925
 130.50000    4.53767
 131.00000    4.53823
 131.50000    4.54663
 132.00000    4.55050
 132.50000    4.54560
 133.00000    4.54125
 133.50000    4.54072
 134.00000    4.55094
 134.50000    4.54916
 135.00000    4.54482
 135.50000    4.54267
 136.00000    4.54565
 136.50000    4.54652
 137.00000    4.55048
 137.50000    4.55786
 138.00000    4.55918
 138.50000    4.55022
 139.00000    4.54937
 139.50000    4.54929
 140.00000    4.54797
 140.50000    4.54274
 141.00000    4.53804
 141.50000    4.54304
 142.00000    4.54917
 142.50000    4.55688
 143.00000    4.55360
 143.50000    4.55865
 144.00000    4.55583
 144.50000    4.55239
 145.00000    4.55049
 145.50000    4.55693
 146.00000    4.55198
 146.50000    4.55049
 147.00000    4.54931
 147.50000    4.55579
 148.00000    4.56245
 148.50000    4.56883
 149.00000    4.56464
 149.50000    4.55320
 150.00000    4.54564
