   0.00000    0.45871
   0.50000    0.79596
   1.00000    1.48215
   1.50000    2.04158
   2.00000    2.30358
   2.50000    2.73087
   3.00000    3.06449
   3.50000    3.21346
   4.00000    3.22260
   4.50000    3.26086
   5.00000    3.32632
   5.50000    3.38674
   6.00000    3.44542
   6.50000    3.48346
   7.00000    3.51097
   7.50000    3.53910
   8.00000    3.57367
   8.50000    3.59874
   9.00000    3.61262
   9.50000    3.63350
  10.00000    3.66933
  10.50000    3.68757
  11.00000    3.69665
  11.50000    3.70140
  12.00000    3.73796
  12.50000    3.78138
  13.00000    3.80363
  13.50000    3.80085
  14.00000    3.81510
  14.50000    3.83956
  15.00000    3.84727
  15.50000    3.84076
  16.00000    3.87064
  16.50000    3.91519
  17.00000    3.96093
  17.50000    3.99223
  18.00000    4.01896
  18.50000    4.06076
  19.00000    4.09421
  19.50000    4.10901
  20.00000    4.09653
  20.50000    4.09516
  21.00000    4.13617
  21.50000    4.18932
  22.00000    4.24599
  22.50000    4.26025
  23.00000    4.27753
  23.50000    4.31594
  24.00000    4.39592
  24.50000    4.46246
  25.00000    4.46587
  25.50000    4.45138
  26.00000    4.42630
  26.50000    4.42657
  27.00000    4.42989
  27.50000    4.43483
  28.00000    4.41821
  28.50000    4.40021
  29.00000    4.38694
  29.50000    4.38301
  30.00000    4.37811
  30.50000    4.40126
  31.00000    4.40278
  31.50000    4.41848
  32.00000    4.41919
  32.50000    4.42643
  33.00000    4.43352
  33.50000    4.44232
  34.00000    4.46045
  34.50000    4.45458
  35.00000    4.45981
  35.50000    4.45238
  36.00000    4.46907
  36.50000    4.43441
  37.00000    4.39266
  37.50000    4.39444
  38.00000    4.41814
  38.50000    4.40728
  39.00000    4.39968
  39.50000    4.42104
  40.00000    4.40687
  40.50000    4.39165
  41.00000    4.41046
  41.50000    4.41078
  42.00000    4.39946
  42.50000    4.38435
  43.00000    4.39267
  43.50000    4.38131
  44.00000    4.39893
  44.50000    4.40439
  45.00000    4.42519
  45.50000    4.43603
  46.00000    4.44330
  46.50000    4.43922
  47.00000    4.44815
  47.50000    4.48324
  48.00000    4.49620
  48.50000    4.47813
  49.00000    4.45804
  49.50000    4.47694
  50.00000    4.49207
  50.50000    4.48094
  51.00000    4.50336
  51.50000    4.51875
  52.00000    4.50385
  52.50000    4.47959
  53.00000    4.48454
  53.50000    4.47920
  54.00000    4.46849
  54.50000    4.47633
  55.00000    4.47920
  55.50000    4.46751
  56.00000    4.45671
  56.50000    4.45402
  57.00000    4.43710
  57.50000    4.44483
  58.00000    4.44583
  58.50000    4.43859
  59.00000    4.43233
  59.50000    4.44082
  60.00000    4.43201
  60.50000    4.39959
  61.00000    4.41075
  61.50000    4.42680
  62.00000    4.43006
  62.50000    4.40982
  63.00000    4.41580
  63.50000    4.40991
  64.00000    4.40478
  64.50000    4.40903
  65.00000    4.41437
  65.50000    4.40060
  66.00000    4.38789
  66.50000    4.39233
  67.00000    4.40079
  67.50000    4.39326
  68.00000    4.37815
  68.50000    4.38638
  69.00000    4.39847
  69.50000    4.40415
  70.00000    4.40494
  70.50000    4.40450
  71.00000    4.39987
  71.50000    4.37574
  72.00000    4.35016
  72.50000    4.34964
  73.00000    4.36509
  73.50000    4.36381
  74.00000    4.34237
  74.50000    4.35500
  75.00000    4.35385
  75.50000    4.36136
  76.00000    4.34384
  76.50000    4.33567
  77.00000    4.32971
  77.50000    4.33739
  78.00000    4.34157
  78.50000    4.35354
  79.00000    4.34064
  79.50000    4.33293
  80.00000    4.32054
  80.50000    4.32498
  81.00000    4.30864
  81.50000    4.32036
  82.00000    4.34336
  82.50000    4.36202
  83.00000    4.34807
  83.50000    4.33777
  84.00000    4.33310
  84.50000    4.33241
  85.00000    4.33243
  85.50000    4.32817
  86.00000    4.32622
  86.50000    4.30057
  87.00000    4.29647
  87.50000    4.29882
  88.00000    4.32353
  88.50000    4.31080
  89.00000    4.29643
  89.50000    4.29979
  90.00000    4.31074
  90.50000    4.31762
  91.00000    4.30437
  91.50000    4.28681
  92.00000    4.28594
  92.50000    4.28744
  93.00000    4.30293
  93.50000    4.28502
  94.00000    4.28614
  94.50000    4.27400
  95.00000    4.28148
  95.50000    4.28238
  96.00000    4.29656
  96.50000    4.30076
  97.00000    4.29069
  97.50000    4.28740
  98.00000    4.28226
  98.50000    4.28390
  99.00000    4.29129
  99.50000    4.28616
 100.00000    4.27039
 100.50000    4.26601
 101.00000    4.26766
 101.50000    4.28398
 102.00000    4.29466
 102.50000    4.30125
 103.00000    4.28375
 103.50000    4.26900
 104.00000    4.27954
 104.50000    4.29996
 105.00000    4.29364
 105.50000    4.27051
 106.00000    4.26985
 106.50000    4.27012
 107.00000    4.26441
 107.50000    4.27688
 108.00000    4.28992
 108.50000    4.27609
 109.00000    4.24920
 109.50000    4.24908
 110.00000    4.24907
 110.50000    4.26900
 111.00000    4.26292
 111.50000    4.26469
 112.00000    4.26184
 112.50000    4.28130
 113.00000    4.26262
 113.50000    4.25162
 114.00000    4.26009
 114.50000    4.27520
 115.00000    4.28273
 115.50000    4.28603
 116.00000    4.28546
 116.50000    4.26614
 117.00000    4.25171
 117.50000    4.24087
 118.00000    4.25912
 118.50000    4.26685
 119.00000    4.27320
 119.50000    4.28224
 120.00000    4.28092
 120.50000    4.27667
 121.00000    4.27917
 121.50000    4.28345
 122.00000    4.27187
 122.50000    4.26727
 123.00000    4.26548
 123.50000    4.26030
 124.00000    4.24024
 124.50000    4.23239
 125.00000    4.24600
 125.50000    4.27281
 126.00000    4.26721
 126.50000    4.27491
 127.00000    4.29183
 127.50000    4.28204
 128.00000    4.25643
 128.50000    4.26291
 129.00000    4.27852
 129.50000    4.26554
 130.00000    4.25438
 130.50000    4.25300
 131.00000    4.26866
 131.50000    4.27538
 132.00000    4.27707
 132.50000    4.25391
 133.00000    4.24812
 133.50000    4.24878
 134.00000    4.24821
 134.50000    4.25609
 135.00000    4.26001
 135.50000    4.25859
 136.00000    4.24652
 136.50000    4.27257
 137.00000    4.26902
 137.50000    4.24497
 138.00000    4.22538
 138.50000    4.24678
 139.00000    4.25401
 139.50000    4.24364
 140.00000    4.22921
 140.50000    4.22394
 141.00000    4.23076
 141.50000    4.23871
 142.00000    4.25675
 142.50000    4.24381
 143.00000    4.22947
 143.50000    4.23449
 144.00000    4.26570
 144.50000    4.25941
 145.00000    4.23780
 145.50000    4.22803
 146.00000    4.24441
 146.50000    4.24175
 147.00000    4.25065
 147.50000    4.24543
 148.00000    4.25380
 148.50000    4.25056
 149.00000    4.25763
 149.50000    4.24734
 150.00000    4.22720
