   0.00000    0.80816
   0.50000    1.23012
   1.00000    1.63891
   1.50000    2.27757
   2.00000    2.88655
   2.50000    3.23501
   3.00000    3.31050
   3.50000    3.39866
   4.00000    3.46462
   4.50000    3.54286
   5.00000    3.59757
   5.50000    3.62325
   6.00000    3.62581
   6.50000    3.63835
   7.00000    3.65336
   7.50000    3.66691
   8.00000    3.66709
   8.50000    3.66510
   9.00000    3.66917
   9.50000    3.67592
  10.00000    3.67718
  10.50000    3.68086
  11.00000    3.68612
  11.50000    3.68650
  12.00000    3.67485
  12.50000    3.67489
  13.00000    3.68316
  13.50000    3.68639
  14.00000    3.68428
  14.50000    3.69331
  15.00000    3.69688
  15.50000    3.68973
  16.00000    3.68209
  16.50000    3.68424
  17.00000    3.68272
  17.50000    3.67808
  18.00000    3.67639
  18.50000    3.67727
  19.00000    3.67817
  19.50000    3.68149
  20.00000    3.68151
  20.50000    3.68647
  21.00000    3.68987
  21.50000    3.69188
  22.00000    3.69074
  22.50000    3.68885
  23.00000    3.68695
  23.50000    3.69063
  24.00000    3.69962
  24.50000    3.70468
  25.00000    3.70991
  25.50000    3.72089
  26.00000    3.72567
  26.50000    3.71606
  27.00000    3.71231
  27.50000    3.72148
  28.00000    3.72802
  28.50000    3.73106
  29.00000    3.72966
  29.50000    3.72819
  30.00000    3.72471
  30.50000    3.74236
  31.00000    3.76182
  31.50000    3.77086
  32.00000    3.76646
  32.50000    3.76199
  33.00000    3.75914
  33.50000    3.76615
  34.00000    3.77860
  34.50000    3.79524
  35.00000    3.82590
  35.50000    3.87296
  36.00000    3.92203
  36.50000    3.95044
  37.00000    3.97426
  37.50000    3.98950
  38.00000    4.01828
  38.50000    4.04190
  39.00000    4.06967
  39.50000    4.07687
  40.00000    4.08735
  40.50000    4.10000
  41.00000    4.12813
  41.50000    4.14709
  42.00000    4.16883
  42.50000    4.19407
  43.00000    4.24375
  43.50000    4.31516
  44.00000    4.36490
  44.50000    4.41095
  45.00000    4.47172
  45.50000    4.56270
  46.00000    4.62525
  46.50000    4.67348
  47.00000    4.71164
  47.50000    4.74800
  48.00000    4.77015
  48.50000    4.77483
  49.00000    4.77558
  49.50000    4.78688
  50.00000    4.78136
  50.50000    4.76606
  51.00000    4.74232
  51.50000    4.73094
  52.00000    4.70703
  52.50000    4.68341
  53.00000    4.67207
  53.50000    4.66628
  54.00000    4.66121
  54.50000    4.65883
  55.00000    4.64973
  55.50000    4.63617
  56.00000    4.63668
  56.50000    4.65123
  57.00000    4.64862
  57.50000    4.63920
  58.00000    4.63511
  58.50000    4.62605
  59.00000    4.62216
  59.50000    4.61969
  60.00000    4.61434
  60.50000    4.60804
  61.00000    4.60699
  61.50000    4.61424
  62.00000    4.61144
  62.50000    4.60859
  63.00000    4.59274
  63.50000    4.59186
  64.00000    4.59222
  64.50000    4.59248
  65.00000    4.58804
  65.50000    4.58832
  66.00000    4.58477
  66.50000    4.57962
  67.00000    4.58824
  67.50000    4.59170
  68.00000    4.58708
  68.50000    4.57603
  69.00000    4.57766
  69.50000    4.58234
  70.00000    4.58561
  70.50000    4.57241
  71.00000    4.57107
  71.50000    4.57142
  72.00000    4.57852
  72.50000    4.57813
  73.00000    4.58687
  73.50000    4.58188
  74.00000    4.57982
  74.50000    4.57814
  75.00000    4.57436
  75.50000    4.56844
  76.00000    4.56856
  76.50000    4.56898
  77.00000    4.57180
  77.50000    4.57417
  78.00000    4.57466
  78.50000    4.57199
  79.00000    4.56834
  79.50000    4.57191
  80.00000    4.58047
  80.50000    4.58379
  81.00000    4.57125
  81.50000    4.56785
  82.00000    4.57113
  82.50000    4.57720
  83.00000    4.57592
  83.50000    4.57988
  84.00000    4.57856
  84.50000    4.58339
  85.00000    4.58101
  85.50000    4.57900
  86.00000    4.57464
  86.50000    4.57613
  87.00000    4.58397
  87.50000    4.58550
  88.00000    4.57653
  88.50000    4.57730
  89.00000    4.58499
  89.50000    4.59199
  90.00000    4.59403
  90.50000    4.59923
  91.00000    4.59406
  91.50000    4.58899
  92.00000    4.58938
  92.50000    4.59352
  93.00000    4.59351
  93.50000    4.58941
  94.00000    4.58944
  94.50000    4.59168
  95.00000    4.59498
  95.50000    4.59810
  96.00000    4.60151
  96.50000    4.59896
  97.00000    4.58974
  97.50000    4.59403
  98.00000    4.60186
  98.50000    4.60304
  99.00000    4.59559
  99.50000    4.59486
 100.00000    4.60841
 100.50000    4.61134
 101.00000    4.60657
 101.50000    4.59642
 102.00000    4.59899
 102.50000    4.60641
 103.00000    4.61463
 103.50000    4.61469
 104.00000    4.60792
 104.50000    4.60729
 105.00000    4.61080
 105.50000    4.61467
 106.00000    4.61277
 106.50000    4.60675
 107.00000    4.60954
 107.50000    4.61651
 108.00000    4.62619
 108.50000    4.61631
 109.00000    4.61532
 109.50000    4.61227
 110.00000    4.62104
 110.50000    4.62086
 111.00000    4.61781
 111.50000    4.60988
 112.00000    4.61310
 112.50000    4.62158
 113.00000    4.62249
 113.50000    4.62457
 114.00000    4.62485
 114.50000    4.62218
 115.00000    4.61877
 115.50000    4.62386
 116.00000    4.62467
 116.50000    4.62126
 117.00000    4.62894
 117.50000    4.63248
 118.00000    4.63154
 118.50000    4.62773
 119.00000    4.63574
 119.50000    4.63667
 120.00000    4.63601
 120.50000    4.63480
 121.00000    4.63061
 121.50000    4.62607
 122.00000    4.62454
 122.50000    4.62514
 123.00000    4.62491
 123.50000    4.62372
 124.00000    4.62413
 124.50000    4.62657
 125.00000    4.62883
 125.50000    4.63399
 126.00000    4.63582
 126.50000    4.63910
 127.00000    4.63435
 127.50000    4.63641
 128.00000    4.63710
 128.50000    4.63996
 129.00000    4.63654
 129.50000    4.63112
 130.00000    4.63183
 130.50000    4.62866
 131.00000    4.63186
 131.50000    4.63191
 132.00000    4.63711
 132.50000    4.62963
 133.00000    4.63192
 133.50000    4.63148
 134.00000    4.63526
 134.50000    4.63045
 135.00000    4.63902
 135.50000    4.63926
 136.00000    4.63757
 136.50000    4.63681
 137.00000    4.64531
 137.50000    4.64770
 138.00000    4.64457
 138.50000    4.64104
 139.00000    4.64082
 139.50000    4.64299
 140.00000    4.64476
 140.50000    4.63854
 141.00000    4.63473
 141.50000    4.63324
 142.00000    4.63210
 142.50000    4.63611
 143.00000    4.64070
 143.50000    4.63949
 144.00000    4.63396
 144.50000    4.63866
 145.00000    4.64750
 145.50000    4.64647
 146.00000    4.63867
 146.50000    4.64174
 147.00000    4.64462
 147.50000    4.64389
 148.00000    4.63396
 148.50000    4.63694
 149.00000    4.63668
 149.50000    4.63913
 150.00000    4.63760
