   0.00000    1.46214
   0.50000    1.28411
   1.00000    2.03538
   1.50000    2.66947
   2.00000    2.78611
   2.50000    2.78611
   3.00000    2.75342
   3.50000    2.68785
   4.00000    2.65711
   4.50000    2.68686
   5.00000    2.76675
   5.50000    2.88452
   6.00000    3.00039
   6.50000    3.17232
   7.00000    3.31560
   7.50000    3.38974
   8.00000    3.38382
   8.50000    3.40407
   9.00000    3.44700
   9.50000    3.48375
  10.00000    3.50391
  10.50000    3.49840
  11.00000    3.51766
  11.50000    3.54592
  12.00000    3.56860
  12.50000    3.58702
  13.00000    3.60920
  13.50000    3.61651
  14.00000    3.62033
  14.50000    3.61530
  15.00000    3.63895
  15.50000    3.65865
  16.00000    3.67695
  16.50000    3.69852
  17.00000    3.72317
  17.50000    3.72314
  18.00000    3.72148
  18.50000    3.71777
  19.00000    3.72652
  19.50000    3.73675
  20.00000    3.75916
  20.50000    3.76275
  21.00000    3.75522
  21.50000    3.76201
  22.00000    3.73859
  22.50000    3.75565
  23.00000    3.74053
  23.50000    3.75034
  24.00000    3.77482
  24.50000    3.84793
  25.00000    3.89001
  25.50000    3.89951
  26.00000    3.88640
  26.50000    3.86520
  27.00000    3.89307
  27.50000    3.90508
  28.00000    3.87392
  28.50000    3.84358
  29.00000    3.84237
  29.50000    3.80167
  30.00000    3.78790
  30.50000    3.79173
  31.00000    3.83933
  31.50000    3.88050
  32.00000    3.97039
  32.50000    4.00690
  33.00000    4.03981
  33.50000    4.05459
  34.00000    4.07982
  34.50000    4.07050
  35.00000    4.06771
  35.50000    4.05857
  36.00000    4.02863
  36.50000    3.97756
  37.00000    3.95389
  37.50000    3.96860
  38.00000    3.96454
  38.50000    3.94609
  39.00000    3.92732
  39.50000    3.95293
  40.00000    3.99175
  40.50000    4.01977
  41.00000    4.03553
  41.50000    4.07283
  42.00000    4.09506
  42.50000    4.12422
  43.00000    4.18127
  43.50000    4.25830
  44.00000    4.30341
  44.50000    4.33433
  45.00000    4.35860
  45.50000    4.34350
  46.00000    4.31467
  46.50000    4.29274
  47.00000    4.29711
  47.50000    4.28626
  48.00000    4.27509
  48.50000    4.28532
  49.00000    4.30312
  49.50000    4.32460
  50.00000    4.31837
  50.50000    4.30339
  51.00000    4.26542
  51.50000    4.25518
  52.00000    4.25767
  52.50000    4.27882
  53.00000    4.29493
  53.50000    4.29282
  54.00000    4.31415
  54.50000    4.34133
  55.00000    4.38458
  55.50000    4.39492
  56.00000    4.41543
  56.50000    4.41555
  57.00000    4.41977
  57.50000    4.42085
  58.00000    4.41868
  58.50000    4.43681
  59.00000    4.44526
  59.50000    4.44139
  60.00000    4.41380
  60.50000    4.41961
  61.00000    4.44373
  61.50000    4.44941
  62.00000    4.44569
  62.50000    4.42737
  63.00000    4.42510
  63.50000    4.41836
  64.00000    4.42890
  64.50000    4.44151
  65.00000    4.46449
  65.50000    4.47141
  66.00000    4.46006
  66.50000    4.45306
  67.00000    4.45597
  67.50000    4.44893
  68.00000    4.45055
  68.50000    4.45037
  69.00000    4.45332
  69.50000    4.44760
  70.00000    4.45875
  70.50000    4.45246
  71.00000    4.45434
  71.50000    4.46626
  72.00000    4.48370
  72.50000    4.45624
  73.00000    4.45196
  73.50000    4.44479
  74.00000    4.47433
  74.50000    4.45303
  75.00000    4.45187
  75.50000    4.45895
  76.00000    4.50152
  76.50000    4.50770
  77.00000    4.51262
  77.50000    4.48529
  78.00000    4.47786
  78.50000    4.48035
  79.00000    4.50814
  79.50000    4.49419
  80.00000    4.49113
  80.50000    4.50225
  81.00000    4.49781
  81.50000    4.49441
  82.00000    4.49156
  82.50000    4.49052
  83.00000    4.47714
  83.50000    4.48920
  84.00000    4.52311
  84.50000    4.49830
  85.00000    4.47490
  85.50000    4.46944
  86.00000    4.51068
  86.50000    4.52151
  87.00000    4.51760
  87.50000    4.49177
  88.00000    4.48447
  88.50000    4.49426
  89.00000    4.49534
  89.50000    4.49446
  90.00000    4.48662
  90.50000    4.50918
  91.00000    4.50877
  91.50000    4.50873
  92.00000    4.50839
  92.50000    4.53974
  93.00000    4.51343
  93.50000    4.49968
  94.00000    4.50420
  94.50000    4.52925
  95.00000    4.51226
  95.50000    4.50310
  96.00000    4.50908
  96.50000    4.53234
  97.00000    4.52469
  97.50000    4.49494
  98.00000    4.47483
  98.50000    4.49215
  99.00000    4.52326
  99.50000    4.54445
 100.00000    4.53081
 100.50000    4.51526
 101.00000    4.51996
 101.50000    4.53175
 102.00000    4.52007
 102.50000    4.49566
 103.00000    4.49832
 103.50000    4.52332
 104.00000    4.54247
 104.50000    4.54340
 105.00000    4.53555
 105.50000    4.52680
 106.00000    4.52765
 106.50000    4.54328
 107.00000    4.54771
 107.50000    4.52188
 108.00000    4.50912
 108.50000    4.49774
 109.00000    4.51245
 109.50000    4.52295
 110.00000    4.53045
 110.50000    4.52837
 111.00000    4.51751
 111.50000    4.52549
 112.00000    4.52380
 112.50000    4.54546
 113.00000    4.54538
 113.50000    4.54080
 114.00000    4.51310
 114.50000    4.51279
 115.00000    4.51980
 115.50000    4.54210
 116.00000    4.53079
 116.50000    4.54225
 117.00000    4.54504
 117.50000    4.55251
 118.00000    4.52787
 118.50000    4.51505
 119.00000    4.49935
 119.50000    4.52726
 120.00000    4.54378
 120.50000    4.54927
 121.00000    4.53773
 121.50000    4.53647
 122.00000    4.53190
 122.50000    4.53623
 123.00000    4.55603
 123.50000    4.55841
 124.00000    4.56495
 124.50000    4.56797
 125.00000    4.54839
 125.50000    4.52745
 126.00000    4.54219
 126.50000    4.55732
 127.00000    4.56234
 127.50000    4.55330
 128.00000    4.55702
 128.50000    4.54224
 129.00000    4.55000
 129.50000    4.54525
 130.00000    4.53628
 130.50000    4.52885
 131.00000    4.54546
 131.50000    4.56163
 132.00000    4.55497
 132.50000    4.55503
 133.00000    4.56320
 133.50000    4.57925
 134.00000    4.57548
 134.50000    4.57532
 135.00000    4.55280
 135.50000    4.54910
 136.00000    4.55419
 136.50000    4.56105
 137.00000    4.56415
 137.50000    4.58967
 138.00000    4.59284
 138.50000    4.57034
 139.00000    4.56276
 139.50000    4.57458
 140.00000    4.57135
 140.50000    4.55011
 141.00000    4.54415
 141.50000    4.56227
 142.00000    4.58168
 142.50000    4.57055
 143.00000    4.54090
 143.50000    4.54879
 144.00000    4.56753
 144.50000    4.57741
 145.00000    4.56556
 145.50000    4.55940
 146.00000    4.55476
 146.50000    4.55350
 147.00000    4.56249
 147.50000    4.58049
 148.00000    4.58574
 148.50000    4.58621
 149.00000    4.57186
 149.50000    4.57252
 150.00000    4.57620
