   0.00000    1.46771
   0.50000    2.81879
   1.00000    3.14529
   1.50000    3.13003
   2.00000    3.18702
   2.50000    3.23179
   3.00000    3.28044
   3.50000    3.31211
   4.00000    3.34576
   4.50000    3.38178
   5.00000    3.42762
   5.50000    3.46038
   6.00000    3.48208
   6.50000    3.50847
   7.00000    3.53124
   7.50000    3.54686
   8.00000    3.54794
   8.50000    3.55489
   9.00000    3.56342
   9.50000    3.57514
  10.00000    3.57798
  10.50000    3.58235
  11.00000    3.59407
  11.50000    3.61169
  12.00000    3.62040
  12.50000    3.62353
  13.00000    3.62415
  13.50000    3.63381
  14.00000    3.63787
  14.50000    3.65081
  15.00000    3.65167
  15.50000    3.65183
  16.00000    3.64942
  16.50000    3.65616
  17.00000    3.66450
  17.50000    3.66286
  18.00000    3.67112
  18.50000    3.68728
  19.00000    3.70381
  19.50000    3.71374
  20.00000    3.71475
  20.50000    3.72155
  21.00000    3.72811
  21.50000    3.74574
  22.00000    3.75479
  22.50000    3.76887
  23.00000    3.77544
  23.50000    3.79290
  24.00000    3.84045
  24.50000    3.86688
  25.00000    3.88336
  25.50000    3.92639
  26.00000    3.99016
  26.50000    4.03030
  27.00000    4.05556
  27.50000    4.10999
  28.00000    4.17728
  28.50000    4.23128
  29.00000    4.25470
  29.50000    4.26854
  30.00000    4.29161
  30.50000    4.31253
  31.00000    4.33820
  31.50000    4.36220
  32.00000    4.37783
  32.50000    4.39305
  33.00000    4.41071
  33.50000    4.42661
  34.00000    4.43208
  34.50000    4.45128
  35.00000    4.46441
  35.50000    4.45915
  36.00000    4.44483
  36.50000    4.43262
  37.00000    4.41950
  37.50000    4.39789
  38.00000    4.39343
  38.50000    4.38758
  39.00000    4.39327
  39.50000    4.38210
  40.00000    4.36773
  40.50000    4.36253
  41.00000    4.36389
  41.50000    4.35616
  42.00000    4.33439
  42.50000    4.33876
  43.00000    4.35063
  43.50000    4.34913
  44.00000    4.33976
  44.50000    4.34500
  45.00000    4.36923
  45.50000    4.37594
  46.00000    4.37768
  46.50000    4.37808
  47.00000    4.37474
  47.50000    4.38300
  48.00000    4.37861
  48.50000    4.38356
  49.00000    4.37566
  49.50000    4.38236
  50.00000    4.38420
  50.50000    4.39111
  51.00000    4.38643
  51.50000    4.38116
  52.00000    4.36875
  52.50000    4.36162
  53.00000    4.36678
  53.50000    4.37686
  54.00000    4.37106
  54.50000    4.36292
  55.00000    4.36294
  55.50000    4.36280
  56.00000    4.36918
  56.50000    4.37225
  57.00000    4.37323
  57.50000    4.36318
  58.00000    4.36240
  58.50000    4.36230
  59.00000    4.36753
  59.50000    4.36263
  60.00000    4.35345
  60.50000    4.34205
  61.00000    4.33690
  61.50000    4.33966
  62.00000    4.34250
  62.50000    4.34383
  63.00000    4.33867
  63.50000    4.34424
  64.00000    4.34728
  64.50000    4.35116
  65.00000    4.33336
  65.50000    4.33167
  66.00000    4.32534
  66.50000    4.32258
  67.00000    4.32272
  67.50000    4.33426
  68.00000    4.33147
  68.50000    4.31927
  69.00000    4.31133
  69.50000    4.31482
  70.00000    4.30742
  70.50000    4.30822
  71.00000    4.30859
  71.50000    4.31308
  72.00000    4.30423
  72.50000    4.30240
  73.00000    4.30123
  73.50000    4.29670
  74.00000    4.29909
  74.50000    4.29714
  75.00000    4.29266
  75.50000    4.28933
  76.00000    4.29362
  76.50000    4.28166
  77.00000    4.28147
  77.50000    4.29199
  78.00000    4.29504
  78.50000    4.27516
  79.00000    4.26979
  79.50000    4.27978
  80.00000    4.28445
  80.50000    4.27873
  81.00000    4.26798
  81.50000    4.26327
  82.00000    4.26502
  82.50000    4.25669
  83.00000    4.25531
  83.50000    4.25711
  84.00000    4.27462
  84.50000    4.27010
  85.00000    4.26506
  85.50000    4.25849
  86.00000    4.26577
  86.50000    4.25809
  87.00000    4.24569
  87.50000    4.24023
  88.00000    4.24688
  88.50000    4.26313
  89.00000    4.26531
  89.50000    4.25143
  90.00000    4.23480
  90.50000    4.24571
  91.00000    4.24780
  91.50000    4.23801
  92.00000    4.22835
  92.50000    4.24327
  93.00000    4.24297
  93.50000    4.23168
  94.00000    4.21977
  94.50000    4.22985
  95.00000    4.23495
  95.50000    4.23477
  96.00000    4.23557
  96.50000    4.24071
  97.00000    4.24166
  97.50000    4.24316
  98.00000    4.24077
  98.50000    4.23121
  99.00000    4.22340
  99.50000    4.23782
 100.00000    4.24740
 100.50000    4.25020
 101.00000    4.24724
 101.50000    4.24910
 102.00000    4.23474
 102.50000    4.23521
 103.00000    4.23877
 103.50000    4.23934
 104.00000    4.23472
 104.50000    4.23338
 105.00000    4.23364
 105.50000    4.22576
 106.00000    4.22849
 106.50000    4.22791
 107.00000    4.23294
 107.50000    4.22847
 108.00000    4.23103
 108.50000    4.22468
 109.00000    4.22690
 109.50000    4.23116
 110.00000    4.23859
 110.50000    4.24224
 111.00000    4.24252
 111.50000    4.24319
 112.00000    4.23727
 112.50000    4.24459
 113.00000    4.23907
 113.50000    4.23591
 114.00000    4.22890
 114.50000    4.23357
 115.00000    4.23856
 115.50000    4.24239
 116.00000    4.23650
 116.50000    4.23825
 117.00000    4.23738
 117.50000    4.24006
 118.00000    4.24674
 118.50000    4.25240
 119.00000    4.24213
 119.50000    4.24030
 120.00000    4.24609
 120.50000    4.24316
 121.00000    4.25076
 121.50000    4.25894
 122.00000    4.25853
 122.50000    4.24988
 123.00000    4.25426
 123.50000    4.25238
 124.00000    4.24899
 124.50000    4.25664
 125.00000    4.27053
 125.50000    4.27163
 126.00000    4.26720
 126.50000    4.26515
 127.00000    4.26894
 127.50000    4.26795
 128.00000    4.27148
 128.50000    4.27261
 129.00000    4.26984
 129.50000    4.27490
 130.00000    4.27480
 130.50000    4.26908
 131.00000    4.26252
 131.50000    4.27436
 132.00000    4.27503
 132.50000    4.27710
 133.00000    4.28602
 133.50000    4.29673
 134.00000    4.29400
 134.50000    4.29624
 135.00000    4.29668
 135.50000    4.29594
 136.00000    4.28979
 136.50000    4.29091
 137.00000    4.29770
 137.50000    4.28808
 138.00000    4.28660
 138.50000    4.29690
 139.00000    4.31306
 139.50000    4.31119
 140.00000    4.31683
 140.50000    4.32549
 141.00000    4.31218
 141.50000    4.30050
 142.00000    4.30563
 142.50000    4.32429
 143.00000    4.32083
 143.50000    4.30984
 144.00000    4.30765
 144.50000    4.30930
 145.00000    4.31481
 145.50000    4.31780
 146.00000    4.32285
 146.50000    4.32246
 147.00000    4.33325
 147.50000    4.34288
 148.00000    4.33839
 148.50000    4.33146
 149.00000    4.33186
 149.50000    4.34252
 150.00000    4.34083
