   0.00000    1.04503
   0.50000    1.87857
   1.00000    2.24599
   1.50000    2.41923
   2.00000    2.61935
   2.50000    2.70240
   3.00000    2.79606
   3.50000    2.90086
   4.00000    3.02244
   4.50000    3.09021
   5.00000    3.14146
   5.50000    3.21257
   6.00000    3.28277
   6.50000    3.35701
   7.00000    3.40354
   7.50000    3.43713
   8.00000    3.47112
   8.50000    3.50540
   9.00000    3.52591
   9.50000    3.53949
  10.00000    3.53924
  10.50000    3.54495
  11.00000    3.53066
  11.50000    3.52874
  12.00000    3.52944
  12.50000    3.56307
  13.00000    3.56687
  13.50000    3.58679
  14.00000    3.59425
  14.50000    3.61152
  15.00000    3.60917
  15.50000    3.61180
  16.00000    3.62586
  16.50000    3.64512
  17.00000    3.64353
  17.50000    3.64687
  18.00000    3.68791
  18.50000    3.69977
  19.00000    3.68875
  19.50000    3.67965
  20.00000    3.69035
  20.50000    3.70995
  21.00000    3.74941
  21.50000    3.78568
  22.00000    3.78137
  22.50000    3.79176
  23.00000    3.79193
  23.50000    3.79267
  24.00000    3.78705
  24.50000    3.79351
  25.00000    3.79280
  25.50000    3.81762
  26.00000    3.88550
  26.50000    3.94145
  27.00000    3.96241
  27.50000    4.00161
  28.00000    4.00241
  28.50000    3.98428
  29.00000    3.94553
  29.50000    3.92784
  30.00000    3.89056
  30.50000    3.90087
  31.00000    3.88081
  31.50000    3.85551
  32.00000    3.82587
  32.50000    3.82916
  33.00000    3.82160
  33.50000    3.81074
  34.00000    3.81184
  34.50000    3.80940
  35.00000    3.79176
  35.50000    3.74541
  36.00000    3.69608
  36.50000    3.68151
  37.00000    3.67127
  37.50000    3.68880
  38.00000    3.69588
  38.50000    3.69199
  39.00000    3.69587
  39.50000    3.71145
  40.00000    3.71947
  40.50000    3.69726
  41.00000    3.70966
  41.50000    3.73066
  42.00000    3.75298
  42.50000    3.76128
  43.00000    3.79141
  43.50000    3.78704
  44.00000    3.79668
  44.50000    3.77734
  45.00000    3.80789
  45.50000    3.81841
  46.00000    3.84607
  46.50000    3.85191
  47.00000    3.87125
  47.50000    3.86947
  48.00000    3.87555
  48.50000    3.95859
  49.00000    4.07411
  49.50000    4.15401
  50.00000    4.17742
  50.50000    4.21975
  51.00000    4.24709
  51.50000    4.28392
  52.00000    4.30293
  52.50000    4.31377
  53.00000    4.29798
  53.50000    4.31702
  54.00000    4.33807
  54.50000    4.37886
  55.00000    4.41201
  55.50000    4.43376
  56.00000    4.42763
  56.50000    4.44053
  57.00000    4.45269
  57.50000    4.45843
  58.00000    4.45325
  58.50000    4.45838
  59.00000    4.47321
  59.50000    4.45910
  60.00000    4.45958
  60.50000    4.45889
  61.00000    4.46921
  61.50000    4.45283
  62.00000    4.47045
  62.50000    4.47818
  63.00000    4.47087
  63.50000    4.46725
  64.00000    4.48403
  64.50000    4.48674
  65.00000    4.46472
  65.50000    4.46998
  66.00000    4.48493
  66.50000    4.48401
  67.00000    4.46414
  67.50000    4.46829
  68.00000    4.47881
  68.50000    4.49607
  69.00000    4.48516
  69.50000    4.47412
  70.00000    4.47908
  70.50000    4.47220
  71.00000    4.45763
  71.50000    4.46935
  72.00000    4.48472
  72.50000    4.47777
  73.00000    4.46444
  73.50000    4.47179
  74.00000    4.46382
  74.50000    4.43622
  75.00000    4.41447
  75.50000    4.42219
  76.00000    4.42687
  76.50000    4.43995
  77.00000    4.44856
  77.50000    4.44635
  78.00000    4.40467
  78.50000    4.40769
  79.00000    4.42176
  79.50000    4.44324
  80.00000    4.45393
  80.50000    4.48395
  81.00000    4.48463
  81.50000    4.46770
  82.00000    4.44714
  82.50000    4.44572
  83.00000    4.42150
  83.50000    4.40168
  84.00000    4.42111
  84.50000    4.45070
  85.00000    4.44989
  85.50000    4.42146
  86.00000    4.41269
  86.50000    4.41656
  87.00000    4.43793
  87.50000    4.44020
  88.00000    4.40627
  88.50000    4.38330
  89.00000    4.38155
  89.50000    4.38498
  90.00000    4.37641
  90.50000    4.36823
  91.00000    4.36851
  91.50000    4.38489
  92.00000    4.40492
  92.50000    4.40245
  93.00000    4.40120
  93.50000    4.39743
  94.00000    4.39776
  94.50000    4.38235
  95.00000    4.35636
  95.50000    4.34091
  96.00000    4.33249
  96.50000    4.34910
  97.00000    4.35607
  97.50000    4.36741
  98.00000    4.35645
  98.50000    4.37825
  99.00000    4.36660
  99.50000    4.36414
 100.00000    4.34270
 100.50000    4.34828
 101.00000    4.33163
 101.50000    4.33114
 102.00000    4.31666
 102.50000    4.34417
 103.00000    4.35319
 103.50000    4.34634
 104.00000    4.34108
 104.50000    4.35641
 105.00000    4.34957
 105.50000    4.33851
 106.00000    4.33422
 106.50000    4.33123
 107.00000    4.34768
 107.50000    4.37206
 108.00000    4.36603
 108.50000    4.34580
 109.00000    4.34126
 109.50000    4.32370
 110.00000    4.31136
 110.50000    4.30993
 111.00000    4.31977
 111.50000    4.30354
 112.00000    4.31750
 112.50000    4.33188
 113.00000    4.33854
 113.50000    4.34929
 114.00000    4.35699
 114.50000    4.34176
 115.00000    4.31273
 115.50000    4.31278
 116.00000    4.31445
 116.50000    4.33800
 117.00000    4.33479
 117.50000    4.33334
 118.00000    4.31382
 118.50000    4.31694
 119.00000    4.31051
 119.50000    4.32515
 120.00000    4.33814
 120.50000    4.32657
 121.00000    4.30770
 121.50000    4.30034
 122.00000    4.32193
 122.50000    4.33053
 123.00000    4.33600
 123.50000    4.33024
 124.00000    4.32193
 124.50000    4.34381
 125.00000    4.35304
 125.50000    4.33744
 126.00000    4.31435
 126.50000    4.32620
 127.00000    4.33348
 127.50000    4.34793
 128.00000    4.35568
 128.50000    4.34158
 129.00000    4.34840
 129.50000    4.34733
 130.00000    4.34212
 130.50000    4.32009
 131.00000    4.34035
 131.50000    4.33680
 132.00000    4.35728
 132.50000    4.35926
 133.00000    4.35226
 133.50000    4.33531
 134.00000    4.34238
 134.50000    4.34628
 135.00000    4.33808
 135.50000    4.34489
 136.00000    4.36041
 136.50000    4.37395
 137.00000    4.36447
 137.50000    4.36655
 138.00000    4.38314
 138.50000    4.38269
 139.00000    4.36510
 139.50000    4.36289
 140.00000    4.37981
 140.50000    4.38717
 141.00000    4.38744
 141.50000    4.38020
 142.00000    4.36671
 142.50000    4.34947
 143.00000    4.36673
 143.50000    4.37140
 144.00000    4.39512
 144.50000    4.37750
 145.00000    4.37440
 145.50000    4.36012
 146.00000    4.37218
 146.50000    4.36053
 147.00000    4.38475
 147.50000    4.40898
 148.00000    4.41997
 148.50000    4.39150
 149.00000    4.39859
 149.50000    4.40220
 150.00000    4.36342
