   0.00000    1.42230
   0.50000    2.56452
   1.00000    3.00148
   1.50000    3.20316
   2.00000    3.39702
   2.50000    3.50596
   3.00000    3.53514
   3.50000    3.53535
   4.00000    3.51181
   4.50000    3.52093
   5.00000    3.53681
   5.50000    3.54885
   6.00000    3.54890
   6.50000    3.55107
   7.00000    3.56589
   7.50000    3.57178
   8.00000    3.57949
   8.50000    3.58270
   9.00000    3.59405
   9.50000    3.59160
  10.00000    3.59823
  10.50000    3.60519
  11.00000    3.60864
  11.50000    3.60756
  12.00000    3.61835
  12.50000    3.62767
  13.00000    3.63312
  13.50000    3.63611
  14.00000    3.63688
  14.50000    3.63782
  15.00000    3.64829
  15.50000    3.65676
  16.00000    3.65695
  16.50000    3.65163
  17.00000    3.65787
  17.50000    3.66576
  18.00000    3.67200
  18.50000    3.67069
  19.00000    3.67886
  19.50000    3.68507
  20.00000    3.69200
  20.50000    3.69185
  21.00000    3.69648
  21.50000    3.69560
  22.00000    3.69373
  22.50000    3.69748
  23.00000    3.70632
  23.50000    3.71007
  24.00000    3.70133
  24.50000    3.68229
  25.00000    3.67232
  25.50000    3.68037
  26.00000    3.70217
  26.50000    3.71896
  27.00000    3.73141
  27.50000    3.74426
  28.00000    3.76078
  28.50000    3.78436
  29.00000    3.77956
  29.50000    3.76696
  30.00000    3.74740
  30.50000    3.73596
  31.00000    3.71709
  31.50000    3.72446
  32.00000    3.74366
  32.50000    3.75939
  33.00000    3.77025
  33.50000    3.79576
  34.00000    3.86014
  34.50000    3.93106
  35.00000    3.98203
  35.50000    4.01664
  36.00000    4.05278
  36.50000    4.07747
  37.00000    4.09921
  37.50000    4.12424
  38.00000    4.13554
  38.50000    4.13506
  39.00000    4.14767
  39.50000    4.16901
  40.00000    4.18663
  40.50000    4.20114
  41.00000    4.21215
  41.50000    4.22198
  42.00000    4.21948
  42.50000    4.23017
  43.00000    4.24950
  43.50000    4.28866
  44.00000    4.30572
  44.50000    4.31973
  45.00000    4.32573
  45.50000    4.34135
  46.00000    4.35675
  46.50000    4.37269
  47.00000    4.38580
  47.50000    4.40332
  48.00000    4.42190
  48.50000    4.42750
  49.00000    4.43494
  49.50000    4.46204
  50.00000    4.48570
  50.50000    4.48800
  51.00000    4.48467
  51.50000    4.49491
  52.00000    4.51449
  52.50000    4.52336
  53.00000    4.52800
  53.50000    4.53975
  54.00000    4.54718
  54.50000    4.54862
  55.00000    4.54991
  55.50000    4.55764
  56.00000    4.56298
  56.50000    4.56428
  57.00000    4.55959
  57.50000    4.55739
  58.00000    4.56613
  58.50000    4.56619
  59.00000    4.56246
  59.50000    4.56234
  60.00000    4.56454
  60.50000    4.56367
  61.00000    4.57035
  61.50000    4.57583
  62.00000    4.57804
  62.50000    4.57760
  63.00000    4.57225
  63.50000    4.56319
  64.00000    4.56431
  64.50000    4.57287
  65.00000    4.57414
  65.50000    4.57846
  66.00000    4.58209
  66.50000    4.57950
  67.00000    4.57408
  67.50000    4.57592
  68.00000    4.58171
  68.50000    4.58229
  69.00000    4.58150
  69.50000    4.58352
  70.00000    4.58740
  70.50000    4.59172
  71.00000    4.58875
  71.50000    4.59157
  72.00000    4.58659
  72.50000    4.59043
  73.00000    4.58497
  73.50000    4.58496
  74.00000    4.57568
  74.50000    4.58058
  75.00000    4.58208
  75.50000    4.58720
  76.00000    4.57951
  76.50000    4.58124
  77.00000    4.58132
  77.50000    4.58383
  78.00000    4.57742
  78.50000    4.57916
  79.00000    4.57571
  79.50000    4.57867
  80.00000    4.58243
  80.50000    4.58882
  81.00000    4.58296
  81.50000    4.58305
  82.00000    4.58717
  82.50000    4.58710
  83.00000    4.57342
  83.50000    4.57486
  84.00000    4.57617
  84.50000    4.57778
  85.00000    4.56779
  85.50000    4.57320
  86.00000    4.57576
  86.50000    4.58066
  87.00000    4.57864
  87.50000    4.57557
  88.00000    4.57399
  88.50000    4.57040
  89.00000    4.56917
  89.50000    4.57202
  90.00000    4.56736
  90.50000    4.56695
  91.00000    4.56280
  91.50000    4.56645
  92.00000    4.56099
  92.50000    4.56691
  93.00000    4.57215
  93.50000    4.57757
  94.00000    4.56952
  94.50000    4.56270
  95.00000    4.56620
  95.50000    4.56823
  96.00000    4.56084
  96.50000    4.55329
  97.00000    4.55885
  97.50000    4.56208
  98.00000    4.56968
  98.50000    4.55939
  99.00000    4.55822
  99.50000    4.55111
 100.00000    4.55534
 100.50000    4.54709
 101.00000    4.54752
 101.50000    4.54798
 102.00000    4.55347
 102.50000    4.55474
 103.00000    4.55730
 103.50000    4.55831
 104.00000    4.55177
 104.50000    4.54933
 105.00000    4.54600
 105.50000    4.55068
 106.00000    4.54702
 106.50000    4.55267
 107.00000    4.54033
 107.50000    4.54328
 108.00000    4.54392
 108.50000    4.54744
 109.00000    4.54041
 109.50000    4.54207
 110.00000    4.54273
 110.50000    4.53929
 111.00000    4.53570
 111.50000    4.54487
 112.00000    4.54771
 112.50000    4.53765
 113.00000    4.52726
 113.50000    4.53937
 114.00000    4.54090
 114.50000    4.53506
 115.00000    4.52774
 115.50000    4.53364
 116.00000    4.53100
 116.50000    4.53676
 117.00000    4.53373
 117.50000    4.52615
 118.00000    4.52280
 118.50000    4.52289
 119.00000    4.52708
 119.50000    4.53022
 120.00000    4.53548
 120.50000    4.53345
 121.00000    4.53167
 121.50000    4.52583
 122.00000    4.53076
 122.50000    4.52711
 123.00000    4.52396
 123.50000    4.51813
 124.00000    4.52378
 124.50000    4.52194
 125.00000    4.52514
 125.50000    4.52947
 126.00000    4.52282
 126.50000    4.51764
 127.00000    4.51800
 127.50000    4.52346
 128.00000    4.52628
 128.50000    4.52185
 129.00000    4.50782
 129.50000    4.50301
 130.00000    4.50520
 130.50000    4.51119
 131.00000    4.50944
 131.50000    4.50992
 132.00000    4.51029
 132.50000    4.50962
 133.00000    4.51212
 133.50000    4.51283
 134.00000    4.51766
 134.50000    4.52264
 135.00000    4.51949
 135.50000    4.51246
 136.00000    4.50946
 136.50000    4.50898
 137.00000    4.49956
 137.50000    4.49612
 138.00000    4.51014
 138.50000    4.50881
 139.00000    4.50298
 139.50000    4.50182
 140.00000    4.51061
 140.50000    4.50715
 141.00000    4.50576
 141.50000    4.50629
 142.00000    4.51015
 142.50000    4.51049
 143.00000    4.51105
 143.50000    4.50202
 144.00000    4.50045
 144.50000    4.50179
 145.00000    4.50911
 145.50000    4.49941
 146.00000    4.50214
 146.50000    4.50991
 147.00000    4.50958
 147.50000    4.50028
 148.00000    4.49817
 148.50000    4.50344
 149.00000    4.50803
 149.50000    4.51724
 150.00000    4.50161
