   0.00000    0.44261
   0.50000    1.27103
   1.00000    2.01941
   1.50000    2.42500
   2.00000    2.53999
   2.50000    2.82272
   3.00000    3.07148
   3.50000    3.18401
   4.00000    3.22234
   4.50000    3.27699
   5.00000    3.34037
   5.50000    3.40521
   6.00000    3.45544
   6.50000    3.49126
   7.00000    3.51800
   7.50000    3.53656
   8.00000    3.55792
   8.50000    3.57857
   9.00000    3.60854
   9.50000    3.62967
  10.00000    3.66438
  10.50000    3.67275
  11.00000    3.70070
  11.50000    3.71795
  12.00000    3.75121
  12.50000    3.77560
  13.00000    3.80031
  13.50000    3.80504
  14.00000    3.80325
  14.50000    3.81949
  15.00000    3.81829
  15.50000    3.84389
  16.00000    3.86439
  16.50000    3.91027
  17.00000    3.94035
  17.50000    3.98131
  18.00000    4.00359
  18.50000    4.03866
  19.00000    4.07947
  19.50000    4.09934
  20.00000    4.11090
  20.50000    4.08720
  21.00000    4.13513
  21.50000    4.21024
  22.00000    4.28042
  22.50000    4.30843
  23.00000    4.34541
  23.50000    4.41773
  24.00000    4.48136
  24.50000    4.52994
  25.00000    4.51561
  25.50000    4.52180
  26.00000    4.52659
  26.50000    4.53598
  27.00000    4.53815
  27.50000    4.56125
  28.00000    4.56377
  28.50000    4.55764
  29.00000    4.53100
  29.50000    4.52877
  30.00000    4.53253
  30.50000    4.57076
  31.00000    4.58445
  31.50000    4.58479
  32.00000    4.56647
  32.50000    4.56446
  33.00000    4.57380
  33.50000    4.57291
  34.00000    4.59202
  34.50000    4.59376
  35.00000    4.59819
  35.50000    4.58907
  36.00000    4.59565
  36.50000    4.57531
  37.00000    4.54868
  37.50000    4.53189
  38.00000    4.52368
  38.50000    4.51405
  39.00000    4.52894
  39.50000    4.52815
  40.00000    4.52025
  40.50000    4.51849
  41.00000    4.55284
  41.50000    4.52976
  42.00000    4.52745
  42.50000    4.50271
  43.00000    4.49885
  43.50000    4.48868
  44.00000    4.52477
  44.50000    4.52258
  45.00000    4.52779
  45.50000    4.53899
  46.00000    4.55072
  46.50000    4.55954
  47.00000    4.58420
  47.50000    4.61515
  48.00000    4.60187
  48.50000    4.55843
  49.00000    4.54453
  49.50000    4.54695
  50.00000    4.54950
  50.50000    4.53103
  51.00000    4.54723
  51.50000    4.54023
  52.00000    4.53026
  52.50000    4.50659
  53.00000    4.49371
  53.50000    4.48082
  54.00000    4.47442
  54.50000    4.47779
  55.00000    4.47681
  55.50000    4.46392
  56.00000    4.46197
  56.50000    4.46715
  57.00000    4.45494
  57.50000    4.43964
  58.00000    4.44555
  58.50000    4.44468
  59.00000    4.43906
  59.50000    4.42291
  60.00000    4.40869
  60.50000    4.39207
  61.00000    4.39832
  61.50000    4.40535
  62.00000    4.40507
  62.50000    4.39347
  63.00000    4.38441
  63.50000    4.37330
  64.00000    4.37122
  64.50000    4.36695
  65.00000    4.36500
  65.50000    4.34570
  66.00000    4.36270
  66.50000    4.37532
  67.00000    4.36902
  67.50000    4.33825
  68.00000    4.32300
  68.50000    4.33025
  69.00000    4.34805
  69.50000    4.36239
  70.00000    4.35437
  70.50000    4.34055
  71.00000    4.32015
  71.50000    4.29355
  72.00000    4.29805
  72.50000    4.31513
  73.00000    4.31651
  73.50000    4.30454
  74.00000    4.29644
  74.50000    4.29720
  75.00000    4.29687
  75.50000    4.28653
  76.00000    4.28363
  76.50000    4.28011
  77.00000    4.28358
  77.50000    4.26383
  78.00000    4.26722
  78.50000    4.27283
  79.00000    4.27499
  79.50000    4.27829
  80.00000    4.27078
  80.50000    4.28529
  81.00000    4.28648
  81.50000    4.28401
  82.00000    4.28033
  82.50000    4.28730
  83.00000    4.28195
  83.50000    4.26975
  84.00000    4.26485
  84.50000    4.28264
  85.00000    4.27775
  85.50000    4.27457
  86.00000    4.25077
  86.50000    4.26704
  87.00000    4.27823
  87.50000    4.28326
  88.00000    4.27470
  88.50000    4.26922
  89.00000    4.26647
  89.50000    4.26856
  90.00000    4.28112
  90.50000    4.27523
  91.00000    4.26613
  91.50000    4.26887
  92.00000    4.28113
  92.50000    4.27110
  93.00000    4.25749
  93.50000    4.23701
  94.00000    4.24339
  94.50000    4.25265
  95.00000    4.26397
  95.50000    4.25739
  96.00000    4.25568
  96.50000    4.24122
  97.00000    4.23725
  97.50000    4.25347
  98.00000    4.25928
  98.50000    4.25521
  99.00000    4.23792
  99.50000    4.23109
 100.00000    4.23047
 100.50000    4.25967
 101.00000    4.26642
 101.50000    4.26146
 102.00000    4.25845
 102.50000    4.26097
 103.00000    4.26093
 103.50000    4.25063
 104.00000    4.24607
 104.50000    4.24090
 105.00000    4.25774
 105.50000    4.26245
 106.00000    4.25827
 106.50000    4.24842
 107.00000    4.24207
 107.50000    4.24852
 108.00000    4.24579
 108.50000    4.23325
 109.00000    4.21099
 109.50000    4.21958
 110.00000    4.22351
 110.50000    4.26199
 111.00000    4.26177
 111.50000    4.23841
 112.00000    4.22662
 112.50000    4.24502
 113.00000    4.25054
 113.50000    4.23930
 114.00000    4.25234
 114.50000    4.24271
 115.00000    4.23908
 115.50000    4.23495
 116.00000    4.24823
 116.50000    4.25498
 117.00000    4.25117
 117.50000    4.22116
 118.00000    4.23481
 118.50000    4.23696
 119.00000    4.24956
 119.50000    4.24302
 120.00000    4.24252
 120.50000    4.23103
 121.00000    4.24180
 121.50000    4.25211
 122.00000    4.24613
 122.50000    4.24748
 123.00000    4.24477
 123.50000    4.24743
 124.00000    4.25337
 124.50000    4.24615
 125.00000    4.23098
 125.50000    4.22811
 126.00000    4.23887
 126.50000    4.24462
 127.00000    4.24129
 127.50000    4.22453
 128.00000    4.21794
 128.50000    4.23901
 129.00000    4.25676
 129.50000    4.24870
 130.00000    4.24544
 130.50000    4.24208
 131.00000    4.24895
 131.50000    4.23550
 132.00000    4.23408
 132.50000    4.22046
 133.00000    4.23980
 133.50000    4.24792
 134.00000    4.24794
 134.50000    4.23587
 135.00000    4.24126
 135.50000    4.23717
 136.00000    4.23645
 136.50000    4.24987
 137.00000    4.26795
 137.50000    4.26348
 138.00000    4.24565
 138.50000    4.25245
 139.00000    4.25660
 139.50000    4.25609
 140.00000    4.22234
 140.50000    4.22583
 141.00000    4.22098
 141.50000    4.23861
 142.00000    4.23562
 142.50000    4.24390
 143.00000    4.20554
 143.50000    4.21923
 144.00000    4.25556
 144.50000    4.28654
 145.00000    4.25433
 145.50000    4.24776
 146.00000    4.24790
 146.50000    4.25327
 147.00000    4.24907
 147.50000    4.25473
 148.00000    4.25942
 148.50000    4.26384
 149.00000    4.27539
 149.50000    4.27811
 150.00000    4.24274
