   0.00000    1.38432
   0.50000    1.96233
   1.00000    2.15767
   1.50000    2.28437
   2.00000    2.46941
   2.50000    2.67136
   3.00000    2.87356
   3.50000    3.07100
   4.00000    3.22132
   4.50000    3.29104
   5.00000    3.35703
   5.50000    3.41807
   6.00000    3.49191
   6.50000    3.54486
   7.00000    3.60287
   7.50000    3.62702
   8.00000    3.63030
   8.50000    3.62239
   9.00000    3.63921
   9.50000    3.64268
  10.00000    3.63710
  10.50000    3.64143
  11.00000    3.65094
  11.50000    3.66309
  12.00000    3.67377
  12.50000    3.67436
  13.00000    3.66377
  13.50000    3.67319
  14.00000    3.68041
  14.50000    3.68878
  15.00000    3.70178
  15.50000    3.70896
  16.00000    3.70759
  16.50000    3.70185
  17.00000    3.71283
  17.50000    3.70439
  18.00000    3.71407
  18.50000    3.71815
  19.00000    3.73292
  19.50000    3.72016
  20.00000    3.72360
  20.50000    3.73408
  21.00000    3.73964
  21.50000    3.76463
  22.00000    3.76800
  22.50000    3.76504
  23.00000    3.74749
  23.50000    3.76729
  24.00000    3.75615
  24.50000    3.75308
  25.00000    3.76494
  25.50000    3.77804
  26.00000    3.77176
  26.50000    3.75895
  27.00000    3.74973
  27.50000    3.75252
  28.00000    3.77307
  28.50000    3.79355
  29.00000    3.78017
  29.50000    3.75325
  30.00000    3.74729
  30.50000    3.73623
  31.00000    3.75456
  31.50000    3.74866
  32.00000    3.76486
  32.50000    3.74891
  33.00000    3.75266
  33.50000    3.72455
  34.00000    3.71635
  34.50000    3.71849
  35.00000    3.73162
  35.50000    3.75911
  36.00000    3.79327
  36.50000    3.82563
  37.00000    3.84101
  37.50000    3.85607
  38.00000    3.88107
  38.50000    3.90695
  39.00000    3.93441
  39.50000    3.97389
  40.00000    4.00571
  40.50000    4.01967
  41.00000    4.01818
  41.50000    4.03065
  42.00000    4.03670
  42.50000    4.05340
  43.00000    4.10162
  43.50000    4.17604
  44.00000    4.21404
  44.50000    4.23462
  45.00000    4.25632
  45.50000    4.30323
  46.00000    4.32021
  46.50000    4.33797
  47.00000    4.35471
  47.50000    4.38534
  48.00000    4.40811
  48.50000    4.43588
  49.00000    4.45823
  49.50000    4.50033
  50.00000    4.52523
  50.50000    4.53584
  51.00000    4.51454
  51.50000    4.51987
  52.00000    4.52266
  52.50000    4.50624
  53.00000    4.48196
  53.50000    4.48394
  54.00000    4.49167
  54.50000    4.47672
  55.00000    4.47577
  55.50000    4.48685
  56.00000    4.49203
  56.50000    4.49580
  57.00000    4.50802
  57.50000    4.50491
  58.00000    4.48987
  58.50000    4.48941
  59.00000    4.49972
  59.50000    4.48357
  60.00000    4.47213
  60.50000    4.48646
  61.00000    4.50032
  61.50000    4.47238
  62.00000    4.44309
  62.50000    4.45701
  63.00000    4.46274
  63.50000    4.46533
  64.00000    4.46764
  64.50000    4.48542
  65.00000    4.47676
  65.50000    4.48707
  66.00000    4.48618
  66.50000    4.47824
  67.00000    4.46337
  67.50000    4.46322
  68.00000    4.46939
  68.50000    4.47309
  69.00000    4.47167
  69.50000    4.46317
  70.00000    4.47166
  70.50000    4.48135
  71.00000    4.49047
  71.50000    4.49907
  72.00000    4.50525
  72.50000    4.48491
  73.00000    4.48168
  73.50000    4.49238
  74.00000    4.51213
  74.50000    4.50646
  75.00000    4.50742
  75.50000    4.50067
  76.00000    4.51994
  76.50000    4.54224
  77.00000    4.54941
  77.50000    4.54239
  78.00000    4.53709
  78.50000    4.53876
  79.00000    4.54070
  79.50000    4.53328
  80.00000    4.53387
  80.50000    4.52585
  81.00000    4.54028
  81.50000    4.55077
  82.00000    4.55969
  82.50000    4.54260
  83.00000    4.53134
  83.50000    4.54811
  84.00000    4.56739
  84.50000    4.58502
  85.00000    4.60284
  85.50000    4.59245
  86.00000    4.59788
  86.50000    4.59753
  87.00000    4.61329
  87.50000    4.60118
  88.00000    4.60090
  88.50000    4.59978
  89.00000    4.60486
  89.50000    4.60845
  90.00000    4.61530
  90.50000    4.61619
  91.00000    4.59685
  91.50000    4.60489
  92.00000    4.63953
  92.50000    4.67179
  93.00000    4.67735
  93.50000    4.67675
  94.00000    4.66040
  94.50000    4.64053
  95.00000    4.65265
  95.50000    4.66690
  96.00000    4.68346
  96.50000    4.68519
  97.00000    4.67913
  97.50000    4.67132
  98.00000    4.66376
  98.50000    4.68270
  99.00000    4.67735
  99.50000    4.69239
 100.00000    4.69058
 100.50000    4.70203
 101.00000    4.70569
 101.50000    4.73342
 102.00000    4.73454
 102.50000    4.72887
 103.00000    4.71876
 103.50000    4.72677
 104.00000    4.73835
 104.50000    4.74823
 105.00000    4.72638
 105.50000    4.72535
 106.00000    4.73261
 106.50000    4.74920
 107.00000    4.73891
 107.50000    4.75740
 108.00000    4.77374
 108.50000    4.78498
 109.00000    4.76968
 109.50000    4.75352
 110.00000    4.78037
 110.50000    4.77125
 111.00000    4.77587
 111.50000    4.78457
 112.00000    4.83226
 112.50000    4.82691
 113.00000    4.79262
 113.50000    4.77020
 114.00000    4.77791
 114.50000    4.79015
 115.00000    4.78820
 115.50000    4.79889
 116.00000    4.80488
 116.50000    4.80302
 117.00000    4.79786
 117.50000    4.80153
 118.00000    4.80544
 118.50000    4.81269
 119.00000    4.83425
 119.50000    4.85328
 120.00000    4.83480
 120.50000    4.81574
 121.00000    4.82823
 121.50000    4.84738
 122.00000    4.83541
 122.50000    4.83369
 123.00000    4.84428
 123.50000    4.86289
 124.00000    4.86515
 124.50000    4.85989
 125.00000    4.86700
 125.50000    4.85513
 126.00000    4.85413
 126.50000    4.84407
 127.00000    4.86381
 127.50000    4.86568
 128.00000    4.88322
 128.50000    4.87505
 129.00000    4.87442
 129.50000    4.86241
 130.00000    4.87009
 130.50000    4.87262
 131.00000    4.89245
 131.50000    4.87978
 132.00000    4.90260
 132.50000    4.91818
 133.00000    4.91717
 133.50000    4.91123
 134.00000    4.91246
 134.50000    4.90993
 135.00000    4.87854
 135.50000    4.86890
 136.00000    4.87919
 136.50000    4.87428
 137.00000    4.89388
 137.50000    4.90919
 138.00000    4.94034
 138.50000    4.92652
 139.00000    4.92147
 139.50000    4.91280
 140.00000    4.91182
 140.50000    4.91641
 141.00000    4.90666
 141.50000    4.92594
 142.00000    4.93742
 142.50000    4.93864
 143.00000    4.92373
 143.50000    4.90573
 144.00000    4.90041
 144.50000    4.90776
 145.00000    4.91819
 145.50000    4.87448
 146.00000    4.87441
 146.50000    4.89230
 147.00000    4.91937
 147.50000    4.91794
 148.00000    4.90726
 148.50000    4.90113
 149.00000    4.89459
 149.50000    4.90315
 150.00000    4.91868
