   0.00000    1.30824
   0.50000    1.76035
   1.00000    2.31509
   1.50000    2.84928
   2.00000    3.26135
   2.50000    3.38477
   3.00000    3.43132
   3.50000    3.46487
   4.00000    3.48862
   4.50000    3.49777
   5.00000    3.50651
   5.50000    3.51821
   6.00000    3.53006
   6.50000    3.54169
   7.00000    3.54893
   7.50000    3.55714
   8.00000    3.56441
   8.50000    3.57593
   9.00000    3.58085
   9.50000    3.59903
  10.00000    3.61143
  10.50000    3.62117
  11.00000    3.62626
  11.50000    3.63059
  12.00000    3.63452
  12.50000    3.64533
  13.00000    3.65707
  13.50000    3.66264
  14.00000    3.66139
  14.50000    3.66379
  15.00000    3.67371
  15.50000    3.68859
  16.00000    3.68968
  16.50000    3.69485
  17.00000    3.70510
  17.50000    3.71692
  18.00000    3.72012
  18.50000    3.71792
  19.00000    3.71689
  19.50000    3.72572
  20.00000    3.73594
  20.50000    3.73336
  21.00000    3.72502
  21.50000    3.72881
  22.00000    3.74542
  22.50000    3.75900
  23.00000    3.75819
  23.50000    3.75416
  24.00000    3.75943
  24.50000    3.75196
  25.00000    3.74574
  25.50000    3.75081
  26.00000    3.76934
  26.50000    3.78395
  27.00000    3.79233
  27.50000    3.79544
  28.00000    3.79972
  28.50000    3.80868
  29.00000    3.80246
  29.50000    3.79801
  30.00000    3.79642
  30.50000    3.80769
  31.00000    3.81107
  31.50000    3.81550
  32.00000    3.80676
  32.50000    3.81768
  33.00000    3.82356
  33.50000    3.82403
  34.00000    3.83459
  34.50000    3.85688
  35.00000    3.87161
  35.50000    3.87090
  36.00000    3.89004
  36.50000    3.91071
  37.00000    3.92690
  37.50000    3.92617
  38.00000    3.93643
  38.50000    3.95193
  39.00000    3.97259
  39.50000    3.98287
  40.00000    3.99955
  40.50000    4.02115
  41.00000    4.06700
  41.50000    4.11378
  42.00000    4.16900
  42.50000    4.21729
  43.00000    4.26923
  43.50000    4.31631
  44.00000    4.37233
  44.50000    4.43193
  45.00000    4.48588
  45.50000    4.52296
  46.00000    4.54929
  46.50000    4.56695
  47.00000    4.58334
  47.50000    4.58901
  48.00000    4.59242
  48.50000    4.58966
  49.00000    4.58759
  49.50000    4.57642
  50.00000    4.57196
  50.50000    4.58452
  51.00000    4.59589
  51.50000    4.59386
  52.00000    4.59053
  52.50000    4.60363
  53.00000    4.62259
  53.50000    4.63892
  54.00000    4.64004
  54.50000    4.63025
  55.00000    4.63798
  55.50000    4.64550
  56.00000    4.64854
  56.50000    4.65170
  57.00000    4.66167
  57.50000    4.65817
  58.00000    4.64656
  58.50000    4.64770
  59.00000    4.64448
  59.50000    4.64356
  60.00000    4.65144
  60.50000    4.66427
  61.00000    4.66754
  61.50000    4.65998
  62.00000    4.65669
  62.50000    4.65845
  63.00000    4.66219
  63.50000    4.66167
  64.00000    4.66145
  64.50000    4.65947
  65.00000    4.65545
  65.50000    4.64750
  66.00000    4.65206
  66.50000    4.65408
  67.00000    4.65963
  67.50000    4.65095
  68.00000    4.64721
  68.50000    4.64579
  69.00000    4.64954
  69.50000    4.64093
  70.00000    4.63572
  70.50000    4.64195
  71.00000    4.64392
  71.50000    4.64370
  72.00000    4.63928
  72.50000    4.64531
  73.00000    4.64424
  73.50000    4.64025
  74.00000    4.63243
  74.50000    4.63050
  75.00000    4.63300
  75.50000    4.63617
  76.00000    4.63511
  76.50000    4.63640
  77.00000    4.63065
  77.50000    4.62775
  78.00000    4.62399
  78.50000    4.62582
  79.00000    4.62170
  79.50000    4.61002
  80.00000    4.60455
  80.50000    4.61506
  81.00000    4.62405
  81.50000    4.62233
  82.00000    4.60978
  82.50000    4.60677
  83.00000    4.60971
  83.50000    4.60688
  84.00000    4.59988
  84.50000    4.59622
  85.00000    4.59629
  85.50000    4.60132
  86.00000    4.58877
  86.50000    4.58564
  87.00000    4.57861
  87.50000    4.59298
  88.00000    4.59363
  88.50000    4.59205
  89.00000    4.58798
  89.50000    4.57837
  90.00000    4.57236
  90.50000    4.56851
  91.00000    4.57875
  91.50000    4.58633
  92.00000    4.58639
  92.50000    4.58564
  93.00000    4.58181
  93.50000    4.57745
  94.00000    4.58160
  94.50000    4.58480
  95.00000    4.58908
  95.50000    4.57392
  96.00000    4.57073
  96.50000    4.57399
  97.00000    4.58752
  97.50000    4.58189
  98.00000    4.57004
  98.50000    4.56656
  99.00000    4.56863
  99.50000    4.57322
 100.00000    4.57410
 100.50000    4.57470
 101.00000    4.57146
 101.50000    4.57818
 102.00000    4.57978
 102.50000    4.57921
 103.00000    4.56849
 103.50000    4.56953
 104.00000    4.57297
 104.50000    4.58026
 105.00000    4.57465
 105.50000    4.57351
 106.00000    4.57187
 106.50000    4.57249
 107.00000    4.56773
 107.50000    4.57312
 108.00000    4.57221
 108.50000    4.57524
 109.00000    4.57160
 109.50000    4.57124
 110.00000    4.56491
 110.50000    4.57192
 111.00000    4.57779
 111.50000    4.57603
 112.00000    4.57125
 112.50000    4.56935
 113.00000    4.57457
 113.50000    4.57669
 114.00000    4.57208
 114.50000    4.56800
 115.00000    4.57089
 115.50000    4.57400
 116.00000    4.57372
 116.50000    4.57544
 117.00000    4.57052
 117.50000    4.56929
 118.00000    4.57830
 118.50000    4.58404
 119.00000    4.57615
 119.50000    4.56801
 120.00000    4.56985
 120.50000    4.57618
 121.00000    4.58346
 121.50000    4.57818
 122.00000    4.57607
 122.50000    4.57560
 123.00000    4.57909
 123.50000    4.58316
 124.00000    4.58635
 124.50000    4.59366
 125.00000    4.59126
 125.50000    4.59001
 126.00000    4.58638
 126.50000    4.59272
 127.00000    4.58816
 127.50000    4.58202
 128.00000    4.57851
 128.50000    4.58979
 129.00000    4.58947
 129.50000    4.59275
 130.00000    4.58970
 130.50000    4.59278
 131.00000    4.59252
 131.50000    4.60219
 132.00000    4.59521
 132.50000    4.59216
 133.00000    4.59433
 133.50000    4.60581
 134.00000    4.60804
 134.50000    4.60979
 135.00000    4.60514
 135.50000    4.59755
 136.00000    4.60075
 136.50000    4.60385
 137.00000    4.61083
 137.50000    4.61022
 138.00000    4.61307
 138.50000    4.61405
 139.00000    4.61470
 139.50000    4.61080
 140.00000    4.61439
 140.50000    4.61323
 141.00000    4.61240
 141.50000    4.61157
 142.00000    4.61031
 142.50000    4.61292
 143.00000    4.61730
 143.50000    4.62017
 144.00000    4.61061
 144.50000    4.60946
 145.00000    4.61087
 145.50000    4.61341
 146.00000    4.61778
 146.50000    4.62002
 147.00000    4.62142
 147.50000    4.62532
 148.00000    4.62969
 148.50000    4.62406
 149.00000    4.61668
 149.50000    4.61778
 150.00000    4.62203
