   0.00000    1.38710
   0.50000    3.06350
   1.00000    3.32337
   1.50000    3.22732
   2.00000    3.31437
   2.50000    3.38182
   3.00000    3.41417
   3.50000    3.43559
   4.00000    3.46088
   4.50000    3.48673
   5.00000    3.50698
   5.50000    3.50335
   6.00000    3.50564
   6.50000    3.50544
   7.00000    3.51446
   7.50000    3.51160
   8.00000    3.51093
   8.50000    3.51446
   9.00000    3.53996
   9.50000    3.55457
  10.00000    3.56323
  10.50000    3.56926
  11.00000    3.58279
  11.50000    3.58218
  12.00000    3.58192
  12.50000    3.59501
  13.00000    3.60975
  13.50000    3.60975
  14.00000    3.61142
  14.50000    3.61873
  15.00000    3.64036
  15.50000    3.65370
  16.00000    3.65757
  16.50000    3.65892
  17.00000    3.67557
  17.50000    3.69850
  18.00000    3.70710
  18.50000    3.72695
  19.00000    3.73536
  19.50000    3.73241
  20.00000    3.72854
  20.50000    3.75303
  21.00000    3.77562
  21.50000    3.78266
  22.00000    3.80855
  22.50000    3.83711
  23.00000    3.85746
  23.50000    3.88041
  24.00000    3.89624
  24.50000    3.89565
  25.00000    3.88067
  25.50000    3.90885
  26.00000    3.93822
  26.50000    3.93145
  27.00000    3.90438
  27.50000    3.91857
  28.00000    3.96610
  28.50000    3.99596
  29.00000    4.01574
  29.50000    4.03239
  30.00000    4.05051
  30.50000    4.08109
  31.00000    4.11767
  31.50000    4.14585
  32.00000    4.16989
  32.50000    4.19995
  33.00000    4.22508
  33.50000    4.24960
  34.00000    4.26226
  34.50000    4.28044
  35.00000    4.29469
  35.50000    4.32481
  36.00000    4.34494
  36.50000    4.35827
  37.00000    4.35118
  37.50000    4.36353
  38.00000    4.37818
  38.50000    4.39823
  39.00000    4.41322
  39.50000    4.42923
  40.00000    4.42069
  40.50000    4.40419
  41.00000    4.39267
  41.50000    4.39769
  42.00000    4.40041
  42.50000    4.40628
  43.00000    4.41093
  43.50000    4.41964
  44.00000    4.41857
  44.50000    4.42043
  45.00000    4.41411
  45.50000    4.40859
  46.00000    4.40663
  46.50000    4.41766
  47.00000    4.40959
  47.50000    4.41663
  48.00000    4.42554
  48.50000    4.43471
  49.00000    4.43887
  49.50000    4.44937
  50.00000    4.45224
  50.50000    4.45531
  51.00000    4.45055
  51.50000    4.44725
  52.00000    4.44478
  52.50000    4.46028
  53.00000    4.45989
  53.50000    4.46906
  54.00000    4.47238
  54.50000    4.48188
  55.00000    4.47384
  55.50000    4.47219
  56.00000    4.46658
  56.50000    4.47357
  57.00000    4.47907
  57.50000    4.48744
  58.00000    4.49476
  58.50000    4.49716
  59.00000    4.50220
  59.50000    4.50761
  60.00000    4.51431
  60.50000    4.52518
  61.00000    4.52540
  61.50000    4.52354
  62.00000    4.52133
  62.50000    4.53782
  63.00000    4.52966
  63.50000    4.51802
  64.00000    4.51505
  64.50000    4.52602
  65.00000    4.53319
  65.50000    4.53666
  66.00000    4.54013
  66.50000    4.53361
  67.00000    4.54832
  67.50000    4.54815
  68.00000    4.54004
  68.50000    4.51849
  69.00000    4.52980
  69.50000    4.54203
  70.00000    4.55647
  70.50000    4.54539
  71.00000    4.53257
  71.50000    4.52587
  72.00000    4.54045
  72.50000    4.54768
  73.00000    4.55548
  73.50000    4.55385
  74.00000    4.55193
  74.50000    4.54882
  75.00000    4.54539
  75.50000    4.54716
  76.00000    4.54493
  76.50000    4.54330
  77.00000    4.53636
  77.50000    4.54019
  78.00000    4.54561
  78.50000    4.54079
  79.00000    4.53993
  79.50000    4.54532
  80.00000    4.54464
  80.50000    4.54382
  81.00000    4.53503
  81.50000    4.54284
  82.00000    4.53439
  82.50000    4.53525
  83.00000    4.53265
  83.50000    4.53848
  84.00000    4.51637
  84.50000    4.50639
  85.00000    4.51284
  85.50000    4.51291
  86.00000    4.50070
  86.50000    4.50801
  87.00000    4.51220
  87.50000    4.50618
  88.00000    4.49736
  88.50000    4.50312
  89.00000    4.49217
  89.50000    4.49886
  90.00000    4.50668
  90.50000    4.51165
  91.00000    4.49411
  91.50000    4.48984
  92.00000    4.49300
  92.50000    4.48475
  93.00000    4.48229
  93.50000    4.47737
  94.00000    4.47366
  94.50000    4.46459
  95.00000    4.45833
  95.50000    4.45876
  96.00000    4.46139
  96.50000    4.46483
  97.00000    4.46081
  97.50000    4.45491
  98.00000    4.45523
  98.50000    4.45514
  99.00000    4.45085
  99.50000    4.44832
 100.00000    4.44452
 100.50000    4.44618
 101.00000    4.43674
 101.50000    4.44301
 102.00000    4.43806
 102.50000    4.43361
 103.00000    4.42696
 103.50000    4.43192
 104.00000    4.43616
 104.50000    4.42265
 105.00000    4.40865
 105.50000    4.41140
 106.00000    4.43274
 106.50000    4.43560
 107.00000    4.42010
 107.50000    4.40950
 108.00000    4.41077
 108.50000    4.40984
 109.00000    4.39507
 109.50000    4.38587
 110.00000    4.38386
 110.50000    4.39035
 111.00000    4.38266
 111.50000    4.37730
 112.00000    4.37646
 112.50000    4.37973
 113.00000    4.37539
 113.50000    4.36969
 114.00000    4.37840
 114.50000    4.38418
 115.00000    4.37728
 115.50000    4.35595
 116.00000    4.35588
 116.50000    4.36437
 117.00000    4.36269
 117.50000    4.35718
 118.00000    4.35330
 118.50000    4.35421
 119.00000    4.35269
 119.50000    4.34597
 120.00000    4.33392
 120.50000    4.33729
 121.00000    4.35038
 121.50000    4.34189
 122.00000    4.33490
 122.50000    4.33608
 123.00000    4.33848
 123.50000    4.32855
 124.00000    4.32905
 124.50000    4.32327
 125.00000    4.32004
 125.50000    4.32174
 126.00000    4.32216
 126.50000    4.31285
 127.00000    4.31193
 127.50000    4.30871
 128.00000    4.30379
 128.50000    4.29501
 129.00000    4.29593
 129.50000    4.29917
 130.00000    4.30864
 130.50000    4.31412
 131.00000    4.31682
 131.50000    4.31086
 132.00000    4.30622
 132.50000    4.30011
 133.00000    4.29655
 133.50000    4.29114
 134.00000    4.29925
 134.50000    4.30144
 135.00000    4.30320
 135.50000    4.29598
 136.00000    4.28798
 136.50000    4.28231
 137.00000    4.28765
 137.50000    4.29607
 138.00000    4.29744
 138.50000    4.30195
 139.00000    4.29842
 139.50000    4.28800
 140.00000    4.28380
 140.50000    4.29080
 141.00000    4.29636
 141.50000    4.29868
 142.00000    4.30082
 142.50000    4.29643
 143.00000    4.29014
 143.50000    4.28658
 144.00000    4.29560
 144.50000    4.29667
 145.00000    4.29997
 145.50000    4.29465
 146.00000    4.30011
 146.50000    4.30785
 147.00000    4.31663
 147.50000    4.31169
 148.00000    4.29774
 148.50000    4.28829
 149.00000    4.28980
 149.50000    4.29652
 150.00000    4.30228
