   0.00000    1.37175
   0.50000    2.94969
   1.00000    3.33748
   1.50000    3.36013
   2.00000    3.46575
   2.50000    3.46969
   3.00000    3.44662
   3.50000    3.45153
   4.00000    3.46861
   4.50000    3.51026
   5.00000    3.52621
   5.50000    3.52732
   6.00000    3.51986
   6.50000    3.53387
   7.00000    3.54593
   7.50000    3.55951
   8.00000    3.55668
   8.50000    3.56593
   9.00000    3.56082
   9.50000    3.57032
  10.00000    3.56542
  10.50000    3.56727
  11.00000    3.56671
  11.50000    3.58584
  12.00000    3.60661
  12.50000    3.60293
  13.00000    3.59978
  13.50000    3.60212
  14.00000    3.61313
  14.50000    3.61576
  15.00000    3.62637
  15.50000    3.62471
  16.00000    3.62309
  16.50000    3.61877
  17.00000    3.63089
  17.50000    3.65337
  18.00000    3.66250
  18.50000    3.66062
  19.00000    3.66885
  19.50000    3.68539
  20.00000    3.68378
  20.50000    3.67854
  21.00000    3.68625
  21.50000    3.70803
  22.00000    3.71161
  22.50000    3.70811
  23.00000    3.70380
  23.50000    3.72040
  24.00000    3.72680
  24.50000    3.73905
  25.00000    3.75211
  25.50000    3.74670
  26.00000    3.72587
  26.50000    3.71955
  27.00000    3.73000
  27.50000    3.73540
  28.00000    3.76156
  28.50000    3.82364
  29.00000    3.89969
  29.50000    3.96778
  30.00000    4.01630
  30.50000    4.04512
  31.00000    4.07806
  31.50000    4.11290
  32.00000    4.15464
  32.50000    4.18927
  33.00000    4.23971
  33.50000    4.27570
  34.00000    4.31687
  34.50000    4.36485
  35.00000    4.41166
  35.50000    4.45241
  36.00000    4.48080
  36.50000    4.50291
  37.00000    4.52070
  37.50000    4.54359
  38.00000    4.54079
  38.50000    4.52995
  39.00000    4.52917
  39.50000    4.53781
  40.00000    4.53737
  40.50000    4.53302
  41.00000    4.53009
  41.50000    4.54329
  42.00000    4.55087
  42.50000    4.56370
  43.00000    4.57329
  43.50000    4.58806
  44.00000    4.57576
  44.50000    4.57361
  45.00000    4.57839
  45.50000    4.59307
  46.00000    4.59367
  46.50000    4.58704
  47.00000    4.56500
  47.50000    4.56145
  48.00000    4.55740
  48.50000    4.56021
  49.00000    4.54386
  49.50000    4.56440
  50.00000    4.57878
  50.50000    4.59439
  51.00000    4.58483
  51.50000    4.57979
  52.00000    4.57502
  52.50000    4.57669
  53.00000    4.58077
  53.50000    4.56909
  54.00000    4.56187
  54.50000    4.56740
  55.00000    4.57884
  55.50000    4.58456
  56.00000    4.57457
  56.50000    4.55806
  57.00000    4.55685
  57.50000    4.55957
  58.00000    4.56289
  58.50000    4.54558
  59.00000    4.54561
  59.50000    4.54167
  60.00000    4.54077
  60.50000    4.53319
  61.00000    4.53201
  61.50000    4.52757
  62.00000    4.52251
  62.50000    4.51382
  63.00000    4.51300
  63.50000    4.51327
  64.00000    4.51336
  64.50000    4.50510
  65.00000    4.50832
  65.50000    4.52384
  66.00000    4.51620
  66.50000    4.50942
  67.00000    4.50132
  67.50000    4.50055
  68.00000    4.48990
  68.50000    4.49662
  69.00000    4.49377
  69.50000    4.49906
  70.00000    4.49498
  70.50000    4.49020
  71.00000    4.48207
  71.50000    4.48259
  72.00000    4.46731
  72.50000    4.46581
  73.00000    4.46847
  73.50000    4.46959
  74.00000    4.46010
  74.50000    4.46748
  75.00000    4.46759
  75.50000    4.46918
  76.00000    4.46298
  76.50000    4.46015
  77.00000    4.45467
  77.50000    4.45360
  78.00000    4.45415
  78.50000    4.44832
  79.00000    4.44237
  79.50000    4.44238
  80.00000    4.43779
  80.50000    4.42732
  81.00000    4.42286
  81.50000    4.42469
  82.00000    4.44026
  82.50000    4.44047
  83.00000    4.44276
  83.50000    4.43595
  84.00000    4.44695
  84.50000    4.43080
  85.00000    4.43058
  85.50000    4.42827
  86.00000    4.43674
  86.50000    4.42672
  87.00000    4.42144
  87.50000    4.41688
  88.00000    4.42823
  88.50000    4.43395
  89.00000    4.41804
  89.50000    4.41461
  90.00000    4.42224
  90.50000    4.44126
  91.00000    4.43297
  91.50000    4.42148
  92.00000    4.40996
  92.50000    4.41180
  93.00000    4.41404
  93.50000    4.42441
  94.00000    4.42760
  94.50000    4.42871
  95.00000    4.41272
  95.50000    4.41144
  96.00000    4.42734
  96.50000    4.43563
  97.00000    4.41991
  97.50000    4.40875
  98.00000    4.42121
  98.50000    4.42813
  99.00000    4.43705
  99.50000    4.44575
 100.00000    4.43572
 100.50000    4.41330
 101.00000    4.40338
 101.50000    4.41184
 102.00000    4.41778
 102.50000    4.41827
 103.00000    4.41791
 103.50000    4.42391
 104.00000    4.42696
 104.50000    4.42799
 105.00000    4.42229
 105.50000    4.41511
 106.00000    4.40774
 106.50000    4.40908
 107.00000    4.41584
 107.50000    4.41995
 108.00000    4.43272
 108.50000    4.44066
 109.00000    4.43611
 109.50000    4.42563
 110.00000    4.43196
 110.50000    4.43165
 111.00000    4.42266
 111.50000    4.41093
 112.00000    4.41095
 112.50000    4.41556
 113.00000    4.41627
 113.50000    4.41111
 114.00000    4.41843
 114.50000    4.43266
 115.00000    4.43345
 115.50000    4.43009
 116.00000    4.43932
 116.50000    4.43791
 117.00000    4.43051
 117.50000    4.43249
 118.00000    4.43447
 118.50000    4.43177
 119.00000    4.43734
 119.50000    4.44382
 120.00000    4.43787
 120.50000    4.44233
 121.00000    4.44729
 121.50000    4.44525
 122.00000    4.44959
 122.50000    4.45882
 123.00000    4.44555
 123.50000    4.43263
 124.00000    4.44132
 124.50000    4.45122
 125.00000    4.44324
 125.50000    4.43765
 126.00000    4.44625
 126.50000    4.44634
 127.00000    4.45795
 127.50000    4.45611
 128.00000    4.46338
 128.50000    4.45660
 129.00000    4.45410
 129.50000    4.44622
 130.00000    4.45279
 130.50000    4.46664
 131.00000    4.46268
 131.50000    4.46485
 132.00000    4.45931
 132.50000    4.45604
 133.00000    4.45207
 133.50000    4.46806
 134.00000    4.46781
 134.50000    4.46831
 135.00000    4.46343
 135.50000    4.47066
 136.00000    4.46870
 136.50000    4.46850
 137.00000    4.46912
 137.50000    4.47211
 138.00000    4.47032
 138.50000    4.46945
 139.00000    4.47788
 139.50000    4.47904
 140.00000    4.47632
 140.50000    4.48779
 141.00000    4.49164
 141.50000    4.49204
 142.00000    4.48305
 142.50000    4.47996
 143.00000    4.47995
 143.50000    4.48834
 144.00000    4.49353
 144.50000    4.48674
 145.00000    4.48436
 145.50000    4.48525
 146.00000    4.48349
 146.50000    4.48470
 147.00000    4.48274
 147.50000    4.49626
 148.00000    4.50018
 148.50000    4.50455
 149.00000    4.49190
 149.50000    4.48446
 150.00000    4.48954
