   0.00000    1.38966
   0.50000    2.96415
   1.00000    3.35470
   1.50000    3.36826
   2.00000    3.42610
   2.50000    3.35870
   3.00000    3.28009
   3.50000    3.27183
   4.00000    3.30569
   4.50000    3.31347
   5.00000    3.32743
   5.50000    3.37012
   6.00000    3.43124
   6.50000    3.51223
   7.00000    3.56606
   7.50000    3.58392
   8.00000    3.60180
   8.50000    3.62303
   9.00000    3.63931
   9.50000    3.64292
  10.00000    3.65488
  10.50000    3.65088
  11.00000    3.63144
  11.50000    3.61921
  12.00000    3.62762
  12.50000    3.64928
  13.00000    3.65092
  13.50000    3.63868
  14.00000    3.62316
  14.50000    3.61674
  15.00000    3.61405
  15.50000    3.60153
  16.00000    3.62527
  16.50000    3.64461
  17.00000    3.63770
  17.50000    3.61191
  18.00000    3.63297
  18.50000    3.63196
  19.00000    3.63554
  19.50000    3.63047
  20.00000    3.62990
  20.50000    3.63490
  21.00000    3.65620
  21.50000    3.66231
  22.00000    3.62999
  22.50000    3.60392
  23.00000    3.57881
  23.50000    3.55167
  24.00000    3.53706
  24.50000    3.51992
  25.00000    3.50174
  25.50000    3.48227
  26.00000    3.50706
  26.50000    3.55257
  27.00000    3.59660
  27.50000    3.63810
  28.00000    3.63230
  28.50000    3.63234
  29.00000    3.64455
  29.50000    3.64547
  30.00000    3.63265
  30.50000    3.65307
  31.00000    3.65618
  31.50000    3.64527
  32.00000    3.66463
  32.50000    3.69050
  33.00000    3.68859
  33.50000    3.67575
  34.00000    3.69280
  34.50000    3.70622
  35.00000    3.69704
  35.50000    3.68661
  36.00000    3.66446
  36.50000    3.67400
  37.00000    3.64765
  37.50000    3.67829
  38.00000    3.65831
  38.50000    3.65430
  39.00000    3.64299
  39.50000    3.66590
  40.00000    3.65622
  40.50000    3.64032
  41.00000    3.64663
  41.50000    3.65713
  42.00000    3.68728
  42.50000    3.70603
  43.00000    3.74764
  43.50000    3.74381
  44.00000    3.77864
  44.50000    3.77540
  45.00000    3.82921
  45.50000    3.87222
  46.00000    3.91030
  46.50000    3.91254
  47.00000    3.93290
  47.50000    3.94966
  48.00000    3.96939
  48.50000    4.07033
  49.00000    4.20574
  49.50000    4.28355
  50.00000    4.30040
  50.50000    4.34849
  51.00000    4.37447
  51.50000    4.40202
  52.00000    4.38924
  52.50000    4.38943
  53.00000    4.36412
  53.50000    4.36159
  54.00000    4.35941
  54.50000    4.40202
  55.00000    4.45243
  55.50000    4.45648
  56.00000    4.43695
  56.50000    4.43345
  57.00000    4.44493
  57.50000    4.46328
  58.00000    4.47158
  58.50000    4.47741
  59.00000    4.47581
  59.50000    4.46433
  60.00000    4.44818
  60.50000    4.44959
  61.00000    4.44256
  61.50000    4.42821
  62.00000    4.44076
  62.50000    4.46427
  63.00000    4.46420
  63.50000    4.45504
  64.00000    4.46256
  64.50000    4.46028
  65.00000    4.43188
  65.50000    4.42957
  66.00000    4.44317
  66.50000    4.44781
  67.00000    4.42752
  67.50000    4.42761
  68.00000    4.44332
  68.50000    4.45804
  69.00000    4.44744
  69.50000    4.43227
  70.00000    4.44047
  70.50000    4.43174
  71.00000    4.39608
  71.50000    4.40549
  72.00000    4.40785
  72.50000    4.40459
  73.00000    4.39181
  73.50000    4.41173
  74.00000    4.39552
  74.50000    4.36533
  75.00000    4.34205
  75.50000    4.34039
  76.00000    4.35202
  76.50000    4.37341
  77.00000    4.39628
  77.50000    4.38952
  78.00000    4.36760
  78.50000    4.35931
  79.00000    4.36894
  79.50000    4.38573
  80.00000    4.40778
  80.50000    4.42700
  81.00000    4.39602
  81.50000    4.37033
  82.00000    4.35337
  82.50000    4.35823
  83.00000    4.32698
  83.50000    4.31931
  84.00000    4.34205
  84.50000    4.37253
  85.00000    4.37261
  85.50000    4.36142
  86.00000    4.36950
  86.50000    4.36745
  87.00000    4.36577
  87.50000    4.34787
  88.00000    4.33383
  88.50000    4.32646
  89.00000    4.33296
  89.50000    4.33372
  90.00000    4.33493
  90.50000    4.32776
  91.00000    4.31777
  91.50000    4.31056
  92.00000    4.33727
  92.50000    4.34106
  93.00000    4.33785
  93.50000    4.31151
  94.00000    4.32912
  94.50000    4.30811
  95.00000    4.30295
  95.50000    4.28867
  96.00000    4.29561
  96.50000    4.28822
  97.00000    4.30357
  97.50000    4.30070
  98.00000    4.30530
  98.50000    4.31442
  99.00000    4.31050
  99.50000    4.31327
 100.00000    4.30812
 100.50000    4.29621
 101.00000    4.27899
 101.50000    4.30644
 102.00000    4.29224
 102.50000    4.29767
 103.00000    4.30152
 103.50000    4.31897
 104.00000    4.30102
 104.50000    4.31161
 105.00000    4.31421
 105.50000    4.30164
 106.00000    4.28493
 106.50000    4.28224
 107.00000    4.31872
 107.50000    4.32352
 108.00000    4.31064
 108.50000    4.28083
 109.00000    4.29070
 109.50000    4.28077
 110.00000    4.28319
 110.50000    4.28680
 111.00000    4.29316
 111.50000    4.28480
 112.00000    4.30927
 112.50000    4.31118
 113.00000    4.30762
 113.50000    4.30198
 114.00000    4.31234
 114.50000    4.30937
 115.00000    4.29927
 115.50000    4.30402
 116.00000    4.28683
 116.50000    4.30005
 117.00000    4.31738
 117.50000    4.31205
 118.00000    4.29040
 118.50000    4.29870
 119.00000    4.30679
 119.50000    4.29978
 120.00000    4.31046
 120.50000    4.32127
 121.00000    4.30379
 121.50000    4.30119
 122.00000    4.30653
 122.50000    4.30151
 123.00000    4.31824
 123.50000    4.32128
 124.00000    4.31551
 124.50000    4.31156
 125.00000    4.33238
 125.50000    4.31569
 126.00000    4.30533
 126.50000    4.31791
 127.00000    4.32615
 127.50000    4.32549
 128.00000    4.34147
 128.50000    4.33090
 129.00000    4.33091
 129.50000    4.31058
 130.00000    4.32294
 130.50000    4.31825
 131.00000    4.34159
 131.50000    4.32598
 132.00000    4.34166
 132.50000    4.36674
 133.00000    4.36542
 133.50000    4.33341
 134.00000    4.32848
 134.50000    4.34366
 135.00000    4.34609
 135.50000    4.34206
 136.00000    4.35910
 136.50000    4.35872
 137.00000    4.37173
 137.50000    4.38030
 138.00000    4.40584
 138.50000    4.38375
 139.00000    4.38155
 139.50000    4.38337
 140.00000    4.39243
 140.50000    4.38966
 141.00000    4.38673
 141.50000    4.38558
 142.00000    4.36627
 142.50000    4.36050
 143.00000    4.37766
 143.50000    4.38403
 144.00000    4.40225
 144.50000    4.38954
 145.00000    4.37887
 145.50000    4.36096
 146.00000    4.38041
 146.50000    4.36889
 147.00000    4.38887
 147.50000    4.41918
 148.00000    4.43035
 148.50000    4.38358
 149.00000    4.39225
 149.50000    4.42672
 150.00000    4.40768
