   0.00000    1.47202
   0.50000    2.62052
   1.00000    3.08865
   1.50000    3.18010
   2.00000    3.17150
   2.50000    3.18819
   3.00000    3.20251
   3.50000    3.20327
   4.00000    3.24549
   4.50000    3.28699
   5.00000    3.32412
   5.50000    3.34068
   6.00000    3.35250
   6.50000    3.36496
   7.00000    3.37972
   7.50000    3.39701
   8.00000    3.40376
   8.50000    3.41319
   9.00000    3.42510
   9.50000    3.43853
  10.00000    3.44473
  10.50000    3.45466
  11.00000    3.46586
  11.50000    3.47247
  12.00000    3.47762
  12.50000    3.48029
  13.00000    3.48192
  13.50000    3.48247
  14.00000    3.48939
  14.50000    3.49235
  15.00000    3.49953
  15.50000    3.50915
  16.00000    3.51547
  16.50000    3.51771
  17.00000    3.52118
  17.50000    3.52960
  18.00000    3.53675
  18.50000    3.55119
  19.00000    3.56059
  19.50000    3.57108
  20.00000    3.57529
  20.50000    3.58720
  21.00000    3.59539
  21.50000    3.60526
  22.00000    3.61855
  22.50000    3.64166
  23.00000    3.66576
  23.50000    3.68971
  24.00000    3.70570
  24.50000    3.70911
  25.00000    3.71685
  25.50000    3.74815
  26.00000    3.79532
  26.50000    3.84944
  27.00000    3.91936
  27.50000    3.98318
  28.00000    4.03042
  28.50000    4.06614
  29.00000    4.09703
  29.50000    4.11764
  30.00000    4.12836
  30.50000    4.14369
  31.00000    4.16175
  31.50000    4.17339
  32.00000    4.17538
  32.50000    4.16798
  33.00000    4.17242
  33.50000    4.17889
  34.00000    4.19665
  34.50000    4.19702
  35.00000    4.19152
  35.50000    4.19054
  36.00000    4.20143
  36.50000    4.20514
  37.00000    4.20069
  37.50000    4.20348
  38.00000    4.19550
  38.50000    4.20527
  39.00000    4.21662
  39.50000    4.23131
  40.00000    4.23024
  40.50000    4.22981
  41.00000    4.22363
  41.50000    4.22288
  42.00000    4.22572
  42.50000    4.22699
  43.00000    4.22789
  43.50000    4.23802
  44.00000    4.23791
  44.50000    4.24837
  45.00000    4.24573
  45.50000    4.24850
  46.00000    4.23771
  46.50000    4.25090
  47.00000    4.26639
  47.50000    4.27869
  48.00000    4.27637
  48.50000    4.27642
  49.00000    4.27248
  49.50000    4.26809
  50.00000    4.26508
  50.50000    4.27017
  51.00000    4.25950
  51.50000    4.25259
  52.00000    4.24397
  52.50000    4.24148
  53.00000    4.23032
  53.50000    4.22890
  54.00000    4.22624
  54.50000    4.22448
  55.00000    4.21666
  55.50000    4.21817
  56.00000    4.21692
  56.50000    4.21926
  57.00000    4.21650
  57.50000    4.22305
  58.00000    4.22840
  58.50000    4.23007
  59.00000    4.22686
  59.50000    4.22662
  60.00000    4.22818
  60.50000    4.23289
  61.00000    4.24355
  61.50000    4.24333
  62.00000    4.24457
  62.50000    4.23978
  63.00000    4.24239
  63.50000    4.23282
  64.00000    4.23857
  64.50000    4.25132
  65.00000    4.26668
  65.50000    4.26739
  66.00000    4.26428
  66.50000    4.26094
  67.00000    4.27011
  67.50000    4.27874
  68.00000    4.28427
  68.50000    4.28513
  69.00000    4.28984
  69.50000    4.28793
  70.00000    4.28726
  70.50000    4.29703
  71.00000    4.30215
  71.50000    4.30388
  72.00000    4.30727
  72.50000    4.31288
  73.00000    4.31964
  73.50000    4.32163
  74.00000    4.32587
  74.50000    4.32292
  75.00000    4.33545
  75.50000    4.33925
  76.00000    4.34767
  76.50000    4.34713
  77.00000    4.35253
  77.50000    4.35485
  78.00000    4.35989
  78.50000    4.36605
  79.00000    4.37007
  79.50000    4.38013
  80.00000    4.38289
  80.50000    4.38287
  81.00000    4.38466
  81.50000    4.39380
  82.00000    4.39820
  82.50000    4.40004
  83.00000    4.40422
  83.50000    4.41359
  84.00000    4.41755
  84.50000    4.42307
  85.00000    4.42007
  85.50000    4.42202
  86.00000    4.42763
  86.50000    4.44577
  87.00000    4.45322
  87.50000    4.45161
  88.00000    4.45020
  88.50000    4.44806
  89.00000    4.45321
  89.50000    4.46261
  90.00000    4.46815
  90.50000    4.46589
  91.00000    4.46470
  91.50000    4.47440
  92.00000    4.47648
  92.50000    4.47324
  93.00000    4.47695
  93.50000    4.48619
  94.00000    4.49012
  94.50000    4.49108
  95.00000    4.49905
  95.50000    4.50154
  96.00000    4.49480
  96.50000    4.49607
  97.00000    4.49669
  97.50000    4.50464
  98.00000    4.50382
  98.50000    4.50894
  99.00000    4.50338
  99.50000    4.51108
 100.00000    4.51119
 100.50000    4.52054
 101.00000    4.52472
 101.50000    4.53248
 102.00000    4.52597
 102.50000    4.52013
 103.00000    4.51806
 103.50000    4.52407
 104.00000    4.52837
 104.50000    4.53505
 105.00000    4.53724
 105.50000    4.54263
 106.00000    4.54371
 106.50000    4.54306
 107.00000    4.53747
 107.50000    4.53931
 108.00000    4.53488
 108.50000    4.53334
 109.00000    4.53614
 109.50000    4.54614
 110.00000    4.54767
 110.50000    4.54915
 111.00000    4.54467
 111.50000    4.54997
 112.00000    4.55125
 112.50000    4.55011
 113.00000    4.54643
 113.50000    4.55175
 114.00000    4.55422
 114.50000    4.56218
 115.00000    4.55643
 115.50000    4.54487
 116.00000    4.53602
 116.50000    4.54886
 117.00000    4.55367
 117.50000    4.55536
 118.00000    4.55381
 118.50000    4.55095
 119.00000    4.54882
 119.50000    4.54845
 120.00000    4.55091
 120.50000    4.54656
 121.00000    4.54842
 121.50000    4.54840
 122.00000    4.56025
 122.50000    4.55728
 123.00000    4.55840
 123.50000    4.55373
 124.00000    4.56172
 124.50000    4.55518
 125.00000    4.55114
 125.50000    4.55040
 126.00000    4.55079
 126.50000    4.54095
 127.00000    4.54579
 127.50000    4.55030
 128.00000    4.55411
 128.50000    4.54469
 129.00000    4.55363
 129.50000    4.54974
 130.00000    4.54755
 130.50000    4.54381
 131.00000    4.54842
 131.50000    4.54079
 132.00000    4.53533
 132.50000    4.53650
 133.00000    4.53949
 133.50000    4.54346
 134.00000    4.54065
 134.50000    4.53621
 135.00000    4.52860
 135.50000    4.52732
 136.00000    4.52734
 136.50000    4.52839
 137.00000    4.53091
 137.50000    4.53370
 138.00000    4.53082
 138.50000    4.52531
 139.00000    4.52225
 139.50000    4.53089
 140.00000    4.53457
 140.50000    4.53344
 141.00000    4.52917
 141.50000    4.52623
 142.00000    4.53358
 142.50000    4.53671
 143.00000    4.53191
 143.50000    4.52314
 144.00000    4.53134
 144.50000    4.53624
 145.00000    4.53396
 145.50000    4.53066
 146.00000    4.52983
 146.50000    4.53081
 147.00000    4.53382
 147.50000    4.53679
 148.00000    4.53133
 148.50000    4.53589
 149.00000    4.53616
 149.50000    4.53210
 150.00000    4.52306
