   0.00000    1.70097
   0.50000    2.30609
   1.00000    2.72752
   1.50000    2.98201
   2.00000    3.16471
   2.50000    3.22436
   3.00000    3.28842
   3.50000    3.35998
   4.00000    3.44633
   4.50000    3.52370
   5.00000    3.55529
   5.50000    3.56164
   6.00000    3.54417
   6.50000    3.53924
   7.00000    3.53548
   7.50000    3.54394
   8.00000    3.56076
   8.50000    3.56870
   9.00000    3.57755
   9.50000    3.58037
  10.00000    3.58117
  10.50000    3.58662
  11.00000    3.59049
  11.50000    3.59034
  12.00000    3.59305
  12.50000    3.60336
  13.00000    3.60213
  13.50000    3.59971
  14.00000    3.60012
  14.50000    3.60955
  15.00000    3.62201
  15.50000    3.62687
  16.00000    3.62861
  16.50000    3.63155
  17.00000    3.63355
  17.50000    3.63408
  18.00000    3.63099
  18.50000    3.63079
  19.00000    3.62808
  19.50000    3.63035
  20.00000    3.63486
  20.50000    3.63456
  21.00000    3.63648
  21.50000    3.64244
  22.00000    3.64454
  22.50000    3.64527
  23.00000    3.64619
  23.50000    3.64897
  24.00000    3.65226
  24.50000    3.65945
  25.00000    3.66574
  25.50000    3.66924
  26.00000    3.68156
  26.50000    3.69997
  27.00000    3.71500
  27.50000    3.73240
  28.00000    3.73398
  28.50000    3.74211
  29.00000    3.73370
  29.50000    3.73727
  30.00000    3.73348
  30.50000    3.74069
  31.00000    3.73400
  31.50000    3.73064
  32.00000    3.72510
  32.50000    3.72607
  33.00000    3.70663
  33.50000    3.69927
  34.00000    3.70383
  34.50000    3.70774
  35.00000    3.68671
  35.50000    3.67769
  36.00000    3.67061
  36.50000    3.66527
  37.00000    3.65721
  37.50000    3.66442
  38.00000    3.66871
  38.50000    3.68246
  39.00000    3.69680
  39.50000    3.71683
  40.00000    3.73865
  40.50000    3.75975
  41.00000    3.78723
  41.50000    3.81839
  42.00000    3.83518
  42.50000    3.84924
  43.00000    3.86489
  43.50000    3.89803
  44.00000    3.92273
  44.50000    3.94762
  45.00000    3.97254
  45.50000    4.00386
  46.00000    4.04236
  46.50000    4.07601
  47.00000    4.10091
  47.50000    4.12664
  48.00000    4.16341
  48.50000    4.21239
  49.00000    4.24543
  49.50000    4.30239
  50.00000    4.37043
  50.50000    4.43418
  51.00000    4.44988
  51.50000    4.44947
  52.00000    4.45588
  52.50000    4.48065
  53.00000    4.50217
  53.50000    4.51134
  54.00000    4.51494
  54.50000    4.50595
  55.00000    4.51210
  55.50000    4.52943
  56.00000    4.54879
  56.50000    4.54908
  57.00000    4.53821
  57.50000    4.53208
  58.00000    4.53567
  58.50000    4.54769
  59.00000    4.55226
  59.50000    4.55235
  60.00000    4.55280
  60.50000    4.55315
  61.00000    4.56233
  61.50000    4.55213
  62.00000    4.55091
  62.50000    4.55700
  63.00000    4.56664
  63.50000    4.56302
  64.00000    4.55149
  64.50000    4.54924
  65.00000    4.54478
  65.50000    4.55071
  66.00000    4.54957
  66.50000    4.55392
  67.00000    4.55818
  67.50000    4.55977
  68.00000    4.55627
  68.50000    4.54663
  69.00000    4.54595
  69.50000    4.55340
  70.00000    4.55284
  70.50000    4.55163
  71.00000    4.55522
  71.50000    4.55422
  72.00000    4.54682
  72.50000    4.54152
  73.00000    4.53651
  73.50000    4.52733
  74.00000    4.52672
  74.50000    4.53735
  75.00000    4.53608
  75.50000    4.53279
  76.00000    4.52396
  76.50000    4.52918
  77.00000    4.53602
  77.50000    4.53556
  78.00000    4.52564
  78.50000    4.51723
  79.00000    4.51954
  79.50000    4.51174
  80.00000    4.50981
  80.50000    4.51298
  81.00000    4.51497
  81.50000    4.51612
  82.00000    4.51866
  82.50000    4.51153
  83.00000    4.49637
  83.50000    4.49503
  84.00000    4.50047
  84.50000    4.49824
  85.00000    4.48999
  85.50000    4.48842
  86.00000    4.49030
  86.50000    4.49169
  87.00000    4.48537
  87.50000    4.48319
  88.00000    4.47593
  88.50000    4.47425
  89.00000    4.47272
  89.50000    4.47308
  90.00000    4.46518
  90.50000    4.46202
  91.00000    4.46658
  91.50000    4.46566
  92.00000    4.46641
  92.50000    4.45915
  93.00000    4.45108
  93.50000    4.45009
  94.00000    4.45816
  94.50000    4.45496
  95.00000    4.44793
  95.50000    4.44394
  96.00000    4.44831
  96.50000    4.44788
  97.00000    4.45807
  97.50000    4.45124
  98.00000    4.44196
  98.50000    4.44225
  99.00000    4.45474
  99.50000    4.45030
 100.00000    4.43769
 100.50000    4.43237
 101.00000    4.43761
 101.50000    4.43503
 102.00000    4.43119
 102.50000    4.42905
 103.00000    4.43797
 103.50000    4.43756
 104.00000    4.42767
 104.50000    4.42583
 105.00000    4.43024
 105.50000    4.43505
 106.00000    4.42431
 106.50000    4.42775
 107.00000    4.43153
 107.50000    4.43250
 108.00000    4.41978
 108.50000    4.41287
 109.00000    4.42860
 109.50000    4.42911
 110.00000    4.42878
 110.50000    4.41947
 111.00000    4.42850
 111.50000    4.42777
 112.00000    4.43393
 112.50000    4.42565
 113.00000    4.41832
 113.50000    4.41987
 114.00000    4.43382
 114.50000    4.43279
 115.00000    4.42353
 115.50000    4.42024
 116.00000    4.41956
 116.50000    4.42031
 117.00000    4.42194
 117.50000    4.42840
 118.00000    4.43100
 118.50000    4.42943
 119.00000    4.43020
 119.50000    4.43330
 120.00000    4.43543
 120.50000    4.43025
 121.00000    4.43394
 121.50000    4.43220
 122.00000    4.43062
 122.50000    4.42131
 123.00000    4.42030
 123.50000    4.42476
 124.00000    4.43425
 124.50000    4.43608
 125.00000    4.44036
 125.50000    4.44298
 126.00000    4.43961
 126.50000    4.44039
 127.00000    4.43783
 127.50000    4.43384
 128.00000    4.42927
 128.50000    4.42956
 129.00000    4.42961
 129.50000    4.44065
 130.00000    4.44734
 130.50000    4.44506
 131.00000    4.44723
 131.50000    4.45299
 132.00000    4.44959
 132.50000    4.44569
 133.00000    4.44188
 133.50000    4.44055
 134.00000    4.44784
 134.50000    4.45725
 135.00000    4.46131
 135.50000    4.45378
 136.00000    4.45230
 136.50000    4.45146
 137.00000    4.45042
 137.50000    4.46049
 138.00000    4.47093
 138.50000    4.46696
 139.00000    4.45198
 139.50000    4.44801
 140.00000    4.46040
 140.50000    4.46186
 141.00000    4.46372
 141.50000    4.46359
 142.00000    4.46470
 142.50000    4.46374
 143.00000    4.47355
 143.50000    4.48002
 144.00000    4.46812
 144.50000    4.47169
 145.00000    4.46875
 145.50000    4.46811
 146.00000    4.46223
 146.50000    4.47838
 147.00000    4.47624
 147.50000    4.47786
 148.00000    4.47798
 148.50000    4.47292
 149.00000    4.47060
 149.50000    4.48076
 150.00000    4.50018
