   0.00000    1.51192
   0.50000    2.47827
   1.00000    2.88947
   1.50000    3.15184
   2.00000    3.37020
   2.50000    3.47098
   3.00000    3.46194
   3.50000    3.47968
   4.00000    3.49390
   4.50000    3.51610
   5.00000    3.51778
   5.50000    3.51889
   6.00000    3.52504
   6.50000    3.53904
   7.00000    3.55866
   7.50000    3.56871
   8.00000    3.56687
   8.50000    3.57261
   9.00000    3.57694
   9.50000    3.57720
  10.00000    3.58390
  10.50000    3.60043
  11.00000    3.61267
  11.50000    3.61761
  12.00000    3.62898
  12.50000    3.63602
  13.00000    3.63561
  13.50000    3.63451
  14.00000    3.64579
  14.50000    3.66386
  15.00000    3.66797
  15.50000    3.66422
  16.00000    3.66776
  16.50000    3.68813
  17.00000    3.69479
  17.50000    3.69922
  18.00000    3.69592
  18.50000    3.70780
  19.00000    3.71764
  19.50000    3.72938
  20.00000    3.72973
  20.50000    3.73615
  21.00000    3.74192
  21.50000    3.75518
  22.00000    3.76261
  22.50000    3.76111
  23.00000    3.75442
  23.50000    3.75690
  24.00000    3.77027
  24.50000    3.77910
  25.00000    3.79546
  25.50000    3.81042
  26.00000    3.82749
  26.50000    3.83309
  27.00000    3.83749
  27.50000    3.83629
  28.00000    3.84586
  28.50000    3.85513
  29.00000    3.85678
  29.50000    3.84915
  30.00000    3.84503
  30.50000    3.85220
  31.00000    3.85467
  31.50000    3.86103
  32.00000    3.86209
  32.50000    3.87659
  33.00000    3.88388
  33.50000    3.88809
  34.00000    3.90153
  34.50000    3.92071
  35.00000    3.94056
  35.50000    3.94705
  36.00000    3.96981
  36.50000    3.98502
  37.00000    4.00014
  37.50000    4.00695
  38.00000    4.01295
  38.50000    4.00984
  39.00000    4.00532
  39.50000    4.02367
  40.00000    4.04904
  40.50000    4.06893
  41.00000    4.07338
  41.50000    4.08906
  42.00000    4.11298
  42.50000    4.14522
  43.00000    4.17425
  43.50000    4.21377
  44.00000    4.23562
  44.50000    4.25397
  45.00000    4.27023
  45.50000    4.30634
  46.00000    4.32378
  46.50000    4.33389
  47.00000    4.34934
  47.50000    4.37191
  48.00000    4.38054
  48.50000    4.39142
  49.00000    4.41309
  49.50000    4.42800
  50.00000    4.42821
  50.50000    4.42872
  51.00000    4.43579
  51.50000    4.43810
  52.00000    4.44982
  52.50000    4.46537
  53.00000    4.47757
  53.50000    4.47785
  54.00000    4.48240
  54.50000    4.48651
  55.00000    4.48874
  55.50000    4.49295
  56.00000    4.49782
  56.50000    4.50010
  57.00000    4.49937
  57.50000    4.50301
  58.00000    4.50681
  58.50000    4.51515
  59.00000    4.51358
  59.50000    4.50911
  60.00000    4.50702
  60.50000    4.51534
  61.00000    4.52905
  61.50000    4.53259
  62.00000    4.52974
  62.50000    4.52630
  63.00000    4.52568
  63.50000    4.52853
  64.00000    4.54390
  64.50000    4.55231
  65.00000    4.54658
  65.50000    4.53865
  66.00000    4.54009
  66.50000    4.54694
  67.00000    4.55419
  67.50000    4.55633
  68.00000    4.55132
  68.50000    4.55938
  69.00000    4.56197
  69.50000    4.56180
  70.00000    4.56079
  70.50000    4.56920
  71.00000    4.56504
  71.50000    4.56300
  72.00000    4.56032
  72.50000    4.56284
  73.00000    4.55975
  73.50000    4.56555
  74.00000    4.56885
  74.50000    4.57251
  75.00000    4.56500
  75.50000    4.56445
  76.00000    4.56694
  76.50000    4.57346
  77.00000    4.56833
  77.50000    4.56886
  78.00000    4.57722
  78.50000    4.58416
  79.00000    4.58280
  79.50000    4.57631
  80.00000    4.57048
  80.50000    4.56790
  81.00000    4.57266
  81.50000    4.57574
  82.00000    4.57248
  82.50000    4.56277
  83.00000    4.56683
  83.50000    4.58123
  84.00000    4.58693
  84.50000    4.57776
  85.00000    4.56642
  85.50000    4.56422
  86.00000    4.55939
  86.50000    4.56478
  87.00000    4.56450
  87.50000    4.56502
  88.00000    4.56930
  88.50000    4.57348
  89.00000    4.56930
  89.50000    4.56347
  90.00000    4.56895
  90.50000    4.57063
  91.00000    4.57009
  91.50000    4.56345
  92.00000    4.56550
  92.50000    4.55837
  93.00000    4.56394
  93.50000    4.56383
  94.00000    4.57173
  94.50000    4.55998
  95.00000    4.56172
  95.50000    4.55860
  96.00000    4.56891
  96.50000    4.56251
  97.00000    4.56048
  97.50000    4.55488
  98.00000    4.56498
  98.50000    4.56384
  99.00000    4.55847
  99.50000    4.55322
 100.00000    4.55393
 100.50000    4.55203
 101.00000    4.54909
 101.50000    4.55434
 102.00000    4.55365
 102.50000    4.55313
 103.00000    4.55405
 103.50000    4.55359
 104.00000    4.55096
 104.50000    4.54965
 105.00000    4.54925
 105.50000    4.53452
 106.00000    4.53247
 106.50000    4.52892
 107.00000    4.53476
 107.50000    4.53208
 108.00000    4.53650
 108.50000    4.53539
 109.00000    4.53824
 109.50000    4.53452
 110.00000    4.53412
 110.50000    4.53499
 111.00000    4.53932
 111.50000    4.53844
 112.00000    4.53380
 112.50000    4.53317
 113.00000    4.53096
 113.50000    4.53472
 114.00000    4.52684
 114.50000    4.52480
 115.00000    4.52030
 115.50000    4.52534
 116.00000    4.52813
 116.50000    4.51780
 117.00000    4.51203
 117.50000    4.51316
 118.00000    4.51982
 118.50000    4.50846
 119.00000    4.50642
 119.50000    4.51311
 120.00000    4.52075
 120.50000    4.51507
 121.00000    4.51100
 121.50000    4.50469
 122.00000    4.50470
 122.50000    4.50383
 123.00000    4.50380
 123.50000    4.50037
 124.00000    4.50438
 124.50000    4.50721
 125.00000    4.50818
 125.50000    4.50742
 126.00000    4.50837
 126.50000    4.50617
 127.00000    4.50060
 127.50000    4.49399
 128.00000    4.49523
 128.50000    4.49596
 129.00000    4.49665
 129.50000    4.49241
 130.00000    4.48436
 130.50000    4.48635
 131.00000    4.49177
 131.50000    4.50187
 132.00000    4.49121
 132.50000    4.49127
 133.00000    4.48403
 133.50000    4.49203
 134.00000    4.49399
 134.50000    4.50427
 135.00000    4.50449
 135.50000    4.49920
 136.00000    4.49131
 136.50000    4.48772
 137.00000    4.48624
 137.50000    4.48965
 138.00000    4.48631
 138.50000    4.48872
 139.00000    4.48075
 139.50000    4.48404
 140.00000    4.48022
 140.50000    4.47803
 141.00000    4.47374
 141.50000    4.47862
 142.00000    4.49203
 142.50000    4.48714
 143.00000    4.48135
 143.50000    4.48066
 144.00000    4.49172
 144.50000    4.49532
 145.00000    4.48941
 145.50000    4.48584
 146.00000    4.48201
 146.50000    4.48372
 147.00000    4.47810
 147.50000    4.47624
 148.00000    4.47445
 148.50000    4.48089
 149.00000    4.48779
 149.50000    4.49301
 150.00000    4.48422
