   0.00000    1.35073
   0.50000    2.77978
   1.00000    3.23728
   1.50000    3.32149
   2.00000    3.41641
   2.50000    3.35538
   3.00000    3.31769
   3.50000    3.29754
   4.00000    3.33079
   4.50000    3.35364
   5.00000    3.38938
   5.50000    3.41848
   6.00000    3.45163
   6.50000    3.50717
   7.00000    3.53952
   7.50000    3.55623
   8.00000    3.54719
   8.50000    3.55808
   9.00000    3.56794
   9.50000    3.58165
  10.00000    3.58797
  10.50000    3.60223
  11.00000    3.58156
  11.50000    3.55854
  12.00000    3.54629
  12.50000    3.57491
  13.00000    3.57609
  13.50000    3.58063
  14.00000    3.57133
  14.50000    3.57397
  15.00000    3.56305
  15.50000    3.55224
  16.00000    3.56881
  16.50000    3.57741
  17.00000    3.57080
  17.50000    3.56225
  18.00000    3.58437
  18.50000    3.58792
  19.00000    3.58342
  19.50000    3.56872
  20.00000    3.55693
  20.50000    3.56207
  21.00000    3.58633
  21.50000    3.58701
  22.00000    3.55984
  22.50000    3.54838
  23.00000    3.54602
  23.50000    3.53942
  24.00000    3.52024
  24.50000    3.50237
  25.00000    3.48907
  25.50000    3.48838
  26.00000    3.50666
  26.50000    3.52813
  27.00000    3.54974
  27.50000    3.57602
  28.00000    3.57873
  28.50000    3.58272
  29.00000    3.58219
  29.50000    3.58654
  30.00000    3.60069
  30.50000    3.62125
  31.00000    3.62300
  31.50000    3.62068
  32.00000    3.63290
  32.50000    3.64297
  33.00000    3.64428
  33.50000    3.65978
  34.00000    3.67238
  34.50000    3.67867
  35.00000    3.66655
  35.50000    3.64350
  36.00000    3.61453
  36.50000    3.60438
  37.00000    3.58056
  37.50000    3.57282
  38.00000    3.56278
  38.50000    3.57089
  39.00000    3.55793
  39.50000    3.54614
  40.00000    3.52598
  40.50000    3.52291
  41.00000    3.53899
  41.50000    3.54792
  42.00000    3.55761
  42.50000    3.56889
  43.00000    3.60421
  43.50000    3.61087
  44.00000    3.62435
  44.50000    3.63134
  45.00000    3.66693
  45.50000    3.70092
  46.00000    3.71119
  46.50000    3.71201
  47.00000    3.71555
  47.50000    3.74277
  48.00000    3.77153
  48.50000    3.88448
  49.00000    4.01040
  49.50000    4.12916
  50.00000    4.19556
  50.50000    4.27395
  51.00000    4.28452
  51.50000    4.30234
  52.00000    4.29588
  52.50000    4.30566
  53.00000    4.29184
  53.50000    4.30025
  54.00000    4.30954
  54.50000    4.34648
  55.00000    4.38136
  55.50000    4.38996
  56.00000    4.38617
  56.50000    4.40500
  57.00000    4.41378
  57.50000    4.42026
  58.00000    4.41697
  58.50000    4.43061
  59.00000    4.43706
  59.50000    4.42294
  60.00000    4.39291
  60.50000    4.38892
  61.00000    4.40478
  61.50000    4.41272
  62.00000    4.41933
  62.50000    4.42775
  63.00000    4.42603
  63.50000    4.41669
  64.00000    4.42085
  64.50000    4.42161
  65.00000    4.41667
  65.50000    4.42676
  66.00000    4.43905
  66.50000    4.43236
  67.00000    4.40936
  67.50000    4.41972
  68.00000    4.42876
  68.50000    4.43609
  69.00000    4.41536
  69.50000    4.41059
  70.00000    4.41309
  70.50000    4.42369
  71.00000    4.40510
  71.50000    4.40838
  72.00000    4.40823
  72.50000    4.40469
  73.00000    4.39625
  73.50000    4.40928
  74.00000    4.40976
  74.50000    4.39579
  75.00000    4.38633
  75.50000    4.38140
  76.00000    4.38160
  76.50000    4.39513
  77.00000    4.41210
  77.50000    4.41257
  78.00000    4.39875
  78.50000    4.38447
  79.00000    4.37705
  79.50000    4.38590
  80.00000    4.40216
  80.50000    4.41197
  81.00000    4.39188
  81.50000    4.37605
  82.00000    4.36209
  82.50000    4.36007
  83.00000    4.34100
  83.50000    4.34704
  84.00000    4.36613
  84.50000    4.38608
  85.00000    4.37632
  85.50000    4.36130
  86.00000    4.36155
  86.50000    4.36961
  87.00000    4.37091
  87.50000    4.36017
  88.00000    4.34890
  88.50000    4.34450
  89.00000    4.34724
  89.50000    4.34786
  90.00000    4.34771
  90.50000    4.33788
  91.00000    4.32416
  91.50000    4.32791
  92.00000    4.35410
  92.50000    4.35904
  93.00000    4.34712
  93.50000    4.33555
  94.00000    4.33553
  94.50000    4.33174
  95.00000    4.33029
  95.50000    4.32237
  96.00000    4.30543
  96.50000    4.29893
  97.00000    4.29805
  97.50000    4.30006
  98.00000    4.30586
  98.50000    4.31518
  99.00000    4.30370
  99.50000    4.29255
 100.00000    4.28919
 100.50000    4.29287
 101.00000    4.29772
 101.50000    4.30493
 102.00000    4.28840
 102.50000    4.28366
 103.00000    4.29675
 103.50000    4.31402
 104.00000    4.30464
 104.50000    4.30005
 105.00000    4.28889
 105.50000    4.27848
 106.00000    4.27900
 106.50000    4.28032
 107.00000    4.28810
 107.50000    4.28452
 108.00000    4.28176
 108.50000    4.27741
 109.00000    4.28008
 109.50000    4.27535
 110.00000    4.27850
 110.50000    4.28976
 111.00000    4.29487
 111.50000    4.28596
 112.00000    4.29962
 112.50000    4.29267
 113.00000    4.27981
 113.50000    4.27461
 114.00000    4.28688
 114.50000    4.29037
 115.00000    4.27747
 115.50000    4.26647
 116.00000    4.25286
 116.50000    4.26924
 117.00000    4.28926
 117.50000    4.28534
 118.00000    4.27446
 118.50000    4.27466
 119.00000    4.27377
 119.50000    4.26780
 120.00000    4.27807
 120.50000    4.28122
 121.00000    4.27653
 121.50000    4.27511
 122.00000    4.28250
 122.50000    4.28015
 123.00000    4.29831
 123.50000    4.29583
 124.00000    4.27679
 124.50000    4.27756
 125.00000    4.29546
 125.50000    4.29352
 126.00000    4.27226
 126.50000    4.27334
 127.00000    4.27502
 127.50000    4.28777
 128.00000    4.29727
 128.50000    4.28862
 129.00000    4.28439
 129.50000    4.27605
 130.00000    4.27985
 130.50000    4.27154
 131.00000    4.27976
 131.50000    4.27177
 132.00000    4.29090
 132.50000    4.31309
 133.00000    4.31353
 133.50000    4.29058
 134.00000    4.28059
 134.50000    4.29254
 135.00000    4.29094
 135.50000    4.28279
 136.00000    4.28938
 136.50000    4.29327
 137.00000    4.29520
 137.50000    4.29180
 138.00000    4.30094
 138.50000    4.30633
 139.00000    4.30667
 139.50000    4.30718
 140.00000    4.31007
 140.50000    4.32199
 141.00000    4.31663
 141.50000    4.31897
 142.00000    4.31043
 142.50000    4.30259
 143.00000    4.31040
 143.50000    4.32166
 144.00000    4.33185
 144.50000    4.32090
 145.00000    4.32097
 145.50000    4.30140
 146.00000    4.31102
 146.50000    4.30618
 147.00000    4.32056
 147.50000    4.33274
 148.00000    4.34534
 148.50000    4.32117
 149.00000    4.32278
 149.50000    4.33807
 150.00000    4.32023
