   0.00000    1.51573
   0.50000    2.34093
   1.00000    2.64054
   1.50000    2.76549
   2.00000    3.01921
   2.50000    3.15524
   3.00000    3.26400
   3.50000    3.33338
   4.00000    3.44500
   4.50000    3.53100
   5.00000    3.55374
   5.50000    3.54988
   6.00000    3.53651
   6.50000    3.53912
   7.00000    3.53609
   7.50000    3.53593
   8.00000    3.53871
   8.50000    3.54286
   9.00000    3.54782
   9.50000    3.54381
  10.00000    3.54335
  10.50000    3.54377
  11.00000    3.54923
  11.50000    3.55118
  12.00000    3.55503
  12.50000    3.56216
  13.00000    3.55901
  13.50000    3.55780
  14.00000    3.56244
  14.50000    3.57582
  15.00000    3.58163
  15.50000    3.58043
  16.00000    3.58338
  16.50000    3.58863
  17.00000    3.58914
  17.50000    3.59401
  18.00000    3.59235
  18.50000    3.59542
  19.00000    3.59534
  19.50000    3.60538
  20.00000    3.61048
  20.50000    3.61253
  21.00000    3.61785
  21.50000    3.62476
  22.00000    3.63028
  22.50000    3.63402
  23.00000    3.63387
  23.50000    3.63466
  24.00000    3.63305
  24.50000    3.63864
  25.00000    3.63789
  25.50000    3.64653
  26.00000    3.66247
  26.50000    3.67852
  27.00000    3.68820
  27.50000    3.70363
  28.00000    3.70939
  28.50000    3.71615
  29.00000    3.72524
  29.50000    3.74169
  30.00000    3.75285
  30.50000    3.76820
  31.00000    3.78673
  31.50000    3.79279
  32.00000    3.79599
  32.50000    3.79095
  33.00000    3.79017
  33.50000    3.80234
  34.00000    3.82422
  34.50000    3.83881
  35.00000    3.83636
  35.50000    3.84349
  36.00000    3.84619
  36.50000    3.84021
  37.00000    3.83510
  37.50000    3.84348
  38.00000    3.85301
  38.50000    3.85983
  39.00000    3.87087
  39.50000    3.88351
  40.00000    3.89313
  40.50000    3.90235
  41.00000    3.90403
  41.50000    3.90849
  42.00000    3.90986
  42.50000    3.92440
  43.00000    3.93539
  43.50000    3.94798
  44.00000    3.95281
  44.50000    3.96925
  45.00000    3.99173
  45.50000    4.01625
  46.00000    4.03719
  46.50000    4.05073
  47.00000    4.08128
  47.50000    4.12434
  48.00000    4.17958
  48.50000    4.23314
  49.00000    4.29636
  49.50000    4.36495
  50.00000    4.42102
  50.50000    4.45970
  51.00000    4.48084
  51.50000    4.49569
  52.00000    4.50141
  52.50000    4.51653
  53.00000    4.53801
  53.50000    4.54596
  54.00000    4.54707
  54.50000    4.55506
  55.00000    4.56686
  55.50000    4.57425
  56.00000    4.58727
  56.50000    4.59668
  57.00000    4.59274
  57.50000    4.58603
  58.00000    4.59229
  58.50000    4.60265
  59.00000    4.60849
  59.50000    4.60937
  60.00000    4.61262
  60.50000    4.61961
  61.00000    4.63289
  61.50000    4.62687
  62.00000    4.62159
  62.50000    4.62557
  63.00000    4.63839
  63.50000    4.64120
  64.00000    4.63850
  64.50000    4.64345
  65.00000    4.64060
  65.50000    4.63881
  66.00000    4.63899
  66.50000    4.64464
  67.00000    4.65414
  67.50000    4.65296
  68.00000    4.65928
  68.50000    4.64721
  69.00000    4.64495
  69.50000    4.64599
  70.00000    4.66000
  70.50000    4.66555
  71.00000    4.66847
  71.50000    4.66581
  72.00000    4.65818
  72.50000    4.65657
  73.00000    4.65501
  73.50000    4.65630
  74.00000    4.65814
  74.50000    4.66632
  75.00000    4.66211
  75.50000    4.66117
  76.00000    4.65507
  76.50000    4.65685
  77.00000    4.66232
  77.50000    4.66951
  78.00000    4.66328
  78.50000    4.65687
  79.00000    4.65497
  79.50000    4.64768
  80.00000    4.64493
  80.50000    4.64961
  81.00000    4.65268
  81.50000    4.64956
  82.00000    4.65027
  82.50000    4.64373
  83.00000    4.63957
  83.50000    4.64441
  84.00000    4.65195
  84.50000    4.64961
  85.00000    4.65088
  85.50000    4.64838
  86.00000    4.63934
  86.50000    4.63078
  87.00000    4.63393
  87.50000    4.63806
  88.00000    4.63114
  88.50000    4.63078
  89.00000    4.62823
  89.50000    4.62931
  90.00000    4.62371
  90.50000    4.61967
  91.00000    4.62114
  91.50000    4.62663
  92.00000    4.63453
  92.50000    4.61851
  93.00000    4.60637
  93.50000    4.59777
  94.00000    4.60730
  94.50000    4.60590
  95.00000    4.60511
  95.50000    4.60514
  96.00000    4.61000
  96.50000    4.60721
  97.00000    4.60307
  97.50000    4.59680
  98.00000    4.58958
  98.50000    4.59287
  99.00000    4.59443
  99.50000    4.59305
 100.00000    4.58961
 100.50000    4.59405
 101.00000    4.59227
 101.50000    4.59203
 102.00000    4.59166
 102.50000    4.59418
 103.00000    4.59376
 103.50000    4.59059
 104.00000    4.58621
 104.50000    4.58371
 105.00000    4.58324
 105.50000    4.57823
 106.00000    4.57378
 106.50000    4.57199
 107.00000    4.57421
 107.50000    4.57499
 108.00000    4.57619
 108.50000    4.56685
 109.00000    4.56795
 109.50000    4.56479
 110.00000    4.57136
 110.50000    4.56256
 111.00000    4.56331
 111.50000    4.55556
 112.00000    4.56201
 112.50000    4.56415
 113.00000    4.56101
 113.50000    4.55921
 114.00000    4.56209
 114.50000    4.55504
 115.00000    4.54658
 115.50000    4.55532
 116.00000    4.55803
 116.50000    4.55129
 117.00000    4.54426
 117.50000    4.55440
 118.00000    4.55318
 118.50000    4.55339
 119.00000    4.55099
 119.50000    4.55252
 120.00000    4.54535
 120.50000    4.54501
 121.00000    4.54536
 121.50000    4.53964
 122.00000    4.53688
 122.50000    4.53810
 123.00000    4.54135
 123.50000    4.54063
 124.00000    4.54586
 124.50000    4.54319
 125.00000    4.54351
 125.50000    4.54123
 126.00000    4.54372
 126.50000    4.54009
 127.00000    4.53851
 127.50000    4.53588
 128.00000    4.53767
 128.50000    4.53597
 129.00000    4.53400
 129.50000    4.53074
 130.00000    4.53303
 130.50000    4.53251
 131.00000    4.53542
 131.50000    4.53018
 132.00000    4.53372
 132.50000    4.53189
 133.00000    4.53138
 133.50000    4.52521
 134.00000    4.52627
 134.50000    4.53201
 135.00000    4.53876
 135.50000    4.53698
 136.00000    4.52607
 136.50000    4.52186
 137.00000    4.52358
 137.50000    4.53844
 138.00000    4.54116
 138.50000    4.54028
 139.00000    4.53332
 139.50000    4.53338
 140.00000    4.53114
 140.50000    4.52975
 141.00000    4.52374
 141.50000    4.52719
 142.00000    4.53200
 142.50000    4.53356
 143.00000    4.52822
 143.50000    4.53343
 144.00000    4.53368
 144.50000    4.53371
 145.00000    4.52795
 145.50000    4.52894
 146.00000    4.52586
 146.50000    4.52819
 147.00000    4.51918
 147.50000    4.52396
 148.00000    4.52770
 148.50000    4.53531
 149.00000    4.53070
 149.50000    4.53007
 150.00000    4.53386
