   0.00000    1.48624
   0.50000    2.54909
   1.00000    2.99081
   1.50000    3.13343
   2.00000    3.24569
   2.50000    3.24119
   3.00000    3.25044
   3.50000    3.23045
   4.00000    3.24039
   4.50000    3.27041
   5.00000    3.30752
   5.50000    3.33838
   6.00000    3.36912
   6.50000    3.41275
   7.00000    3.42815
   7.50000    3.43833
   8.00000    3.43686
   8.50000    3.45770
   9.00000    3.46652
   9.50000    3.47005
  10.00000    3.47827
  10.50000    3.50141
  11.00000    3.49765
  11.50000    3.48647
  12.00000    3.49190
  12.50000    3.51230
  13.00000    3.52269
  13.50000    3.53129
  14.00000    3.53991
  14.50000    3.53950
  15.00000    3.53448
  15.50000    3.52863
  16.00000    3.53855
  16.50000    3.55023
  17.00000    3.55756
  17.50000    3.55429
  18.00000    3.55630
  18.50000    3.55832
  19.00000    3.56587
  19.50000    3.56348
  20.00000    3.56082
  20.50000    3.56080
  21.00000    3.57137
  21.50000    3.57232
  22.00000    3.56946
  22.50000    3.56846
  23.00000    3.56025
  23.50000    3.55381
  24.00000    3.55106
  24.50000    3.56171
  25.00000    3.57082
  25.50000    3.57068
  26.00000    3.56439
  26.50000    3.56243
  27.00000    3.56214
  27.50000    3.56096
  28.00000    3.56209
  28.50000    3.56832
  29.00000    3.56140
  29.50000    3.56159
  30.00000    3.56615
  30.50000    3.58124
  31.00000    3.59042
  31.50000    3.60511
  32.00000    3.61014
  32.50000    3.61813
  33.00000    3.63318
  33.50000    3.66039
  34.00000    3.67852
  34.50000    3.68683
  35.00000    3.69121
  35.50000    3.68390
  36.00000    3.67010
  36.50000    3.66132
  37.00000    3.65911
  37.50000    3.65885
  38.00000    3.65749
  38.50000    3.65492
  39.00000    3.64460
  39.50000    3.62697
  40.00000    3.61130
  40.50000    3.61098
  41.00000    3.62626
  41.50000    3.63845
  42.00000    3.64512
  42.50000    3.64986
  43.00000    3.66409
  43.50000    3.67449
  44.00000    3.69068
  44.50000    3.69269
  45.00000    3.69734
  45.50000    3.70211
  46.00000    3.69969
  46.50000    3.67618
  47.00000    3.65899
  47.50000    3.67784
  48.00000    3.72850
  48.50000    3.80180
  49.00000    3.87897
  49.50000    3.97426
  50.00000    4.05440
  50.50000    4.10752
  51.00000    4.11494
  51.50000    4.13274
  52.00000    4.14200
  52.50000    4.15686
  53.00000    4.17253
  53.50000    4.18143
  54.00000    4.19409
  54.50000    4.23089
  55.00000    4.26521
  55.50000    4.27258
  56.00000    4.26453
  56.50000    4.27805
  57.00000    4.28536
  57.50000    4.29669
  58.00000    4.29939
  58.50000    4.30556
  59.00000    4.30983
  59.50000    4.30363
  60.00000    4.29812
  60.50000    4.30393
  61.00000    4.31213
  61.50000    4.31763
  62.00000    4.31529
  62.50000    4.32584
  63.00000    4.33337
  63.50000    4.34253
  64.00000    4.34352
  64.50000    4.34143
  65.00000    4.34372
  65.50000    4.35059
  66.00000    4.36127
  66.50000    4.35907
  67.00000    4.35255
  67.50000    4.35427
  68.00000    4.36187
  68.50000    4.36985
  69.00000    4.37136
  69.50000    4.37444
  70.00000    4.37762
  70.50000    4.38833
  71.00000    4.39304
  71.50000    4.39555
  72.00000    4.39197
  72.50000    4.39060
  73.00000    4.39738
  73.50000    4.40607
  74.00000    4.41147
  74.50000    4.40605
  75.00000    4.40197
  75.50000    4.40443
  76.00000    4.41787
  76.50000    4.41847
  77.00000    4.41122
  77.50000    4.40773
  78.00000    4.42586
  78.50000    4.43114
  79.00000    4.42226
  79.50000    4.41810
  80.00000    4.43149
  80.50000    4.43485
  81.00000    4.42733
  81.50000    4.42502
  82.00000    4.42263
  82.50000    4.41545
  83.00000    4.42037
  83.50000    4.43255
  84.00000    4.44149
  84.50000    4.44362
  85.00000    4.44176
  85.50000    4.43754
  86.00000    4.44561
  86.50000    4.45485
  87.00000    4.45683
  87.50000    4.44774
  88.00000    4.44699
  88.50000    4.44721
  89.00000    4.44837
  89.50000    4.45037
  90.00000    4.45669
  90.50000    4.46019
  91.00000    4.45161
  91.50000    4.45104
  92.00000    4.46252
  92.50000    4.46437
  93.00000    4.46158
  93.50000    4.46254
  94.00000    4.46930
  94.50000    4.46710
  95.00000    4.46717
  95.50000    4.46808
  96.00000    4.46131
  96.50000    4.45817
  97.00000    4.45204
  97.50000    4.45316
  98.00000    4.45898
  98.50000    4.46990
  99.00000    4.46279
  99.50000    4.45701
 100.00000    4.46272
 100.50000    4.47216
 101.00000    4.46789
 101.50000    4.46089
 102.00000    4.45797
 102.50000    4.45782
 103.00000    4.46238
 103.50000    4.46445
 104.00000    4.46575
 104.50000    4.47004
 105.00000    4.46287
 105.50000    4.45794
 106.00000    4.46530
 106.50000    4.47069
 107.00000    4.45998
 107.50000    4.45559
 108.00000    4.46891
 108.50000    4.47223
 109.00000    4.46305
 109.50000    4.45801
 110.00000    4.46692
 110.50000    4.47505
 111.00000    4.47152
 111.50000    4.46424
 112.00000    4.47061
 112.50000    4.47624
 113.00000    4.47516
 113.50000    4.46065
 114.00000    4.45977
 114.50000    4.46658
 115.00000    4.46962
 115.50000    4.46573
 116.00000    4.46520
 116.50000    4.46759
 117.00000    4.46829
 117.50000    4.47535
 118.00000    4.46772
 118.50000    4.46146
 119.00000    4.45807
 119.50000    4.46544
 120.00000    4.47098
 120.50000    4.47554
 121.00000    4.47097
 121.50000    4.47072
 122.00000    4.47482
 122.50000    4.47242
 123.00000    4.47021
 123.50000    4.46609
 124.00000    4.46489
 124.50000    4.47221
 125.00000    4.47671
 125.50000    4.47574
 126.00000    4.46788
 126.50000    4.46664
 127.00000    4.46408
 127.50000    4.47215
 128.00000    4.47984
 128.50000    4.47055
 129.00000    4.46745
 129.50000    4.46345
 130.00000    4.47298
 130.50000    4.46661
 131.00000    4.46128
 131.50000    4.44931
 132.00000    4.46124
 132.50000    4.46684
 133.00000    4.47326
 133.50000    4.46817
 134.00000    4.47517
 134.50000    4.47149
 135.00000    4.47120
 135.50000    4.45838
 136.00000    4.46242
 136.50000    4.45975
 137.00000    4.45802
 137.50000    4.44425
 138.00000    4.44719
 138.50000    4.45364
 139.00000    4.46637
 139.50000    4.46562
 140.00000    4.45798
 140.50000    4.46508
 141.00000    4.46522
 141.50000    4.47223
 142.00000    4.46445
 142.50000    4.45379
 143.00000    4.44411
 143.50000    4.45317
 144.00000    4.46597
 144.50000    4.46174
 145.00000    4.46046
 145.50000    4.45344
 146.00000    4.45721
 146.50000    4.45821
 147.00000    4.45422
 147.50000    4.45545
 148.00000    4.46193
 148.50000    4.46308
 149.00000    4.45430
 149.50000    4.45094
 150.00000    4.46420
