   0.00000    1.51854
   0.50000    2.77845
   1.00000    3.01115
   1.50000    2.99251
   2.00000    3.13247
   2.50000    3.21066
   3.00000    3.25384
   3.50000    3.29196
   4.00000    3.32723
   4.50000    3.36443
   5.00000    3.40202
   5.50000    3.42633
   6.00000    3.44706
   6.50000    3.45637
   7.00000    3.47600
   7.50000    3.48463
   8.00000    3.50093
   8.50000    3.50887
   9.00000    3.51575
   9.50000    3.53227
  10.00000    3.55268
  10.50000    3.55692
  11.00000    3.55563
  11.50000    3.56633
  12.00000    3.58623
  12.50000    3.60230
  13.00000    3.61064
  13.50000    3.62141
  14.00000    3.62386
  14.50000    3.62351
  15.00000    3.62897
  15.50000    3.64839
  16.00000    3.66419
  16.50000    3.66472
  17.00000    3.66835
  17.50000    3.67706
  18.00000    3.68726
  18.50000    3.68554
  19.00000    3.69318
  19.50000    3.69601
  20.00000    3.69555
  20.50000    3.70351
  21.00000    3.70437
  21.50000    3.70155
  22.00000    3.69137
  22.50000    3.71288
  23.00000    3.70809
  23.50000    3.70751
  24.00000    3.69561
  24.50000    3.70415
  25.00000    3.72141
  25.50000    3.73860
  26.00000    3.73828
  26.50000    3.73802
  27.00000    3.76135
  27.50000    3.79599
  28.00000    3.83387
  28.50000    3.88244
  29.00000    3.94132
  29.50000    3.98017
  30.00000    4.00086
  30.50000    4.01282
  31.00000    4.05726
  31.50000    4.08360
  32.00000    4.11108
  32.50000    4.13059
  33.00000    4.17011
  33.50000    4.17892
  34.00000    4.19526
  34.50000    4.21638
  35.00000    4.25032
  35.50000    4.26677
  36.00000    4.27962
  36.50000    4.28863
  37.00000    4.29588
  37.50000    4.30781
  38.00000    4.32343
  38.50000    4.33649
  39.00000    4.33589
  39.50000    4.33082
  40.00000    4.33977
  40.50000    4.35372
  41.00000    4.37759
  41.50000    4.39533
  42.00000    4.41826
  42.50000    4.44019
  43.00000    4.46509
  43.50000    4.49402
  44.00000    4.50628
  44.50000    4.51661
  45.00000    4.51837
  45.50000    4.52740
  46.00000    4.51959
  46.50000    4.51662
  47.00000    4.52231
  47.50000    4.52534
  48.00000    4.52243
  48.50000    4.49524
  49.00000    4.48756
  49.50000    4.48897
  50.00000    4.50548
  50.50000    4.50454
  51.00000    4.51609
  51.50000    4.51187
  52.00000    4.50123
  52.50000    4.49967
  53.00000    4.52046
  53.50000    4.52801
  54.00000    4.52369
  54.50000    4.51013
  55.00000    4.51670
  55.50000    4.51654
  56.00000    4.52479
  56.50000    4.52711
  57.00000    4.53043
  57.50000    4.51947
  58.00000    4.50959
  58.50000    4.50893
  59.00000    4.50900
  59.50000    4.51320
  60.00000    4.50649
  60.50000    4.50273
  61.00000    4.49939
  61.50000    4.49969
  62.00000    4.50114
  62.50000    4.49614
  63.00000    4.48577
  63.50000    4.47502
  64.00000    4.48184
  64.50000    4.47269
  65.00000    4.46741
  65.50000    4.46317
  66.00000    4.46740
  66.50000    4.45750
  67.00000    4.45581
  67.50000    4.45797
  68.00000    4.45859
  68.50000    4.45547
  69.00000    4.44365
  69.50000    4.43178
  70.00000    4.43096
  70.50000    4.43884
  71.00000    4.43539
  71.50000    4.42792
  72.00000    4.42319
  72.50000    4.41586
  73.00000    4.40370
  73.50000    4.39836
  74.00000    4.39859
  74.50000    4.40034
  75.00000    4.38928
  75.50000    4.37740
  76.00000    4.37859
  76.50000    4.39277
  77.00000    4.38888
  77.50000    4.36778
  78.00000    4.36008
  78.50000    4.35854
  79.00000    4.36180
  79.50000    4.35817
  80.00000    4.36369
  80.50000    4.36058
  81.00000    4.35159
  81.50000    4.34334
  82.00000    4.33930
  82.50000    4.33342
  83.00000    4.32966
  83.50000    4.32621
  84.00000    4.32904
  84.50000    4.32835
  85.00000    4.32481
  85.50000    4.31550
  86.00000    4.31162
  86.50000    4.30793
  87.00000    4.30817
  87.50000    4.30078
  88.00000    4.30203
  88.50000    4.29729
  89.00000    4.30117
  89.50000    4.29731
  90.00000    4.29871
  90.50000    4.30116
  91.00000    4.30091
  91.50000    4.29295
  92.00000    4.28463
  92.50000    4.28771
  93.00000    4.29104
  93.50000    4.28734
  94.00000    4.28455
  94.50000    4.27867
  95.00000    4.27667
  95.50000    4.27583
  96.00000    4.27421
  96.50000    4.27171
  97.00000    4.27460
  97.50000    4.27060
  98.00000    4.26201
  98.50000    4.26592
  99.00000    4.27356
  99.50000    4.28200
 100.00000    4.28116
 100.50000    4.28346
 101.00000    4.27505
 101.50000    4.27515
 102.00000    4.26210
 102.50000    4.26322
 103.00000    4.26652
 103.50000    4.27323
 104.00000    4.26256
 104.50000    4.25618
 105.00000    4.25836
 105.50000    4.26692
 106.00000    4.27102
 106.50000    4.25975
 107.00000    4.26139
 107.50000    4.26672
 108.00000    4.27898
 108.50000    4.27368
 109.00000    4.27264
 109.50000    4.26618
 110.00000    4.26558
 110.50000    4.26095
 111.00000    4.27115
 111.50000    4.27659
 112.00000    4.28336
 112.50000    4.27426
 113.00000    4.27716
 113.50000    4.27429
 114.00000    4.27793
 114.50000    4.27454
 115.00000    4.27557
 115.50000    4.28152
 116.00000    4.28144
 116.50000    4.28018
 117.00000    4.27761
 117.50000    4.28324
 118.00000    4.28453
 118.50000    4.28363
 119.00000    4.27955
 119.50000    4.28915
 120.00000    4.29966
 120.50000    4.30270
 121.00000    4.29635
 121.50000    4.29746
 122.00000    4.29386
 122.50000    4.29782
 123.00000    4.30549
 123.50000    4.31324
 124.00000    4.31133
 124.50000    4.31083
 125.00000    4.32114
 125.50000    4.32239
 126.00000    4.31825
 126.50000    4.31716
 127.00000    4.32453
 127.50000    4.32819
 128.00000    4.32845
 128.50000    4.33564
 129.00000    4.34263
 129.50000    4.34683
 130.00000    4.33893
 130.50000    4.33659
 131.00000    4.34557
 131.50000    4.35242
 132.00000    4.35653
 132.50000    4.34906
 133.00000    4.34581
 133.50000    4.34271
 134.00000    4.35634
 134.50000    4.36324
 135.00000    4.36346
 135.50000    4.35527
 136.00000    4.35062
 136.50000    4.35751
 137.00000    4.37121
 137.50000    4.38021
 138.00000    4.38308
 138.50000    4.37967
 139.00000    4.37700
 139.50000    4.37501
 140.00000    4.37342
 140.50000    4.37477
 141.00000    4.37635
 141.50000    4.38496
 142.00000    4.38380
 142.50000    4.39684
 143.00000    4.40316
 143.50000    4.41055
 144.00000    4.39603
 144.50000    4.39790
 145.00000    4.38665
 145.50000    4.39558
 146.00000    4.39618
 146.50000    4.40714
 147.00000    4.39747
 147.50000    4.41076
 148.00000    4.41861
 148.50000    4.42202
 149.00000    4.41486
 149.50000    4.41647
 150.00000    4.41108
