   0.00000    0.18743
   0.50000    1.04476
   1.00000    1.80283
   1.50000    2.29250
   2.00000    2.51105
   2.50000    2.88745
   3.00000    3.19544
   3.50000    3.33964
   4.00000    3.35774
   4.50000    3.39133
   5.00000    3.45021
   5.50000    3.49131
   6.00000    3.54366
   6.50000    3.56825
   7.00000    3.58122
   7.50000    3.59583
   8.00000    3.61108
   8.50000    3.64396
   9.00000    3.65476
   9.50000    3.68406
  10.00000    3.72002
  10.50000    3.74764
  11.00000    3.74444
  11.50000    3.72493
  12.00000    3.76041
  12.50000    3.81266
  13.00000    3.85765
  13.50000    3.84563
  14.00000    3.85307
  14.50000    3.87172
  15.00000    3.86860
  15.50000    3.86793
  16.00000    3.91037
  16.50000    3.98376
  17.00000    4.02492
  17.50000    4.04080
  18.00000    4.04863
  18.50000    4.08367
  19.00000    4.13121
  19.50000    4.14428
  20.00000    4.13952
  20.50000    4.13627
  21.00000    4.16004
  21.50000    4.19022
  22.00000    4.23104
  22.50000    4.28343
  23.00000    4.30981
  23.50000    4.35908
  24.00000    4.42910
  24.50000    4.45738
  25.00000    4.41784
  25.50000    4.38866
  26.00000    4.39895
  26.50000    4.39834
  27.00000    4.39746
  27.50000    4.40889
  28.00000    4.42079
  28.50000    4.42799
  29.00000    4.41630
  29.50000    4.43350
  30.00000    4.43690
  30.50000    4.44027
  31.00000    4.42534
  31.50000    4.44636
  32.00000    4.45589
  32.50000    4.45806
  33.00000    4.46345
  33.50000    4.45962
  34.00000    4.49111
  34.50000    4.49246
  35.00000    4.51761
  35.50000    4.51509
  36.00000    4.53341
  36.50000    4.50410
  37.00000    4.50001
  37.50000    4.52091
  38.00000    4.53929
  38.50000    4.52369
  39.00000    4.52503
  39.50000    4.55321
  40.00000    4.56739
  40.50000    4.55052
  41.00000    4.55613
  41.50000    4.55802
  42.00000    4.56719
  42.50000    4.55927
  43.00000    4.56504
  43.50000    4.55556
  44.00000    4.55181
  44.50000    4.54931
  45.00000    4.57927
  45.50000    4.59475
  46.00000    4.58730
  46.50000    4.58522
  47.00000    4.61547
  47.50000    4.65458
  48.00000    4.65868
  48.50000    4.64213
  49.00000    4.61049
  49.50000    4.61394
  50.00000    4.61657
  50.50000    4.63409
  51.00000    4.64658
  51.50000    4.65758
  52.00000    4.64073
  52.50000    4.61883
  53.00000    4.59005
  53.50000    4.58345
  54.00000    4.58145
  54.50000    4.60579
  55.00000    4.58586
  55.50000    4.57259
  56.00000    4.55082
  56.50000    4.56877
  57.00000    4.55845
  57.50000    4.55774
  58.00000    4.55218
  58.50000    4.53194
  59.00000    4.53838
  59.50000    4.53746
  60.00000    4.52713
  60.50000    4.48590
  61.00000    4.49095
  61.50000    4.49355
  62.00000    4.50690
  62.50000    4.48721
  63.00000    4.48574
  63.50000    4.46875
  64.00000    4.48045
  64.50000    4.47947
  65.00000    4.48385
  65.50000    4.47865
  66.00000    4.48182
  66.50000    4.48849
  67.00000    4.45707
  67.50000    4.45217
  68.00000    4.45215
  68.50000    4.47012
  69.00000    4.47379
  69.50000    4.48283
  70.00000    4.46795
  70.50000    4.45132
  71.00000    4.44465
  71.50000    4.43433
  72.00000    4.40917
  72.50000    4.42285
  73.00000    4.41681
  73.50000    4.42755
  74.00000    4.41565
  74.50000    4.43287
  75.00000    4.41427
  75.50000    4.41016
  76.00000    4.40028
  76.50000    4.39237
  77.00000    4.38968
  77.50000    4.39705
  78.00000    4.39603
  78.50000    4.38064
  79.00000    4.36521
  79.50000    4.38113
  80.00000    4.40249
  80.50000    4.40539
  81.00000    4.37060
  81.50000    4.35240
  82.00000    4.37849
  82.50000    4.38791
  83.00000    4.38218
  83.50000    4.37523
  84.00000    4.37785
  84.50000    4.36500
  85.00000    4.35933
  85.50000    4.35690
  86.00000    4.34543
  86.50000    4.34266
  87.00000    4.35791
  87.50000    4.37649
  88.00000    4.37858
  88.50000    4.35843
  89.00000    4.33574
  89.50000    4.35359
  90.00000    4.35906
  90.50000    4.35545
  91.00000    4.32305
  91.50000    4.31999
  92.00000    4.31925
  92.50000    4.31259
  93.00000    4.32309
  93.50000    4.33892
  94.00000    4.33786
  94.50000    4.32761
  95.00000    4.33193
  95.50000    4.34282
  96.00000    4.33166
  96.50000    4.33242
  97.00000    4.31499
  97.50000    4.32345
  98.00000    4.32803
  98.50000    4.33455
  99.00000    4.29865
  99.50000    4.27412
 100.00000    4.26636
 100.50000    4.28864
 101.00000    4.29097
 101.50000    4.28338
 102.00000    4.28145
 102.50000    4.29805
 103.00000    4.29541
 103.50000    4.29182
 104.00000    4.29769
 104.50000    4.31228
 105.00000    4.30942
 105.50000    4.29647
 106.00000    4.29153
 106.50000    4.27229
 107.00000    4.27493
 107.50000    4.27685
 108.00000    4.29121
 108.50000    4.28377
 109.00000    4.28715
 109.50000    4.27838
 110.00000    4.26994
 110.50000    4.26954
 111.00000    4.26664
 111.50000    4.26530
 112.00000    4.26110
 112.50000    4.26622
 113.00000    4.25598
 113.50000    4.24263
 114.00000    4.25617
 114.50000    4.26928
 115.00000    4.28433
 115.50000    4.25979
 116.00000    4.26039
 116.50000    4.25928
 117.00000    4.25769
 117.50000    4.22664
 118.00000    4.25048
 118.50000    4.26069
 119.00000    4.24536
 119.50000    4.22500
 120.00000    4.24035
 120.50000    4.24107
 121.00000    4.23750
 121.50000    4.23900
 122.00000    4.26254
 122.50000    4.27823
 123.00000    4.28139
 123.50000    4.25111
 124.00000    4.22138
 124.50000    4.21083
 125.00000    4.22204
 125.50000    4.23381
 126.00000    4.23433
 126.50000    4.24619
 127.00000    4.25748
 127.50000    4.25768
 128.00000    4.24942
 128.50000    4.24306
 129.00000    4.23883
 129.50000    4.23444
 130.00000    4.22806
 130.50000    4.22860
 131.00000    4.24106
 131.50000    4.23384
 132.00000    4.23734
 132.50000    4.22235
 133.00000    4.23248
 133.50000    4.21194
 134.00000    4.21349
 134.50000    4.21900
 135.00000    4.24225
 135.50000    4.24864
 136.00000    4.23262
 136.50000    4.22872
 137.00000    4.21842
 137.50000    4.21413
 138.00000    4.20088
 138.50000    4.20299
 139.00000    4.20593
 139.50000    4.19761
 140.00000    4.20915
 140.50000    4.21051
 141.00000    4.20867
 141.50000    4.19562
 142.00000    4.21022
 142.50000    4.19921
 143.00000    4.18234
 143.50000    4.18698
 144.00000    4.22924
 144.50000    4.22730
 145.00000    4.19982
 145.50000    4.18184
 146.00000    4.21329
 146.50000    4.21040
 147.00000    4.20767
 147.50000    4.20796
 148.00000    4.23244
 148.50000    4.24664
 149.00000    4.24651
 149.50000    4.23079
 150.00000    4.20719
