   0.00000    0.39997
   0.50000    1.24121
   1.00000    2.02398
   1.50000    2.49962
   2.00000    2.76062
   2.50000    3.11172
   3.00000    3.35483
   3.50000    3.40840
   4.00000    3.43557
   4.50000    3.47714
   5.00000    3.53074
   5.50000    3.60300
   6.00000    3.66505
   6.50000    3.68405
   7.00000    3.68398
   7.50000    3.72548
   8.00000    3.76529
   8.50000    3.78819
   9.00000    3.78894
   9.50000    3.81219
  10.00000    3.84748
  10.50000    3.87064
  11.00000    3.87761
  11.50000    3.87477
  12.00000    3.89120
  12.50000    3.93012
  13.00000    3.96678
  13.50000    3.96070
  14.00000    3.96343
  14.50000    3.98517
  15.00000    4.00684
  15.50000    4.01077
  16.00000    4.05950
  16.50000    4.11084
  17.00000    4.14455
  17.50000    4.14132
  18.00000    4.13059
  18.50000    4.13776
  19.00000    4.17300
  19.50000    4.18597
  20.00000    4.18109
  20.50000    4.17432
  21.00000    4.20692
  21.50000    4.24490
  22.00000    4.26968
  22.50000    4.30701
  23.00000    4.34598
  23.50000    4.39972
  24.00000    4.41957
  24.50000    4.44049
  25.00000    4.43664
  25.50000    4.43686
  26.00000    4.45676
  26.50000    4.48852
  27.00000    4.50865
  27.50000    4.50447
  28.00000    4.49516
  28.50000    4.48392
  29.00000    4.48954
  29.50000    4.50602
  30.00000    4.52494
  30.50000    4.52069
  31.00000    4.52995
  31.50000    4.53149
  32.00000    4.55292
  32.50000    4.56724
  33.00000    4.58401
  33.50000    4.58234
  34.00000    4.59527
  34.50000    4.57303
  35.00000    4.53496
  35.50000    4.50236
  36.00000    4.49896
  36.50000    4.45630
  37.00000    4.42472
  37.50000    4.43306
  38.00000    4.44138
  38.50000    4.43170
  39.00000    4.42094
  39.50000    4.43832
  40.00000    4.45932
  40.50000    4.45641
  41.00000    4.42786
  41.50000    4.41420
  42.00000    4.42198
  42.50000    4.42228
  43.00000    4.42303
  43.50000    4.43813
  44.00000    4.45078
  44.50000    4.45869
  45.00000    4.49316
  45.50000    4.54143
  46.00000    4.58893
  46.50000    4.63382
  47.00000    4.67224
  47.50000    4.67966
  48.00000    4.66500
  48.50000    4.64751
  49.00000    4.62392
  49.50000    4.61506
  50.00000    4.63084
  50.50000    4.64231
  51.00000    4.63814
  51.50000    4.62395
  52.00000    4.62589
  52.50000    4.62168
  53.00000    4.60110
  53.50000    4.58898
  54.00000    4.59411
  54.50000    4.59652
  55.00000    4.57157
  55.50000    4.55870
  56.00000    4.55712
  56.50000    4.56218
  57.00000    4.54989
  57.50000    4.52394
  58.00000    4.51434
  58.50000    4.50974
  59.00000    4.49942
  59.50000    4.49565
  60.00000    4.49798
  60.50000    4.49545
  61.00000    4.49366
  61.50000    4.49259
  62.00000    4.47535
  62.50000    4.46738
  63.00000    4.45733
  63.50000    4.45828
  64.00000    4.43964
  64.50000    4.43703
  65.00000    4.42512
  65.50000    4.43122
  66.00000    4.43664
  66.50000    4.43861
  67.00000    4.42692
  67.50000    4.41071
  68.00000    4.40227
  68.50000    4.40092
  69.00000    4.40444
  69.50000    4.41187
  70.00000    4.39283
  70.50000    4.37920
  71.00000    4.36525
  71.50000    4.37278
  72.00000    4.36575
  72.50000    4.37441
  73.00000    4.35573
  73.50000    4.36077
  74.00000    4.35634
  74.50000    4.35245
  75.00000    4.33165
  75.50000    4.33065
  76.00000    4.32168
  76.50000    4.31735
  77.00000    4.32566
  77.50000    4.33840
  78.00000    4.32368
  78.50000    4.32695
  79.00000    4.32523
  79.50000    4.33596
  80.00000    4.30973
  80.50000    4.31701
  81.00000    4.31275
  81.50000    4.32806
  82.00000    4.31444
  82.50000    4.30613
  83.00000    4.29470
  83.50000    4.29918
  84.00000    4.28749
  84.50000    4.28943
  85.00000    4.28795
  85.50000    4.29508
  86.00000    4.27861
  86.50000    4.26976
  87.00000    4.26105
  87.50000    4.26965
  88.00000    4.27165
  88.50000    4.27152
  89.00000    4.27457
  89.50000    4.27893
  90.00000    4.28622
  90.50000    4.29065
  91.00000    4.27660
  91.50000    4.24844
  92.00000    4.24693
  92.50000    4.24700
  93.00000    4.24188
  93.50000    4.25190
  94.00000    4.24912
  94.50000    4.24696
  95.00000    4.24244
  95.50000    4.26830
  96.00000    4.26805
  96.50000    4.26107
  97.00000    4.23513
  97.50000    4.24219
  98.00000    4.22956
  98.50000    4.23191
  99.00000    4.21567
  99.50000    4.22707
 100.00000    4.22872
 100.50000    4.24736
 101.00000    4.23490
 101.50000    4.22807
 102.00000    4.22751
 102.50000    4.23697
 103.00000    4.22670
 103.50000    4.22462
 104.00000    4.22178
 104.50000    4.23191
 105.00000    4.23162
 105.50000    4.23341
 106.00000    4.22828
 106.50000    4.21422
 107.00000    4.21053
 107.50000    4.21336
 108.00000    4.21362
 108.50000    4.21493
 109.00000    4.21640
 109.50000    4.21744
 110.00000    4.21906
 110.50000    4.22662
 111.00000    4.22825
 111.50000    4.23282
 112.00000    4.22282
 112.50000    4.21437
 113.00000    4.21769
 113.50000    4.21168
 114.00000    4.19896
 114.50000    4.19072
 115.00000    4.20630
 115.50000    4.20595
 116.00000    4.20509
 116.50000    4.19102
 117.00000    4.19886
 117.50000    4.20845
 118.00000    4.21454
 118.50000    4.19955
 119.00000    4.19000
 119.50000    4.20501
 120.00000    4.21030
 120.50000    4.21887
 121.00000    4.22273
 121.50000    4.21819
 122.00000    4.19808
 122.50000    4.20162
 123.00000    4.21329
 123.50000    4.20226
 124.00000    4.19653
 124.50000    4.19934
 125.00000    4.20449
 125.50000    4.20857
 126.00000    4.21270
 126.50000    4.19345
 127.00000    4.18595
 127.50000    4.18262
 128.00000    4.19691
 128.50000    4.20059
 129.00000    4.21770
 129.50000    4.19292
 130.00000    4.18451
 130.50000    4.19784
 131.00000    4.21834
 131.50000    4.22709
 132.00000    4.21641
 132.50000    4.19874
 133.00000    4.18801
 133.50000    4.19897
 134.00000    4.20084
 134.50000    4.18994
 135.00000    4.19774
 135.50000    4.20078
 136.00000    4.20775
 136.50000    4.19363
 137.00000    4.19076
 137.50000    4.19799
 138.00000    4.21694
 138.50000    4.20559
 139.00000    4.19264
 139.50000    4.18801
 140.00000    4.19699
 140.50000    4.18853
 141.00000    4.19391
 141.50000    4.20662
 142.00000    4.22384
 142.50000    4.21592
 143.00000    4.20568
 143.50000    4.20279
 144.00000    4.20090
 144.50000    4.19974
 145.00000    4.19468
 145.50000    4.19765
 146.00000    4.19670
 146.50000    4.20398
 147.00000    4.21161
 147.50000    4.22758
 148.00000    4.22304
 148.50000    4.22184
 149.00000    4.22363
 149.50000    4.23436
 150.00000    4.20720
