   0.00000    1.31120
   0.50000    2.04750
   1.00000    2.30100
   1.50000    2.38241
   2.00000    2.50256
   2.50000    2.64522
   3.00000    2.80764
   3.50000    2.91607
   4.00000    3.01460
   4.50000    3.06976
   5.00000    3.14213
   5.50000    3.18889
   6.00000    3.23207
   6.50000    3.27272
   7.00000    3.29854
   7.50000    3.30385
   8.00000    3.30419
   8.50000    3.32710
   9.00000    3.34698
   9.50000    3.33608
  10.00000    3.33843
  10.50000    3.35612
  11.00000    3.38036
  11.50000    3.38625
  12.00000    3.40283
  12.50000    3.42675
  13.00000    3.45314
  13.50000    3.46268
  14.00000    3.46765
  14.50000    3.47887
  15.00000    3.49120
  15.50000    3.48934
  16.00000    3.49686
  16.50000    3.50081
  17.00000    3.50273
  17.50000    3.52120
  18.00000    3.53491
  18.50000    3.55021
  19.00000    3.56143
  19.50000    3.58464
  20.00000    3.57970
  20.50000    3.57652
  21.00000    3.58171
  21.50000    3.58629
  22.00000    3.59577
  22.50000    3.60992
  23.00000    3.60637
  23.50000    3.60219
  24.00000    3.60857
  24.50000    3.62426
  25.00000    3.60029
  25.50000    3.56220
  26.00000    3.53807
  26.50000    3.53202
  27.00000    3.53288
  27.50000    3.52152
  28.00000    3.52046
  28.50000    3.53730
  29.00000    3.56901
  29.50000    3.59149
  30.00000    3.61866
  30.50000    3.65244
  31.00000    3.71778
  31.50000    3.78900
  32.00000    3.85661
  32.50000    3.89445
  33.00000    3.94855
  33.50000    3.99012
  34.00000    4.03729
  34.50000    4.06694
  35.00000    4.11213
  35.50000    4.14473
  36.00000    4.16689
  36.50000    4.16801
  37.00000    4.16593
  37.50000    4.15994
  38.00000    4.16648
  38.50000    4.17274
  39.00000    4.18098
  39.50000    4.15716
  40.00000    4.15524
  40.50000    4.15107
  41.00000    4.14078
  41.50000    4.12326
  42.00000    4.11810
  42.50000    4.14692
  43.00000    4.14141
  43.50000    4.13747
  44.00000    4.13193
  44.50000    4.14868
  45.00000    4.14753
  45.50000    4.16174
  46.00000    4.17651
  46.50000    4.19249
  47.00000    4.18220
  47.50000    4.16782
  48.00000    4.17161
  48.50000    4.18769
  49.00000    4.19922
  49.50000    4.22665
  50.00000    4.27919
  50.50000    4.28958
  51.00000    4.29107
  51.50000    4.29890
  52.00000    4.33608
  52.50000    4.35546
  53.00000    4.37433
  53.50000    4.38521
  54.00000    4.39502
  54.50000    4.40822
  55.00000    4.41021
  55.50000    4.40702
  56.00000    4.40151
  56.50000    4.41765
  57.00000    4.43098
  57.50000    4.43898
  58.00000    4.44069
  58.50000    4.46007
  59.00000    4.46061
  59.50000    4.45524
  60.00000    4.44219
  60.50000    4.46731
  61.00000    4.47798
  61.50000    4.47976
  62.00000    4.47403
  62.50000    4.48488
  63.00000    4.48815
  63.50000    4.49792
  64.00000    4.49599
  64.50000    4.50280
  65.00000    4.48938
  65.50000    4.51016
  66.00000    4.52561
  66.50000    4.52581
  67.00000    4.51007
  67.50000    4.52081
  68.00000    4.54209
  68.50000    4.53882
  69.00000    4.53186
  69.50000    4.51849
  70.00000    4.54198
  70.50000    4.56053
  71.00000    4.55634
  71.50000    4.55233
  72.00000    4.57297
  72.50000    4.57378
  73.00000    4.55937
  73.50000    4.56322
  74.00000    4.57791
  74.50000    4.57127
  75.00000    4.57592
  75.50000    4.57485
  76.00000    4.57900
  76.50000    4.57820
  77.00000    4.58633
  77.50000    4.57687
  78.00000    4.57829
  78.50000    4.59226
  79.00000    4.59648
  79.50000    4.60389
  80.00000    4.60391
  80.50000    4.60694
  81.00000    4.60596
  81.50000    4.60914
  82.00000    4.59713
  82.50000    4.59565
  83.00000    4.60391
  83.50000    4.61396
  84.00000    4.62293
  84.50000    4.63572
  85.00000    4.64522
  85.50000    4.63425
  86.00000    4.63164
  86.50000    4.63094
  87.00000    4.63946
  87.50000    4.63288
  88.00000    4.63431
  88.50000    4.62880
  89.00000    4.62984
  89.50000    4.63463
  90.00000    4.64310
  90.50000    4.64403
  91.00000    4.63505
  91.50000    4.63789
  92.00000    4.64839
  92.50000    4.66615
  93.00000    4.65652
  93.50000    4.64862
  94.00000    4.63961
  94.50000    4.64230
  95.00000    4.64538
  95.50000    4.65607
  96.00000    4.66533
  96.50000    4.65356
  97.00000    4.63310
  97.50000    4.63525
  98.00000    4.64033
  98.50000    4.64894
  99.00000    4.65538
  99.50000    4.66937
 100.00000    4.65518
 100.50000    4.66129
 101.00000    4.66714
 101.50000    4.67592
 102.00000    4.66988
 102.50000    4.67064
 103.00000    4.65270
 103.50000    4.64714
 104.00000    4.66054
 104.50000    4.65860
 105.00000    4.63869
 105.50000    4.63878
 106.00000    4.66753
 106.50000    4.67901
 107.00000    4.67063
 107.50000    4.67391
 108.00000    4.67903
 108.50000    4.68644
 109.00000    4.68086
 109.50000    4.68400
 110.00000    4.68550
 110.50000    4.69710
 111.00000    4.69335
 111.50000    4.67287
 112.00000    4.66737
 112.50000    4.66769
 113.00000    4.67906
 113.50000    4.66926
 114.00000    4.67046
 114.50000    4.66330
 115.00000    4.66744
 115.50000    4.66832
 116.00000    4.68143
 116.50000    4.68458
 117.00000    4.68228
 117.50000    4.68482
 118.00000    4.69588
 118.50000    4.69578
 119.00000    4.68278
 119.50000    4.67945
 120.00000    4.67944
 120.50000    4.69045
 121.00000    4.70032
 121.50000    4.69394
 122.00000    4.67739
 122.50000    4.67976
 123.00000    4.69556
 123.50000    4.69730
 124.00000    4.67543
 124.50000    4.65667
 125.00000    4.64912
 125.50000    4.66944
 126.00000    4.68118
 126.50000    4.67766
 127.00000    4.68620
 127.50000    4.69586
 128.00000    4.70421
 128.50000    4.70825
 129.00000    4.70995
 129.50000    4.67833
 130.00000    4.66336
 130.50000    4.67668
 131.00000    4.69694
 131.50000    4.70220
 132.00000    4.69849
 132.50000    4.68886
 133.00000    4.68115
 133.50000    4.69489
 134.00000    4.69472
 134.50000    4.69651
 135.00000    4.67532
 135.50000    4.66908
 136.00000    4.65597
 136.50000    4.66267
 137.00000    4.67430
 137.50000    4.67684
 138.00000    4.69555
 138.50000    4.69091
 139.00000    4.69264
 139.50000    4.68182
 140.00000    4.69411
 140.50000    4.69329
 141.00000    4.68709
 141.50000    4.68983
 142.00000    4.69127
 142.50000    4.67816
 143.00000    4.66961
 143.50000    4.67625
 144.00000    4.70286
 144.50000    4.69511
 145.00000    4.68706
 145.50000    4.67791
 146.00000    4.66713
 146.50000    4.66349
 147.00000    4.67797
 147.50000    4.70626
 148.00000    4.69775
 148.50000    4.69833
 149.00000    4.70517
 149.50000    4.71884
 150.00000    4.69054
