   0.00000    1.77091
   0.50000    2.41687
   1.00000    2.71915
   1.50000    2.85190
   2.00000    2.99854
   2.50000    3.10091
   3.00000    3.20010
   3.50000    3.25500
   4.00000    3.30772
   4.50000    3.36507
   5.00000    3.40626
   5.50000    3.41876
   6.00000    3.41709
   6.50000    3.41530
   7.00000    3.42209
   7.50000    3.42937
   8.00000    3.43920
   8.50000    3.44251
   9.00000    3.45495
   9.50000    3.46938
  10.00000    3.48342
  10.50000    3.48737
  11.00000    3.49394
  11.50000    3.50096
  12.00000    3.51011
  12.50000    3.52326
  13.00000    3.53083
  13.50000    3.54035
  14.00000    3.54192
  14.50000    3.54525
  15.00000    3.54996
  15.50000    3.56188
  16.00000    3.56423
  16.50000    3.56506
  17.00000    3.57232
  17.50000    3.57553
  18.00000    3.57361
  18.50000    3.57849
  19.00000    3.58776
  19.50000    3.58559
  20.00000    3.58112
  20.50000    3.58935
  21.00000    3.59509
  21.50000    3.59880
  22.00000    3.59531
  22.50000    3.60037
  23.00000    3.60440
  23.50000    3.61292
  24.00000    3.60909
  24.50000    3.60009
  25.00000    3.58943
  25.50000    3.58048
  26.00000    3.56692
  26.50000    3.56220
  27.00000    3.56813
  27.50000    3.57982
  28.00000    3.58823
  28.50000    3.59429
  29.00000    3.60446
  29.50000    3.61768
  30.00000    3.63398
  30.50000    3.63908
  31.00000    3.64647
  31.50000    3.64998
  32.00000    3.65701
  32.50000    3.66744
  33.00000    3.68248
  33.50000    3.69432
  34.00000    3.69710
  34.50000    3.70889
  35.00000    3.72379
  35.50000    3.73888
  36.00000    3.75125
  36.50000    3.76667
  37.00000    3.78365
  37.50000    3.80300
  38.00000    3.81512
  38.50000    3.82169
  39.00000    3.82533
  39.50000    3.85177
  40.00000    3.88141
  40.50000    3.91488
  41.00000    3.93505
  41.50000    3.95226
  42.00000    3.96642
  42.50000    3.98096
  43.00000    3.99180
  43.50000    4.00487
  44.00000    4.02274
  44.50000    4.05283
  45.00000    4.06837
  45.50000    4.08371
  46.00000    4.09712
  46.50000    4.12897
  47.00000    4.14638
  47.50000    4.16466
  48.00000    4.18859
  48.50000    4.21988
  49.00000    4.24281
  49.50000    4.27220
  50.00000    4.31486
  50.50000    4.34774
  51.00000    4.36297
  51.50000    4.36100
  52.00000    4.36228
  52.50000    4.36434
  53.00000    4.37018
  53.50000    4.37355
  54.00000    4.37892
  54.50000    4.37965
  55.00000    4.37777
  55.50000    4.38364
  56.00000    4.39020
  56.50000    4.38956
  57.00000    4.39027
  57.50000    4.40020
  58.00000    4.40313
  58.50000    4.40160
  59.00000    4.40408
  59.50000    4.41182
  60.00000    4.41014
  60.50000    4.41032
  61.00000    4.41722
  61.50000    4.42424
  62.00000    4.42195
  62.50000    4.41571
  63.00000    4.41852
  63.50000    4.42322
  64.00000    4.42510
  64.50000    4.42750
  65.00000    4.43182
  65.50000    4.43035
  66.00000    4.42588
  66.50000    4.42422
  67.00000    4.42780
  67.50000    4.42942
  68.00000    4.42873
  68.50000    4.42785
  69.00000    4.42940
  69.50000    4.43165
  70.00000    4.42956
  70.50000    4.43142
  71.00000    4.43254
  71.50000    4.43582
  72.00000    4.43146
  72.50000    4.42828
  73.00000    4.42912
  73.50000    4.43211
  74.00000    4.43324
  74.50000    4.42946
  75.00000    4.42947
  75.50000    4.43005
  76.00000    4.43033
  76.50000    4.43530
  77.00000    4.43706
  77.50000    4.43677
  78.00000    4.43375
  78.50000    4.43339
  79.00000    4.43241
  79.50000    4.43251
  80.00000    4.43044
  80.50000    4.42345
  81.00000    4.42679
  81.50000    4.43612
  82.00000    4.43364
  82.50000    4.42671
  83.00000    4.42329
  83.50000    4.43067
  84.00000    4.43218
  84.50000    4.42666
  85.00000    4.42625
  85.50000    4.43138
  86.00000    4.43250
  86.50000    4.42561
  87.00000    4.41903
  87.50000    4.42241
  88.00000    4.42615
  88.50000    4.42860
  89.00000    4.42591
  89.50000    4.42516
  90.00000    4.42267
  90.50000    4.41892
  91.00000    4.41866
  91.50000    4.42154
  92.00000    4.42794
  92.50000    4.42624
  93.00000    4.42382
  93.50000    4.42605
  94.00000    4.42625
  94.50000    4.41951
  95.00000    4.41901
  95.50000    4.42408
  96.00000    4.42709
  96.50000    4.42565
  97.00000    4.41929
  97.50000    4.41689
  98.00000    4.41604
  98.50000    4.42040
  99.00000    4.42390
  99.50000    4.42297
 100.00000    4.41687
 100.50000    4.41612
 101.00000    4.42408
 101.50000    4.42982
 102.00000    4.42707
 102.50000    4.41947
 103.00000    4.41726
 103.50000    4.42478
 104.00000    4.42635
 104.50000    4.42510
 105.00000    4.42392
 105.50000    4.42535
 106.00000    4.42947
 106.50000    4.43210
 107.00000    4.42897
 107.50000    4.42276
 108.00000    4.42169
 108.50000    4.42615
 109.00000    4.43207
 109.50000    4.43567
 110.00000    4.43247
 110.50000    4.42645
 111.00000    4.42999
 111.50000    4.43547
 112.00000    4.43751
 112.50000    4.43509
 113.00000    4.43861
 113.50000    4.43650
 114.00000    4.43523
 114.50000    4.43415
 115.00000    4.43313
 115.50000    4.43275
 116.00000    4.43678
 116.50000    4.43949
 117.00000    4.44006
 117.50000    4.44314
 118.00000    4.44737
 118.50000    4.44570
 119.00000    4.44709
 119.50000    4.44323
 120.00000    4.44653
 120.50000    4.44578
 121.00000    4.44953
 121.50000    4.44905
 122.00000    4.45076
 122.50000    4.44991
 123.00000    4.45082
 123.50000    4.45184
 124.00000    4.45721
 124.50000    4.46205
 125.00000    4.46296
 125.50000    4.45564
 126.00000    4.45527
 126.50000    4.46306
 127.00000    4.46768
 127.50000    4.47056
 128.00000    4.46982
 128.50000    4.46846
 129.00000    4.46637
 129.50000    4.47415
 130.00000    4.47933
 130.50000    4.47875
 131.00000    4.47781
 131.50000    4.47348
 132.00000    4.47735
 132.50000    4.48366
 133.00000    4.48748
 133.50000    4.47955
 134.00000    4.47859
 134.50000    4.48620
 135.00000    4.48739
 135.50000    4.48250
 136.00000    4.48060
 136.50000    4.48390
 137.00000    4.48591
 137.50000    4.49045
 138.00000    4.49742
 138.50000    4.49639
 139.00000    4.49036
 139.50000    4.48985
 140.00000    4.49349
 140.50000    4.50048
 141.00000    4.50075
 141.50000    4.50145
 142.00000    4.50239
 142.50000    4.50519
 143.00000    4.50266
 143.50000    4.50526
 144.00000    4.50832
 144.50000    4.50942
 145.00000    4.50270
 145.50000    4.50486
 146.00000    4.50500
 146.50000    4.50935
 147.00000    4.51211
 147.50000    4.51416
 148.00000    4.51494
 148.50000    4.51683
 149.00000    4.52147
 149.50000    4.51907
 150.00000    4.51575
