   0.00000    1.58499
   0.50000    2.93057
   1.00000    3.47834
   1.50000    3.60164
   2.00000    3.56864
   2.50000    3.50622
   3.00000    3.45882
   3.50000    3.43045
   4.00000    3.42196
   4.50000    3.41374
   5.00000    3.42888
   5.50000    3.45985
   6.00000    3.48462
   6.50000    3.48790
   7.00000    3.48491
   7.50000    3.50714
   8.00000    3.51693
   8.50000    3.52088
   9.00000    3.51750
   9.50000    3.52042
  10.00000    3.52431
  10.50000    3.52684
  11.00000    3.53495
  11.50000    3.54424
  12.00000    3.54952
  12.50000    3.54511
  13.00000    3.54580
  13.50000    3.54285
  14.00000    3.54104
  14.50000    3.54950
  15.00000    3.56410
  15.50000    3.56872
  16.00000    3.55875
  16.50000    3.56340
  17.00000    3.55782
  17.50000    3.56599
  18.00000    3.56641
  18.50000    3.57469
  19.00000    3.57003
  19.50000    3.56785
  20.00000    3.56930
  20.50000    3.56876
  21.00000    3.57432
  21.50000    3.57202
  22.00000    3.56606
  22.50000    3.56821
  23.00000    3.57407
  23.50000    3.58134
  24.00000    3.58226
  24.50000    3.58947
  25.00000    3.58902
  25.50000    3.60271
  26.00000    3.61336
  26.50000    3.62712
  27.00000    3.63418
  27.50000    3.64133
  28.00000    3.64566
  28.50000    3.66834
  29.00000    3.68446
  29.50000    3.68456
  30.00000    3.68102
  30.50000    3.69308
  31.00000    3.70934
  31.50000    3.72173
  32.00000    3.72247
  32.50000    3.72408
  33.00000    3.73516
  33.50000    3.75399
  34.00000    3.78632
  34.50000    3.82569
  35.00000    3.86034
  35.50000    3.86953
  36.00000    3.87918
  36.50000    3.88180
  37.00000    3.89348
  37.50000    3.89275
  38.00000    3.89041
  38.50000    3.88315
  39.00000    3.89415
  39.50000    3.91574
  40.00000    3.92621
  40.50000    3.92181
  41.00000    3.91880
  41.50000    3.93104
  42.00000    3.93226
  42.50000    3.92254
  43.00000    3.93318
  43.50000    3.95685
  44.00000    3.97288
  44.50000    3.97040
  45.00000    3.99960
  45.50000    4.02996
  46.00000    4.04981
  46.50000    4.05659
  47.00000    4.07494
  47.50000    4.08977
  48.00000    4.08979
  48.50000    4.08666
  49.00000    4.07749
  49.50000    4.07132
  50.00000    4.05906
  50.50000    4.05262
  51.00000    4.05191
  51.50000    4.06613
  52.00000    4.08902
  52.50000    4.10530
  53.00000    4.10502
  53.50000    4.10649
  54.00000    4.11826
  54.50000    4.13629
  55.00000    4.13770
  55.50000    4.13271
  56.00000    4.12778
  56.50000    4.13672
  57.00000    4.14445
  57.50000    4.14171
  58.00000    4.14797
  58.50000    4.15613
  59.00000    4.16418
  59.50000    4.16417
  60.00000    4.16375
  60.50000    4.16125
  61.00000    4.16912
  61.50000    4.17225
  62.00000    4.16965
  62.50000    4.17162
  63.00000    4.18198
  63.50000    4.18834
  64.00000    4.18234
  64.50000    4.18601
  65.00000    4.19606
  65.50000    4.21178
  66.00000    4.20897
  66.50000    4.20908
  67.00000    4.20921
  67.50000    4.21459
  68.00000    4.22177
  68.50000    4.23153
  69.00000    4.23736
  69.50000    4.24364
  70.00000    4.24716
  70.50000    4.25971
  71.00000    4.27071
  71.50000    4.27711
  72.00000    4.26972
  72.50000    4.27397
  73.00000    4.27451
  73.50000    4.28371
  74.00000    4.29024
  74.50000    4.29536
  75.00000    4.29341
  75.50000    4.30037
  76.00000    4.31266
  76.50000    4.31579
  77.00000    4.31793
  77.50000    4.32628
  78.00000    4.33231
  78.50000    4.33685
  79.00000    4.33745
  79.50000    4.34474
  80.00000    4.34091
  80.50000    4.34731
  81.00000    4.35656
  81.50000    4.35860
  82.00000    4.35811
  82.50000    4.36395
  83.00000    4.37990
  83.50000    4.38214
  84.00000    4.37891
  84.50000    4.38007
  85.00000    4.39715
  85.50000    4.40873
  86.00000    4.40892
  86.50000    4.40689
  87.00000    4.41358
  87.50000    4.41737
  88.00000    4.41619
  88.50000    4.41755
  89.00000    4.42484
  89.50000    4.43863
  90.00000    4.44190
  90.50000    4.43946
  91.00000    4.43264
  91.50000    4.43780
  92.00000    4.43919
  92.50000    4.44538
  93.00000    4.45209
  93.50000    4.46060
  94.00000    4.45839
  94.50000    4.46375
  95.00000    4.46646
  95.50000    4.47134
  96.00000    4.47120
  96.50000    4.47150
  97.00000    4.46618
  97.50000    4.46827
  98.00000    4.47938
  98.50000    4.49030
  99.00000    4.49138
  99.50000    4.48283
 100.00000    4.48525
 100.50000    4.49354
 101.00000    4.50048
 101.50000    4.49681
 102.00000    4.49809
 102.50000    4.49464
 103.00000    4.50238
 103.50000    4.50398
 104.00000    4.50589
 104.50000    4.50398
 105.00000    4.50292
 105.50000    4.50132
 106.00000    4.50226
 106.50000    4.50788
 107.00000    4.51239
 107.50000    4.51628
 108.00000    4.51170
 108.50000    4.51182
 109.00000    4.52007
 109.50000    4.52515
 110.00000    4.52286
 110.50000    4.52400
 111.00000    4.52356
 111.50000    4.52002
 112.00000    4.52098
 112.50000    4.53071
 113.00000    4.53829
 113.50000    4.53833
 114.00000    4.53690
 114.50000    4.53755
 115.00000    4.54361
 115.50000    4.53565
 116.00000    4.52905
 116.50000    4.53014
 117.00000    4.53934
 117.50000    4.54066
 118.00000    4.53109
 118.50000    4.52696
 119.00000    4.52610
 119.50000    4.54009
 120.00000    4.54936
 120.50000    4.54629
 121.00000    4.54525
 121.50000    4.55291
 122.00000    4.56398
 122.50000    4.55410
 123.00000    4.54390
 123.50000    4.53988
 124.00000    4.54136
 124.50000    4.54150
 125.00000    4.53490
 125.50000    4.53824
 126.00000    4.53889
 126.50000    4.53537
 127.00000    4.53993
 127.50000    4.53770
 128.00000    4.53972
 128.50000    4.53667
 129.00000    4.54346
 129.50000    4.54019
 130.00000    4.54431
 130.50000    4.54676
 131.00000    4.54338
 131.50000    4.54407
 132.00000    4.53542
 132.50000    4.52870
 133.00000    4.52790
 133.50000    4.54233
 134.00000    4.54260
 134.50000    4.53172
 135.00000    4.52037
 135.50000    4.52647
 136.00000    4.54099
 136.50000    4.54105
 137.00000    4.53049
 137.50000    4.52957
 138.00000    4.53089
 138.50000    4.52549
 139.00000    4.52035
 139.50000    4.53188
 140.00000    4.53452
 140.50000    4.53229
 141.00000    4.53074
 141.50000    4.53160
 142.00000    4.53116
 142.50000    4.52561
 143.00000    4.52372
 143.50000    4.51971
 144.00000    4.53281
 144.50000    4.52937
 145.00000    4.53345
 145.50000    4.51996
 146.00000    4.52596
 146.50000    4.52485
 147.00000    4.52855
 147.50000    4.52367
 148.00000    4.52193
 148.50000    4.52896
 149.00000    4.53318
 149.50000    4.53882
 150.00000    4.52043
