   0.00000    0.24895
   0.50000    0.60724
   1.00000    1.54191
   1.50000    2.32432
   2.00000    2.61002
   2.50000    2.92064
   3.00000    3.20993
   3.50000    3.39952
   4.00000    3.41720
   4.50000    3.38358
   5.00000    3.38049
   5.50000    3.39564
   6.00000    3.43436
   6.50000    3.49129
   7.00000    3.52772
   7.50000    3.55631
   8.00000    3.58011
   8.50000    3.64187
   9.00000    3.67442
   9.50000    3.70729
  10.00000    3.74019
  10.50000    3.78345
  11.00000    3.80819
  11.50000    3.81988
  12.00000    3.83475
  12.50000    3.87269
  13.00000    3.94301
  13.50000    3.97455
  14.00000    3.99163
  14.50000    4.01903
  15.00000    4.07094
  15.50000    4.09351
  16.00000    4.16296
  16.50000    4.24099
  17.00000    4.27691
  17.50000    4.28079
  18.00000    4.29108
  18.50000    4.32868
  19.00000    4.36859
  19.50000    4.43638
  20.00000    4.46205
  20.50000    4.45462
  21.00000    4.46932
  21.50000    4.49716
  22.00000    4.53171
  22.50000    4.57224
  23.00000    4.60766
  23.50000    4.62908
  24.00000    4.63038
  24.50000    4.63514
  25.00000    4.56634
  25.50000    4.51512
  26.00000    4.45582
  26.50000    4.45394
  27.00000    4.45079
  27.50000    4.43877
  28.00000    4.42266
  28.50000    4.40573
  29.00000    4.39952
  29.50000    4.40463
  30.00000    4.43134
  30.50000    4.44901
  31.00000    4.45336
  31.50000    4.46630
  32.00000    4.47197
  32.50000    4.47561
  33.00000    4.49899
  33.50000    4.50397
  34.00000    4.51785
  34.50000    4.47991
  35.00000    4.47305
  35.50000    4.46163
  36.00000    4.46801
  36.50000    4.43090
  37.00000    4.40292
  37.50000    4.44221
  38.00000    4.47941
  38.50000    4.47745
  39.00000    4.47314
  39.50000    4.49876
  40.00000    4.50187
  40.50000    4.48656
  41.00000    4.51299
  41.50000    4.54083
  42.00000    4.55850
  42.50000    4.58542
  43.00000    4.60204
  43.50000    4.58981
  44.00000    4.55724
  44.50000    4.58568
  45.00000    4.59866
  45.50000    4.61346
  46.00000    4.61744
  46.50000    4.63677
  47.00000    4.62327
  47.50000    4.63443
  48.00000    4.64416
  48.50000    4.66942
  49.00000    4.66570
  49.50000    4.68021
  50.00000    4.68417
  50.50000    4.70807
  51.00000    4.71511
  51.50000    4.70767
  52.00000    4.70183
  52.50000    4.70684
  53.00000    4.70233
  53.50000    4.70475
  54.00000    4.71877
  54.50000    4.74667
  55.00000    4.72619
  55.50000    4.71644
  56.00000    4.70203
  56.50000    4.70959
  57.00000    4.68653
  57.50000    4.69755
  58.00000    4.69074
  58.50000    4.70016
  59.00000    4.70195
  59.50000    4.70677
  60.00000    4.69547
  60.50000    4.68170
  61.00000    4.68712
  61.50000    4.69973
  62.00000    4.71865
  62.50000    4.68810
  63.00000    4.67827
  63.50000    4.67596
  64.00000    4.67798
  64.50000    4.67133
  65.00000    4.67723
  65.50000    4.68496
  66.00000    4.66643
  66.50000    4.66902
  67.00000    4.66186
  67.50000    4.67915
  68.00000    4.68297
  68.50000    4.68818
  69.00000    4.69741
  69.50000    4.69356
  70.00000    4.70295
  70.50000    4.72107
  71.00000    4.70184
  71.50000    4.64764
  72.00000    4.59776
  72.50000    4.63357
  73.00000    4.66850
  73.50000    4.68343
  74.00000    4.65494
  74.50000    4.66170
  75.00000    4.66083
  75.50000    4.64817
  76.00000    4.62932
  76.50000    4.61490
  77.00000    4.61966
  77.50000    4.63476
  78.00000    4.65919
  78.50000    4.64800
  79.00000    4.62749
  79.50000    4.62182
  80.00000    4.63904
  80.50000    4.64484
  81.00000    4.62156
  81.50000    4.61177
  82.00000    4.59628
  82.50000    4.60960
  83.00000    4.60242
  83.50000    4.62415
  84.00000    4.61823
  84.50000    4.61480
  85.00000    4.59420
  85.50000    4.59762
  86.00000    4.59460
  86.50000    4.57476
  87.00000    4.57667
  87.50000    4.57353
  88.00000    4.57824
  88.50000    4.56184
  89.00000    4.56095
  89.50000    4.55778
  90.00000    4.57167
  90.50000    4.55879
  91.00000    4.56006
  91.50000    4.54265
  92.00000    4.54207
  92.50000    4.52068
  93.00000    4.55196
  93.50000    4.56132
  94.00000    4.55813
  94.50000    4.53168
  95.00000    4.53272
  95.50000    4.54689
  96.00000    4.53775
  96.50000    4.53215
  97.00000    4.51780
  97.50000    4.52458
  98.00000    4.53360
  98.50000    4.55802
  99.00000    4.55747
  99.50000    4.54535
 100.00000    4.53952
 100.50000    4.49817
 101.00000    4.45767
 101.50000    4.44877
 102.00000    4.49180
 102.50000    4.51630
 103.00000    4.50678
 103.50000    4.50271
 104.00000    4.51100
 104.50000    4.51917
 105.00000    4.50824
 105.50000    4.49406
 106.00000    4.47758
 106.50000    4.46989
 107.00000    4.49810
 107.50000    4.49675
 108.00000    4.47934
 108.50000    4.45983
 109.00000    4.45922
 109.50000    4.45075
 110.00000    4.46025
 110.50000    4.47742
 111.00000    4.48203
 111.50000    4.47875
 112.00000    4.47862
 112.50000    4.47628
 113.00000    4.45893
 113.50000    4.45431
 114.00000    4.47940
 114.50000    4.49233
 115.00000    4.46846
 115.50000    4.45428
 116.00000    4.45250
 116.50000    4.45373
 117.00000    4.44751
 117.50000    4.46137
 118.00000    4.46720
 118.50000    4.47191
 119.00000    4.46205
 119.50000    4.46879
 120.00000    4.47116
 120.50000    4.49711
 121.00000    4.49004
 121.50000    4.46508
 122.00000    4.44367
 122.50000    4.46271
 123.00000    4.46413
 123.50000    4.44575
 124.00000    4.39656
 124.50000    4.40724
 125.00000    4.43657
 125.50000    4.46734
 126.00000    4.43473
 126.50000    4.43685
 127.00000    4.45964
 127.50000    4.46459
 128.00000    4.45027
 128.50000    4.43517
 129.00000    4.42793
 129.50000    4.38618
 130.00000    4.37555
 130.50000    4.38950
 131.00000    4.41336
 131.50000    4.40369
 132.00000    4.41597
 132.50000    4.41204
 133.00000    4.41400
 133.50000    4.40257
 134.00000    4.41004
 134.50000    4.40516
 135.00000    4.39621
 135.50000    4.42315
 136.00000    4.41691
 136.50000    4.42155
 137.00000    4.38568
 137.50000    4.37373
 138.00000    4.35000
 138.50000    4.37220
 139.00000    4.38776
 139.50000    4.37120
 140.00000    4.37663
 140.50000    4.38146
 141.00000    4.37949
 141.50000    4.36011
 142.00000    4.37138
 142.50000    4.35699
 143.00000    4.35100
 143.50000    4.36677
 144.00000    4.39728
 144.50000    4.37171
 145.00000    4.34841
 145.50000    4.37252
 146.00000    4.39619
 146.50000    4.36803
 147.00000    4.34797
 147.50000    4.36628
 148.00000    4.39459
 148.50000    4.39739
 149.00000    4.35606
 149.50000    4.32195
 150.00000    4.40926
