   0.00000    1.79549
   0.50000    2.96346
   1.00000    3.38313
   1.50000    3.47023
   2.00000    3.48396
   2.50000    3.45120
   3.00000    3.41180
   3.50000    3.38571
   4.00000    3.41217
   4.50000    3.45273
   5.00000    3.49204
   5.50000    3.51405
   6.00000    3.53308
   6.50000    3.54148
   7.00000    3.55191
   7.50000    3.58149
   8.00000    3.60034
   8.50000    3.60827
   9.00000    3.60817
   9.50000    3.60812
  10.00000    3.61270
  10.50000    3.62397
  11.00000    3.64044
  11.50000    3.65890
  12.00000    3.66776
  12.50000    3.66911
  13.00000    3.67280
  13.50000    3.68795
  14.00000    3.68378
  14.50000    3.69588
  15.00000    3.71162
  15.50000    3.72775
  16.00000    3.72272
  16.50000    3.72655
  17.00000    3.72571
  17.50000    3.73618
  18.00000    3.74297
  18.50000    3.74995
  19.00000    3.75285
  19.50000    3.75851
  20.00000    3.76068
  20.50000    3.76275
  21.00000    3.77098
  21.50000    3.76341
  22.00000    3.75355
  22.50000    3.75003
  23.00000    3.76507
  23.50000    3.77621
  24.00000    3.78071
  24.50000    3.78355
  25.00000    3.78574
  25.50000    3.78680
  26.00000    3.79889
  26.50000    3.83147
  27.00000    3.86839
  27.50000    3.88685
  28.00000    3.89522
  28.50000    3.92547
  29.00000    3.94740
  29.50000    3.94301
  30.00000    3.92263
  30.50000    3.92431
  31.00000    3.93370
  31.50000    3.93782
  32.00000    3.91915
  32.50000    3.91806
  33.00000    3.91943
  33.50000    3.91559
  34.00000    3.91179
  34.50000    3.94672
  35.00000    3.99463
  35.50000    4.03223
  36.00000    4.06430
  36.50000    4.06698
  37.00000    4.07012
  37.50000    4.07088
  38.00000    4.08326
  38.50000    4.09190
  39.00000    4.10290
  39.50000    4.12039
  40.00000    4.14039
  40.50000    4.13929
  41.00000    4.12148
  41.50000    4.10569
  42.00000    4.11205
  42.50000    4.09432
  43.00000    4.09791
  43.50000    4.11233
  44.00000    4.13278
  44.50000    4.12894
  45.00000    4.16518
  45.50000    4.19913
  46.00000    4.20857
  46.50000    4.21057
  47.00000    4.22694
  47.50000    4.23483
  48.00000    4.22319
  48.50000    4.24293
  49.00000    4.26414
  49.50000    4.29539
  50.00000    4.30093
  50.50000    4.29917
  51.00000    4.28439
  51.50000    4.29557
  52.00000    4.31446
  52.50000    4.32322
  53.00000    4.31160
  53.50000    4.30217
  54.00000    4.30621
  54.50000    4.30778
  55.00000    4.31345
  55.50000    4.30844
  56.00000    4.31060
  56.50000    4.30185
  57.00000    4.32252
  57.50000    4.32428
  58.00000    4.32916
  58.50000    4.33757
  59.00000    4.35561
  59.50000    4.35534
  60.00000    4.34193
  60.50000    4.34926
  61.00000    4.35486
  61.50000    4.35517
  62.00000    4.35551
  62.50000    4.36967
  63.00000    4.38521
  63.50000    4.38143
  64.00000    4.37548
  64.50000    4.39292
  65.00000    4.41454
  65.50000    4.42160
  66.00000    4.40552
  66.50000    4.40388
  67.00000    4.40918
  67.50000    4.41079
  68.00000    4.41513
  68.50000    4.42264
  69.00000    4.43177
  69.50000    4.44073
  70.00000    4.43852
  70.50000    4.45648
  71.00000    4.47078
  71.50000    4.48476
  72.00000    4.46731
  72.50000    4.46450
  73.00000    4.45959
  73.50000    4.47864
  74.00000    4.48239
  74.50000    4.48565
  75.00000    4.47489
  75.50000    4.48640
  76.00000    4.49170
  76.50000    4.49225
  77.00000    4.49557
  77.50000    4.51319
  78.00000    4.51591
  78.50000    4.51203
  79.00000    4.51667
  79.50000    4.53274
  80.00000    4.52648
  80.50000    4.52318
  81.00000    4.52548
  81.50000    4.53695
  82.00000    4.52846
  82.50000    4.54524
  83.00000    4.55272
  83.50000    4.55839
  84.00000    4.54429
  84.50000    4.55507
  85.00000    4.57602
  85.50000    4.59750
  86.00000    4.59304
  86.50000    4.57807
  87.00000    4.57746
  87.50000    4.59348
  88.00000    4.58542
  88.50000    4.57298
  89.00000    4.58303
  89.50000    4.60157
  90.00000    4.60314
  90.50000    4.60082
  91.00000    4.59963
  91.50000    4.60875
  92.00000    4.60146
  92.50000    4.61534
  93.00000    4.61111
  93.50000    4.62631
  94.00000    4.61154
  94.50000    4.61718
  95.00000    4.61546
  95.50000    4.61773
  96.00000    4.61366
  96.50000    4.61675
  97.00000    4.61047
  97.50000    4.60939
  98.00000    4.62390
  98.50000    4.64705
  99.00000    4.64720
  99.50000    4.63147
 100.00000    4.62354
 100.50000    4.63690
 101.00000    4.64942
 101.50000    4.64507
 102.00000    4.63266
 102.50000    4.62999
 103.00000    4.63957
 103.50000    4.64598
 104.00000    4.64939
 104.50000    4.65017
 105.00000    4.64494
 105.50000    4.64122
 106.00000    4.64941
 106.50000    4.64942
 107.00000    4.63758
 107.50000    4.64670
 108.00000    4.64609
 108.50000    4.65032
 109.00000    4.66033
 109.50000    4.66751
 110.00000    4.65754
 110.50000    4.65292
 111.00000    4.65615
 111.50000    4.65335
 112.00000    4.66757
 112.50000    4.67864
 113.00000    4.67866
 113.50000    4.67686
 114.00000    4.67805
 114.50000    4.68129
 115.00000    4.67979
 115.50000    4.66388
 116.00000    4.64931
 116.50000    4.65362
 117.00000    4.66841
 117.50000    4.66605
 118.00000    4.65113
 118.50000    4.64964
 119.00000    4.65533
 119.50000    4.66929
 120.00000    4.67515
 120.50000    4.67155
 121.00000    4.67173
 121.50000    4.67010
 122.00000    4.67789
 122.50000    4.67418
 123.00000    4.66600
 123.50000    4.65755
 124.00000    4.64765
 124.50000    4.65385
 125.00000    4.65605
 125.50000    4.66353
 126.00000    4.65678
 126.50000    4.64676
 127.00000    4.64860
 127.50000    4.64610
 128.00000    4.65267
 128.50000    4.65558
 129.00000    4.65514
 129.50000    4.65314
 130.00000    4.65287
 130.50000    4.66314
 131.00000    4.65583
 131.50000    4.65681
 132.00000    4.63728
 132.50000    4.64353
 133.00000    4.64406
 133.50000    4.65927
 134.00000    4.65249
 134.50000    4.64638
 135.00000    4.63592
 135.50000    4.64435
 136.00000    4.65867
 136.50000    4.65770
 137.00000    4.63766
 137.50000    4.63644
 138.00000    4.63944
 138.50000    4.64852
 139.00000    4.64505
 139.50000    4.65549
 140.00000    4.65383
 140.50000    4.65546
 141.00000    4.64890
 141.50000    4.64242
 142.00000    4.64333
 142.50000    4.64334
 143.00000    4.63885
 143.50000    4.62859
 144.00000    4.65458
 144.50000    4.66658
 145.00000    4.66847
 145.50000    4.64257
 146.00000    4.64320
 146.50000    4.63964
 147.00000    4.65020
 147.50000    4.64349
 148.00000    4.64320
 148.50000    4.63630
 149.00000    4.65364
 149.50000    4.66145
 150.00000    4.63466
