   0.00000    0.86761
   0.50000    1.73701
   1.00000    2.26214
   1.50000    2.68747
   2.00000    2.96850
   2.50000    3.16318
   3.00000    3.20834
   3.50000    3.27339
   4.00000    3.34578
   4.50000    3.42508
   5.00000    3.48147
   5.50000    3.53021
   6.00000    3.57680
   6.50000    3.61173
   7.00000    3.60790
   7.50000    3.64708
   8.00000    3.68030
   8.50000    3.68331
   9.00000    3.67176
   9.50000    3.69846
  10.00000    3.72304
  10.50000    3.72369
  11.00000    3.73896
  11.50000    3.75670
  12.00000    3.77759
  12.50000    3.79725
  13.00000    3.79734
  13.50000    3.79992
  14.00000    3.81380
  14.50000    3.83952
  15.00000    3.84220
  15.50000    3.84339
  16.00000    3.84515
  16.50000    3.87489
  17.00000    3.91481
  17.50000    3.94679
  18.00000    3.95958
  18.50000    3.98333
  19.00000    3.98936
  19.50000    3.97823
  20.00000    3.96453
  20.50000    3.99422
  21.00000    3.99962
  21.50000    3.99967
  22.00000    3.99982
  22.50000    4.04735
  23.00000    4.08654
  23.50000    4.14038
  24.00000    4.16975
  24.50000    4.16296
  25.00000    4.14640
  25.50000    4.15645
  26.00000    4.17859
  26.50000    4.21370
  27.00000    4.23656
  27.50000    4.25257
  28.00000    4.26823
  28.50000    4.29677
  29.00000    4.29587
  29.50000    4.30812
  30.00000    4.32421
  30.50000    4.33506
  31.00000    4.32861
  31.50000    4.34842
  32.00000    4.37025
  32.50000    4.38374
  33.00000    4.37798
  33.50000    4.37674
  34.00000    4.40294
  34.50000    4.41905
  35.00000    4.40772
  35.50000    4.37795
  36.00000    4.37226
  36.50000    4.36068
  37.00000    4.35374
  37.50000    4.34568
  38.00000    4.34289
  38.50000    4.33934
  39.00000    4.35824
  39.50000    4.38802
  40.00000    4.38825
  40.50000    4.37899
  41.00000    4.38858
  41.50000    4.41564
  42.00000    4.41326
  42.50000    4.40599
  43.00000    4.42480
  43.50000    4.45991
  44.00000    4.48528
  44.50000    4.50185
  45.00000    4.53342
  45.50000    4.55190
  46.00000    4.55823
  46.50000    4.57953
  47.00000    4.60573
  47.50000    4.63257
  48.00000    4.63606
  48.50000    4.62007
  49.00000    4.58844
  49.50000    4.57513
  50.00000    4.58720
  50.50000    4.59561
  51.00000    4.60397
  51.50000    4.60096
  52.00000    4.59242
  52.50000    4.57852
  53.00000    4.56598
  53.50000    4.56028
  54.00000    4.56160
  54.50000    4.56095
  55.00000    4.55441
  55.50000    4.53656
  56.00000    4.53201
  56.50000    4.52338
  57.00000    4.51292
  57.50000    4.49820
  58.00000    4.51940
  58.50000    4.51786
  59.00000    4.50878
  59.50000    4.50068
  60.00000    4.51514
  60.50000    4.50873
  61.00000    4.51012
  61.50000    4.49848
  62.00000    4.48209
  62.50000    4.47225
  63.00000    4.47954
  63.50000    4.47963
  64.00000    4.46358
  64.50000    4.44272
  65.00000    4.44457
  65.50000    4.46422
  66.00000    4.46616
  66.50000    4.43592
  67.00000    4.42170
  67.50000    4.41330
  68.00000    4.41482
  68.50000    4.41988
  69.00000    4.42813
  69.50000    4.42868
  70.00000    4.42040
  70.50000    4.41487
  71.00000    4.41750
  71.50000    4.40309
  72.00000    4.37645
  72.50000    4.36268
  73.00000    4.37219
  73.50000    4.37698
  74.00000    4.37136
  74.50000    4.37210
  75.00000    4.37445
  75.50000    4.37515
  76.00000    4.36122
  76.50000    4.33904
  77.00000    4.32862
  77.50000    4.32833
  78.00000    4.33010
  78.50000    4.33835
  79.00000    4.33734
  79.50000    4.33232
  80.00000    4.31794
  80.50000    4.31205
  81.00000    4.29308
  81.50000    4.30139
  82.00000    4.31497
  82.50000    4.32072
  83.00000    4.30340
  83.50000    4.29631
  84.00000    4.28628
  84.50000    4.27454
  85.00000    4.27257
  85.50000    4.27933
  86.00000    4.27783
  86.50000    4.25746
  87.00000    4.22956
  87.50000    4.22573
  88.00000    4.24604
  88.50000    4.26029
  89.00000    4.24999
  89.50000    4.25065
  90.00000    4.25444
  90.50000    4.26012
  91.00000    4.23127
  91.50000    4.22039
  92.00000    4.22001
  92.50000    4.22016
  93.00000    4.21151
  93.50000    4.21062
  94.00000    4.22273
  94.50000    4.22023
  95.00000    4.22104
  95.50000    4.21208
  96.00000    4.19397
  96.50000    4.19864
  97.00000    4.20568
  97.50000    4.21269
  98.00000    4.19696
  98.50000    4.20010
  99.00000    4.18178
  99.50000    4.17547
 100.00000    4.17633
 100.50000    4.19601
 101.00000    4.20207
 101.50000    4.20072
 102.00000    4.19178
 102.50000    4.18674
 103.00000    4.17263
 103.50000    4.16552
 104.00000    4.16551
 104.50000    4.17301
 105.00000    4.15832
 105.50000    4.15830
 106.00000    4.16678
 106.50000    4.17643
 107.00000    4.16619
 107.50000    4.16936
 108.00000    4.16738
 108.50000    4.16523
 109.00000    4.14458
 109.50000    4.15513
 110.00000    4.15980
 110.50000    4.17150
 111.00000    4.15017
 111.50000    4.14549
 112.00000    4.12854
 112.50000    4.14274
 113.00000    4.15054
 113.50000    4.15426
 114.00000    4.13666
 114.50000    4.13253
 115.00000    4.13231
 115.50000    4.14603
 116.00000    4.15852
 116.50000    4.15825
 117.00000    4.14172
 117.50000    4.13273
 118.00000    4.13338
 118.50000    4.12145
 119.00000    4.12402
 119.50000    4.13588
 120.00000    4.15122
 120.50000    4.14452
 121.00000    4.13661
 121.50000    4.12490
 122.00000    4.13323
 122.50000    4.14005
 123.00000    4.13584
 123.50000    4.12635
 124.00000    4.12793
 124.50000    4.12766
 125.00000    4.12886
 125.50000    4.13030
 126.00000    4.12655
 126.50000    4.13727
 127.00000    4.16268
 127.50000    4.16123
 128.00000    4.13809
 128.50000    4.14290
 129.00000    4.14050
 129.50000    4.14017
 130.00000    4.14757
 130.50000    4.16235
 131.00000    4.14999
 131.50000    4.14450
 132.00000    4.14636
 132.50000    4.13426
 133.00000    4.13726
 133.50000    4.14117
 134.00000    4.14488
 134.50000    4.14541
 135.00000    4.15479
 135.50000    4.15155
 136.00000    4.14917
 136.50000    4.13879
 137.00000    4.13076
 137.50000    4.13955
 138.00000    4.15047
 138.50000    4.15169
 139.00000    4.15038
 139.50000    4.14637
 140.00000    4.13843
 140.50000    4.13149
 141.00000    4.14061
 141.50000    4.14028
 142.00000    4.15418
 142.50000    4.16008
 143.00000    4.15763
 143.50000    4.15567
 144.00000    4.15522
 144.50000    4.17254
 145.00000    4.17393
 145.50000    4.17401
 146.00000    4.16401
 146.50000    4.16383
 147.00000    4.16317
 147.50000    4.16407
 148.00000    4.16360
 148.50000    4.17122
 149.00000    4.18652
 149.50000    4.19770
 150.00000    4.16154
