   0.00000    1.59912
   0.50000    2.09277
   1.00000    2.24534
   1.50000    2.32261
   2.00000    2.42601
   2.50000    2.53561
   3.00000    2.64185
   3.50000    2.77974
   4.00000    2.91657
   4.50000    2.98577
   5.00000    3.05481
   5.50000    3.11546
   6.00000    3.17818
   6.50000    3.24477
   7.00000    3.31895
   7.50000    3.36158
   8.00000    3.36249
   8.50000    3.36919
   9.00000    3.37789
   9.50000    3.37952
  10.00000    3.38706
  10.50000    3.40862
  11.00000    3.43038
  11.50000    3.43978
  12.00000    3.45364
  12.50000    3.47660
  13.00000    3.49176
  13.50000    3.49948
  14.00000    3.50393
  14.50000    3.51978
  15.00000    3.54130
  15.50000    3.54882
  16.00000    3.55150
  16.50000    3.54918
  17.00000    3.55681
  17.50000    3.58091
  18.00000    3.59494
  18.50000    3.60668
  19.00000    3.61948
  19.50000    3.64720
  20.00000    3.64745
  20.50000    3.64753
  21.00000    3.64926
  21.50000    3.65623
  22.00000    3.65697
  22.50000    3.67580
  23.00000    3.68499
  23.50000    3.68767
  24.00000    3.69365
  24.50000    3.72145
  25.00000    3.72774
  25.50000    3.72214
  26.00000    3.71100
  26.50000    3.68949
  27.00000    3.66174
  27.50000    3.64251
  28.00000    3.62768
  28.50000    3.62967
  29.00000    3.63157
  29.50000    3.62561
  30.00000    3.62514
  30.50000    3.63816
  31.00000    3.65942
  31.50000    3.69345
  32.00000    3.72329
  32.50000    3.74463
  33.00000    3.76904
  33.50000    3.78802
  34.00000    3.79858
  34.50000    3.80951
  35.00000    3.84700
  35.50000    3.88820
  36.00000    3.92023
  36.50000    3.92953
  37.00000    3.94125
  37.50000    3.96077
  38.00000    3.98481
  38.50000    3.99855
  39.00000    4.02087
  39.50000    4.03546
  40.00000    4.06011
  40.50000    4.06309
  41.00000    4.05370
  41.50000    4.05565
  42.00000    4.07786
  42.50000    4.10620
  43.00000    4.11624
  43.50000    4.13549
  44.00000    4.16209
  44.50000    4.18858
  45.00000    4.22802
  45.50000    4.26817
  46.00000    4.28674
  46.50000    4.29607
  47.00000    4.30884
  47.50000    4.32933
  48.00000    4.34053
  48.50000    4.34992
  49.00000    4.34648
  49.50000    4.35049
  50.00000    4.35804
  50.50000    4.33582
  51.00000    4.32402
  51.50000    4.32772
  52.00000    4.34789
  52.50000    4.34384
  53.00000    4.34495
  53.50000    4.36526
  54.00000    4.38409
  54.50000    4.39978
  55.00000    4.40510
  55.50000    4.41187
  56.00000    4.42292
  56.50000    4.42802
  57.00000    4.43246
  57.50000    4.43707
  58.00000    4.44044
  58.50000    4.45153
  59.00000    4.45193
  59.50000    4.45863
  60.00000    4.44600
  60.50000    4.46307
  61.00000    4.47200
  61.50000    4.46253
  62.00000    4.45199
  62.50000    4.46741
  63.00000    4.47795
  63.50000    4.48591
  64.00000    4.48179
  64.50000    4.49270
  65.00000    4.48284
  65.50000    4.49002
  66.00000    4.48664
  66.50000    4.49491
  67.00000    4.50239
  67.50000    4.50072
  68.00000    4.51334
  68.50000    4.51956
  69.00000    4.53171
  69.50000    4.51968
  70.00000    4.52788
  70.50000    4.53166
  71.00000    4.54042
  71.50000    4.54218
  72.00000    4.54832
  72.50000    4.53495
  73.00000    4.52554
  73.50000    4.53427
  74.00000    4.55401
  74.50000    4.54367
  75.00000    4.53975
  75.50000    4.52943
  76.00000    4.53239
  76.50000    4.53642
  77.00000    4.55595
  77.50000    4.54503
  78.00000    4.54116
  78.50000    4.56107
  79.00000    4.57840
  79.50000    4.57495
  80.00000    4.56803
  80.50000    4.57207
  81.00000    4.56738
  81.50000    4.56576
  82.00000    4.56691
  82.50000    4.57322
  83.00000    4.57085
  83.50000    4.58113
  84.00000    4.58568
  84.50000    4.59478
  85.00000    4.59775
  85.50000    4.59625
  86.00000    4.59748
  86.50000    4.60002
  87.00000    4.60563
  87.50000    4.60429
  88.00000    4.59871
  88.50000    4.58881
  89.00000    4.59433
  89.50000    4.60554
  90.00000    4.60209
  90.50000    4.59531
  91.00000    4.59246
  91.50000    4.59523
  92.00000    4.59393
  92.50000    4.60719
  93.00000    4.59968
  93.50000    4.59572
  94.00000    4.59754
  94.50000    4.60469
  95.00000    4.59851
  95.50000    4.60362
  96.00000    4.60952
  96.50000    4.60049
  97.00000    4.58501
  97.50000    4.59403
  98.00000    4.59764
  98.50000    4.60543
  99.00000    4.61492
  99.50000    4.62654
 100.00000    4.60935
 100.50000    4.60774
 101.00000    4.61639
 101.50000    4.63445
 102.00000    4.62406
 102.50000    4.62995
 103.00000    4.62981
 103.50000    4.63360
 104.00000    4.63143
 104.50000    4.62980
 105.00000    4.62357
 105.50000    4.62617
 106.00000    4.63838
 106.50000    4.64487
 107.00000    4.63260
 107.50000    4.63111
 108.00000    4.63854
 108.50000    4.64397
 109.00000    4.64671
 109.50000    4.64767
 110.00000    4.65444
 110.50000    4.64550
 111.00000    4.64484
 111.50000    4.63821
 112.00000    4.64705
 112.50000    4.64928
 113.00000    4.65531
 113.50000    4.65476
 114.00000    4.65676
 114.50000    4.64606
 115.00000    4.64785
 115.50000    4.64964
 116.00000    4.65696
 116.50000    4.65104
 117.00000    4.65672
 117.50000    4.66349
 118.00000    4.66494
 118.50000    4.66012
 119.00000    4.66439
 119.50000    4.67350
 120.00000    4.66948
 120.50000    4.66117
 121.00000    4.66005
 121.50000    4.66910
 122.00000    4.66995
 122.50000    4.66289
 123.00000    4.64386
 123.50000    4.64793
 124.00000    4.65217
 124.50000    4.65543
 125.00000    4.65935
 125.50000    4.66393
 126.00000    4.66584
 126.50000    4.66527
 127.00000    4.68269
 127.50000    4.68822
 128.00000    4.69304
 128.50000    4.69632
 129.00000    4.68684
 129.50000    4.66879
 130.00000    4.66021
 130.50000    4.67088
 131.00000    4.67772
 131.50000    4.67560
 132.00000    4.67471
 132.50000    4.68000
 133.00000    4.67777
 133.50000    4.67623
 134.00000    4.68118
 134.50000    4.69036
 135.00000    4.68057
 135.50000    4.68206
 136.00000    4.67722
 136.50000    4.67468
 137.00000    4.66989
 137.50000    4.67971
 138.00000    4.69605
 138.50000    4.69424
 139.00000    4.68701
 139.50000    4.68362
 140.00000    4.69196
 140.50000    4.69871
 141.00000    4.70196
 141.50000    4.69984
 142.00000    4.68695
 142.50000    4.67532
 143.00000    4.67291
 143.50000    4.67656
 144.00000    4.69888
 144.50000    4.70166
 145.00000    4.69633
 145.50000    4.68174
 146.00000    4.67758
 146.50000    4.68194
 147.00000    4.68943
 147.50000    4.71403
 148.00000    4.71693
 148.50000    4.71566
 149.00000    4.70414
 149.50000    4.70651
 150.00000    4.67950
