   0.00000    1.22480
   0.50000    1.65736
   1.00000    2.22262
   1.50000    2.76954
   2.00000    3.09717
   2.50000    3.18341
   3.00000    3.15990
   3.50000    3.16719
   4.00000    3.20695
   4.50000    3.25675
   5.00000    3.30700
   5.50000    3.33050
   6.00000    3.36475
   6.50000    3.38851
   7.00000    3.40469
   7.50000    3.40727
   8.00000    3.41080
   8.50000    3.42278
   9.00000    3.43849
   9.50000    3.45062
  10.00000    3.45853
  10.50000    3.46878
  11.00000    3.47787
  11.50000    3.48020
  12.00000    3.50231
  12.50000    3.51186
  13.00000    3.51386
  13.50000    3.52132
  14.00000    3.52571
  14.50000    3.52899
  15.00000    3.53217
  15.50000    3.54818
  16.00000    3.55256
  16.50000    3.55915
  17.00000    3.56961
  17.50000    3.58946
  18.00000    3.60889
  18.50000    3.62234
  19.00000    3.62961
  19.50000    3.63129
  20.00000    3.63126
  20.50000    3.63652
  21.00000    3.63185
  21.50000    3.63890
  22.00000    3.66578
  22.50000    3.69501
  23.00000    3.71350
  23.50000    3.73578
  24.00000    3.75274
  24.50000    3.75239
  25.00000    3.78006
  25.50000    3.82035
  26.00000    3.83477
  26.50000    3.84659
  27.00000    3.88163
  27.50000    3.92994
  28.00000    3.97716
  28.50000    4.03555
  29.00000    4.08774
  29.50000    4.14724
  30.00000    4.19069
  30.50000    4.23492
  31.00000    4.27165
  31.50000    4.30490
  32.00000    4.31739
  32.50000    4.32715
  33.00000    4.34360
  33.50000    4.34465
  34.00000    4.35779
  34.50000    4.36094
  35.00000    4.35480
  35.50000    4.35228
  36.00000    4.37054
  36.50000    4.39297
  37.00000    4.38960
  37.50000    4.38039
  38.00000    4.37256
  38.50000    4.39453
  39.00000    4.41388
  39.50000    4.40793
  40.00000    4.39709
  40.50000    4.39545
  41.00000    4.41581
  41.50000    4.42836
  42.00000    4.44936
  42.50000    4.45220
  43.00000    4.46605
  43.50000    4.49357
  44.00000    4.51775
  44.50000    4.53171
  45.00000    4.52947
  45.50000    4.53051
  46.00000    4.52703
  46.50000    4.53766
  47.00000    4.53282
  47.50000    4.55404
  48.00000    4.56972
  48.50000    4.58067
  49.00000    4.56602
  49.50000    4.57439
  50.00000    4.58868
  50.50000    4.58749
  51.00000    4.58426
  51.50000    4.58023
  52.00000    4.58912
  52.50000    4.58544
  53.00000    4.57951
  53.50000    4.56181
  54.00000    4.55422
  54.50000    4.55352
  55.00000    4.54579
  55.50000    4.53997
  56.00000    4.54126
  56.50000    4.55292
  57.00000    4.55462
  57.50000    4.55042
  58.00000    4.54781
  58.50000    4.54715
  59.00000    4.54047
  59.50000    4.53365
  60.00000    4.53476
  60.50000    4.53368
  61.00000    4.53321
  61.50000    4.53176
  62.00000    4.53080
  62.50000    4.52978
  63.00000    4.53084
  63.50000    4.52019
  64.00000    4.51971
  64.50000    4.52219
  65.00000    4.52370
  65.50000    4.52466
  66.00000    4.53164
  66.50000    4.53265
  67.00000    4.52167
  67.50000    4.52326
  68.00000    4.52460
  68.50000    4.52936
  69.00000    4.52039
  69.50000    4.51068
  70.00000    4.50898
  70.50000    4.51392
  71.00000    4.52110
  71.50000    4.51366
  72.00000    4.51011
  72.50000    4.50955
  73.00000    4.50691
  73.50000    4.51048
  74.00000    4.50828
  74.50000    4.50913
  75.00000    4.50119
  75.50000    4.50060
  76.00000    4.50130
  76.50000    4.50567
  77.00000    4.49602
  77.50000    4.48550
  78.00000    4.48205
  78.50000    4.49456
  79.00000    4.50512
  79.50000    4.50623
  80.00000    4.49511
  80.50000    4.49643
  81.00000    4.50531
  81.50000    4.51196
  82.00000    4.50665
  82.50000    4.50041
  83.00000    4.49119
  83.50000    4.48847
  84.00000    4.49265
  84.50000    4.49924
  85.00000    4.50001
  85.50000    4.48770
  86.00000    4.48311
  86.50000    4.49257
  87.00000    4.50094
  87.50000    4.49178
  88.00000    4.48412
  88.50000    4.48259
  89.00000    4.49282
  89.50000    4.48527
  90.00000    4.47634
  90.50000    4.46953
  91.00000    4.46794
  91.50000    4.46623
  92.00000    4.46928
  92.50000    4.47882
  93.00000    4.48087
  93.50000    4.47890
  94.00000    4.46686
  94.50000    4.47026
  95.00000    4.46998
  95.50000    4.47349
  96.00000    4.45891
  96.50000    4.46625
  97.00000    4.46735
  97.50000    4.47092
  98.00000    4.46887
  98.50000    4.46569
  99.00000    4.45849
  99.50000    4.44886
 100.00000    4.45574
 100.50000    4.46309
 101.00000    4.45706
 101.50000    4.46413
 102.00000    4.46047
 102.50000    4.46170
 103.00000    4.45096
 103.50000    4.44947
 104.00000    4.44465
 104.50000    4.44956
 105.00000    4.44480
 105.50000    4.44378
 106.00000    4.45067
 106.50000    4.46146
 107.00000    4.45367
 107.50000    4.44800
 108.00000    4.44574
 108.50000    4.43946
 109.00000    4.43210
 109.50000    4.42848
 110.00000    4.42733
 110.50000    4.42636
 111.00000    4.42722
 111.50000    4.43064
 112.00000    4.43537
 112.50000    4.43250
 113.00000    4.43374
 113.50000    4.43166
 114.00000    4.43924
 114.50000    4.43098
 115.00000    4.43317
 115.50000    4.42740
 116.00000    4.42694
 116.50000    4.43376
 117.00000    4.42411
 117.50000    4.41746
 118.00000    4.40902
 118.50000    4.41202
 119.00000    4.40594
 119.50000    4.41239
 120.00000    4.40970
 120.50000    4.39671
 121.00000    4.39950
 121.50000    4.40647
 122.00000    4.40600
 122.50000    4.40593
 123.00000    4.40423
 123.50000    4.40164
 124.00000    4.40081
 124.50000    4.40134
 125.00000    4.39997
 125.50000    4.39577
 126.00000    4.39565
 126.50000    4.39552
 127.00000    4.39313
 127.50000    4.38897
 128.00000    4.38585
 128.50000    4.38890
 129.00000    4.39518
 129.50000    4.40331
 130.00000    4.41275
 130.50000    4.40078
 131.00000    4.39733
 131.50000    4.38806
 132.00000    4.39686
 132.50000    4.39347
 133.00000    4.38526
 133.50000    4.37385
 134.00000    4.38289
 134.50000    4.38883
 135.00000    4.37495
 135.50000    4.36854
 136.00000    4.37397
 136.50000    4.37959
 137.00000    4.38192
 137.50000    4.37460
 138.00000    4.37203
 138.50000    4.37234
 139.00000    4.37649
 139.50000    4.37476
 140.00000    4.36760
 140.50000    4.36966
 141.00000    4.37339
 141.50000    4.38029
 142.00000    4.38261
 142.50000    4.39060
 143.00000    4.38137
 143.50000    4.37062
 144.00000    4.36778
 144.50000    4.37179
 145.00000    4.36150
 145.50000    4.36101
 146.00000    4.36000
 146.50000    4.36720
 147.00000    4.37241
 147.50000    4.37359
 148.00000    4.36355
 148.50000    4.36263
 149.00000    4.37009
 149.50000    4.37631
 150.00000    4.37262
