   0.00000    1.33283
   0.50000    3.23188
   1.00000    3.57919
   1.50000    3.45110
   2.00000    3.46306
   2.50000    3.45089
   3.00000    3.43265
   3.50000    3.42524
   4.00000    3.43069
   4.50000    3.45144
   5.00000    3.46086
   5.50000    3.47253
   6.00000    3.47527
   6.50000    3.48112
   7.00000    3.49194
   7.50000    3.50555
   8.00000    3.50033
   8.50000    3.50125
   9.00000    3.52705
   9.50000    3.53461
  10.00000    3.52548
  10.50000    3.53048
  11.00000    3.54363
  11.50000    3.55304
  12.00000    3.55236
  12.50000    3.56098
  13.00000    3.55958
  13.50000    3.57031
  14.00000    3.58845
  14.50000    3.59673
  15.00000    3.59644
  15.50000    3.59736
  16.00000    3.61200
  16.50000    3.60963
  17.00000    3.60673
  17.50000    3.61395
  18.00000    3.62125
  18.50000    3.63029
  19.00000    3.62652
  19.50000    3.62133
  20.00000    3.62008
  20.50000    3.63763
  21.00000    3.65885
  21.50000    3.67101
  22.00000    3.67131
  22.50000    3.66329
  23.00000    3.67109
  23.50000    3.68630
  24.00000    3.69910
  24.50000    3.71049
  25.00000    3.72413
  25.50000    3.72850
  26.00000    3.72284
  26.50000    3.74117
  27.00000    3.78156
  27.50000    3.83024
  28.00000    3.86525
  28.50000    3.90345
  29.00000    3.93790
  29.50000    3.95672
  30.00000    3.94995
  30.50000    3.95234
  31.00000    3.98077
  31.50000    4.01276
  32.00000    4.02975
  32.50000    4.05568
  33.00000    4.09238
  33.50000    4.13514
  34.00000    4.17299
  34.50000    4.22346
  35.00000    4.28162
  35.50000    4.33057
  36.00000    4.35428
  36.50000    4.36395
  37.00000    4.37476
  37.50000    4.38749
  38.00000    4.40147
  38.50000    4.41578
  39.00000    4.43075
  39.50000    4.43946
  40.00000    4.44080
  40.50000    4.43923
  41.00000    4.43048
  41.50000    4.43138
  42.00000    4.41958
  42.50000    4.40912
  43.00000    4.40718
  43.50000    4.40800
  44.00000    4.38580
  44.50000    4.36053
  45.00000    4.35731
  45.50000    4.36042
  46.00000    4.35591
  46.50000    4.35815
  47.00000    4.34924
  47.50000    4.35863
  48.00000    4.35535
  48.50000    4.36544
  49.00000    4.36020
  49.50000    4.37370
  50.00000    4.36205
  50.50000    4.35320
  51.00000    4.34618
  51.50000    4.35043
  52.00000    4.35351
  52.50000    4.35111
  53.00000    4.34138
  53.50000    4.33390
  54.00000    4.34076
  54.50000    4.34994
  55.00000    4.35465
  55.50000    4.36225
  56.00000    4.35926
  56.50000    4.34703
  57.00000    4.34446
  57.50000    4.35263
  58.00000    4.36031
  58.50000    4.35957
  59.00000    4.35788
  59.50000    4.35608
  60.00000    4.36052
  60.50000    4.36757
  61.00000    4.36097
  61.50000    4.35517
  62.00000    4.35179
  62.50000    4.35994
  63.00000    4.36587
  63.50000    4.36431
  64.00000    4.36069
  64.50000    4.35100
  65.00000    4.35497
  65.50000    4.35601
  66.00000    4.36223
  66.50000    4.36109
  67.00000    4.36398
  67.50000    4.36447
  68.00000    4.36272
  68.50000    4.36286
  69.00000    4.36959
  69.50000    4.37067
  70.00000    4.36481
  70.50000    4.36044
  71.00000    4.36455
  71.50000    4.37329
  72.00000    4.36637
  72.50000    4.36961
  73.00000    4.36404
  73.50000    4.36722
  74.00000    4.36187
  74.50000    4.36660
  75.00000    4.36021
  75.50000    4.35671
  76.00000    4.35140
  76.50000    4.35376
  77.00000    4.35971
  77.50000    4.36412
  78.00000    4.36159
  78.50000    4.36806
  79.00000    4.36285
  79.50000    4.36407
  80.00000    4.36266
  80.50000    4.35926
  81.00000    4.34620
  81.50000    4.35575
  82.00000    4.35925
  82.50000    4.35591
  83.00000    4.35737
  83.50000    4.36212
  84.00000    4.35292
  84.50000    4.34010
  85.00000    4.34183
  85.50000    4.34823
  86.00000    4.37217
  86.50000    4.36548
  87.00000    4.34664
  87.50000    4.32921
  88.00000    4.34491
  88.50000    4.35141
  89.00000    4.34806
  89.50000    4.34937
  90.00000    4.35006
  90.50000    4.35792
  91.00000    4.35046
  91.50000    4.34812
  92.00000    4.34270
  92.50000    4.35218
  93.00000    4.35966
  93.50000    4.36005
  94.00000    4.35027
  94.50000    4.34255
  95.00000    4.34701
  95.50000    4.35586
  96.00000    4.35706
  96.50000    4.34840
  97.00000    4.33664
  97.50000    4.33701
  98.00000    4.34336
  98.50000    4.34879
  99.00000    4.34991
  99.50000    4.34872
 100.00000    4.34908
 100.50000    4.34725
 101.00000    4.34239
 101.50000    4.33682
 102.00000    4.33686
 102.50000    4.34320
 103.00000    4.34038
 103.50000    4.33893
 104.00000    4.33503
 104.50000    4.34042
 105.00000    4.33498
 105.50000    4.32983
 106.00000    4.32627
 106.50000    4.32419
 107.00000    4.33415
 107.50000    4.33964
 108.00000    4.33801
 108.50000    4.33004
 109.00000    4.33268
 109.50000    4.32877
 110.00000    4.33087
 110.50000    4.33449
 111.00000    4.33299
 111.50000    4.31981
 112.00000    4.32125
 112.50000    4.31879
 113.00000    4.32610
 113.50000    4.32564
 114.00000    4.33420
 114.50000    4.33371
 115.00000    4.33351
 115.50000    4.32451
 116.00000    4.32469
 116.50000    4.32510
 117.00000    4.33036
 117.50000    4.33607
 118.00000    4.33661
 118.50000    4.33251
 119.00000    4.32437
 119.50000    4.32674
 120.00000    4.32687
 120.50000    4.33270
 121.00000    4.33565
 121.50000    4.34387
 122.00000    4.34504
 122.50000    4.33385
 123.00000    4.33022
 123.50000    4.32413
 124.00000    4.32205
 124.50000    4.31872
 125.00000    4.32056
 125.50000    4.31546
 126.00000    4.31798
 126.50000    4.32180
 127.00000    4.32782
 127.50000    4.32327
 128.00000    4.33051
 128.50000    4.32955
 129.00000    4.33303
 129.50000    4.32759
 130.00000    4.33501
 130.50000    4.33303
 131.00000    4.33018
 131.50000    4.32602
 132.00000    4.33441
 132.50000    4.33483
 133.00000    4.32461
 133.50000    4.32071
 134.00000    4.32831
 134.50000    4.33931
 135.00000    4.33463
 135.50000    4.33535
 136.00000    4.33861
 136.50000    4.34414
 137.00000    4.33787
 137.50000    4.32777
 138.00000    4.32201
 138.50000    4.33100
 139.00000    4.34044
 139.50000    4.34380
 140.00000    4.34474
 140.50000    4.35303
 141.00000    4.34884
 141.50000    4.34683
 142.00000    4.34278
 142.50000    4.35183
 143.00000    4.35203
 143.50000    4.35632
 144.00000    4.35649
 144.50000    4.36199
 145.00000    4.36379
 145.50000    4.35930
 146.00000    4.35888
 146.50000    4.36372
 147.00000    4.36673
 147.50000    4.36095
 148.00000    4.34893
 148.50000    4.35122
 149.00000    4.35034
 149.50000    4.35869
 150.00000    4.38619
