   0.00000    1.70637
   0.50000    2.54831
   1.00000    3.03119
   1.50000    3.28857
   2.00000    3.40291
   2.50000    3.44408
   3.00000    3.42891
   3.50000    3.40436
   4.00000    3.41177
   4.50000    3.44050
   5.00000    3.48159
   5.50000    3.50429
   6.00000    3.52111
   6.50000    3.52820
   7.00000    3.53198
   7.50000    3.54053
   8.00000    3.55206
   8.50000    3.56684
   9.00000    3.56633
   9.50000    3.57603
  10.00000    3.58847
  10.50000    3.60671
  11.00000    3.62200
  11.50000    3.63372
  12.00000    3.63441
  12.50000    3.62638
  13.00000    3.63344
  13.50000    3.64580
  14.00000    3.66157
  14.50000    3.66952
  15.00000    3.68395
  15.50000    3.68759
  16.00000    3.69588
  16.50000    3.69743
  17.00000    3.70498
  17.50000    3.71029
  18.00000    3.72169
  18.50000    3.73005
  19.00000    3.73417
  19.50000    3.73860
  20.00000    3.74227
  20.50000    3.73653
  21.00000    3.74205
  21.50000    3.74759
  22.00000    3.74882
  22.50000    3.74613
  23.00000    3.73984
  23.50000    3.74091
  24.00000    3.74107
  24.50000    3.74327
  25.00000    3.73112
  25.50000    3.73550
  26.00000    3.76036
  26.50000    3.78899
  27.00000    3.81676
  27.50000    3.83224
  28.00000    3.85081
  28.50000    3.87102
  29.00000    3.88863
  29.50000    3.89003
  30.00000    3.89181
  30.50000    3.89743
  31.00000    3.89433
  31.50000    3.88866
  32.00000    3.88342
  32.50000    3.88290
  33.00000    3.86414
  33.50000    3.84374
  34.00000    3.83602
  34.50000    3.83353
  35.00000    3.84675
  35.50000    3.85959
  36.00000    3.87827
  36.50000    3.88198
  37.00000    3.89746
  37.50000    3.90439
  38.00000    3.89840
  38.50000    3.91213
  39.00000    3.92058
  39.50000    3.93958
  40.00000    3.95612
  40.50000    3.98444
  41.00000    3.98582
  41.50000    3.98232
  42.00000    3.98281
  42.50000    3.98471
  43.00000    3.99335
  43.50000    4.01116
  44.00000    4.03649
  44.50000    4.05288
  45.00000    4.08883
  45.50000    4.11966
  46.00000    4.14707
  46.50000    4.16339
  47.00000    4.19420
  47.50000    4.21200
  48.00000    4.22725
  48.50000    4.24471
  49.00000    4.26526
  49.50000    4.27106
  50.00000    4.27574
  50.50000    4.28051
  51.00000    4.28299
  51.50000    4.29238
  52.00000    4.30783
  52.50000    4.31985
  53.00000    4.31851
  53.50000    4.33295
  54.00000    4.34022
  54.50000    4.34339
  55.00000    4.33796
  55.50000    4.33772
  56.00000    4.33489
  56.50000    4.34303
  57.00000    4.35716
  57.50000    4.36246
  58.00000    4.36843
  58.50000    4.36352
  59.00000    4.35810
  59.50000    4.35381
  60.00000    4.36028
  60.50000    4.36735
  61.00000    4.36782
  61.50000    4.37190
  62.00000    4.37890
  62.50000    4.38899
  63.00000    4.38461
  63.50000    4.38278
  64.00000    4.38224
  64.50000    4.39183
  65.00000    4.39989
  65.50000    4.40131
  66.00000    4.39457
  66.50000    4.38935
  67.00000    4.39493
  67.50000    4.39256
  68.00000    4.39504
  68.50000    4.39718
  69.00000    4.40154
  69.50000    4.39809
  70.00000    4.39723
  70.50000    4.40873
  71.00000    4.41484
  71.50000    4.42291
  72.00000    4.42221
  72.50000    4.41977
  73.00000    4.41511
  73.50000    4.42136
  74.00000    4.41853
  74.50000    4.41251
  75.00000    4.41607
  75.50000    4.42887
  76.00000    4.42255
  76.50000    4.41545
  77.00000    4.42054
  77.50000    4.43388
  78.00000    4.43154
  78.50000    4.43295
  79.00000    4.43550
  79.50000    4.43898
  80.00000    4.42974
  80.50000    4.42768
  81.00000    4.42963
  81.50000    4.43682
  82.00000    4.43228
  82.50000    4.43107
  83.00000    4.43623
  83.50000    4.43762
  84.00000    4.43447
  84.50000    4.42979
  85.00000    4.44469
  85.50000    4.45591
  86.00000    4.45115
  86.50000    4.43688
  87.00000    4.43364
  87.50000    4.44394
  88.00000    4.43803
  88.50000    4.43634
  89.00000    4.43727
  89.50000    4.44856
  90.00000    4.44738
  90.50000    4.44773
  91.00000    4.44236
  91.50000    4.44448
  92.00000    4.43956
  92.50000    4.45173
  93.00000    4.45046
  93.50000    4.45831
  94.00000    4.45301
  94.50000    4.45470
  95.00000    4.45090
  95.50000    4.45443
  96.00000    4.45406
  96.50000    4.45853
  97.00000    4.45829
  97.50000    4.45219
  98.00000    4.45256
  98.50000    4.45876
  99.00000    4.46122
  99.50000    4.45317
 100.00000    4.45469
 100.50000    4.46547
 101.00000    4.47936
 101.50000    4.47502
 102.00000    4.46702
 102.50000    4.46771
 103.00000    4.47027
 103.50000    4.46490
 104.00000    4.46721
 104.50000    4.47138
 105.00000    4.46703
 105.50000    4.46102
 106.00000    4.46460
 106.50000    4.46534
 107.00000    4.46185
 107.50000    4.47091
 108.00000    4.47755
 108.50000    4.48180
 109.00000    4.48086
 109.50000    4.47809
 110.00000    4.47739
 110.50000    4.48362
 111.00000    4.48817
 111.50000    4.48657
 112.00000    4.48943
 112.50000    4.48765
 113.00000    4.48569
 113.50000    4.49430
 114.00000    4.49508
 114.50000    4.48945
 115.00000    4.48956
 115.50000    4.48256
 116.00000    4.47918
 116.50000    4.48092
 117.00000    4.49327
 117.50000    4.49399
 118.00000    4.48669
 118.50000    4.47913
 119.00000    4.48262
 119.50000    4.50439
 120.00000    4.51421
 120.50000    4.50556
 121.00000    4.49436
 121.50000    4.49534
 122.00000    4.50139
 122.50000    4.50586
 123.00000    4.49930
 123.50000    4.49889
 124.00000    4.49467
 124.50000    4.50185
 125.00000    4.49537
 125.50000    4.50655
 126.00000    4.50553
 126.50000    4.50239
 127.00000    4.50011
 127.50000    4.51557
 128.00000    4.52567
 128.50000    4.52525
 129.00000    4.51552
 129.50000    4.51840
 130.00000    4.51989
 130.50000    4.52407
 131.00000    4.51809
 131.50000    4.52721
 132.00000    4.51916
 132.50000    4.51880
 133.00000    4.51599
 133.50000    4.52882
 134.00000    4.53027
 134.50000    4.52516
 135.00000    4.52014
 135.50000    4.52429
 136.00000    4.52981
 136.50000    4.53022
 137.00000    4.53179
 137.50000    4.53692
 138.00000    4.53556
 138.50000    4.53710
 139.00000    4.54005
 139.50000    4.54993
 140.00000    4.54726
 140.50000    4.54254
 141.00000    4.54336
 141.50000    4.54660
 142.00000    4.54555
 142.50000    4.53739
 143.00000    4.53593
 143.50000    4.54396
 144.00000    4.55424
 144.50000    4.55013
 145.00000    4.55056
 145.50000    4.54585
 146.00000    4.54586
 146.50000    4.54726
 147.00000    4.55931
 147.50000    4.55458
 148.00000    4.54836
 148.50000    4.54396
 149.00000    4.55158
 149.50000    4.55711
 150.00000    4.54010
