   0.00000    1.64276
   0.50000    1.96240
   1.00000    2.52610
   1.50000    3.01964
   2.00000    3.31203
   2.50000    3.38986
   3.00000    3.42161
   3.50000    3.43127
   4.00000    3.45558
   4.50000    3.51356
   5.00000    3.55570
   5.50000    3.57792
   6.00000    3.58249
   6.50000    3.59893
   7.00000    3.60557
   7.50000    3.61910
   8.00000    3.63761
   8.50000    3.64501
   9.00000    3.65224
   9.50000    3.65437
  10.00000    3.66258
  10.50000    3.66680
  11.00000    3.68311
  11.50000    3.69648
  12.00000    3.70040
  12.50000    3.70943
  13.00000    3.71265
  13.50000    3.72627
  14.00000    3.73323
  14.50000    3.73495
  15.00000    3.73213
  15.50000    3.74045
  16.00000    3.75227
  16.50000    3.74536
  17.00000    3.75473
  17.50000    3.75625
  18.00000    3.76142
  18.50000    3.75519
  19.00000    3.76841
  19.50000    3.76897
  20.00000    3.77163
  20.50000    3.76330
  21.00000    3.76294
  21.50000    3.76708
  22.00000    3.76058
  22.50000    3.75540
  23.00000    3.74466
  23.50000    3.75181
  24.00000    3.74706
  24.50000    3.74635
  25.00000    3.74386
  25.50000    3.76007
  26.00000    3.78459
  26.50000    3.81535
  27.00000    3.84996
  27.50000    3.88066
  28.00000    3.89307
  28.50000    3.90471
  29.00000    3.91068
  29.50000    3.90171
  30.00000    3.88617
  30.50000    3.88485
  31.00000    3.89119
  31.50000    3.88480
  32.00000    3.87545
  32.50000    3.86926
  33.00000    3.85550
  33.50000    3.83073
  34.00000    3.81616
  34.50000    3.82485
  35.00000    3.83442
  35.50000    3.84060
  36.00000    3.84511
  36.50000    3.86453
  37.00000    3.87864
  37.50000    3.88041
  38.00000    3.87279
  38.50000    3.88117
  39.00000    3.88430
  39.50000    3.88737
  40.00000    3.91364
  40.50000    3.95338
  41.00000    3.98543
  41.50000    3.99872
  42.00000    4.01971
  42.50000    4.04066
  43.00000    4.08057
  43.50000    4.11460
  44.00000    4.14906
  44.50000    4.18203
  45.00000    4.23107
  45.50000    4.26745
  46.00000    4.30935
  46.50000    4.34701
  47.00000    4.37802
  47.50000    4.39043
  48.00000    4.40471
  48.50000    4.41418
  49.00000    4.40937
  49.50000    4.43276
  50.00000    4.45235
  50.50000    4.47999
  51.00000    4.48833
  51.50000    4.49327
  52.00000    4.48093
  52.50000    4.47919
  53.00000    4.49904
  53.50000    4.50962
  54.00000    4.51305
  54.50000    4.49297
  55.00000    4.49745
  55.50000    4.50766
  56.00000    4.51719
  56.50000    4.51350
  57.00000    4.51679
  57.50000    4.52115
  58.00000    4.52062
  58.50000    4.51518
  59.00000    4.50532
  59.50000    4.51088
  60.00000    4.52161
  60.50000    4.52279
  61.00000    4.51920
  61.50000    4.51994
  62.00000    4.51647
  62.50000    4.50711
  63.00000    4.51221
  63.50000    4.51845
  64.00000    4.51420
  64.50000    4.51189
  65.00000    4.52241
  65.50000    4.52594
  66.00000    4.52059
  66.50000    4.51623
  67.00000    4.51744
  67.50000    4.50991
  68.00000    4.51708
  68.50000    4.51766
  69.00000    4.52006
  69.50000    4.51508
  70.00000    4.51783
  70.50000    4.51865
  71.00000    4.52453
  71.50000    4.51968
  72.00000    4.51452
  72.50000    4.50817
  73.00000    4.51005
  73.50000    4.50234
  74.00000    4.51346
  74.50000    4.52134
  75.00000    4.51732
  75.50000    4.50560
  76.00000    4.50651
  76.50000    4.52168
  77.00000    4.52872
  77.50000    4.52765
  78.00000    4.51268
  78.50000    4.51161
  79.00000    4.51526
  79.50000    4.51705
  80.00000    4.51153
  80.50000    4.51450
  81.00000    4.51439
  81.50000    4.51652
  82.00000    4.52066
  82.50000    4.51903
  83.00000    4.51487
  83.50000    4.51027
  84.00000    4.51655
  84.50000    4.51374
  85.00000    4.51289
  85.50000    4.51288
  86.00000    4.51948
  86.50000    4.52074
  87.00000    4.51695
  87.50000    4.51164
  88.00000    4.51735
  88.50000    4.51889
  89.00000    4.52797
  89.50000    4.52901
  90.00000    4.52122
  90.50000    4.51458
  91.00000    4.52452
  91.50000    4.53121
  92.00000    4.51868
  92.50000    4.52275
  93.00000    4.52386
  93.50000    4.52885
  94.00000    4.53062
  94.50000    4.53971
  95.00000    4.53822
  95.50000    4.52861
  96.00000    4.53426
  96.50000    4.53837
  97.00000    4.54684
  97.50000    4.53631
  98.00000    4.52772
  98.50000    4.52871
  99.00000    4.54531
  99.50000    4.55112
 100.00000    4.54747
 100.50000    4.53962
 101.00000    4.54024
 101.50000    4.53212
 102.00000    4.53757
 102.50000    4.53736
 103.00000    4.54658
 103.50000    4.54320
 104.00000    4.54457
 104.50000    4.54245
 105.00000    4.54486
 105.50000    4.55018
 106.00000    4.55096
 106.50000    4.54765
 107.00000    4.54151
 107.50000    4.54946
 108.00000    4.55241
 108.50000    4.55689
 109.00000    4.56085
 109.50000    4.56465
 110.00000    4.55946
 110.50000    4.55663
 111.00000    4.56306
 111.50000    4.56807
 112.00000    4.56904
 112.50000    4.55558
 113.00000    4.55713
 113.50000    4.56153
 114.00000    4.57075
 114.50000    4.56510
 115.00000    4.56714
 115.50000    4.57694
 116.00000    4.58688
 116.50000    4.58461
 117.00000    4.57120
 117.50000    4.57053
 118.00000    4.57534
 118.50000    4.58404
 119.00000    4.58162
 119.50000    4.58805
 120.00000    4.57885
 120.50000    4.57836
 121.00000    4.58437
 121.50000    4.59504
 122.00000    4.59526
 122.50000    4.59024
 123.00000    4.59928
 123.50000    4.60914
 124.00000    4.62308
 124.50000    4.61021
 125.00000    4.59701
 125.50000    4.59734
 126.00000    4.60870
 126.50000    4.61031
 127.00000    4.60812
 127.50000    4.60844
 128.00000    4.60569
 128.50000    4.61132
 129.00000    4.61402
 129.50000    4.61370
 130.00000    4.60546
 130.50000    4.61057
 131.00000    4.61318
 131.50000    4.61853
 132.00000    4.61899
 132.50000    4.61628
 133.00000    4.61834
 133.50000    4.62494
 134.00000    4.63048
 134.50000    4.62856
 135.00000    4.62591
 135.50000    4.61996
 136.00000    4.61992
 136.50000    4.63194
 137.00000    4.64032
 137.50000    4.64586
 138.00000    4.65040
 138.50000    4.64316
 139.00000    4.63591
 139.50000    4.63234
 140.00000    4.63714
 140.50000    4.63832
 141.00000    4.63779
 141.50000    4.63354
 142.00000    4.62841
 142.50000    4.64230
 143.00000    4.64370
 143.50000    4.64392
 144.00000    4.62657
 144.50000    4.63471
 145.00000    4.64431
 145.50000    4.65085
 146.00000    4.64900
 146.50000    4.65150
 147.00000    4.64792
 147.50000    4.65018
 148.00000    4.64887
 148.50000    4.65031
 149.00000    4.64080
 149.50000    4.64717
 150.00000    4.64808
