   0.00000    1.37052
   0.50000    1.42212
   1.00000    1.79854
   1.50000    2.19252
   2.00000    2.47577
   2.50000    2.66058
   3.00000    2.85403
   3.50000    3.02534
   4.00000    3.19973
   4.50000    3.27535
   5.00000    3.34970
   5.50000    3.39276
   6.00000    3.43762
   6.50000    3.45431
   7.00000    3.47703
   7.50000    3.49084
   8.00000    3.51735
   8.50000    3.53099
   9.00000    3.53802
   9.50000    3.52464
  10.00000    3.53161
  10.50000    3.55517
  11.00000    3.56408
  11.50000    3.56479
  12.00000    3.57748
  12.50000    3.59605
  13.00000    3.59104
  13.50000    3.60218
  14.00000    3.61367
  14.50000    3.63517
  15.00000    3.63781
  15.50000    3.64109
  16.00000    3.64662
  16.50000    3.65229
  17.00000    3.66225
  17.50000    3.66880
  18.00000    3.68723
  18.50000    3.68703
  19.00000    3.69576
  19.50000    3.69594
  20.00000    3.71061
  20.50000    3.70738
  21.00000    3.71280
  21.50000    3.74625
  22.00000    3.78554
  22.50000    3.80389
  23.00000    3.79596
  23.50000    3.81281
  24.00000    3.82715
  24.50000    3.83947
  25.00000    3.84682
  25.50000    3.88910
  26.00000    3.94283
  26.50000    3.98412
  27.00000    4.02575
  27.50000    4.08653
  28.00000    4.13729
  28.50000    4.16729
  29.00000    4.16685
  29.50000    4.16805
  30.00000    4.18241
  30.50000    4.18727
  31.00000    4.18041
  31.50000    4.16811
  32.00000    4.16091
  32.50000    4.14473
  33.00000    4.11421
  33.50000    4.06178
  34.00000    4.02467
  34.50000    4.00015
  35.00000    3.95670
  35.50000    3.90558
  36.00000    3.84426
  36.50000    3.81068
  37.00000    3.77702
  37.50000    3.75270
  38.00000    3.72855
  38.50000    3.73822
  39.00000    3.76610
  39.50000    3.77825
  40.00000    3.78893
  40.50000    3.78204
  41.00000    3.77412
  41.50000    3.77599
  42.00000    3.79575
  42.50000    3.81052
  43.00000    3.81527
  43.50000    3.84449
  44.00000    3.87616
  44.50000    3.87939
  45.00000    3.87824
  45.50000    3.90447
  46.00000    3.93565
  46.50000    3.94825
  47.00000    3.97736
  47.50000    4.02031
  48.00000    4.06708
  48.50000    4.09083
  49.00000    4.13592
  49.50000    4.19326
  50.00000    4.25611
  50.50000    4.28620
  51.00000    4.30668
  51.50000    4.33172
  52.00000    4.35546
  52.50000    4.37388
  53.00000    4.38174
  53.50000    4.38632
  54.00000    4.38133
  54.50000    4.38584
  55.00000    4.39651
  55.50000    4.41021
  56.00000    4.43422
  56.50000    4.46277
  57.00000    4.47081
  57.50000    4.45580
  58.00000    4.45418
  58.50000    4.47617
  59.00000    4.49468
  59.50000    4.47559
  60.00000    4.46829
  60.50000    4.47745
  61.00000    4.50777
  61.50000    4.49027
  62.00000    4.48723
  62.50000    4.50514
  63.00000    4.52166
  63.50000    4.51212
  64.00000    4.51884
  64.50000    4.54377
  65.00000    4.53847
  65.50000    4.52531
  66.00000    4.53353
  66.50000    4.53969
  67.00000    4.53898
  67.50000    4.54320
  68.00000    4.55169
  68.50000    4.55520
  69.00000    4.54505
  69.50000    4.54435
  70.00000    4.54744
  70.50000    4.55816
  71.00000    4.58172
  71.50000    4.59034
  72.00000    4.58681
  72.50000    4.56959
  73.00000    4.57170
  73.50000    4.58713
  74.00000    4.60510
  74.50000    4.60436
  75.00000    4.58584
  75.50000    4.58422
  76.00000    4.59410
  76.50000    4.61725
  77.00000    4.62019
  77.50000    4.61281
  78.00000    4.58478
  78.50000    4.58902
  79.00000    4.59864
  79.50000    4.61365
  80.00000    4.61780
  80.50000    4.61964
  81.00000    4.62174
  81.50000    4.63226
  82.00000    4.62620
  82.50000    4.60658
  83.00000    4.59168
  83.50000    4.61603
  84.00000    4.63538
  84.50000    4.64156
  85.00000    4.64172
  85.50000    4.63532
  86.00000    4.62350
  86.50000    4.62435
  87.00000    4.64254
  87.50000    4.64502
  88.00000    4.62705
  88.50000    4.63123
  89.00000    4.64874
  89.50000    4.64860
  90.00000    4.62310
  90.50000    4.60852
  91.00000    4.61159
  91.50000    4.62783
  92.00000    4.64575
  92.50000    4.65445
  93.00000    4.63987
  93.50000    4.64734
  94.00000    4.65127
  94.50000    4.64779
  95.00000    4.63474
  95.50000    4.63245
  96.00000    4.62587
  96.50000    4.61862
  97.00000    4.62924
  97.50000    4.63849
  98.00000    4.64034
  98.50000    4.64120
  99.00000    4.63919
  99.50000    4.63932
 100.00000    4.63128
 100.50000    4.63651
 101.00000    4.64563
 101.50000    4.65198
 102.00000    4.63839
 102.50000    4.65206
 103.00000    4.65723
 103.50000    4.65242
 104.00000    4.63906
 104.50000    4.65973
 105.00000    4.64764
 105.50000    4.63711
 106.00000    4.63233
 106.50000    4.64733
 107.00000    4.64170
 107.50000    4.65109
 108.00000    4.65494
 108.50000    4.65346
 109.00000    4.64591
 109.50000    4.63876
 110.00000    4.64482
 110.50000    4.64549
 111.00000    4.65178
 111.50000    4.64376
 112.00000    4.66056
 112.50000    4.66522
 113.00000    4.65909
 113.50000    4.65168
 114.00000    4.65218
 114.50000    4.64231
 115.00000    4.63194
 115.50000    4.63277
 116.00000    4.63541
 116.50000    4.65096
 117.00000    4.64645
 117.50000    4.63819
 118.00000    4.62672
 118.50000    4.63372
 119.00000    4.63090
 119.50000    4.64934
 120.00000    4.65300
 120.50000    4.64070
 121.00000    4.63482
 121.50000    4.63391
 122.00000    4.63868
 122.50000    4.63505
 123.00000    4.64542
 123.50000    4.64671
 124.00000    4.64166
 124.50000    4.63096
 125.00000    4.64011
 125.50000    4.63680
 126.00000    4.62465
 126.50000    4.61008
 127.00000    4.62152
 127.50000    4.63290
 128.00000    4.63542
 128.50000    4.62394
 129.00000    4.62752
 129.50000    4.63202
 130.00000    4.63342
 130.50000    4.62624
 131.00000    4.64951
 131.50000    4.64990
 132.00000    4.64619
 132.50000    4.63717
 133.00000    4.63205
 133.50000    4.63676
 134.00000    4.63811
 134.50000    4.63812
 135.00000    4.62273
 135.50000    4.62589
 136.00000    4.62164
 136.50000    4.61130
 137.00000    4.61176
 137.50000    4.62792
 138.00000    4.64773
 138.50000    4.64763
 139.00000    4.62476
 139.50000    4.60924
 140.00000    4.61858
 140.50000    4.62488
 141.00000    4.61530
 141.50000    4.62223
 142.00000    4.63148
 142.50000    4.63187
 143.00000    4.63150
 143.50000    4.62919
 144.00000    4.62387
 144.50000    4.62761
 145.00000    4.63138
 145.50000    4.61538
 146.00000    4.60278
 146.50000    4.60725
 147.00000    4.61907
 147.50000    4.62044
 148.00000    4.61406
 148.50000    4.60838
 149.00000    4.61598
 149.50000    4.62019
 150.00000    4.60618
