   0.00000    1.44592
   0.50000    2.42502
   1.00000    2.88629
   1.50000    3.11316
   2.00000    3.28432
   2.50000    3.33090
   3.00000    3.32805
   3.50000    3.32108
   4.00000    3.34312
   4.50000    3.37013
   5.00000    3.38747
   5.50000    3.39519
   6.00000    3.40513
   6.50000    3.42449
   7.00000    3.44386
   7.50000    3.45853
   8.00000    3.45238
   8.50000    3.46061
   9.00000    3.46944
   9.50000    3.48271
  10.00000    3.48717
  10.50000    3.49308
  11.00000    3.49106
  11.50000    3.49517
  12.00000    3.50818
  12.50000    3.51695
  13.00000    3.52846
  13.50000    3.53675
  14.00000    3.54983
  14.50000    3.55045
  15.00000    3.56136
  15.50000    3.56071
  16.00000    3.56750
  16.50000    3.57155
  17.00000    3.57996
  17.50000    3.59453
  18.00000    3.59704
  18.50000    3.60249
  19.00000    3.60898
  19.50000    3.63022
  20.00000    3.63012
  20.50000    3.63389
  21.00000    3.64194
  21.50000    3.65874
  22.00000    3.67146
  22.50000    3.68611
  23.00000    3.70302
  23.50000    3.73705
  24.00000    3.76148
  24.50000    3.77918
  25.00000    3.77861
  25.50000    3.78447
  26.00000    3.77820
  26.50000    3.79374
  27.00000    3.82410
  27.50000    3.86972
  28.00000    3.92085
  28.50000    3.98744
  29.00000    4.05491
  29.50000    4.11663
  30.00000    4.14995
  30.50000    4.17632
  31.00000    4.21088
  31.50000    4.24276
  32.00000    4.26815
  32.50000    4.28881
  33.00000    4.31975
  33.50000    4.34446
  34.00000    4.36940
  34.50000    4.39593
  35.00000    4.41210
  35.50000    4.42486
  36.00000    4.42471
  36.50000    4.42919
  37.00000    4.43265
  37.50000    4.44022
  38.00000    4.43174
  38.50000    4.42808
  39.00000    4.43005
  39.50000    4.43223
  40.00000    4.41586
  40.50000    4.40188
  41.00000    4.40296
  41.50000    4.42563
  42.00000    4.43540
  42.50000    4.43534
  43.00000    4.44836
  43.50000    4.47287
  44.00000    4.48874
  44.50000    4.49739
  45.00000    4.51235
  45.50000    4.51886
  46.00000    4.51769
  46.50000    4.51588
  47.00000    4.51206
  47.50000    4.52511
  48.00000    4.53103
  48.50000    4.54018
  49.00000    4.53543
  49.50000    4.53616
  50.00000    4.53426
  50.50000    4.53484
  51.00000    4.52910
  51.50000    4.52431
  52.00000    4.52168
  52.50000    4.51715
  53.00000    4.51829
  53.50000    4.51900
  54.00000    4.51347
  54.50000    4.51470
  55.00000    4.51609
  55.50000    4.51978
  56.00000    4.50987
  56.50000    4.50565
  57.00000    4.50401
  57.50000    4.51214
  58.00000    4.51154
  58.50000    4.51450
  59.00000    4.52144
  59.50000    4.51663
  60.00000    4.50870
  60.50000    4.51329
  61.00000    4.51997
  61.50000    4.51516
  62.00000    4.51461
  62.50000    4.51884
  63.00000    4.51136
  63.50000    4.50440
  64.00000    4.50434
  64.50000    4.51104
  65.00000    4.51082
  65.50000    4.51845
  66.00000    4.51965
  66.50000    4.51638
  67.00000    4.50869
  67.50000    4.51223
  68.00000    4.51149
  68.50000    4.50381
  69.00000    4.49656
  69.50000    4.50112
  70.00000    4.50986
  70.50000    4.51324
  71.00000    4.51099
  71.50000    4.50478
  72.00000    4.50098
  72.50000    4.50978
  73.00000    4.52033
  73.50000    4.52398
  74.00000    4.51559
  74.50000    4.50599
  75.00000    4.50627
  75.50000    4.51286
  76.00000    4.51630
  76.50000    4.50792
  77.00000    4.49539
  77.50000    4.49854
  78.00000    4.51162
  78.50000    4.51354
  79.00000    4.50214
  79.50000    4.50347
  80.00000    4.50902
  80.50000    4.51098
  81.00000    4.50234
  81.50000    4.50284
  82.00000    4.49813
  82.50000    4.50273
  83.00000    4.50567
  83.50000    4.51039
  84.00000    4.50566
  84.50000    4.50212
  85.00000    4.50263
  85.50000    4.51533
  86.00000    4.51243
  86.50000    4.50217
  87.00000    4.48704
  87.50000    4.49886
  88.00000    4.50693
  88.50000    4.50059
  89.00000    4.48391
  89.50000    4.49021
  90.00000    4.49725
  90.50000    4.49476
  91.00000    4.48535
  91.50000    4.48652
  92.00000    4.49615
  92.50000    4.50041
  93.00000    4.50350
  93.50000    4.49943
  94.00000    4.49728
  94.50000    4.47899
  95.00000    4.47473
  95.50000    4.48363
  96.00000    4.48986
  96.50000    4.48745
  97.00000    4.48571
  97.50000    4.49229
  98.00000    4.49517
  98.50000    4.49387
  99.00000    4.48459
  99.50000    4.47906
 100.00000    4.47659
 100.50000    4.48428
 101.00000    4.47152
 101.50000    4.47267
 102.00000    4.46428
 102.50000    4.46932
 103.00000    4.46234
 103.50000    4.47311
 104.00000    4.47767
 104.50000    4.47758
 105.00000    4.47409
 105.50000    4.47027
 106.00000    4.47273
 106.50000    4.47069
 107.00000    4.45791
 107.50000    4.46061
 108.00000    4.47170
 108.50000    4.47776
 109.00000    4.46919
 109.50000    4.46346
 110.00000    4.45849
 110.50000    4.45754
 111.00000    4.45368
 111.50000    4.44829
 112.00000    4.45554
 112.50000    4.46608
 113.00000    4.45744
 113.50000    4.44575
 114.00000    4.44806
 114.50000    4.45609
 115.00000    4.46063
 115.50000    4.45388
 116.00000    4.44673
 116.50000    4.44331
 117.00000    4.43488
 117.50000    4.43925
 118.00000    4.44420
 118.50000    4.45108
 119.00000    4.44644
 119.50000    4.45537
 120.00000    4.44685
 120.50000    4.44050
 121.00000    4.43793
 121.50000    4.43697
 122.00000    4.43332
 122.50000    4.43860
 123.00000    4.43156
 123.50000    4.42636
 124.00000    4.41915
 124.50000    4.43023
 125.00000    4.43047
 125.50000    4.43798
 126.00000    4.43507
 126.50000    4.43144
 127.00000    4.42252
 127.50000    4.42027
 128.00000    4.41600
 128.50000    4.41741
 129.00000    4.41240
 129.50000    4.41573
 130.00000    4.41651
 130.50000    4.42553
 131.00000    4.42246
 131.50000    4.41756
 132.00000    4.41536
 132.50000    4.41617
 133.00000    4.41795
 133.50000    4.40892
 134.00000    4.40889
 134.50000    4.41833
 135.00000    4.41981
 135.50000    4.41098
 136.00000    4.39887
 136.50000    4.40646
 137.00000    4.40395
 137.50000    4.40091
 138.00000    4.39859
 138.50000    4.41780
 139.00000    4.42617
 139.50000    4.41837
 140.00000    4.40303
 140.50000    4.40130
 141.00000    4.40607
 141.50000    4.41317
 142.00000    4.41360
 142.50000    4.40862
 143.00000    4.39909
 143.50000    4.39784
 144.00000    4.40718
 144.50000    4.41044
 145.00000    4.39965
 145.50000    4.40071
 146.00000    4.40630
 146.50000    4.41369
 147.00000    4.40326
 147.50000    4.40017
 148.00000    4.39975
 148.50000    4.40602
 149.00000    4.40234
 149.50000    4.39668
 150.00000    4.39990
