   0.00000    1.57317
   0.50000    2.38731
   1.00000    2.84844
   1.50000    3.10772
   2.00000    3.29086
   2.50000    3.40754
   3.00000    3.47905
   3.50000    3.53033
   4.00000    3.56351
   4.50000    3.56626
   5.00000    3.56673
   5.50000    3.58290
   6.00000    3.59336
   6.50000    3.58133
   7.00000    3.58067
   7.50000    3.57656
   8.00000    3.57880
   8.50000    3.59358
   9.00000    3.60856
   9.50000    3.61244
  10.00000    3.60292
  10.50000    3.61182
  11.00000    3.63076
  11.50000    3.63952
  12.00000    3.63945
  12.50000    3.64157
  13.00000    3.65109
  13.50000    3.64657
  14.00000    3.64680
  14.50000    3.65452
  15.00000    3.67115
  15.50000    3.67943
  16.00000    3.68190
  16.50000    3.68433
  17.00000    3.68649
  17.50000    3.68381
  18.00000    3.69078
  18.50000    3.69991
  19.00000    3.71184
  19.50000    3.70914
  20.00000    3.71951
  20.50000    3.72362
  21.00000    3.73371
  21.50000    3.73308
  22.00000    3.73403
  22.50000    3.73545
  23.00000    3.73365
  23.50000    3.73930
  24.00000    3.73245
  24.50000    3.71018
  25.00000    3.69154
  25.50000    3.69532
  26.00000    3.71600
  26.50000    3.73817
  27.00000    3.77447
  27.50000    3.80633
  28.00000    3.83899
  28.50000    3.86476
  29.00000    3.87581
  29.50000    3.86502
  30.00000    3.86650
  30.50000    3.87593
  31.00000    3.86742
  31.50000    3.84894
  32.00000    3.84604
  32.50000    3.84590
  33.00000    3.83037
  33.50000    3.81620
  34.00000    3.80691
  34.50000    3.78893
  35.00000    3.78648
  35.50000    3.79428
  36.00000    3.80203
  36.50000    3.80028
  37.00000    3.81406
  37.50000    3.80927
  38.00000    3.80434
  38.50000    3.79607
  39.00000    3.79731
  39.50000    3.80057
  40.00000    3.81668
  40.50000    3.83341
  41.00000    3.83451
  41.50000    3.82736
  42.00000    3.83043
  42.50000    3.83758
  43.00000    3.85829
  43.50000    3.86892
  44.00000    3.88519
  44.50000    3.89333
  45.00000    3.92608
  45.50000    3.96149
  46.00000    4.00290
  46.50000    4.03808
  47.00000    4.08422
  47.50000    4.12317
  48.00000    4.15430
  48.50000    4.19163
  49.00000    4.24573
  49.50000    4.29774
  50.00000    4.32310
  50.50000    4.35665
  51.00000    4.38741
  51.50000    4.42533
  52.00000    4.45479
  52.50000    4.48360
  53.00000    4.50252
  53.50000    4.51816
  54.00000    4.52708
  54.50000    4.53065
  55.00000    4.54679
  55.50000    4.56182
  56.00000    4.56824
  56.50000    4.57449
  57.00000    4.59379
  57.50000    4.60020
  58.00000    4.59932
  58.50000    4.59553
  59.00000    4.59331
  59.50000    4.59563
  60.00000    4.61002
  60.50000    4.62014
  61.00000    4.61885
  61.50000    4.61758
  62.00000    4.62698
  62.50000    4.62810
  63.00000    4.62323
  63.50000    4.62010
  64.00000    4.63508
  64.50000    4.65232
  65.00000    4.65367
  65.50000    4.64413
  66.00000    4.63431
  66.50000    4.63854
  67.00000    4.64162
  67.50000    4.64539
  68.00000    4.64178
  68.50000    4.65356
  69.00000    4.65128
  69.50000    4.64168
  70.00000    4.63826
  70.50000    4.64538
  71.00000    4.64382
  71.50000    4.64745
  72.00000    4.65364
  72.50000    4.64571
  73.00000    4.63413
  73.50000    4.63403
  74.00000    4.63501
  74.50000    4.63101
  75.00000    4.62504
  75.50000    4.62583
  76.00000    4.62649
  76.50000    4.63631
  77.00000    4.63954
  77.50000    4.62908
  78.00000    4.61769
  78.50000    4.61351
  79.00000    4.61650
  79.50000    4.60134
  80.00000    4.60502
  80.50000    4.60183
  81.00000    4.61311
  81.50000    4.60945
  82.00000    4.60770
  82.50000    4.58767
  83.00000    4.58589
  83.50000    4.58300
  84.00000    4.58583
  84.50000    4.57200
  85.00000    4.56409
  85.50000    4.56076
  86.00000    4.55846
  86.50000    4.56302
  87.00000    4.55719
  87.50000    4.54812
  88.00000    4.53475
  88.50000    4.54170
  89.00000    4.54082
  89.50000    4.53485
  90.00000    4.52300
  90.50000    4.52133
  91.00000    4.51988
  91.50000    4.51969
  92.00000    4.51745
  92.50000    4.52079
  93.00000    4.51839
  93.50000    4.50990
  94.00000    4.50024
  94.50000    4.50242
  95.00000    4.49687
  95.50000    4.48382
  96.00000    4.48461
  96.50000    4.49330
  97.00000    4.49511
  97.50000    4.48187
  98.00000    4.47951
  98.50000    4.47855
  99.00000    4.48298
  99.50000    4.47983
 100.00000    4.46162
 100.50000    4.44967
 101.00000    4.45705
 101.50000    4.46735
 102.00000    4.46473
 102.50000    4.45625
 103.00000    4.45303
 103.50000    4.44569
 104.00000    4.44259
 104.50000    4.44228
 105.00000    4.44100
 105.50000    4.43494
 106.00000    4.43625
 106.50000    4.42829
 107.00000    4.42124
 107.50000    4.41591
 108.00000    4.42177
 108.50000    4.41908
 109.00000    4.42139
 109.50000    4.41893
 110.00000    4.41245
 110.50000    4.41353
 111.00000    4.42363
 111.50000    4.43208
 112.00000    4.42177
 112.50000    4.41009
 113.00000    4.40319
 113.50000    4.40282
 114.00000    4.39831
 114.50000    4.39078
 115.00000    4.38903
 115.50000    4.38249
 116.00000    4.38811
 116.50000    4.39391
 117.00000    4.39522
 117.50000    4.37784
 118.00000    4.37832
 118.50000    4.38211
 119.00000    4.38625
 119.50000    4.38457
 120.00000    4.38516
 120.50000    4.37589
 121.00000    4.37063
 121.50000    4.37397
 122.00000    4.38508
 122.50000    4.38500
 123.00000    4.37684
 123.50000    4.37283
 124.00000    4.38101
 124.50000    4.38301
 125.00000    4.37168
 125.50000    4.37421
 126.00000    4.38034
 126.50000    4.38191
 127.00000    4.37254
 127.50000    4.36852
 128.00000    4.37070
 128.50000    4.36865
 129.00000    4.36998
 129.50000    4.37086
 130.00000    4.36554
 130.50000    4.35972
 131.00000    4.35969
 131.50000    4.37034
 132.00000    4.36210
 132.50000    4.36025
 133.00000    4.35787
 133.50000    4.36311
 134.00000    4.36134
 134.50000    4.36367
 135.00000    4.36308
 135.50000    4.35993
 136.00000    4.35614
 136.50000    4.35597
 137.00000    4.36607
 137.50000    4.37645
 138.00000    4.37445
 138.50000    4.35488
 139.00000    4.34753
 139.50000    4.35562
 140.00000    4.37281
 140.50000    4.37747
 141.00000    4.38048
 141.50000    4.37636
 142.00000    4.38351
 142.50000    4.38024
 143.00000    4.38100
 143.50000    4.37773
 144.00000    4.37298
 144.50000    4.37058
 145.00000    4.37082
 145.50000    4.37245
 146.00000    4.37462
 146.50000    4.38322
 147.00000    4.38845
 147.50000    4.38100
 148.00000    4.37911
 148.50000    4.37821
 149.00000    4.38313
 149.50000    4.38150
 150.00000    4.37447
