   0.00000    0.49801
   0.50000    0.96445
   1.00000    1.71527
   1.50000    2.26445
   2.00000    2.55092
   2.50000    2.93039
   3.00000    3.17712
   3.50000    3.23166
   4.00000    3.24817
   4.50000    3.29406
   5.00000    3.34957
   5.50000    3.41872
   6.00000    3.45011
   6.50000    3.46154
   7.00000    3.48862
   7.50000    3.52333
   8.00000    3.54077
   8.50000    3.56708
   9.00000    3.61890
   9.50000    3.65427
  10.00000    3.68697
  10.50000    3.70368
  11.00000    3.72342
  11.50000    3.72989
  12.00000    3.75433
  12.50000    3.79963
  13.00000    3.85617
  13.50000    3.87308
  14.00000    3.86751
  14.50000    3.89744
  15.00000    3.93048
  15.50000    3.97465
  16.00000    4.01484
  16.50000    4.08458
  17.00000    4.11726
  17.50000    4.14324
  18.00000    4.13437
  18.50000    4.14540
  19.00000    4.18901
  19.50000    4.23617
  20.00000    4.27021
  20.50000    4.25029
  21.00000    4.29122
  21.50000    4.35774
  22.00000    4.42976
  22.50000    4.46746
  23.00000    4.51929
  23.50000    4.59092
  24.00000    4.61299
  24.50000    4.59972
  25.00000    4.54983
  25.50000    4.51308
  26.00000    4.51214
  26.50000    4.53068
  27.00000    4.54069
  27.50000    4.55276
  28.00000    4.57087
  28.50000    4.57428
  29.00000    4.54985
  29.50000    4.55660
  30.00000    4.55880
  30.50000    4.57457
  31.00000    4.56639
  31.50000    4.54953
  32.00000    4.51888
  32.50000    4.54294
  33.00000    4.56075
  33.50000    4.54787
  34.00000    4.52821
  34.50000    4.51199
  35.00000    4.47578
  35.50000    4.43395
  36.00000    4.42544
  36.50000    4.40164
  37.00000    4.37448
  37.50000    4.37606
  38.00000    4.39993
  38.50000    4.39259
  39.00000    4.38182
  39.50000    4.39381
  40.00000    4.41634
  40.50000    4.41045
  41.00000    4.39973
  41.50000    4.40452
  42.00000    4.42498
  42.50000    4.44294
  43.00000    4.45638
  43.50000    4.45773
  44.00000    4.46383
  44.50000    4.48496
  45.00000    4.52561
  45.50000    4.56184
  46.00000    4.60624
  46.50000    4.64200
  47.00000    4.66693
  47.50000    4.68144
  48.00000    4.68466
  48.50000    4.68939
  49.00000    4.66596
  49.50000    4.64339
  50.00000    4.63845
  50.50000    4.65861
  51.00000    4.64438
  51.50000    4.61268
  52.00000    4.61661
  52.50000    4.61905
  53.00000    4.59856
  53.50000    4.56329
  54.00000    4.57183
  54.50000    4.58688
  55.00000    4.58211
  55.50000    4.57004
  56.00000    4.56634
  56.50000    4.57073
  57.00000    4.55319
  57.50000    4.55498
  58.00000    4.55077
  58.50000    4.53176
  59.00000    4.51434
  59.50000    4.51916
  60.00000    4.52883
  60.50000    4.52610
  61.00000    4.51572
  61.50000    4.50329
  62.00000    4.50186
  62.50000    4.50463
  63.00000    4.48897
  63.50000    4.47288
  64.00000    4.47257
  64.50000    4.47622
  65.00000    4.47338
  65.50000    4.47462
  66.00000    4.48289
  66.50000    4.49480
  67.00000    4.48805
  67.50000    4.47512
  68.00000    4.46289
  68.50000    4.46378
  69.00000    4.47748
  69.50000    4.48142
  70.00000    4.47100
  70.50000    4.46223
  71.00000    4.45061
  71.50000    4.42596
  72.00000    4.40163
  72.50000    4.42155
  73.00000    4.43646
  73.50000    4.44397
  74.00000    4.42333
  74.50000    4.41945
  75.00000    4.40651
  75.50000    4.42131
  76.00000    4.42207
  76.50000    4.41529
  77.00000    4.38408
  77.50000    4.37853
  78.00000    4.37175
  78.50000    4.38451
  79.00000    4.37909
  79.50000    4.38494
  80.00000    4.37671
  80.50000    4.39618
  81.00000    4.40026
  81.50000    4.38627
  82.00000    4.38576
  82.50000    4.37855
  83.00000    4.37045
  83.50000    4.36417
  84.00000    4.36646
  84.50000    4.36379
  85.00000    4.35917
  85.50000    4.36529
  86.00000    4.34562
  86.50000    4.33972
  87.00000    4.34033
  87.50000    4.35500
  88.00000    4.35996
  88.50000    4.36826
  89.00000    4.34274
  89.50000    4.33612
  90.00000    4.32874
  90.50000    4.34302
  91.00000    4.34599
  91.50000    4.33521
  92.00000    4.31275
  92.50000    4.28785
  93.00000    4.29466
  93.50000    4.31748
  94.00000    4.31279
  94.50000    4.31496
  95.00000    4.29881
  95.50000    4.31671
  96.00000    4.31353
  96.50000    4.31374
  97.00000    4.29662
  97.50000    4.29011
  98.00000    4.28203
  98.50000    4.28015
  99.00000    4.26950
  99.50000    4.27120
 100.00000    4.26576
 100.50000    4.26215
 101.00000    4.25412
 101.50000    4.25935
 102.00000    4.27222
 102.50000    4.27105
 103.00000    4.26916
 103.50000    4.26702
 104.00000    4.26019
 104.50000    4.25955
 105.00000    4.25558
 105.50000    4.25873
 106.00000    4.25502
 106.50000    4.24909
 107.00000    4.24032
 107.50000    4.23411
 108.00000    4.23987
 108.50000    4.24733
 109.00000    4.24543
 109.50000    4.23572
 110.00000    4.23698
 110.50000    4.25944
 111.00000    4.25280
 111.50000    4.24209
 112.00000    4.22730
 112.50000    4.21786
 113.00000    4.20465
 113.50000    4.21073
 114.00000    4.22033
 114.50000    4.21645
 115.00000    4.21116
 115.50000    4.20502
 116.00000    4.21655
 116.50000    4.21672
 117.00000    4.21662
 117.50000    4.20097
 118.00000    4.21546
 118.50000    4.19725
 119.00000    4.18319
 119.50000    4.19327
 120.00000    4.21631
 120.50000    4.21488
 121.00000    4.18914
 121.50000    4.20262
 122.00000    4.20140
 122.50000    4.19232
 123.00000    4.18630
 123.50000    4.18624
 124.00000    4.16154
 124.50000    4.15070
 125.00000    4.17135
 125.50000    4.17772
 126.00000    4.15173
 126.50000    4.13256
 127.00000    4.13632
 127.50000    4.15024
 128.00000    4.15915
 128.50000    4.16446
 129.00000    4.15964
 129.50000    4.15150
 130.00000    4.16992
 130.50000    4.18221
 131.00000    4.17165
 131.50000    4.14804
 132.00000    4.14905
 132.50000    4.14253
 133.00000    4.13437
 133.50000    4.12965
 134.00000    4.14171
 134.50000    4.14799
 135.00000    4.15816
 135.50000    4.15832
 136.00000    4.16688
 136.50000    4.15709
 137.00000    4.14741
 137.50000    4.13214
 138.00000    4.12379
 138.50000    4.11338
 139.00000    4.12008
 139.50000    4.11671
 140.00000    4.11045
 140.50000    4.09766
 141.00000    4.11520
 141.50000    4.12136
 142.00000    4.12333
 142.50000    4.10685
 143.00000    4.09237
 143.50000    4.10196
 144.00000    4.12183
 144.50000    4.13542
 145.00000    4.12023
 145.50000    4.12302
 146.00000    4.11040
 146.50000    4.11120
 147.00000    4.10731
 147.50000    4.11411
 148.00000    4.09592
 148.50000    4.09913
 149.00000    4.10320
 149.50000    4.11878
 150.00000    4.11566
