   0.00000    1.41758
   0.50000    2.72419
   1.00000    3.05736
   1.50000    3.14307
   2.00000    3.28306
   2.50000    3.41550
   3.00000    3.44549
   3.50000    3.46766
   4.00000    3.48576
   4.50000    3.49342
   5.00000    3.49950
   5.50000    3.50636
   6.00000    3.51305
   6.50000    3.51846
   7.00000    3.52352
   7.50000    3.52715
   8.00000    3.53370
   8.50000    3.54838
   9.00000    3.55331
   9.50000    3.56076
  10.00000    3.57314
  10.50000    3.59025
  11.00000    3.59814
  11.50000    3.60288
  12.00000    3.59613
  12.50000    3.60018
  13.00000    3.60845
  13.50000    3.62166
  14.00000    3.62823
  14.50000    3.64108
  15.00000    3.64900
  15.50000    3.65583
  16.00000    3.66570
  16.50000    3.68168
  17.00000    3.69564
  17.50000    3.70350
  18.00000    3.71006
  18.50000    3.72160
  19.00000    3.72807
  19.50000    3.72905
  20.00000    3.73744
  20.50000    3.75188
  21.00000    3.77725
  21.50000    3.79206
  22.00000    3.80691
  22.50000    3.80841
  23.00000    3.79753
  23.50000    3.80712
  24.00000    3.83704
  24.50000    3.85367
  25.00000    3.84334
  25.50000    3.84223
  26.00000    3.84801
  26.50000    3.85182
  27.00000    3.86984
  27.50000    3.87988
  28.00000    3.88260
  28.50000    3.87601
  29.00000    3.88566
  29.50000    3.89167
  30.00000    3.91214
  30.50000    3.93016
  31.00000    3.94310
  31.50000    3.94235
  32.00000    3.95191
  32.50000    3.96621
  33.00000    3.97179
  33.50000    3.98102
  34.00000    3.99626
  34.50000    3.98870
  35.00000    3.99437
  35.50000    4.01738
  36.00000    4.04965
  36.50000    4.04179
  37.00000    4.03246
  37.50000    4.03064
  38.00000    4.02113
  38.50000    4.02811
  39.00000    4.02049
  39.50000    4.03608
  40.00000    4.02851
  40.50000    4.03603
  41.00000    4.02750
  41.50000    4.02679
  42.00000    4.02516
  42.50000    4.02421
  43.00000    4.03390
  43.50000    4.07419
  44.00000    4.12766
  44.50000    4.16031
  45.00000    4.16911
  45.50000    4.19071
  46.00000    4.20260
  46.50000    4.21648
  47.00000    4.25112
  47.50000    4.29004
  48.00000    4.32203
  48.50000    4.34239
  49.00000    4.36757
  49.50000    4.36235
  50.00000    4.36736
  50.50000    4.37354
  51.00000    4.37815
  51.50000    4.37227
  52.00000    4.38178
  52.50000    4.38052
  53.00000    4.38267
  53.50000    4.37702
  54.00000    4.38310
  54.50000    4.37090
  55.00000    4.37232
  55.50000    4.36789
  56.00000    4.38104
  56.50000    4.38763
  57.00000    4.39811
  57.50000    4.39626
  58.00000    4.40213
  58.50000    4.39986
  59.00000    4.40701
  59.50000    4.41135
  60.00000    4.40598
  60.50000    4.40693
  61.00000    4.41401
  61.50000    4.42622
  62.00000    4.43063
  62.50000    4.43990
  63.00000    4.43522
  63.50000    4.44117
  64.00000    4.44302
  64.50000    4.46156
  65.00000    4.45563
  65.50000    4.46201
  66.00000    4.45475
  66.50000    4.46752
  67.00000    4.47033
  67.50000    4.47351
  68.00000    4.45791
  68.50000    4.45371
  69.00000    4.46570
  69.50000    4.47639
  70.00000    4.47527
  70.50000    4.48005
  71.00000    4.48307
  71.50000    4.48244
  72.00000    4.49209
  72.50000    4.49873
  73.00000    4.49986
  73.50000    4.50361
  74.00000    4.50390
  74.50000    4.50955
  75.00000    4.51706
  75.50000    4.53379
  76.00000    4.52618
  76.50000    4.52160
  77.00000    4.52444
  77.50000    4.53940
  78.00000    4.53719
  78.50000    4.53495
  79.00000    4.54576
  79.50000    4.53856
  80.00000    4.51741
  80.50000    4.51376
  81.00000    4.53564
  81.50000    4.54320
  82.00000    4.54180
  82.50000    4.53423
  83.00000    4.54310
  83.50000    4.54245
  84.00000    4.54255
  84.50000    4.54396
  85.00000    4.55465
  85.50000    4.55596
  86.00000    4.54175
  86.50000    4.53694
  87.00000    4.53564
  87.50000    4.54782
  88.00000    4.54266
  88.50000    4.55191
  89.00000    4.55894
  89.50000    4.56454
  90.00000    4.56434
  90.50000    4.56212
  91.00000    4.56194
  91.50000    4.55892
  92.00000    4.56367
  92.50000    4.56572
  93.00000    4.56730
  93.50000    4.56114
  94.00000    4.56349
  94.50000    4.57111
  95.00000    4.55990
  95.50000    4.54858
  96.00000    4.55372
  96.50000    4.57295
  97.00000    4.56828
  97.50000    4.55983
  98.00000    4.55241
  98.50000    4.56696
  99.00000    4.56473
  99.50000    4.55465
 100.00000    4.55199
 100.50000    4.56830
 101.00000    4.57174
 101.50000    4.57473
 102.00000    4.57244
 102.50000    4.56941
 103.00000    4.56747
 103.50000    4.56452
 104.00000    4.56906
 104.50000    4.56345
 105.00000    4.56502
 105.50000    4.55967
 106.00000    4.57309
 106.50000    4.57255
 107.00000    4.56590
 107.50000    4.56337
 108.00000    4.56517
 108.50000    4.56513
 109.00000    4.55262
 109.50000    4.54601
 110.00000    4.55039
 110.50000    4.56173
 111.00000    4.56560
 111.50000    4.56248
 112.00000    4.56826
 112.50000    4.57404
 113.00000    4.56726
 113.50000    4.55654
 114.00000    4.55822
 114.50000    4.55940
 115.00000    4.55570
 115.50000    4.54025
 116.00000    4.54561
 116.50000    4.55107
 117.00000    4.55195
 117.50000    4.54377
 118.00000    4.54640
 118.50000    4.55248
 119.00000    4.54972
 119.50000    4.54844
 120.00000    4.55047
 120.50000    4.55920
 121.00000    4.55166
 121.50000    4.54095
 122.00000    4.53469
 122.50000    4.54307
 123.00000    4.53887
 123.50000    4.53468
 124.00000    4.53110
 124.50000    4.52927
 125.00000    4.52846
 125.50000    4.52548
 126.00000    4.52477
 126.50000    4.53083
 127.00000    4.52614
 127.50000    4.52561
 128.00000    4.52751
 128.50000    4.53027
 129.00000    4.52822
 129.50000    4.53266
 130.00000    4.53878
 130.50000    4.53266
 131.00000    4.53289
 131.50000    4.52989
 132.00000    4.52050
 132.50000    4.52147
 133.00000    4.51832
 133.50000    4.51701
 134.00000    4.51215
 134.50000    4.50829
 135.00000    4.51225
 135.50000    4.51220
 136.00000    4.51521
 136.50000    4.50453
 137.00000    4.50568
 137.50000    4.50710
 138.00000    4.51017
 138.50000    4.52098
 139.00000    4.52665
 139.50000    4.53483
 140.00000    4.52559
 140.50000    4.51476
 141.00000    4.50414
 141.50000    4.50942
 142.00000    4.51665
 142.50000    4.51595
 143.00000    4.50186
 143.50000    4.50133
 144.00000    4.51374
 144.50000    4.52283
 145.00000    4.50847
 145.50000    4.49247
 146.00000    4.49540
 146.50000    4.50850
 147.00000    4.52381
 147.50000    4.52097
 148.00000    4.51860
 148.50000    4.51066
 149.00000    4.50665
 149.50000    4.49778
 150.00000    4.50572
