   0.00000    1.47572
   0.50000    2.34231
   1.00000    2.71065
   1.50000    2.94807
   2.00000    3.20351
   2.50000    3.45476
   3.00000    3.57290
   3.50000    3.61384
   4.00000    3.61592
   4.50000    3.60475
   5.00000    3.60848
   5.50000    3.60770
   6.00000    3.61269
   6.50000    3.59818
   7.00000    3.59492
   7.50000    3.58403
   8.00000    3.60048
   8.50000    3.60699
   9.00000    3.62197
   9.50000    3.61989
  10.00000    3.62676
  10.50000    3.64399
  11.00000    3.66209
  11.50000    3.66164
  12.00000    3.64163
  12.50000    3.65584
  13.00000    3.65977
  13.50000    3.67934
  14.00000    3.69192
  14.50000    3.71455
  15.00000    3.72220
  15.50000    3.72818
  16.00000    3.74556
  16.50000    3.75872
  17.00000    3.77428
  17.50000    3.77294
  18.00000    3.78134
  18.50000    3.79432
  19.00000    3.79917
  19.50000    3.80062
  20.00000    3.82348
  20.50000    3.83705
  21.00000    3.85271
  21.50000    3.86911
  22.00000    3.89070
  22.50000    3.90379
  23.00000    3.89606
  23.50000    3.91939
  24.00000    3.93733
  24.50000    3.93836
  25.00000    3.89928
  25.50000    3.90609
  26.00000    3.91512
  26.50000    3.92003
  27.00000    3.94860
  27.50000    3.97072
  28.00000    3.98670
  28.50000    3.98118
  29.00000    4.00002
  29.50000    3.99787
  30.00000    4.02384
  30.50000    4.03330
  31.00000    4.03037
  31.50000    4.01736
  32.00000    4.03367
  32.50000    4.04639
  33.00000    4.02009
  33.50000    4.01955
  34.00000    4.02136
  34.50000    3.97320
  35.00000    3.92220
  35.50000    3.92807
  36.00000    3.94756
  36.50000    3.92346
  37.00000    3.92287
  37.50000    3.92250
  38.00000    3.89854
  38.50000    3.88098
  39.00000    3.85388
  39.50000    3.86057
  40.00000    3.87218
  40.50000    3.90698
  41.00000    3.88640
  41.50000    3.87437
  42.00000    3.88784
  42.50000    3.90004
  43.00000    3.89607
  43.50000    3.91834
  44.00000    3.98767
  44.50000    4.03996
  45.00000    4.06328
  45.50000    4.09505
  46.00000    4.15698
  46.50000    4.23399
  47.00000    4.31517
  47.50000    4.37968
  48.00000    4.44699
  48.50000    4.49476
  49.00000    4.53704
  49.50000    4.54046
  50.00000    4.55656
  50.50000    4.59424
  51.00000    4.63124
  51.50000    4.64905
  52.00000    4.65381
  52.50000    4.67626
  53.00000    4.70679
  53.50000    4.72125
  54.00000    4.72784
  54.50000    4.70536
  55.00000    4.71301
  55.50000    4.72083
  56.00000    4.74531
  56.50000    4.74719
  57.00000    4.76267
  57.50000    4.76907
  58.00000    4.77334
  58.50000    4.75899
  59.00000    4.76346
  59.50000    4.77247
  60.00000    4.78778
  60.50000    4.78734
  61.00000    4.79518
  61.50000    4.80067
  62.00000    4.81128
  62.50000    4.81665
  63.00000    4.80471
  63.50000    4.79588
  64.00000    4.79287
  64.50000    4.81105
  65.00000    4.80532
  65.50000    4.79775
  66.00000    4.79458
  66.50000    4.81431
  67.00000    4.82115
  67.50000    4.80196
  68.00000    4.77919
  68.50000    4.78568
  69.00000    4.80545
  69.50000    4.79814
  70.00000    4.79211
  70.50000    4.79262
  71.00000    4.80021
  71.50000    4.79207
  72.00000    4.80021
  72.50000    4.78966
  73.00000    4.78475
  73.50000    4.78651
  74.00000    4.77524
  74.50000    4.77888
  75.00000    4.77826
  75.50000    4.78027
  76.00000    4.75515
  76.50000    4.75996
  77.00000    4.77124
  77.50000    4.77085
  78.00000    4.74514
  78.50000    4.74026
  79.00000    4.75882
  79.50000    4.74213
  80.00000    4.70809
  80.50000    4.70947
  81.00000    4.74023
  81.50000    4.74581
  82.00000    4.73209
  82.50000    4.70442
  83.00000    4.70777
  83.50000    4.69626
  84.00000    4.69429
  84.50000    4.68770
  85.00000    4.70417
  85.50000    4.69867
  86.00000    4.67439
  86.50000    4.66365
  87.00000    4.65880
  87.50000    4.65391
  88.00000    4.63590
  88.50000    4.64972
  89.00000    4.65951
  89.50000    4.66365
  90.00000    4.66620
  90.50000    4.65483
  91.00000    4.64401
  91.50000    4.63166
  92.00000    4.63712
  92.50000    4.63032
  93.00000    4.63967
  93.50000    4.63615
  94.00000    4.63171
  94.50000    4.62583
  95.00000    4.61511
  95.50000    4.59627
  96.00000    4.59830
  96.50000    4.60777
  97.00000    4.60454
  97.50000    4.57517
  98.00000    4.56491
  98.50000    4.58642
  99.00000    4.58108
  99.50000    4.55597
 100.00000    4.53882
 100.50000    4.55919
 101.00000    4.56995
 101.50000    4.57239
 102.00000    4.57286
 102.50000    4.57650
 103.00000    4.58347
 103.50000    4.55643
 104.00000    4.54510
 104.50000    4.54686
 105.00000    4.56181
 105.50000    4.55094
 106.00000    4.55221
 106.50000    4.56867
 107.00000    4.55589
 107.50000    4.54669
 108.00000    4.52720
 108.50000    4.53125
 109.00000    4.51392
 109.50000    4.53142
 110.00000    4.54151
 110.50000    4.55253
 111.00000    4.55375
 111.50000    4.54867
 112.00000    4.54884
 112.50000    4.53327
 113.00000    4.52538
 113.50000    4.52174
 114.00000    4.53752
 114.50000    4.52941
 115.00000    4.51060
 115.50000    4.48382
 116.00000    4.49109
 116.50000    4.50891
 117.00000    4.51304
 117.50000    4.50355
 118.00000    4.51115
 118.50000    4.51946
 119.00000    4.52277
 119.50000    4.53892
 120.00000    4.52925
 120.50000    4.51210
 121.00000    4.50020
 121.50000    4.51245
 122.00000    4.51973
 122.50000    4.52110
 123.00000    4.51163
 123.50000    4.51622
 124.00000    4.52372
 124.50000    4.51185
 125.00000    4.49316
 125.50000    4.49639
 126.00000    4.51280
 126.50000    4.53836
 127.00000    4.53593
 127.50000    4.52979
 128.00000    4.52753
 128.50000    4.53921
 129.00000    4.53449
 129.50000    4.53160
 130.00000    4.53406
 130.50000    4.52638
 131.00000    4.53760
 131.50000    4.54970
 132.00000    4.55349
 132.50000    4.53800
 133.00000    4.51340
 133.50000    4.51827
 134.00000    4.53292
 134.50000    4.54428
 135.00000    4.53902
 135.50000    4.53400
 136.00000    4.52778
 136.50000    4.52260
 137.00000    4.53828
 137.50000    4.55345
 138.00000    4.55834
 138.50000    4.56310
 139.00000    4.56329
 139.50000    4.58272
 140.00000    4.57146
 140.50000    4.55919
 141.00000    4.54864
 141.50000    4.56896
 142.00000    4.57186
 142.50000    4.57314
 143.00000    4.55276
 143.50000    4.57205
 144.00000    4.58393
 144.50000    4.59453
 145.00000    4.56927
 145.50000    4.56890
 146.00000    4.57046
 146.50000    4.58382
 147.00000    4.60059
 147.50000    4.60168
 148.00000    4.58110
 148.50000    4.58029
 149.00000    4.59036
 149.50000    4.59645
 150.00000    4.58465
