   0.00000    1.22988
   0.50000    2.97302
   1.00000    3.39296
   1.50000    3.39688
   2.00000    3.49329
   2.50000    3.51767
   3.00000    3.51689
   3.50000    3.51698
   4.00000    3.52018
   4.50000    3.52403
   5.00000    3.52929
   5.50000    3.52952
   6.00000    3.53814
   6.50000    3.53394
   7.00000    3.54038
   7.50000    3.54474
   8.00000    3.54824
   8.50000    3.55023
   9.00000    3.55721
   9.50000    3.56620
  10.00000    3.56378
  10.50000    3.56393
  11.00000    3.57124
  11.50000    3.57869
  12.00000    3.56876
  12.50000    3.55681
  13.00000    3.56436
  13.50000    3.58023
  14.00000    3.58408
  14.50000    3.58534
  15.00000    3.59506
  15.50000    3.59714
  16.00000    3.58691
  16.50000    3.58958
  17.00000    3.59594
  17.50000    3.60437
  18.00000    3.59960
  18.50000    3.60690
  19.00000    3.60828
  19.50000    3.61189
  20.00000    3.61428
  20.50000    3.62296
  21.00000    3.62669
  21.50000    3.63030
  22.00000    3.63351
  22.50000    3.63680
  23.00000    3.63978
  23.50000    3.64206
  24.00000    3.64366
  24.50000    3.64232
  25.00000    3.63646
  25.50000    3.63824
  26.00000    3.63931
  26.50000    3.64464
  27.00000    3.64314
  27.50000    3.64267
  28.00000    3.62971
  28.50000    3.63079
  29.00000    3.61964
  29.50000    3.60336
  30.00000    3.57816
  30.50000    3.57628
  31.00000    3.58239
  31.50000    3.58591
  32.00000    3.58447
  32.50000    3.58243
  33.00000    3.59269
  33.50000    3.63305
  34.00000    3.70612
  34.50000    3.79585
  35.00000    3.88718
  35.50000    3.98478
  36.00000    4.05719
  36.50000    4.10417
  37.00000    4.14136
  37.50000    4.17769
  38.00000    4.20789
  38.50000    4.23702
  39.00000    4.26756
  39.50000    4.29912
  40.00000    4.30534
  40.50000    4.30336
  41.00000    4.31062
  41.50000    4.33909
  42.00000    4.34884
  42.50000    4.35094
  43.00000    4.35219
  43.50000    4.35857
  44.00000    4.35457
  44.50000    4.36019
  45.00000    4.37278
  45.50000    4.38861
  46.00000    4.39570
  46.50000    4.39814
  47.00000    4.39626
  47.50000    4.39770
  48.00000    4.39886
  48.50000    4.39827
  49.00000    4.40006
  49.50000    4.42391
  50.00000    4.45292
  50.50000    4.47406
  51.00000    4.47013
  51.50000    4.46805
  52.00000    4.47096
  52.50000    4.47931
  53.00000    4.48528
  53.50000    4.49339
  54.00000    4.49877
  54.50000    4.49527
  55.00000    4.49015
  55.50000    4.48282
  56.00000    4.48237
  56.50000    4.48957
  57.00000    4.49518
  57.50000    4.48787
  58.00000    4.48371
  58.50000    4.48716
  59.00000    4.48959
  59.50000    4.48455
  60.00000    4.48929
  60.50000    4.49185
  61.00000    4.48429
  61.50000    4.47469
  62.00000    4.47419
  62.50000    4.47720
  63.00000    4.47086
  63.50000    4.46430
  64.00000    4.45860
  64.50000    4.45852
  65.00000    4.45634
  65.50000    4.46078
  66.00000    4.46480
  66.50000    4.46161
  67.00000    4.45680
  67.50000    4.45458
  68.00000    4.44707
  68.50000    4.43239
  69.00000    4.43477
  69.50000    4.44054
  70.00000    4.43481
  70.50000    4.42450
  71.00000    4.42265
  71.50000    4.41520
  72.00000    4.40504
  72.50000    4.40504
  73.00000    4.41710
  73.50000    4.40650
  74.00000    4.39307
  74.50000    4.38462
  75.00000    4.38581
  75.50000    4.38164
  76.00000    4.38096
  76.50000    4.38206
  77.00000    4.37505
  77.50000    4.37481
  78.00000    4.36726
  78.50000    4.36217
  79.00000    4.35330
  79.50000    4.35518
  80.00000    4.34621
  80.50000    4.34519
  81.00000    4.33370
  81.50000    4.33235
  82.00000    4.32631
  82.50000    4.33411
  83.00000    4.32659
  83.50000    4.32519
  84.00000    4.31010
  84.50000    4.30630
  85.00000    4.29808
  85.50000    4.29760
  86.00000    4.28561
  86.50000    4.28700
  87.00000    4.28636
  87.50000    4.28683
  88.00000    4.28065
  88.50000    4.27578
  89.00000    4.26913
  89.50000    4.26854
  90.00000    4.27183
  90.50000    4.27548
  91.00000    4.26680
  91.50000    4.26283
  92.00000    4.26429
  92.50000    4.26531
  93.00000    4.26172
  93.50000    4.25221
  94.00000    4.25065
  94.50000    4.23982
  95.00000    4.23621
  95.50000    4.23022
  96.00000    4.24362
  96.50000    4.25706
  97.00000    4.25887
  97.50000    4.24550
  98.00000    4.23233
  98.50000    4.23051
  99.00000    4.22945
  99.50000    4.23286
 100.00000    4.22929
 100.50000    4.22188
 101.00000    4.21755
 101.50000    4.22804
 102.00000    4.22639
 102.50000    4.22057
 103.00000    4.21703
 103.50000    4.22647
 104.00000    4.22874
 104.50000    4.22472
 105.00000    4.21471
 105.50000    4.21320
 106.00000    4.21810
 106.50000    4.22436
 107.00000    4.21992
 107.50000    4.22201
 108.00000    4.21562
 108.50000    4.21333
 109.00000    4.21149
 109.50000    4.22021
 110.00000    4.22183
 110.50000    4.21620
 111.00000    4.20946
 111.50000    4.21474
 112.00000    4.22314
 112.50000    4.22125
 113.00000    4.21010
 113.50000    4.21141
 114.00000    4.22011
 114.50000    4.22075
 115.00000    4.21995
 115.50000    4.21821
 116.00000    4.21847
 116.50000    4.22052
 117.00000    4.22901
 117.50000    4.23361
 118.00000    4.23492
 118.50000    4.23465
 119.00000    4.22969
 119.50000    4.22745
 120.00000    4.22995
 120.50000    4.22869
 121.00000    4.23077
 121.50000    4.23610
 122.00000    4.24148
 122.50000    4.23068
 123.00000    4.23036
 123.50000    4.22976
 124.00000    4.23927
 124.50000    4.24024
 125.00000    4.24512
 125.50000    4.25077
 126.00000    4.25598
 126.50000    4.25125
 127.00000    4.24681
 127.50000    4.24885
 128.00000    4.24861
 128.50000    4.25477
 129.00000    4.26194
 129.50000    4.26191
 130.00000    4.26726
 130.50000    4.26829
 131.00000    4.27623
 131.50000    4.27647
 132.00000    4.28897
 132.50000    4.28063
 133.00000    4.28122
 133.50000    4.28231
 134.00000    4.28416
 134.50000    4.28099
 135.00000    4.28624
 135.50000    4.29808
 136.00000    4.29619
 136.50000    4.28991
 137.00000    4.28275
 137.50000    4.29614
 138.00000    4.30395
 138.50000    4.30830
 139.00000    4.30631
 139.50000    4.31266
 140.00000    4.32193
 140.50000    4.32163
 141.00000    4.31961
 141.50000    4.31463
 142.00000    4.31618
 142.50000    4.31869
 143.00000    4.32811
 143.50000    4.33271
 144.00000    4.33683
 144.50000    4.33890
 145.00000    4.34589
 145.50000    4.34130
 146.00000    4.35025
 146.50000    4.34967
 147.00000    4.34821
 147.50000    4.34458
 148.00000    4.34774
 148.50000    4.35360
 149.00000    4.34521
 149.50000    4.34405
 150.00000    4.37066
