   0.00000    0.15413
   0.50000    0.78788
   1.00000    1.48353
   1.50000    2.00450
   2.00000    2.27970
   2.50000    2.73458
   3.00000    3.10230
   3.50000    3.33771
   4.00000    3.34299
   4.50000    3.32223
   5.00000    3.30085
   5.50000    3.32611
   6.00000    3.36168
   6.50000    3.39359
   7.00000    3.43265
   7.50000    3.44090
   8.00000    3.47722
   8.50000    3.51828
   9.00000    3.53008
   9.50000    3.55424
  10.00000    3.57596
  10.50000    3.60175
  11.00000    3.60173
  11.50000    3.61491
  12.00000    3.64918
  12.50000    3.69411
  13.00000    3.72843
  13.50000    3.73305
  14.00000    3.76185
  14.50000    3.77709
  15.00000    3.77431
  15.50000    3.77999
  16.00000    3.79915
  16.50000    3.81897
  17.00000    3.83793
  17.50000    3.87259
  18.00000    3.91430
  18.50000    3.95842
  19.00000    3.98878
  19.50000    4.00408
  20.00000    4.00975
  20.50000    4.02187
  21.00000    4.07306
  21.50000    4.13262
  22.00000    4.18395
  22.50000    4.20106
  23.00000    4.19952
  23.50000    4.25165
  24.00000    4.36222
  24.50000    4.44937
  25.00000    4.44308
  25.50000    4.40394
  26.00000    4.34874
  26.50000    4.32242
  27.00000    4.31861
  27.50000    4.27473
  28.00000    4.21092
  28.50000    4.15435
  29.00000    4.13198
  29.50000    4.11798
  30.00000    4.13695
  30.50000    4.17078
  31.00000    4.18484
  31.50000    4.21163
  32.00000    4.26710
  32.50000    4.32197
  33.00000    4.36275
  33.50000    4.36861
  34.00000    4.40434
  34.50000    4.41619
  35.00000    4.45330
  35.50000    4.47287
  36.00000    4.49479
  36.50000    4.46698
  37.00000    4.41707
  37.50000    4.39270
  38.00000    4.40094
  38.50000    4.39761
  39.00000    4.39940
  39.50000    4.39541
  40.00000    4.37192
  40.50000    4.34233
  41.00000    4.34842
  41.50000    4.33518
  42.00000    4.29066
  42.50000    4.26244
  43.00000    4.26923
  43.50000    4.26158
  44.00000    4.28656
  44.50000    4.30575
  45.00000    4.30361
  45.50000    4.28007
  46.00000    4.31377
  46.50000    4.33646
  47.00000    4.35059
  47.50000    4.35968
  48.00000    4.36980
  48.50000    4.34390
  49.00000    4.35637
  49.50000    4.38709
  50.00000    4.39479
  50.50000    4.39225
  51.00000    4.43269
  51.50000    4.47301
  52.00000    4.43971
  52.50000    4.43015
  53.00000    4.45364
  53.50000    4.48136
  54.00000    4.46753
  54.50000    4.45613
  55.00000    4.45492
  55.50000    4.43707
  56.00000    4.44331
  56.50000    4.44763
  57.00000    4.44112
  57.50000    4.44244
  58.00000    4.45931
  58.50000    4.45163
  59.00000    4.43535
  59.50000    4.42484
  60.00000    4.43148
  60.50000    4.41748
  61.00000    4.42716
  61.50000    4.42345
  62.00000    4.43066
  62.50000    4.41922
  63.00000    4.42076
  63.50000    4.42356
  64.00000    4.41077
  64.50000    4.37942
  65.00000    4.38591
  65.50000    4.40799
  66.00000    4.41438
  66.50000    4.39283
  67.00000    4.38195
  67.50000    4.35948
  68.00000    4.36485
  68.50000    4.38644
  69.00000    4.40308
  69.50000    4.40202
  70.00000    4.40510
  70.50000    4.39116
  71.00000    4.37056
  71.50000    4.35494
  72.00000    4.35846
  72.50000    4.36287
  73.00000    4.35741
  73.50000    4.34106
  74.00000    4.32786
  74.50000    4.33813
  75.00000    4.34147
  75.50000    4.33993
  76.00000    4.32673
  76.50000    4.31244
  77.00000    4.31748
  77.50000    4.32105
  78.00000    4.34410
  78.50000    4.34781
  79.00000    4.32618
  79.50000    4.30340
  80.00000    4.29056
  80.50000    4.31252
  81.00000    4.30438
  81.50000    4.31577
  82.00000    4.29473
  82.50000    4.30470
  83.00000    4.28799
  83.50000    4.29635
  84.00000    4.30282
  84.50000    4.32472
  85.00000    4.31650
  85.50000    4.31239
  86.00000    4.28486
  86.50000    4.26895
  87.00000    4.26457
  87.50000    4.28330
  88.00000    4.29598
  88.50000    4.28641
  89.00000    4.27706
  89.50000    4.27472
  90.00000    4.29605
  90.50000    4.29600
  91.00000    4.28654
  91.50000    4.26130
  92.00000    4.26947
  92.50000    4.28799
  93.00000    4.30286
  93.50000    4.27439
  94.00000    4.27874
  94.50000    4.25548
  95.00000    4.27334
  95.50000    4.26343
  96.00000    4.28781
  96.50000    4.28006
  97.00000    4.27686
  97.50000    4.26923
  98.00000    4.27455
  98.50000    4.28760
  99.00000    4.27491
  99.50000    4.25353
 100.00000    4.24255
 100.50000    4.25139
 101.00000    4.27028
 101.50000    4.27901
 102.00000    4.27041
 102.50000    4.27211
 103.00000    4.26830
 103.50000    4.26559
 104.00000    4.27521
 104.50000    4.29758
 105.00000    4.30431
 105.50000    4.29701
 106.00000    4.29917
 106.50000    4.28554
 107.00000    4.27394
 107.50000    4.27704
 108.00000    4.28412
 108.50000    4.28548
 109.00000    4.27793
 109.50000    4.28047
 110.00000    4.27248
 110.50000    4.28737
 111.00000    4.29889
 111.50000    4.28801
 112.00000    4.27664
 112.50000    4.28966
 113.00000    4.29999
 113.50000    4.28626
 114.00000    4.29548
 114.50000    4.31419
 115.00000    4.32170
 115.50000    4.29925
 116.00000    4.27569
 116.50000    4.27213
 117.00000    4.28392
 117.50000    4.30018
 118.00000    4.31759
 118.50000    4.34222
 119.00000    4.34760
 119.50000    4.34461
 120.00000    4.33143
 120.50000    4.34531
 121.00000    4.34895
 121.50000    4.33728
 122.00000    4.32910
 122.50000    4.34709
 123.00000    4.34602
 123.50000    4.35231
 124.00000    4.34105
 124.50000    4.33343
 125.00000    4.33352
 125.50000    4.35337
 126.00000    4.37434
 126.50000    4.41057
 127.00000    4.42530
 127.50000    4.39581
 128.00000    4.36691
 128.50000    4.36418
 129.00000    4.36661
 129.50000    4.36567
 130.00000    4.37367
 130.50000    4.36921
 131.00000    4.38512
 131.50000    4.38320
 132.00000    4.39739
 132.50000    4.38343
 133.00000    4.39704
 133.50000    4.39374
 134.00000    4.40393
 134.50000    4.40932
 135.00000    4.40072
 135.50000    4.38796
 136.00000    4.38086
 136.50000    4.39051
 137.00000    4.39050
 137.50000    4.39962
 138.00000    4.40994
 138.50000    4.42226
 139.00000    4.42320
 139.50000    4.42803
 140.00000    4.42994
 140.50000    4.45125
 141.00000    4.45788
 141.50000    4.44630
 142.00000    4.43715
 142.50000    4.44732
 143.00000    4.43198
 143.50000    4.43110
 144.00000    4.44179
 144.50000    4.44910
 145.00000    4.42068
 145.50000    4.41348
 146.00000    4.44156
 146.50000    4.46296
 147.00000    4.46144
 147.50000    4.45597
 148.00000    4.45429
 148.50000    4.47083
 149.00000    4.46889
 149.50000    4.47331
 150.00000    4.44445
