   0.00000    1.56470
   0.50000    2.32903
   1.00000    2.81798
   1.50000    3.09601
   2.00000    3.28379
   2.50000    3.37952
   3.00000    3.48133
   3.50000    3.52838
   4.00000    3.53744
   4.50000    3.54638
   5.00000    3.55830
   5.50000    3.56968
   6.00000    3.57481
   6.50000    3.58216
   7.00000    3.58170
   7.50000    3.59344
   8.00000    3.60400
   8.50000    3.60816
   9.00000    3.60897
   9.50000    3.61277
  10.00000    3.60999
  10.50000    3.61127
  11.00000    3.62192
  11.50000    3.63457
  12.00000    3.63793
  12.50000    3.64239
  13.00000    3.64679
  13.50000    3.64874
  14.00000    3.65057
  14.50000    3.64988
  15.00000    3.65809
  15.50000    3.66158
  16.00000    3.66346
  16.50000    3.65931
  17.00000    3.66395
  17.50000    3.66701
  18.00000    3.67040
  18.50000    3.67260
  19.00000    3.68024
  19.50000    3.68447
  20.00000    3.68539
  20.50000    3.68328
  21.00000    3.68734
  21.50000    3.69341
  22.00000    3.69073
  22.50000    3.68737
  23.00000    3.68449
  23.50000    3.69658
  24.00000    3.70715
  24.50000    3.72094
  25.00000    3.73319
  25.50000    3.74600
  26.00000    3.75178
  26.50000    3.76190
  27.00000    3.76952
  27.50000    3.77651
  28.00000    3.77899
  28.50000    3.79245
  29.00000    3.80742
  29.50000    3.81329
  30.00000    3.80247
  30.50000    3.80097
  31.00000    3.81507
  31.50000    3.82446
  32.00000    3.82465
  32.50000    3.82229
  33.00000    3.81767
  33.50000    3.81915
  34.00000    3.82912
  34.50000    3.85068
  35.00000    3.86410
  35.50000    3.88040
  36.00000    3.89926
  36.50000    3.92094
  37.00000    3.94373
  37.50000    3.95798
  38.00000    3.96404
  38.50000    3.96662
  39.00000    3.97558
  39.50000    3.98409
  40.00000    3.99252
  40.50000    4.00759
  41.00000    4.02461
  41.50000    4.04191
  42.00000    4.04760
  42.50000    4.05963
  43.00000    4.07515
  43.50000    4.09550
  44.00000    4.10268
  44.50000    4.11866
  45.00000    4.13675
  45.50000    4.15017
  46.00000    4.15512
  46.50000    4.16158
  47.00000    4.18168
  47.50000    4.21181
  48.00000    4.23851
  48.50000    4.26990
  49.00000    4.29928
  49.50000    4.33438
  50.00000    4.35074
  50.50000    4.37998
  51.00000    4.40308
  51.50000    4.43311
  52.00000    4.44704
  52.50000    4.45958
  53.00000    4.46666
  53.50000    4.47752
  54.00000    4.47979
  54.50000    4.47991
  55.00000    4.48261
  55.50000    4.49259
  56.00000    4.49555
  56.50000    4.49662
  57.00000    4.49731
  57.50000    4.50255
  58.00000    4.50969
  58.50000    4.51685
  59.00000    4.51951
  59.50000    4.51926
  60.00000    4.52654
  60.50000    4.53608
  61.00000    4.53880
  61.50000    4.53081
  62.00000    4.52988
  62.50000    4.53602
  63.00000    4.54688
  63.50000    4.54835
  64.00000    4.53948
  64.50000    4.53677
  65.00000    4.54817
  65.50000    4.55972
  66.00000    4.55839
  66.50000    4.55554
  67.00000    4.55664
  67.50000    4.55866
  68.00000    4.55710
  68.50000    4.55523
  69.00000    4.55446
  69.50000    4.56337
  70.00000    4.56258
  70.50000    4.56491
  71.00000    4.56546
  71.50000    4.56437
  72.00000    4.55778
  72.50000    4.55763
  73.00000    4.56602
  73.50000    4.56119
  74.00000    4.56480
  74.50000    4.56524
  75.00000    4.57305
  75.50000    4.56722
  76.00000    4.57103
  76.50000    4.57109
  77.00000    4.57557
  77.50000    4.57359
  78.00000    4.57546
  78.50000    4.56974
  79.00000    4.56414
  79.50000    4.55966
  80.00000    4.56202
  80.50000    4.56042
  81.00000    4.55935
  81.50000    4.56310
  82.00000    4.56320
  82.50000    4.56285
  83.00000    4.56112
  83.50000    4.55844
  84.00000    4.55031
  84.50000    4.54680
  85.00000    4.54734
  85.50000    4.54595
  86.00000    4.55235
  86.50000    4.55325
  87.00000    4.55175
  87.50000    4.54696
  88.00000    4.54949
  88.50000    4.54099
  89.00000    4.53570
  89.50000    4.53850
  90.00000    4.53961
  90.50000    4.53855
  91.00000    4.53521
  91.50000    4.53194
  92.00000    4.52407
  92.50000    4.52488
  93.00000    4.52361
  93.50000    4.52409
  94.00000    4.51600
  94.50000    4.51183
  95.00000    4.50895
  95.50000    4.51054
  96.00000    4.51803
  96.50000    4.52278
  97.00000    4.52194
  97.50000    4.50819
  98.00000    4.50040
  98.50000    4.50072
  99.00000    4.50816
  99.50000    4.50687
 100.00000    4.49901
 100.50000    4.49558
 101.00000    4.49745
 101.50000    4.49724
 102.00000    4.49228
 102.50000    4.48594
 103.00000    4.48423
 103.50000    4.48557
 104.00000    4.48702
 104.50000    4.48441
 105.00000    4.48027
 105.50000    4.47757
 106.00000    4.47812
 106.50000    4.47579
 107.00000    4.47158
 107.50000    4.46774
 108.00000    4.46296
 108.50000    4.45849
 109.00000    4.46170
 109.50000    4.46179
 110.00000    4.45931
 110.50000    4.45584
 111.00000    4.45894
 111.50000    4.45572
 112.00000    4.45125
 112.50000    4.44063
 113.00000    4.44231
 113.50000    4.44252
 114.00000    4.44593
 114.50000    4.44080
 115.00000    4.44206
 115.50000    4.44201
 116.00000    4.44495
 116.50000    4.43758
 117.00000    4.43352
 117.50000    4.42447
 118.00000    4.42595
 118.50000    4.43081
 119.00000    4.43201
 119.50000    4.42933
 120.00000    4.42096
 120.50000    4.41644
 121.00000    4.41371
 121.50000    4.41807
 122.00000    4.41497
 122.50000    4.40735
 123.00000    4.40916
 123.50000    4.40892
 124.00000    4.41220
 124.50000    4.41017
 125.00000    4.40060
 125.50000    4.39632
 126.00000    4.39476
 126.50000    4.39584
 127.00000    4.39384
 127.50000    4.39201
 128.00000    4.38658
 128.50000    4.38772
 129.00000    4.39211
 129.50000    4.38710
 130.00000    4.38119
 130.50000    4.38218
 131.00000    4.38361
 131.50000    4.38582
 132.00000    4.38208
 132.50000    4.37746
 133.00000    4.38181
 133.50000    4.38361
 134.00000    4.37820
 134.50000    4.36816
 135.00000    4.37304
 135.50000    4.37669
 136.00000    4.37336
 136.50000    4.37142
 137.00000    4.37442
 137.50000    4.37900
 138.00000    4.37324
 138.50000    4.36640
 139.00000    4.36373
 139.50000    4.36611
 140.00000    4.36961
 140.50000    4.36823
 141.00000    4.36346
 141.50000    4.36150
 142.00000    4.36489
 142.50000    4.36896
 143.00000    4.36283
 143.50000    4.36061
 144.00000    4.35854
 144.50000    4.35784
 145.00000    4.36089
 145.50000    4.36385
 146.00000    4.36675
 146.50000    4.36717
 147.00000    4.36465
 147.50000    4.36037
 148.00000    4.35662
 148.50000    4.35894
 149.00000    4.35609
 149.50000    4.36365
 150.00000    4.37869
