   0.00000    1.75630
   0.50000    1.75728
   1.00000    2.38769
   1.50000    2.92324
   2.00000    3.07694
   2.50000    3.10266
   3.00000    3.16145
   3.50000    3.22484
   4.00000    3.26088
   4.50000    3.21529
   5.00000    3.17766
   5.50000    3.17624
   6.00000    3.20835
   6.50000    3.21623
   7.00000    3.23628
   7.50000    3.25009
   8.00000    3.27421
   8.50000    3.29561
   9.00000    3.30236
   9.50000    3.29614
  10.00000    3.30816
  10.50000    3.33987
  11.00000    3.35475
  11.50000    3.37020
  12.00000    3.38741
  12.50000    3.40520
  13.00000    3.41795
  13.50000    3.44186
  14.00000    3.45524
  14.50000    3.47352
  15.00000    3.49243
  15.50000    3.51100
  16.00000    3.52279
  16.50000    3.54814
  17.00000    3.57580
  17.50000    3.59592
  18.00000    3.63513
  18.50000    3.65123
  19.00000    3.65212
  19.50000    3.65220
  20.00000    3.70145
  20.50000    3.71613
  21.00000    3.71946
  21.50000    3.76239
  22.00000    3.82291
  22.50000    3.85136
  23.00000    3.87029
  23.50000    3.92182
  24.00000    3.95196
  24.50000    3.97396
  25.00000    4.00205
  25.50000    4.03325
  26.00000    4.07712
  26.50000    4.10230
  27.00000    4.11279
  27.50000    4.09121
  28.00000    4.08975
  28.50000    4.08187
  29.00000    4.08741
  29.50000    4.07945
  30.00000    4.06841
  30.50000    4.05897
  31.00000    4.08028
  31.50000    4.09909
  32.00000    4.11511
  32.50000    4.09952
  33.00000    4.07965
  33.50000    4.06368
  34.00000    4.06309
  34.50000    4.02269
  35.00000    3.97262
  35.50000    3.93769
  36.00000    3.92666
  36.50000    3.90925
  37.00000    3.89138
  37.50000    3.85640
  38.00000    3.83554
  38.50000    3.84086
  39.00000    3.83513
  39.50000    3.79727
  40.00000    3.77195
  40.50000    3.75512
  41.00000    3.73591
  41.50000    3.72298
  42.00000    3.74056
  42.50000    3.73841
  43.00000    3.72425
  43.50000    3.72212
  44.00000    3.74470
  44.50000    3.74086
  45.00000    3.73815
  45.50000    3.74004
  46.00000    3.74208
  46.50000    3.74509
  47.00000    3.76237
  47.50000    3.78562
  48.00000    3.80371
  48.50000    3.85284
  49.00000    3.91646
  49.50000    3.97245
  50.00000    4.02542
  50.50000    4.07124
  51.00000    4.11576
  51.50000    4.17351
  52.00000    4.22327
  52.50000    4.24268
  53.00000    4.25338
  53.50000    4.28036
  54.00000    4.30743
  54.50000    4.32007
  55.00000    4.33428
  55.50000    4.34236
  56.00000    4.36039
  56.50000    4.38546
  57.00000    4.40484
  57.50000    4.40465
  58.00000    4.41195
  58.50000    4.42003
  59.00000    4.42983
  59.50000    4.43289
  60.00000    4.45993
  60.50000    4.46493
  61.00000    4.47802
  61.50000    4.48369
  62.00000    4.49915
  62.50000    4.50742
  63.00000    4.53704
  63.50000    4.55182
  64.00000    4.55995
  64.50000    4.57545
  65.00000    4.59074
  65.50000    4.59500
  66.00000    4.59447
  66.50000    4.59187
  67.00000    4.59366
  67.50000    4.60466
  68.00000    4.61855
  68.50000    4.62527
  69.00000    4.63554
  69.50000    4.62893
  70.00000    4.64509
  70.50000    4.65955
  71.00000    4.68780
  71.50000    4.68752
  72.00000    4.71365
  72.50000    4.70910
  73.00000    4.69663
  73.50000    4.69907
  74.00000    4.72890
  74.50000    4.72896
  75.00000    4.72104
  75.50000    4.73433
  76.00000    4.75670
  76.50000    4.74861
  77.00000    4.74186
  77.50000    4.72864
  78.00000    4.73008
  78.50000    4.75464
  79.00000    4.76746
  79.50000    4.74846
  80.00000    4.74223
  80.50000    4.75891
  81.00000    4.78908
  81.50000    4.79018
  82.00000    4.79358
  82.50000    4.77502
  83.00000    4.77506
  83.50000    4.76629
  84.00000    4.77948
  84.50000    4.78396
  85.00000    4.79708
  85.50000    4.79638
  86.00000    4.79961
  86.50000    4.79555
  87.00000    4.80637
  87.50000    4.80426
  88.00000    4.79461
  88.50000    4.78713
  89.00000    4.79164
  89.50000    4.79487
  90.00000    4.79150
  90.50000    4.78544
  91.00000    4.79341
  91.50000    4.80405
  92.00000    4.80389
  92.50000    4.79648
  93.00000    4.79200
  93.50000    4.78927
  94.00000    4.79421
  94.50000    4.80618
  95.00000    4.79480
  95.50000    4.76542
  96.00000    4.75630
  96.50000    4.77942
  97.00000    4.80135
  97.50000    4.79211
  98.00000    4.78663
  98.50000    4.78791
  99.00000    4.77862
  99.50000    4.77229
 100.00000    4.77577
 100.50000    4.78353
 101.00000    4.77736
 101.50000    4.77525
 102.00000    4.76757
 102.50000    4.75609
 103.00000    4.74654
 103.50000    4.74602
 104.00000    4.76208
 104.50000    4.76850
 105.00000    4.75625
 105.50000    4.73776
 106.00000    4.73705
 106.50000    4.74284
 107.00000    4.74807
 107.50000    4.75707
 108.00000    4.75302
 108.50000    4.74518
 109.00000    4.71667
 109.50000    4.70954
 110.00000    4.71003
 110.50000    4.72000
 111.00000    4.72534
 111.50000    4.73052
 112.00000    4.72385
 112.50000    4.71122
 113.00000    4.71087
 113.50000    4.71327
 114.00000    4.70350
 114.50000    4.69558
 115.00000    4.69721
 115.50000    4.69909
 116.00000    4.70814
 116.50000    4.70792
 117.00000    4.69907
 117.50000    4.69428
 118.00000    4.67535
 118.50000    4.67121
 119.00000    4.67101
 119.50000    4.68313
 120.00000    4.67803
 120.50000    4.67053
 121.00000    4.67165
 121.50000    4.67478
 122.00000    4.67687
 122.50000    4.66941
 123.00000    4.66989
 123.50000    4.66652
 124.00000    4.66010
 124.50000    4.64765
 125.00000    4.64285
 125.50000    4.63030
 126.00000    4.62949
 126.50000    4.62209
 127.00000    4.62459
 127.50000    4.62862
 128.00000    4.62621
 128.50000    4.62583
 129.00000    4.62882
 129.50000    4.62735
 130.00000    4.61190
 130.50000    4.60006
 131.00000    4.60551
 131.50000    4.60849
 132.00000    4.60774
 132.50000    4.60502
 133.00000    4.60211
 133.50000    4.59488
 134.00000    4.59808
 134.50000    4.58383
 135.00000    4.56603
 135.50000    4.55990
 136.00000    4.58923
 136.50000    4.59450
 137.00000    4.59075
 137.50000    4.56678
 138.00000    4.55450
 138.50000    4.56206
 139.00000    4.57512
 139.50000    4.56973
 140.00000    4.56431
 140.50000    4.56566
 141.00000    4.56308
 141.50000    4.54744
 142.00000    4.54897
 142.50000    4.54107
 143.00000    4.55357
 143.50000    4.54172
 144.00000    4.54640
 144.50000    4.54307
 145.00000    4.55584
 145.50000    4.53589
 146.00000    4.53609
 146.50000    4.51812
 147.00000    4.53332
 147.50000    4.52781
 148.00000    4.52539
 148.50000    4.49768
 149.00000    4.49881
 149.50000    4.50122
 150.00000    4.53514
