   0.00000    1.52808
   0.50000    3.04775
   1.00000    3.35532
   1.50000    3.30398
   2.00000    3.33352
   2.50000    3.37751
   3.00000    3.36119
   3.50000    3.35535
   4.00000    3.39711
   4.50000    3.43305
   5.00000    3.44976
   5.50000    3.44704
   6.00000    3.45680
   6.50000    3.46675
   7.00000    3.46970
   7.50000    3.47427
   8.00000    3.48730
   8.50000    3.51162
   9.00000    3.52036
   9.50000    3.51467
  10.00000    3.51699
  10.50000    3.54236
  11.00000    3.56516
  11.50000    3.56922
  12.00000    3.56637
  12.50000    3.56831
  13.00000    3.58213
  13.50000    3.59800
  14.00000    3.60749
  14.50000    3.60680
  15.00000    3.61022
  15.50000    3.61604
  16.00000    3.63489
  16.50000    3.64078
  17.00000    3.64745
  17.50000    3.65437
  18.00000    3.66473
  18.50000    3.66424
  19.00000    3.66797
  19.50000    3.67495
  20.00000    3.68277
  20.50000    3.69224
  21.00000    3.70591
  21.50000    3.71258
  22.00000    3.71655
  22.50000    3.71855
  23.00000    3.72060
  23.50000    3.73166
  24.00000    3.74857
  24.50000    3.75179
  25.00000    3.75168
  25.50000    3.75859
  26.00000    3.78113
  26.50000    3.78677
  27.00000    3.80837
  27.50000    3.82375
  28.00000    3.84088
  28.50000    3.84266
  29.00000    3.84482
  29.50000    3.83886
  30.00000    3.85006
  30.50000    3.87815
  31.00000    3.90199
  31.50000    3.90384
  32.00000    3.89837
  32.50000    3.91382
  33.00000    3.93774
  33.50000    3.96998
  34.00000    4.00265
  34.50000    4.01954
  35.00000    4.03578
  35.50000    4.06149
  36.00000    4.10383
  36.50000    4.11265
  37.00000    4.11087
  37.50000    4.11522
  38.00000    4.11936
  38.50000    4.13206
  39.00000    4.12771
  39.50000    4.13668
  40.00000    4.14569
  40.50000    4.15781
  41.00000    4.15490
  41.50000    4.14280
  42.00000    4.14033
  42.50000    4.12362
  43.00000    4.12187
  43.50000    4.14593
  44.00000    4.18193
  44.50000    4.19758
  45.00000    4.19817
  45.50000    4.20618
  46.00000    4.20214
  46.50000    4.20618
  47.00000    4.21739
  47.50000    4.23618
  48.00000    4.25437
  48.50000    4.26486
  49.00000    4.27161
  49.50000    4.27147
  50.00000    4.28049
  50.50000    4.27202
  51.00000    4.26052
  51.50000    4.25873
  52.00000    4.25757
  52.50000    4.25066
  53.00000    4.24401
  53.50000    4.24569
  54.00000    4.24625
  54.50000    4.23834
  55.00000    4.23731
  55.50000    4.23321
  56.00000    4.24180
  56.50000    4.24301
  57.00000    4.24334
  57.50000    4.24200
  58.00000    4.25243
  58.50000    4.26027
  59.00000    4.25848
  59.50000    4.25364
  60.00000    4.24571
  60.50000    4.24910
  61.00000    4.25857
  61.50000    4.26656
  62.00000    4.26510
  62.50000    4.26921
  63.00000    4.27161
  63.50000    4.28168
  64.00000    4.28163
  64.50000    4.30302
  65.00000    4.30221
  65.50000    4.30804
  66.00000    4.29692
  66.50000    4.30828
  67.00000    4.30426
  67.50000    4.30899
  68.00000    4.30979
  68.50000    4.31561
  69.00000    4.31824
  69.50000    4.32151
  70.00000    4.32753
  70.50000    4.33708
  71.00000    4.33690
  71.50000    4.33416
  72.00000    4.35427
  72.50000    4.36902
  73.00000    4.37457
  73.50000    4.38089
  74.00000    4.38031
  74.50000    4.37956
  75.00000    4.37913
  75.50000    4.39538
  76.00000    4.39842
  76.50000    4.39855
  77.00000    4.39671
  77.50000    4.40829
  78.00000    4.41876
  78.50000    4.42175
  79.00000    4.41928
  79.50000    4.42477
  80.00000    4.42547
  80.50000    4.43367
  81.00000    4.44515
  81.50000    4.45635
  82.00000    4.45100
  82.50000    4.44818
  83.00000    4.45921
  83.50000    4.46795
  84.00000    4.46536
  84.50000    4.47896
  85.00000    4.49168
  85.50000    4.49404
  86.00000    4.48811
  86.50000    4.49286
  87.00000    4.48951
  87.50000    4.49342
  88.00000    4.50078
  88.50000    4.51335
  89.00000    4.52257
  89.50000    4.52809
  90.00000    4.52669
  90.50000    4.52285
  91.00000    4.52394
  91.50000    4.53992
  92.00000    4.54072
  92.50000    4.53933
  93.00000    4.53621
  93.50000    4.54409
  94.00000    4.54978
  94.50000    4.55519
  95.00000    4.55169
  95.50000    4.54336
  96.00000    4.54601
  96.50000    4.56110
  97.00000    4.57105
  97.50000    4.57145
  98.00000    4.57263
  98.50000    4.57510
  99.00000    4.57393
  99.50000    4.56363
 100.00000    4.56959
 100.50000    4.58412
 101.00000    4.59339
 101.50000    4.59345
 102.00000    4.58419
 102.50000    4.58058
 103.00000    4.58595
 103.50000    4.59516
 104.00000    4.59959
 104.50000    4.58932
 105.00000    4.58557
 105.50000    4.59083
 106.00000    4.59771
 106.50000    4.59814
 107.00000    4.58913
 107.50000    4.59981
 108.00000    4.60192
 108.50000    4.60620
 109.00000    4.59213
 109.50000    4.59471
 110.00000    4.59775
 110.50000    4.61037
 111.00000    4.60931
 111.50000    4.61321
 112.00000    4.61342
 112.50000    4.62139
 113.00000    4.62301
 113.50000    4.62219
 114.00000    4.61817
 114.50000    4.61820
 115.00000    4.62095
 115.50000    4.60478
 116.00000    4.60643
 116.50000    4.61278
 117.00000    4.61557
 117.50000    4.60027
 118.00000    4.60582
 118.50000    4.61491
 119.00000    4.62048
 119.50000    4.62124
 120.00000    4.62041
 120.50000    4.62253
 121.00000    4.62361
 121.50000    4.62034
 122.00000    4.61084
 122.50000    4.61378
 123.00000    4.62093
 123.50000    4.61269
 124.00000    4.60406
 124.50000    4.60201
 125.00000    4.60627
 125.50000    4.60617
 126.00000    4.59771
 126.50000    4.59836
 127.00000    4.60114
 127.50000    4.60674
 128.00000    4.60542
 128.50000    4.60542
 129.00000    4.60496
 129.50000    4.60356
 130.00000    4.60977
 130.50000    4.61023
 131.00000    4.60741
 131.50000    4.60045
 132.00000    4.59678
 132.50000    4.60530
 133.00000    4.60627
 133.50000    4.59947
 134.00000    4.59205
 134.50000    4.58240
 135.00000    4.58075
 135.50000    4.57929
 136.00000    4.59249
 136.50000    4.58603
 137.00000    4.59462
 137.50000    4.58433
 138.00000    4.58477
 138.50000    4.58455
 139.00000    4.59298
 139.50000    4.59710
 140.00000    4.59231
 140.50000    4.58116
 141.00000    4.57571
 141.50000    4.58442
 142.00000    4.59311
 142.50000    4.58806
 143.00000    4.58059
 143.50000    4.57474
 144.00000    4.57896
 144.50000    4.58436
 145.00000    4.58705
 145.50000    4.57599
 146.00000    4.57556
 146.50000    4.57703
 147.00000    4.59022
 147.50000    4.58565
 148.00000    4.58466
 148.50000    4.57489
 149.00000    4.57848
 149.50000    4.57974
 150.00000    4.57176
