   0.00000    1.40168
   0.50000    3.21814
   1.00000    3.47909
   1.50000    3.32478
   2.00000    3.39323
   2.50000    3.40078
   3.00000    3.40987
   3.50000    3.41781
   4.00000    3.44595
   4.50000    3.45637
   5.00000    3.46561
   5.50000    3.46135
   6.00000    3.47142
   6.50000    3.48265
   7.00000    3.49374
   7.50000    3.49270
   8.00000    3.48426
   8.50000    3.49437
   9.00000    3.50786
   9.50000    3.50816
  10.00000    3.50254
  10.50000    3.50134
  11.00000    3.50794
  11.50000    3.51206
  12.00000    3.52553
  12.50000    3.52561
  13.00000    3.52686
  13.50000    3.53083
  14.00000    3.53804
  14.50000    3.54414
  15.00000    3.55675
  15.50000    3.56287
  16.00000    3.56561
  16.50000    3.56458
  17.00000    3.57255
  17.50000    3.58637
  18.00000    3.59468
  18.50000    3.59859
  19.00000    3.60487
  19.50000    3.61650
  20.00000    3.61842
  20.50000    3.62759
  21.00000    3.63527
  21.50000    3.64923
  22.00000    3.66269
  22.50000    3.68249
  23.00000    3.69780
  23.50000    3.72175
  24.00000    3.73578
  24.50000    3.73020
  25.00000    3.72947
  25.50000    3.74456
  26.00000    3.75785
  26.50000    3.75607
  27.00000    3.77650
  27.50000    3.82207
  28.00000    3.88582
  28.50000    3.94628
  29.00000    4.00879
  29.50000    4.06147
  30.00000    4.09863
  30.50000    4.11534
  31.00000    4.14537
  31.50000    4.18638
  32.00000    4.23375
  32.50000    4.27188
  33.00000    4.31718
  33.50000    4.36161
  34.00000    4.40067
  34.50000    4.43166
  35.00000    4.44738
  35.50000    4.46311
  36.00000    4.47395
  36.50000    4.48006
  37.00000    4.48078
  37.50000    4.48706
  38.00000    4.48719
  38.50000    4.48076
  39.00000    4.48468
  39.50000    4.48909
  40.00000    4.48312
  40.50000    4.46453
  41.00000    4.46116
  41.50000    4.47252
  42.00000    4.48820
  42.50000    4.48809
  43.00000    4.48886
  43.50000    4.49092
  44.00000    4.48526
  44.50000    4.47589
  45.00000    4.46010
  45.50000    4.45558
  46.00000    4.44841
  46.50000    4.44656
  47.00000    4.43101
  47.50000    4.43385
  48.00000    4.43849
  48.50000    4.43837
  49.00000    4.43033
  49.50000    4.42900
  50.00000    4.44095
  50.50000    4.44323
  51.00000    4.43965
  51.50000    4.42984
  52.00000    4.43185
  52.50000    4.43412
  53.00000    4.43518
  53.50000    4.43834
  54.00000    4.43873
  54.50000    4.44498
  55.00000    4.45115
  55.50000    4.46046
  56.00000    4.45719
  56.50000    4.44373
  57.00000    4.44542
  57.50000    4.46032
  58.00000    4.46953
  58.50000    4.46508
  59.00000    4.45806
  59.50000    4.46121
  60.00000    4.46074
  60.50000    4.46953
  61.00000    4.47293
  61.50000    4.48018
  62.00000    4.47677
  62.50000    4.47344
  63.00000    4.47160
  63.50000    4.47095
  64.00000    4.47397
  64.50000    4.48279
  65.00000    4.48933
  65.50000    4.48727
  66.00000    4.48392
  66.50000    4.48593
  67.00000    4.49020
  67.50000    4.48968
  68.00000    4.48754
  68.50000    4.48595
  69.00000    4.49404
  69.50000    4.49843
  70.00000    4.50293
  70.50000    4.50404
  71.00000    4.50029
  71.50000    4.49506
  72.00000    4.49331
  72.50000    4.49967
  73.00000    4.50510
  73.50000    4.51069
  74.00000    4.51179
  74.50000    4.51248
  75.00000    4.51544
  75.50000    4.51371
  76.00000    4.51201
  76.50000    4.51073
  77.00000    4.50577
  77.50000    4.50391
  78.00000    4.51384
  78.50000    4.51947
  79.00000    4.51594
  79.50000    4.51143
  80.00000    4.50976
  80.50000    4.50724
  81.00000    4.50616
  81.50000    4.51311
  82.00000    4.51707
  82.50000    4.51790
  83.00000    4.51969
  83.50000    4.52004
  84.00000    4.51768
  84.50000    4.50812
  85.00000    4.51751
  85.50000    4.51839
  86.00000    4.51835
  86.50000    4.51711
  87.00000    4.52162
  87.50000    4.51855
  88.00000    4.52088
  88.50000    4.52372
  89.00000    4.52048
  89.50000    4.52341
  90.00000    4.52398
  90.50000    4.52324
  91.00000    4.51537
  91.50000    4.51894
  92.00000    4.51516
  92.50000    4.51110
  93.00000    4.51098
  93.50000    4.51457
  94.00000    4.51239
  94.50000    4.50553
  95.00000    4.50242
  95.50000    4.50128
  96.00000    4.49860
  96.50000    4.49943
  97.00000    4.49951
  97.50000    4.50000
  98.00000    4.50444
  98.50000    4.49984
  99.00000    4.50275
  99.50000    4.50127
 100.00000    4.49980
 100.50000    4.49038
 101.00000    4.48810
 101.50000    4.49803
 102.00000    4.49899
 102.50000    4.48858
 103.00000    4.47997
 103.50000    4.48661
 104.00000    4.49225
 104.50000    4.49195
 105.00000    4.48813
 105.50000    4.47940
 106.00000    4.47129
 106.50000    4.47226
 107.00000    4.47543
 107.50000    4.47719
 108.00000    4.47769
 108.50000    4.47833
 109.00000    4.47547
 109.50000    4.47671
 110.00000    4.47632
 110.50000    4.48073
 111.00000    4.47211
 111.50000    4.46573
 112.00000    4.46569
 112.50000    4.47068
 113.00000    4.46746
 113.50000    4.45281
 114.00000    4.45758
 114.50000    4.46670
 115.00000    4.46679
 115.50000    4.45378
 116.00000    4.44926
 116.50000    4.45617
 117.00000    4.45534
 117.50000    4.45229
 118.00000    4.44551
 118.50000    4.44941
 119.00000    4.45196
 119.50000    4.45290
 120.00000    4.44324
 120.50000    4.44216
 121.00000    4.44217
 121.50000    4.44323
 122.00000    4.44348
 122.50000    4.43850
 123.00000    4.43170
 123.50000    4.42427
 124.00000    4.42794
 124.50000    4.42426
 125.00000    4.41796
 125.50000    4.41397
 126.00000    4.41400
 126.50000    4.41510
 127.00000    4.42610
 127.50000    4.42503
 128.00000    4.41727
 128.50000    4.41044
 129.00000    4.41213
 129.50000    4.41753
 130.00000    4.42068
 130.50000    4.42210
 131.00000    4.41344
 131.50000    4.41665
 132.00000    4.41105
 132.50000    4.40401
 133.00000    4.40257
 133.50000    4.40483
 134.00000    4.40054
 134.50000    4.39978
 135.00000    4.39848
 135.50000    4.39783
 136.00000    4.39386
 136.50000    4.39301
 137.00000    4.39509
 137.50000    4.39324
 138.00000    4.38934
 138.50000    4.38550
 139.00000    4.39761
 139.50000    4.40023
 140.00000    4.39451
 140.50000    4.39687
 141.00000    4.39983
 141.50000    4.39580
 142.00000    4.38793
 142.50000    4.39588
 143.00000    4.39279
 143.50000    4.38634
 144.00000    4.38495
 144.50000    4.39001
 145.00000    4.38701
 145.50000    4.39115
 146.00000    4.39582
 146.50000    4.40029
 147.00000    4.39560
 147.50000    4.38668
 148.00000    4.38519
 148.50000    4.38991
 149.00000    4.39418
 149.50000    4.38567
 150.00000    4.38648
