   0.00000    1.45355
   0.50000    2.42774
   1.00000    2.86415
   1.50000    3.06593
   2.00000    3.26622
   2.50000    3.41085
   3.00000    3.54617
   3.50000    3.60971
   4.00000    3.61665
   4.50000    3.59954
   5.00000    3.59541
   5.50000    3.60171
   6.00000    3.59141
   6.50000    3.57953
   7.00000    3.56338
   7.50000    3.57115
   8.00000    3.57110
   8.50000    3.56477
   9.00000    3.56235
   9.50000    3.57493
  10.00000    3.57789
  10.50000    3.57607
  11.00000    3.57831
  11.50000    3.58033
  12.00000    3.56422
  12.50000    3.56607
  13.00000    3.56614
  13.50000    3.58006
  14.00000    3.58104
  14.50000    3.59185
  15.00000    3.58946
  15.50000    3.59194
  16.00000    3.58264
  16.50000    3.58659
  17.00000    3.59423
  17.50000    3.60910
  18.00000    3.61981
  18.50000    3.63389
  19.00000    3.63038
  19.50000    3.62312
  20.00000    3.62993
  20.50000    3.64831
  21.00000    3.66066
  21.50000    3.68500
  22.00000    3.70976
  22.50000    3.71248
  23.00000    3.69830
  23.50000    3.70221
  24.00000    3.70293
  24.50000    3.68039
  25.00000    3.65385
  25.50000    3.66169
  26.00000    3.67623
  26.50000    3.69203
  27.00000    3.70858
  27.50000    3.73602
  28.00000    3.74545
  28.50000    3.76149
  29.00000    3.77464
  29.50000    3.78929
  30.00000    3.80964
  30.50000    3.82541
  31.00000    3.83527
  31.50000    3.84901
  32.00000    3.87925
  32.50000    3.89336
  33.00000    3.89433
  33.50000    3.92418
  34.00000    3.94687
  34.50000    3.95497
  35.00000    3.94163
  35.50000    3.94147
  36.00000    3.93503
  36.50000    3.92826
  37.00000    3.93154
  37.50000    3.93966
  38.00000    3.93702
  38.50000    3.92312
  39.00000    3.91595
  39.50000    3.92235
  40.00000    3.90600
  40.50000    3.89425
  41.00000    3.88361
  41.50000    3.87517
  42.00000    3.86402
  42.50000    3.86073
  43.00000    3.85512
  43.50000    3.83972
  44.00000    3.83864
  44.50000    3.84770
  45.00000    3.85992
  45.50000    3.87220
  46.00000    3.88663
  46.50000    3.91019
  47.00000    3.96467
  47.50000    4.03839
  48.00000    4.11292
  48.50000    4.17442
  49.00000    4.23842
  49.50000    4.27999
  50.00000    4.32125
  50.50000    4.36654
  51.00000    4.41062
  51.50000    4.45030
  52.00000    4.48409
  52.50000    4.50505
  53.00000    4.51689
  53.50000    4.53298
  54.00000    4.54160
  54.50000    4.54664
  55.00000    4.55212
  55.50000    4.56110
  56.00000    4.57260
  56.50000    4.58153
  57.00000    4.58954
  57.50000    4.59369
  58.00000    4.59947
  58.50000    4.60142
  59.00000    4.60995
  59.50000    4.61821
  60.00000    4.63064
  60.50000    4.63291
  61.00000    4.63741
  61.50000    4.63799
  62.00000    4.64738
  62.50000    4.65303
  63.00000    4.64782
  63.50000    4.64969
  64.00000    4.65162
  64.50000    4.66401
  65.00000    4.66737
  65.50000    4.67259
  66.00000    4.66865
  66.50000    4.67336
  67.00000    4.68972
  67.50000    4.69388
  68.00000    4.68965
  68.50000    4.68794
  69.00000    4.68521
  69.50000    4.68037
  70.00000    4.68366
  70.50000    4.68820
  71.00000    4.69844
  71.50000    4.69736
  72.00000    4.70650
  72.50000    4.70594
  73.00000    4.71551
  73.50000    4.70374
  74.00000    4.70212
  74.50000    4.70047
  75.00000    4.70781
  75.50000    4.71392
  76.00000    4.71618
  76.50000    4.71837
  77.00000    4.72655
  77.50000    4.72960
  78.00000    4.71597
  78.50000    4.70651
  79.00000    4.71018
  79.50000    4.70860
  80.00000    4.70913
  80.50000    4.71275
  81.00000    4.71722
  81.50000    4.71483
  82.00000    4.71481
  82.50000    4.70391
  83.00000    4.70240
  83.50000    4.70643
  84.00000    4.71805
  84.50000    4.70913
  85.00000    4.70096
  85.50000    4.68976
  86.00000    4.69169
  86.50000    4.69052
  87.00000    4.68443
  87.50000    4.67871
  88.00000    4.67389
  88.50000    4.68172
  89.00000    4.68092
  89.50000    4.68049
  90.00000    4.67147
  90.50000    4.67339
  91.00000    4.66794
  91.50000    4.66286
  92.00000    4.67112
  92.50000    4.66967
  93.00000    4.66346
  93.50000    4.65160
  94.00000    4.65979
  94.50000    4.66130
  95.00000    4.65454
  95.50000    4.64424
  96.00000    4.64803
  96.50000    4.66333
  97.00000    4.65439
  97.50000    4.63526
  98.00000    4.62354
  98.50000    4.63536
  99.00000    4.63222
  99.50000    4.62587
 100.00000    4.62770
 100.50000    4.63169
 101.00000    4.62707
 101.50000    4.61907
 102.00000    4.62274
 102.50000    4.62127
 103.00000    4.61892
 103.50000    4.61304
 104.00000    4.61722
 104.50000    4.61568
 105.00000    4.60702
 105.50000    4.59411
 106.00000    4.59797
 106.50000    4.59190
 107.00000    4.58771
 107.50000    4.58971
 108.00000    4.59658
 108.50000    4.58840
 109.00000    4.58270
 109.50000    4.58298
 110.00000    4.58876
 110.50000    4.58680
 111.00000    4.58437
 111.50000    4.57954
 112.00000    4.57981
 112.50000    4.58223
 113.00000    4.57293
 113.50000    4.56826
 114.00000    4.56357
 114.50000    4.55145
 115.00000    4.54444
 115.50000    4.54537
 116.00000    4.55252
 116.50000    4.54821
 117.00000    4.54083
 117.50000    4.53419
 118.00000    4.54007
 118.50000    4.55245
 119.00000    4.55817
 119.50000    4.54841
 120.00000    4.53598
 120.50000    4.53312
 121.00000    4.53527
 121.50000    4.52819
 122.00000    4.52752
 122.50000    4.52581
 123.00000    4.52189
 123.50000    4.51527
 124.00000    4.52080
 124.50000    4.52557
 125.00000    4.52231
 125.50000    4.51864
 126.00000    4.52282
 126.50000    4.53621
 127.00000    4.52562
 127.50000    4.51571
 128.00000    4.51056
 128.50000    4.51483
 129.00000    4.50958
 129.50000    4.50917
 130.00000    4.50637
 130.50000    4.50415
 131.00000    4.50032
 131.50000    4.49591
 132.00000    4.49321
 132.50000    4.48800
 133.00000    4.48554
 133.50000    4.48535
 134.00000    4.47586
 134.50000    4.47507
 135.00000    4.48229
 135.50000    4.49049
 136.00000    4.47428
 136.50000    4.46448
 137.00000    4.46518
 137.50000    4.48330
 138.00000    4.48995
 138.50000    4.48186
 139.00000    4.47623
 139.50000    4.48587
 140.00000    4.49028
 140.50000    4.47597
 141.00000    4.46615
 141.50000    4.46798
 142.00000    4.47322
 142.50000    4.47355
 143.00000    4.47084
 143.50000    4.46496
 144.00000    4.45645
 144.50000    4.45924
 145.00000    4.46237
 145.50000    4.46041
 146.00000    4.46136
 146.50000    4.46612
 147.00000    4.46561
 147.50000    4.46016
 148.00000    4.46800
 148.50000    4.46943
 149.00000    4.45903
 149.50000    4.43986
 150.00000    4.44883
