   0.00000    1.37888
   0.50000    3.27831
   1.00000    3.61015
   1.50000    3.46880
   2.00000    3.47231
   2.50000    3.45358
   3.00000    3.43593
   3.50000    3.43944
   4.00000    3.45065
   4.50000    3.46737
   5.00000    3.48098
   5.50000    3.50097
   6.00000    3.51357
   6.50000    3.51567
   7.00000    3.51587
   7.50000    3.51958
   8.00000    3.52372
   8.50000    3.52772
   9.00000    3.53572
   9.50000    3.53775
  10.00000    3.54176
  10.50000    3.55457
  11.00000    3.56130
  11.50000    3.56272
  12.00000    3.56636
  12.50000    3.58005
  13.00000    3.58067
  13.50000    3.58333
  14.00000    3.59071
  14.50000    3.59587
  15.00000    3.59657
  15.50000    3.59775
  16.00000    3.60818
  16.50000    3.60800
  17.00000    3.61704
  17.50000    3.62225
  18.00000    3.62582
  18.50000    3.62424
  19.00000    3.62995
  19.50000    3.63177
  20.00000    3.63931
  20.50000    3.65517
  21.00000    3.66555
  21.50000    3.67066
  22.00000    3.66707
  22.50000    3.66736
  23.00000    3.66132
  23.50000    3.67849
  24.00000    3.69097
  24.50000    3.70204
  25.00000    3.70722
  25.50000    3.70550
  26.00000    3.69310
  26.50000    3.69828
  27.00000    3.73777
  27.50000    3.79309
  28.00000    3.84078
  28.50000    3.88675
  29.00000    3.91692
  29.50000    3.94049
  30.00000    3.94079
  30.50000    3.94444
  31.00000    3.95645
  31.50000    3.98147
  32.00000    4.01541
  32.50000    4.05627
  33.00000    4.08193
  33.50000    4.10910
  34.00000    4.14782
  34.50000    4.20482
  35.00000    4.26298
  35.50000    4.32087
  36.00000    4.36114
  36.50000    4.37286
  37.00000    4.39191
  37.50000    4.41383
  38.00000    4.43112
  38.50000    4.44215
  39.00000    4.45864
  39.50000    4.47344
  40.00000    4.48056
  40.50000    4.48655
  41.00000    4.48621
  41.50000    4.48876
  42.00000    4.49427
  42.50000    4.48480
  43.00000    4.48577
  43.50000    4.49520
  44.00000    4.48783
  44.50000    4.46992
  45.00000    4.46386
  45.50000    4.46092
  46.00000    4.45343
  46.50000    4.44155
  47.00000    4.43382
  47.50000    4.43037
  48.00000    4.43557
  48.50000    4.42871
  49.00000    4.42381
  49.50000    4.43303
  50.00000    4.43612
  50.50000    4.44326
  51.00000    4.43810
  51.50000    4.42828
  52.00000    4.41988
  52.50000    4.43185
  53.00000    4.44047
  53.50000    4.43885
  54.00000    4.44197
  54.50000    4.43846
  55.00000    4.43762
  55.50000    4.43947
  56.00000    4.44421
  56.50000    4.43944
  57.00000    4.43544
  57.50000    4.43380
  58.00000    4.43691
  58.50000    4.43632
  59.00000    4.43191
  59.50000    4.42447
  60.00000    4.42718
  60.50000    4.42513
  61.00000    4.42442
  61.50000    4.41851
  62.00000    4.41609
  62.50000    4.41409
  63.00000    4.41542
  63.50000    4.40790
  64.00000    4.39495
  64.50000    4.38640
  65.00000    4.39309
  65.50000    4.39221
  66.00000    4.38921
  66.50000    4.39087
  67.00000    4.39494
  67.50000    4.38347
  68.00000    4.37942
  68.50000    4.38606
  69.00000    4.38714
  69.50000    4.37654
  70.00000    4.37557
  70.50000    4.38486
  71.00000    4.37787
  71.50000    4.36807
  72.00000    4.36107
  72.50000    4.36440
  73.00000    4.35909
  73.50000    4.35689
  74.00000    4.35013
  74.50000    4.34984
  75.00000    4.34564
  75.50000    4.33935
  76.00000    4.33402
  76.50000    4.33505
  77.00000    4.33382
  77.50000    4.32484
  78.00000    4.31445
  78.50000    4.31655
  79.00000    4.31823
  79.50000    4.31542
  80.00000    4.31233
  80.50000    4.31333
  81.00000    4.30759
  81.50000    4.30191
  82.00000    4.30290
  82.50000    4.29238
  83.00000    4.29937
  83.50000    4.29094
  84.00000    4.28776
  84.50000    4.27493
  85.00000    4.28886
  85.50000    4.28072
  86.00000    4.28672
  86.50000    4.27444
  87.00000    4.26129
  87.50000    4.24782
  88.00000    4.25543
  88.50000    4.26092
  89.00000    4.26335
  89.50000    4.26766
  90.00000    4.26115
  90.50000    4.25657
  91.00000    4.25247
  91.50000    4.25210
  92.00000    4.24496
  92.50000    4.24423
  93.00000    4.24141
  93.50000    4.23976
  94.00000    4.24371
  94.50000    4.24288
  95.00000    4.25073
  95.50000    4.24515
  96.00000    4.24046
  96.50000    4.22868
  97.00000    4.23102
  97.50000    4.22020
  98.00000    4.21522
  98.50000    4.22212
  99.00000    4.23465
  99.50000    4.23493
 100.00000    4.22600
 100.50000    4.21728
 101.00000    4.22203
 101.50000    4.23016
 102.00000    4.23097
 102.50000    4.22336
 103.00000    4.21864
 103.50000    4.21130
 104.00000    4.20887
 104.50000    4.20668
 105.00000    4.21359
 105.50000    4.22318
 106.00000    4.22334
 106.50000    4.21149
 107.00000    4.21799
 107.50000    4.22980
 108.00000    4.22298
 108.50000    4.20678
 109.00000    4.21089
 109.50000    4.21575
 110.00000    4.21819
 110.50000    4.20940
 111.00000    4.21118
 111.50000    4.21422
 112.00000    4.21841
 112.50000    4.20976
 113.00000    4.20495
 113.50000    4.20676
 114.00000    4.21043
 114.50000    4.21306
 115.00000    4.20541
 115.50000    4.21170
 116.00000    4.21264
 116.50000    4.21194
 117.00000    4.20410
 117.50000    4.20667
 118.00000    4.20643
 118.50000    4.20857
 119.00000    4.21366
 119.50000    4.21434
 120.00000    4.21216
 120.50000    4.21510
 121.00000    4.22655
 121.50000    4.23364
 122.00000    4.23439
 122.50000    4.22699
 123.00000    4.23280
 123.50000    4.23485
 124.00000    4.23837
 124.50000    4.23491
 125.00000    4.23701
 125.50000    4.22897
 126.00000    4.22203
 126.50000    4.23099
 127.00000    4.23773
 127.50000    4.23192
 128.00000    4.23295
 128.50000    4.23995
 129.00000    4.24746
 129.50000    4.24374
 130.00000    4.24436
 130.50000    4.24491
 131.00000    4.24783
 131.50000    4.24665
 132.00000    4.24315
 132.50000    4.24558
 133.00000    4.24869
 133.50000    4.25277
 134.00000    4.25632
 134.50000    4.26234
 135.00000    4.26217
 135.50000    4.26456
 136.00000    4.26151
 136.50000    4.26360
 137.00000    4.26634
 137.50000    4.27558
 138.00000    4.27984
 138.50000    4.27315
 139.00000    4.27362
 139.50000    4.27697
 140.00000    4.28500
 140.50000    4.28548
 141.00000    4.29393
 141.50000    4.29756
 142.00000    4.30451
 142.50000    4.30292
 143.00000    4.30608
 143.50000    4.30575
 144.00000    4.30565
 144.50000    4.30621
 145.00000    4.31559
 145.50000    4.31547
 146.00000    4.30516
 146.50000    4.30390
 147.00000    4.31002
 147.50000    4.31610
 148.00000    4.31813
 148.50000    4.31763
 149.00000    4.31850
 149.50000    4.33027
 150.00000    4.34303
