   0.00000    1.44215
   0.50000    3.23691
   1.00000    3.54992
   1.50000    3.43843
   2.00000    3.48094
   2.50000    3.43405
   3.00000    3.39557
   3.50000    3.39724
   4.00000    3.43610
   4.50000    3.46004
   5.00000    3.47368
   5.50000    3.46576
   6.00000    3.45304
   6.50000    3.46109
   7.00000    3.47328
   7.50000    3.47645
   8.00000    3.46349
   8.50000    3.47226
   9.00000    3.49049
   9.50000    3.49733
  10.00000    3.48885
  10.50000    3.49217
  11.00000    3.50643
  11.50000    3.51351
  12.00000    3.51568
  12.50000    3.51998
  13.00000    3.51998
  13.50000    3.51805
  14.00000    3.52367
  14.50000    3.53673
  15.00000    3.55003
  15.50000    3.55723
  16.00000    3.56412
  16.50000    3.56747
  17.00000    3.57237
  17.50000    3.58677
  18.00000    3.59536
  18.50000    3.60144
  19.00000    3.59526
  19.50000    3.59918
  20.00000    3.60940
  20.50000    3.63215
  21.00000    3.64464
  21.50000    3.65588
  22.00000    3.66590
  22.50000    3.68666
  23.00000    3.69665
  23.50000    3.71912
  24.00000    3.73746
  24.50000    3.74667
  25.00000    3.74893
  25.50000    3.76599
  26.00000    3.77539
  26.50000    3.75597
  27.00000    3.74292
  27.50000    3.76271
  28.00000    3.80807
  28.50000    3.85456
  29.00000    3.89420
  29.50000    3.92787
  30.00000    3.94564
  30.50000    3.96544
  31.00000    4.00223
  31.50000    4.03806
  32.00000    4.06468
  32.50000    4.10328
  33.00000    4.15328
  33.50000    4.20803
  34.00000    4.26417
  34.50000    4.32633
  35.00000    4.36816
  35.50000    4.40231
  36.00000    4.43064
  36.50000    4.44396
  37.00000    4.46011
  37.50000    4.46469
  38.00000    4.47237
  38.50000    4.46577
  39.00000    4.48843
  39.50000    4.49269
  40.00000    4.49605
  40.50000    4.47696
  41.00000    4.48484
  41.50000    4.49506
  42.00000    4.50922
  42.50000    4.50612
  43.00000    4.50986
  43.50000    4.51026
  44.00000    4.49871
  44.50000    4.47557
  45.00000    4.45653
  45.50000    4.45667
  46.00000    4.44526
  46.50000    4.43113
  47.00000    4.41156
  47.50000    4.41639
  48.00000    4.40559
  48.50000    4.40852
  49.00000    4.40559
  49.50000    4.40010
  50.00000    4.40012
  50.50000    4.41123
  51.00000    4.41047
  51.50000    4.40196
  52.00000    4.40361
  52.50000    4.40832
  53.00000    4.40147
  53.50000    4.41120
  54.00000    4.41633
  54.50000    4.42928
  55.00000    4.43156
  55.50000    4.43796
  56.00000    4.42770
  56.50000    4.42363
  57.00000    4.43022
  57.50000    4.44213
  58.00000    4.44683
  58.50000    4.44771
  59.00000    4.44410
  59.50000    4.43940
  60.00000    4.43372
  60.50000    4.44620
  61.00000    4.45512
  61.50000    4.45745
  62.00000    4.45118
  62.50000    4.45421
  63.00000    4.45508
  63.50000    4.45359
  64.00000    4.44880
  64.50000    4.45501
  65.00000    4.46040
  65.50000    4.46547
  66.00000    4.46485
  66.50000    4.46985
  67.00000    4.47495
  67.50000    4.47429
  68.00000    4.47517
  68.50000    4.47428
  69.00000    4.48157
  69.50000    4.48752
  70.00000    4.48656
  70.50000    4.48419
  71.00000    4.48850
  71.50000    4.48864
  72.00000    4.48883
  72.50000    4.49559
  73.00000    4.50539
  73.50000    4.50134
  74.00000    4.50530
  74.50000    4.51628
  75.00000    4.52616
  75.50000    4.52362
  76.00000    4.51531
  76.50000    4.51257
  77.00000    4.51467
  77.50000    4.52202
  78.00000    4.53040
  78.50000    4.52759
  79.00000    4.51538
  79.50000    4.51184
  80.00000    4.51957
  80.50000    4.52495
  81.00000    4.52567
  81.50000    4.52793
  82.00000    4.53602
  82.50000    4.53046
  83.00000    4.54096
  83.50000    4.53776
  84.00000    4.53566
  84.50000    4.52819
  85.00000    4.54260
  85.50000    4.53712
  86.00000    4.53190
  86.50000    4.54153
  87.00000    4.54925
  87.50000    4.54905
  88.00000    4.54117
  88.50000    4.54695
  89.00000    4.54020
  89.50000    4.55387
  90.00000    4.55633
  90.50000    4.55833
  91.00000    4.54989
  91.50000    4.55412
  92.00000    4.55127
  92.50000    4.54115
  93.00000    4.53886
  93.50000    4.53942
  94.00000    4.54272
  94.50000    4.53795
  95.00000    4.54234
  95.50000    4.54418
  96.00000    4.54772
  96.50000    4.53878
  97.00000    4.54006
  97.50000    4.53856
  98.00000    4.55198
  98.50000    4.54661
  99.00000    4.54725
  99.50000    4.54359
 100.00000    4.54732
 100.50000    4.53754
 101.00000    4.53752
 101.50000    4.54457
 102.00000    4.53902
 102.50000    4.52998
 103.00000    4.52574
 103.50000    4.53314
 104.00000    4.54055
 104.50000    4.54136
 105.00000    4.53023
 105.50000    4.51983
 106.00000    4.51305
 106.50000    4.51547
 107.00000    4.52082
 107.50000    4.52900
 108.00000    4.53061
 108.50000    4.52579
 109.00000    4.51835
 109.50000    4.51292
 110.00000    4.52147
 110.50000    4.52975
 111.00000    4.52327
 111.50000    4.51097
 112.00000    4.50407
 112.50000    4.50985
 113.00000    4.50690
 113.50000    4.49817
 114.00000    4.49210
 114.50000    4.50062
 115.00000    4.50523
 115.50000    4.50278
 116.00000    4.49631
 116.50000    4.50264
 117.00000    4.50268
 117.50000    4.49669
 118.00000    4.48944
 118.50000    4.49585
 119.00000    4.49952
 119.50000    4.49200
 120.00000    4.48111
 120.50000    4.48788
 121.00000    4.49771
 121.50000    4.49667
 122.00000    4.48694
 122.50000    4.47662
 123.00000    4.46869
 123.50000    4.46654
 124.00000    4.47096
 124.50000    4.47576
 125.00000    4.47027
 125.50000    4.45933
 126.00000    4.45107
 126.50000    4.45240
 127.00000    4.46082
 127.50000    4.45507
 128.00000    4.45206
 128.50000    4.44373
 129.00000    4.44047
 129.50000    4.44792
 130.00000    4.45642
 130.50000    4.45505
 131.00000    4.44529
 131.50000    4.44943
 132.00000    4.43801
 132.50000    4.43217
 133.00000    4.43871
 133.50000    4.44743
 134.00000    4.43854
 134.50000    4.43116
 135.00000    4.43306
 135.50000    4.43390
 136.00000    4.42969
 136.50000    4.42680
 137.00000    4.43185
 137.50000    4.43111
 138.00000    4.42357
 138.50000    4.42252
 139.00000    4.43088
 139.50000    4.42841
 140.00000    4.42132
 140.50000    4.42356
 141.00000    4.42515
 141.50000    4.42449
 142.00000    4.42669
 142.50000    4.42846
 143.00000    4.42160
 143.50000    4.41256
 144.00000    4.40893
 144.50000    4.41036
 145.00000    4.42046
 145.50000    4.43030
 146.00000    4.42780
 146.50000    4.43009
 147.00000    4.42446
 147.50000    4.42132
 148.00000    4.42174
 148.50000    4.42700
 149.00000    4.41936
 149.50000    4.41105
 150.00000    4.42111
