   0.00000    0.45232
   0.50000    1.15424
   1.00000    1.87708
   1.50000    2.34202
   2.00000    2.52311
   2.50000    2.85683
   3.00000    3.13018
   3.50000    3.25995
   4.00000    3.26996
   4.50000    3.30239
   5.00000    3.34790
   5.50000    3.41265
   6.00000    3.47998
   6.50000    3.52801
   7.00000    3.54321
   7.50000    3.55520
   8.00000    3.58497
   8.50000    3.62140
   9.00000    3.63932
   9.50000    3.66482
  10.00000    3.68773
  10.50000    3.71018
  11.00000    3.72454
  11.50000    3.73038
  12.00000    3.76275
  12.50000    3.80118
  13.00000    3.84200
  13.50000    3.83250
  14.00000    3.86800
  14.50000    3.88009
  15.00000    3.87385
  15.50000    3.86035
  16.00000    3.88162
  16.50000    3.91039
  17.00000    3.93657
  17.50000    3.98643
  18.00000    4.01282
  18.50000    4.04408
  19.00000    4.07786
  19.50000    4.11447
  20.00000    4.12992
  20.50000    4.11896
  21.00000    4.15810
  21.50000    4.20980
  22.00000    4.27375
  22.50000    4.31753
  23.00000    4.37073
  23.50000    4.43618
  24.00000    4.52276
  24.50000    4.59239
  25.00000    4.58845
  25.50000    4.56971
  26.00000    4.52180
  26.50000    4.48656
  27.00000    4.47504
  27.50000    4.46251
  28.00000    4.42466
  28.50000    4.39276
  29.00000    4.38913
  29.50000    4.39285
  30.00000    4.40246
  30.50000    4.41700
  31.00000    4.41272
  31.50000    4.42469
  32.00000    4.43555
  32.50000    4.43946
  33.00000    4.47179
  33.50000    4.49113
  34.00000    4.51427
  34.50000    4.50736
  35.00000    4.54088
  35.50000    4.56049
  36.00000    4.58430
  36.50000    4.56870
  37.00000    4.55373
  37.50000    4.54839
  38.00000    4.53715
  38.50000    4.51786
  39.00000    4.52762
  39.50000    4.54110
  40.00000    4.52032
  40.50000    4.52125
  41.00000    4.54799
  41.50000    4.53609
  42.00000    4.50830
  42.50000    4.48568
  43.00000    4.49433
  43.50000    4.47534
  44.00000    4.49837
  44.50000    4.49560
  45.00000    4.49809
  45.50000    4.48734
  46.00000    4.49705
  46.50000    4.49813
  47.00000    4.50305
  47.50000    4.52917
  48.00000    4.52377
  48.50000    4.51307
  49.00000    4.51196
  49.50000    4.53723
  50.00000    4.52981
  50.50000    4.52556
  51.00000    4.54829
  51.50000    4.56844
  52.00000    4.55352
  52.50000    4.53263
  53.00000    4.52445
  53.50000    4.50567
  54.00000    4.48473
  54.50000    4.49648
  55.00000    4.50525
  55.50000    4.49961
  56.00000    4.49179
  56.50000    4.49721
  57.00000    4.48641
  57.50000    4.48934
  58.00000    4.49248
  58.50000    4.47787
  59.00000    4.47333
  59.50000    4.48097
  60.00000    4.48440
  60.50000    4.47493
  61.00000    4.47635
  61.50000    4.46806
  62.00000    4.45286
  62.50000    4.44205
  63.00000    4.45253
  63.50000    4.46125
  64.00000    4.45026
  64.50000    4.42656
  65.00000    4.42974
  65.50000    4.43115
  66.00000    4.43860
  66.50000    4.44283
  67.00000    4.43249
  67.50000    4.40209
  68.00000    4.40390
  68.50000    4.42419
  69.00000    4.43439
  69.50000    4.43889
  70.00000    4.44841
  70.50000    4.43052
  71.00000    4.40224
  71.50000    4.38886
  72.00000    4.39200
  72.50000    4.39159
  73.00000    4.39704
  73.50000    4.39734
  74.00000    4.39212
  74.50000    4.39175
  75.00000    4.39141
  75.50000    4.37939
  76.00000    4.36589
  76.50000    4.36771
  77.00000    4.37925
  77.50000    4.37121
  78.00000    4.37578
  78.50000    4.38348
  79.00000    4.38501
  79.50000    4.38603
  80.00000    4.37362
  80.50000    4.36900
  81.00000    4.35735
  81.50000    4.36912
  82.00000    4.37538
  82.50000    4.37741
  83.00000    4.37184
  83.50000    4.36411
  84.00000    4.36646
  84.50000    4.37358
  85.00000    4.36077
  85.50000    4.35758
  86.00000    4.36477
  86.50000    4.37075
  87.00000    4.34979
  87.50000    4.34895
  88.00000    4.37149
  88.50000    4.36424
  89.00000    4.35516
  89.50000    4.35244
  90.00000    4.36591
  90.50000    4.36135
  91.00000    4.35887
  91.50000    4.33497
  92.00000    4.34257
  92.50000    4.35508
  93.00000    4.36326
  93.50000    4.34438
  94.00000    4.35730
  94.50000    4.36180
  95.00000    4.37497
  95.50000    4.36051
  96.00000    4.36954
  96.50000    4.36481
  97.00000    4.35497
  97.50000    4.34259
  98.00000    4.36427
  98.50000    4.36935
  99.00000    4.35981
  99.50000    4.33163
 100.00000    4.34108
 100.50000    4.35051
 101.00000    4.35804
 101.50000    4.34154
 102.00000    4.34710
 102.50000    4.35848
 103.00000    4.35688
 103.50000    4.35753
 104.00000    4.36755
 104.50000    4.38346
 105.00000    4.38521
 105.50000    4.37839
 106.00000    4.36669
 106.50000    4.34957
 107.00000    4.33824
 107.50000    4.33684
 108.00000    4.34587
 108.50000    4.34012
 109.00000    4.33463
 109.50000    4.34253
 110.00000    4.34706
 110.50000    4.35934
 111.00000    4.35451
 111.50000    4.34035
 112.00000    4.33268
 112.50000    4.34815
 113.00000    4.35463
 113.50000    4.34118
 114.00000    4.34088
 114.50000    4.35128
 115.00000    4.37124
 115.50000    4.36358
 116.00000    4.34956
 116.50000    4.35059
 117.00000    4.36343
 117.50000    4.35912
 118.00000    4.35284
 118.50000    4.36169
 119.00000    4.37256
 119.50000    4.37509
 120.00000    4.36350
 120.50000    4.37187
 121.00000    4.38550
 121.50000    4.38188
 122.00000    4.36190
 122.50000    4.35292
 123.00000    4.34234
 123.50000    4.35197
 124.00000    4.35704
 124.50000    4.36057
 125.00000    4.35008
 125.50000    4.36895
 126.00000    4.37598
 126.50000    4.39757
 127.00000    4.40074
 127.50000    4.38657
 128.00000    4.36329
 128.50000    4.36651
 129.00000    4.38268
 129.50000    4.37016
 130.00000    4.36164
 130.50000    4.35868
 131.00000    4.37458
 131.50000    4.37696
 132.00000    4.37440
 132.50000    4.36691
 133.00000    4.36754
 133.50000    4.37467
 134.00000    4.37670
 134.50000    4.37625
 135.00000    4.35732
 135.50000    4.35780
 136.00000    4.36985
 136.50000    4.38631
 137.00000    4.37039
 137.50000    4.36694
 138.00000    4.37293
 138.50000    4.38365
 139.00000    4.38573
 139.50000    4.39240
 140.00000    4.39126
 140.50000    4.39938
 141.00000    4.40536
 141.50000    4.40527
 142.00000    4.39818
 142.50000    4.38853
 143.00000    4.37600
 143.50000    4.37588
 144.00000    4.39506
 144.50000    4.41280
 145.00000    4.39421
 145.50000    4.36978
 146.00000    4.37314
 146.50000    4.39193
 147.00000    4.38564
 147.50000    4.39348
 148.00000    4.39966
 148.50000    4.41208
 149.00000    4.41213
 149.50000    4.42890
 150.00000    4.40294
