   0.00000    1.54411
   0.50000    2.37972
   1.00000    2.63154
   1.50000    2.69760
   2.00000    2.82672
   2.50000    2.92339
   3.00000    3.00816
   3.50000    3.10751
   4.00000    3.24117
   4.50000    3.33180
   5.00000    3.37645
   5.50000    3.39537
   6.00000    3.39703
   6.50000    3.40630
   7.00000    3.40439
   7.50000    3.41477
   8.00000    3.42892
   8.50000    3.42898
   9.00000    3.42898
   9.50000    3.42531
  10.00000    3.44114
  10.50000    3.43383
  11.00000    3.43860
  11.50000    3.45055
  12.00000    3.47024
  12.50000    3.47605
  13.00000    3.46577
  13.50000    3.48965
  14.00000    3.50233
  14.50000    3.51825
  15.00000    3.51469
  15.50000    3.52274
  16.00000    3.52834
  16.50000    3.53532
  17.00000    3.55036
  17.50000    3.55896
  18.00000    3.58326
  18.50000    3.58862
  19.00000    3.58789
  19.50000    3.56968
  20.00000    3.58376
  20.50000    3.61107
  21.00000    3.61981
  21.50000    3.63227
  22.00000    3.64202
  22.50000    3.66268
  23.00000    3.67269
  23.50000    3.69782
  24.00000    3.71598
  24.50000    3.72778
  25.00000    3.74172
  25.50000    3.75170
  26.00000    3.77721
  26.50000    3.80569
  27.00000    3.82525
  27.50000    3.82309
  28.00000    3.80565
  28.50000    3.79349
  29.00000    3.79976
  29.50000    3.82667
  30.00000    3.84767
  30.50000    3.84720
  31.00000    3.85850
  31.50000    3.88076
  32.00000    3.89491
  32.50000    3.88077
  33.00000    3.86813
  33.50000    3.87593
  34.00000    3.89742
  34.50000    3.92896
  35.00000    3.94241
  35.50000    3.94726
  36.00000    3.94131
  36.50000    3.95967
  37.00000    3.96907
  37.50000    3.97673
  38.00000    3.98514
  38.50000    4.01615
  39.00000    4.03761
  39.50000    4.04063
  40.00000    4.04266
  40.50000    4.05543
  41.00000    4.07378
  41.50000    4.07923
  42.00000    4.08895
  42.50000    4.09164
  43.00000    4.09196
  43.50000    4.10032
  44.00000    4.12248
  44.50000    4.14410
  45.00000    4.16676
  45.50000    4.18336
  46.00000    4.18330
  46.50000    4.19894
  47.00000    4.25303
  47.50000    4.30843
  48.00000    4.33521
  48.50000    4.36739
  49.00000    4.42529
  49.50000    4.48273
  50.00000    4.51826
  50.50000    4.53408
  51.00000    4.54927
  51.50000    4.56226
  52.00000    4.55841
  52.50000    4.54215
  53.00000    4.53577
  53.50000    4.53198
  54.00000    4.53312
  54.50000    4.53118
  55.00000    4.53981
  55.50000    4.55148
  56.00000    4.56561
  56.50000    4.57577
  57.00000    4.57842
  57.50000    4.57838
  58.00000    4.58080
  58.50000    4.58504
  59.00000    4.58724
  59.50000    4.57271
  60.00000    4.57656
  60.50000    4.57616
  61.00000    4.59096
  61.50000    4.58596
  62.00000    4.58991
  62.50000    4.59110
  63.00000    4.61091
  63.50000    4.61420
  64.00000    4.61207
  64.50000    4.61426
  65.00000    4.62062
  65.50000    4.62740
  66.00000    4.62692
  66.50000    4.62746
  67.00000    4.62980
  67.50000    4.62936
  68.00000    4.62405
  68.50000    4.61492
  69.00000    4.61302
  69.50000    4.60608
  70.00000    4.61190
  70.50000    4.61122
  71.00000    4.63563
  71.50000    4.63971
  72.00000    4.63842
  72.50000    4.61847
  73.00000    4.62591
  73.50000    4.63120
  74.00000    4.64355
  74.50000    4.64190
  75.00000    4.63630
  75.50000    4.63003
  76.00000    4.62653
  76.50000    4.62623
  77.00000    4.63788
  77.50000    4.63946
  78.00000    4.62447
  78.50000    4.62715
  79.00000    4.62827
  79.50000    4.61877
  80.00000    4.61871
  80.50000    4.62438
  81.00000    4.62855
  81.50000    4.63826
  82.00000    4.64129
  82.50000    4.63110
  83.00000    4.61891
  83.50000    4.62677
  84.00000    4.63338
  84.50000    4.63696
  85.00000    4.62455
  85.50000    4.62041
  86.00000    4.62472
  86.50000    4.62837
  87.00000    4.62307
  87.50000    4.62394
  88.00000    4.62754
  88.50000    4.63352
  89.00000    4.63475
  89.50000    4.61965
  90.00000    4.60285
  90.50000    4.60346
  91.00000    4.61809
  91.50000    4.62167
  92.00000    4.62785
  92.50000    4.62961
  93.00000    4.63059
  93.50000    4.62171
  94.00000    4.63014
  94.50000    4.62926
  95.00000    4.62986
  95.50000    4.61246
  96.00000    4.60843
  96.50000    4.59908
  97.00000    4.61295
  97.50000    4.61761
  98.00000    4.61267
  98.50000    4.60584
  99.00000    4.60309
  99.50000    4.61519
 100.00000    4.61801
 100.50000    4.61927
 101.00000    4.60778
 101.50000    4.61700
 102.00000    4.62122
 102.50000    4.62132
 103.00000    4.60362
 103.50000    4.60793
 104.00000    4.60683
 104.50000    4.62687
 105.00000    4.61550
 105.50000    4.60665
 106.00000    4.60404
 106.50000    4.61781
 107.00000    4.61260
 107.50000    4.60382
 108.00000    4.61503
 108.50000    4.61812
 109.00000    4.60850
 109.50000    4.61546
 110.00000    4.61715
 110.50000    4.61311
 111.00000    4.60971
 111.50000    4.62415
 112.00000    4.62098
 112.50000    4.61185
 113.00000    4.61320
 113.50000    4.61708
 114.00000    4.61526
 114.50000    4.59947
 115.00000    4.58896
 115.50000    4.59673
 116.00000    4.60199
 116.50000    4.61307
 117.00000    4.61556
 117.50000    4.62277
 118.00000    4.60970
 118.50000    4.60263
 119.00000    4.60374
 119.50000    4.60818
 120.00000    4.60399
 120.50000    4.59757
 121.00000    4.60455
 121.50000    4.61181
 122.00000    4.59933
 122.50000    4.59267
 123.00000    4.60482
 123.50000    4.61704
 124.00000    4.62443
 124.50000    4.62271
 125.00000    4.61703
 125.50000    4.59263
 126.00000    4.59506
 126.50000    4.60655
 127.00000    4.62183
 127.50000    4.62568
 128.00000    4.61905
 128.50000    4.61680
 129.00000    4.61811
 129.50000    4.61997
 130.00000    4.63192
 130.50000    4.63790
 131.00000    4.64908
 131.50000    4.62061
 132.00000    4.62488
 132.50000    4.61887
 133.00000    4.62457
 133.50000    4.61490
 134.00000    4.61918
 134.50000    4.61396
 135.00000    4.60881
 135.50000    4.61565
 136.00000    4.63055
 136.50000    4.62697
 137.00000    4.62637
 137.50000    4.63296
 138.00000    4.64359
 138.50000    4.64064
 139.00000    4.62991
 139.50000    4.62648
 140.00000    4.61745
 140.50000    4.61404
 141.00000    4.61161
 141.50000    4.61936
 142.00000    4.62120
 142.50000    4.63539
 143.00000    4.63520
 143.50000    4.62502
 144.00000    4.60817
 144.50000    4.61338
 145.00000    4.61441
 145.50000    4.61376
 146.00000    4.61175
 146.50000    4.61340
 147.00000    4.61555
 147.50000    4.61894
 148.00000    4.61366
 148.50000    4.61125
 149.00000    4.61315
 149.50000    4.62286
 150.00000    4.63597
