   0.00000    1.55051
   0.50000    2.41347
   1.00000    2.90239
   1.50000    3.16591
   2.00000    3.33057
   2.50000    3.41633
   3.00000    3.47926
   3.50000    3.51223
   4.00000    3.52981
   4.50000    3.53499
   5.00000    3.54865
   5.50000    3.56084
   6.00000    3.56888
   6.50000    3.56987
   7.00000    3.56773
   7.50000    3.56952
   8.00000    3.57746
   8.50000    3.58458
   9.00000    3.59135
   9.50000    3.59220
  10.00000    3.58890
  10.50000    3.59075
  11.00000    3.60345
  11.50000    3.60764
  12.00000    3.61029
  12.50000    3.61220
  13.00000    3.61868
  13.50000    3.61499
  14.00000    3.61737
  14.50000    3.61856
  15.00000    3.62869
  15.50000    3.63393
  16.00000    3.64280
  16.50000    3.63760
  17.00000    3.64278
  17.50000    3.64369
  18.00000    3.65361
  18.50000    3.65234
  19.00000    3.65855
  19.50000    3.65464
  20.00000    3.65443
  20.50000    3.66157
  21.00000    3.66844
  21.50000    3.67563
  22.00000    3.67410
  22.50000    3.68050
  23.00000    3.67484
  23.50000    3.67540
  24.00000    3.67663
  24.50000    3.69623
  25.00000    3.72019
  25.50000    3.73914
  26.00000    3.75188
  26.50000    3.77276
  27.00000    3.78825
  27.50000    3.80188
  28.00000    3.81612
  28.50000    3.84566
  29.00000    3.86663
  29.50000    3.87430
  30.00000    3.87257
  30.50000    3.88226
  31.00000    3.89664
  31.50000    3.89753
  32.00000    3.89295
  32.50000    3.87957
  33.00000    3.85893
  33.50000    3.84016
  34.00000    3.83816
  34.50000    3.83496
  35.00000    3.83525
  35.50000    3.83394
  36.00000    3.84289
  36.50000    3.84577
  37.00000    3.85711
  37.50000    3.86118
  38.00000    3.86588
  38.50000    3.87019
  39.00000    3.87746
  39.50000    3.87884
  40.00000    3.88569
  40.50000    3.89784
  41.00000    3.90884
  41.50000    3.92004
  42.00000    3.93619
  42.50000    3.94600
  43.00000    3.95878
  43.50000    3.98492
  44.00000    4.01604
  44.50000    4.04040
  45.00000    4.06281
  45.50000    4.09157
  46.00000    4.11143
  46.50000    4.13346
  47.00000    4.16326
  47.50000    4.20375
  48.00000    4.22375
  48.50000    4.24578
  49.00000    4.27674
  49.50000    4.30760
  50.00000    4.32039
  50.50000    4.33839
  51.00000    4.35375
  51.50000    4.37360
  52.00000    4.38248
  52.50000    4.39198
  53.00000    4.39891
  53.50000    4.40864
  54.00000    4.41392
  54.50000    4.41210
  55.00000    4.42036
  55.50000    4.42635
  56.00000    4.42983
  56.50000    4.42984
  57.00000    4.43175
  57.50000    4.43650
  58.00000    4.44241
  58.50000    4.45184
  59.00000    4.45527
  59.50000    4.45479
  60.00000    4.45283
  60.50000    4.46014
  61.00000    4.46897
  61.50000    4.46894
  62.00000    4.46516
  62.50000    4.46845
  63.00000    4.47231
  63.50000    4.47372
  64.00000    4.47650
  64.50000    4.48138
  65.00000    4.48266
  65.50000    4.48057
  66.00000    4.48301
  66.50000    4.48819
  67.00000    4.48594
  67.50000    4.48633
  68.00000    4.48712
  68.50000    4.49741
  69.00000    4.49880
  69.50000    4.50133
  70.00000    4.49565
  70.50000    4.49735
  71.00000    4.49831
  71.50000    4.50069
  72.00000    4.50912
  72.50000    4.50527
  73.00000    4.50040
  73.50000    4.49822
  74.00000    4.50738
  74.50000    4.50901
  75.00000    4.50812
  75.50000    4.50065
  76.00000    4.50303
  76.50000    4.50425
  77.00000    4.50705
  77.50000    4.50852
  78.00000    4.51391
  78.50000    4.50853
  79.00000    4.50746
  79.50000    4.50808
  80.00000    4.50916
  80.50000    4.50717
  81.00000    4.51173
  81.50000    4.50872
  82.00000    4.51005
  82.50000    4.50702
  83.00000    4.51081
  83.50000    4.50590
  84.00000    4.50486
  84.50000    4.50991
  85.00000    4.50958
  85.50000    4.50712
  86.00000    4.50239
  86.50000    4.50585
  87.00000    4.50258
  87.50000    4.49859
  88.00000    4.49548
  88.50000    4.49468
  89.00000    4.50292
  89.50000    4.50376
  90.00000    4.50408
  90.50000    4.49755
  91.00000    4.49232
  91.50000    4.49129
  92.00000    4.49113
  92.50000    4.49512
  93.00000    4.49600
  93.50000    4.49410
  94.00000    4.48810
  94.50000    4.48695
  95.00000    4.48399
  95.50000    4.47690
  96.00000    4.47460
  96.50000    4.47519
  97.00000    4.48439
  97.50000    4.48560
  98.00000    4.48432
  98.50000    4.47893
  99.00000    4.48301
  99.50000    4.47744
 100.00000    4.47537
 100.50000    4.47236
 101.00000    4.47415
 101.50000    4.47294
 102.00000    4.47210
 102.50000    4.46826
 103.00000    4.46668
 103.50000    4.46436
 104.00000    4.46392
 104.50000    4.46202
 105.00000    4.45976
 105.50000    4.45971
 106.00000    4.45987
 106.50000    4.45941
 107.00000    4.45618
 107.50000    4.45551
 108.00000    4.45262
 108.50000    4.44888
 109.00000    4.44333
 109.50000    4.44032
 110.00000    4.44383
 110.50000    4.44467
 111.00000    4.44371
 111.50000    4.44230
 112.00000    4.44210
 112.50000    4.43733
 113.00000    4.43475
 113.50000    4.43394
 114.00000    4.42935
 114.50000    4.43026
 115.00000    4.43365
 115.50000    4.43207
 116.00000    4.43115
 116.50000    4.43194
 117.00000    4.43031
 117.50000    4.42364
 118.00000    4.42793
 118.50000    4.42943
 119.00000    4.42698
 119.50000    4.42397
 120.00000    4.41640
 120.50000    4.40841
 121.00000    4.40888
 121.50000    4.41541
 122.00000    4.41066
 122.50000    4.40296
 123.00000    4.40671
 123.50000    4.41362
 124.00000    4.41407
 124.50000    4.40995
 125.00000    4.40380
 125.50000    4.40039
 126.00000    4.39224
 126.50000    4.39176
 127.00000    4.38798
 127.50000    4.38856
 128.00000    4.38925
 128.50000    4.39438
 129.00000    4.39628
 129.50000    4.38729
 130.00000    4.38602
 130.50000    4.38544
 131.00000    4.39140
 131.50000    4.38761
 132.00000    4.38134
 132.50000    4.38133
 133.00000    4.38855
 133.50000    4.38812
 134.00000    4.37952
 134.50000    4.37261
 135.00000    4.37443
 135.50000    4.37421
 136.00000    4.37356
 136.50000    4.36919
 137.00000    4.37358
 137.50000    4.37437
 138.00000    4.37137
 138.50000    4.37170
 139.00000    4.37664
 139.50000    4.37203
 140.00000    4.36719
 140.50000    4.36728
 141.00000    4.36992
 141.50000    4.36780
 142.00000    4.37087
 142.50000    4.37683
 143.00000    4.37257
 143.50000    4.36492
 144.00000    4.35934
 144.50000    4.36611
 145.00000    4.37171
 145.50000    4.37153
 146.00000    4.36489
 146.50000    4.36541
 147.00000    4.36755
 147.50000    4.37256
 148.00000    4.36915
 148.50000    4.36595
 149.00000    4.36246
 149.50000    4.37027
 150.00000    4.36735
