   0.00000    1.30222
   0.50000    3.14102
   1.00000    3.42146
   1.50000    3.30466
   2.00000    3.36235
   2.50000    3.37461
   3.00000    3.36841
   3.50000    3.40090
   4.00000    3.42274
   4.50000    3.43408
   5.00000    3.43319
   5.50000    3.43428
   6.00000    3.42763
   6.50000    3.42788
   7.00000    3.42810
   7.50000    3.42864
   8.00000    3.43824
   8.50000    3.44002
   9.00000    3.44624
   9.50000    3.44879
  10.00000    3.45909
  10.50000    3.45700
  11.00000    3.46338
  11.50000    3.46739
  12.00000    3.47035
  12.50000    3.46571
  13.00000    3.46529
  13.50000    3.46760
  14.00000    3.47525
  14.50000    3.48336
  15.00000    3.48983
  15.50000    3.49194
  16.00000    3.49122
  16.50000    3.49406
  17.00000    3.49258
  17.50000    3.49609
  18.00000    3.49808
  18.50000    3.50613
  19.00000    3.51052
  19.50000    3.51782
  20.00000    3.51962
  20.50000    3.52233
  21.00000    3.52967
  21.50000    3.53429
  22.00000    3.54193
  22.50000    3.55032
  23.00000    3.55765
  23.50000    3.55928
  24.00000    3.57428
  24.50000    3.57789
  25.00000    3.57738
  25.50000    3.58955
  26.00000    3.60858
  26.50000    3.61662
  27.00000    3.61017
  27.50000    3.62248
  28.00000    3.63591
  28.50000    3.66451
  29.00000    3.67097
  29.50000    3.67290
  30.00000    3.67741
  30.50000    3.69648
  31.00000    3.71669
  31.50000    3.73917
  32.00000    3.76901
  32.50000    3.79212
  33.00000    3.81620
  33.50000    3.83984
  34.00000    3.90915
  34.50000    4.00435
  35.00000    4.10140
  35.50000    4.18438
  36.00000    4.26203
  36.50000    4.31584
  37.00000    4.34894
  37.50000    4.36442
  38.00000    4.38191
  38.50000    4.39216
  39.00000    4.41784
  39.50000    4.42697
  40.00000    4.44210
  40.50000    4.43598
  41.00000    4.44472
  41.50000    4.46477
  42.00000    4.49204
  42.50000    4.49896
  43.00000    4.51212
  43.50000    4.52758
  44.00000    4.53705
  44.50000    4.53887
  45.00000    4.53840
  45.50000    4.54426
  46.00000    4.55048
  46.50000    4.55452
  47.00000    4.54595
  47.50000    4.53657
  48.00000    4.52194
  48.50000    4.50932
  49.00000    4.51346
  49.50000    4.52603
  50.00000    4.52382
  50.50000    4.52670
  51.00000    4.53179
  51.50000    4.52993
  52.00000    4.51902
  52.50000    4.52827
  53.00000    4.53988
  53.50000    4.54085
  54.00000    4.53467
  54.50000    4.52685
  55.00000    4.52697
  55.50000    4.52749
  56.00000    4.52521
  56.50000    4.52712
  57.00000    4.52856
  57.50000    4.52596
  58.00000    4.51644
  58.50000    4.52043
  59.00000    4.52047
  59.50000    4.51641
  60.00000    4.50735
  60.50000    4.50953
  61.00000    4.51441
  61.50000    4.51454
  62.00000    4.50872
  62.50000    4.50592
  63.00000    4.49963
  63.50000    4.49284
  64.00000    4.49068
  64.50000    4.49699
  65.00000    4.49994
  65.50000    4.49930
  66.00000    4.48988
  66.50000    4.48287
  67.00000    4.47831
  67.50000    4.47823
  68.00000    4.47649
  68.50000    4.47123
  69.00000    4.47366
  69.50000    4.46881
  70.00000    4.46437
  70.50000    4.46304
  71.00000    4.46925
  71.50000    4.46213
  72.00000    4.45009
  72.50000    4.44980
  73.00000    4.44663
  73.50000    4.44339
  74.00000    4.44056
  74.50000    4.44492
  75.00000    4.43896
  75.50000    4.43548
  76.00000    4.43108
  76.50000    4.43017
  77.00000    4.43127
  77.50000    4.43199
  78.00000    4.42724
  78.50000    4.41745
  79.00000    4.41503
  79.50000    4.41088
  80.00000    4.40958
  80.50000    4.40500
  81.00000    4.40150
  81.50000    4.40285
  82.00000    4.40109
  82.50000    4.39950
  83.00000    4.39353
  83.50000    4.39774
  84.00000    4.39324
  84.50000    4.39350
  85.00000    4.38597
  85.50000    4.38559
  86.00000    4.37426
  86.50000    4.37190
  87.00000    4.36957
  87.50000    4.37926
  88.00000    4.37214
  88.50000    4.36744
  89.00000    4.36368
  89.50000    4.36519
  90.00000    4.35685
  90.50000    4.35354
  91.00000    4.35122
  91.50000    4.35713
  92.00000    4.35811
  92.50000    4.35578
  93.00000    4.34597
  93.50000    4.34247
  94.00000    4.34606
  94.50000    4.34793
  95.00000    4.35175
  95.50000    4.34298
  96.00000    4.33542
  96.50000    4.33115
  97.00000    4.34356
  97.50000    4.34750
  98.00000    4.34396
  98.50000    4.33473
  99.00000    4.33270
  99.50000    4.33576
 100.00000    4.33981
 100.50000    4.33559
 101.00000    4.33187
 101.50000    4.33722
 102.00000    4.34193
 102.50000    4.33397
 103.00000    4.32588
 103.50000    4.32556
 104.00000    4.32502
 104.50000    4.33195
 105.00000    4.33337
 105.50000    4.33051
 106.00000    4.32654
 106.50000    4.33456
 107.00000    4.32933
 107.50000    4.32156
 108.00000    4.32414
 108.50000    4.32692
 109.00000    4.32134
 109.50000    4.32003
 110.00000    4.32837
 110.50000    4.33243
 111.00000    4.33014
 111.50000    4.32412
 112.00000    4.31488
 112.50000    4.31530
 113.00000    4.31823
 113.50000    4.33053
 114.00000    4.32615
 114.50000    4.32249
 115.00000    4.31379
 115.50000    4.31612
 116.00000    4.31535
 116.50000    4.32668
 117.00000    4.32951
 117.50000    4.32615
 118.00000    4.32020
 118.50000    4.32007
 119.00000    4.31897
 119.50000    4.32331
 120.00000    4.32237
 120.50000    4.31862
 121.00000    4.32357
 121.50000    4.32445
 122.00000    4.32031
 122.50000    4.31405
 123.00000    4.32341
 123.50000    4.33130
 124.00000    4.33939
 124.50000    4.33899
 125.00000    4.33465
 125.50000    4.33288
 126.00000    4.33119
 126.50000    4.33629
 127.00000    4.33873
 127.50000    4.34001
 128.00000    4.33533
 128.50000    4.33329
 129.00000    4.33053
 129.50000    4.33818
 130.00000    4.34566
 130.50000    4.34748
 131.00000    4.34284
 131.50000    4.34290
 132.00000    4.34123
 132.50000    4.34535
 133.00000    4.35080
 133.50000    4.35990
 134.00000    4.35934
 134.50000    4.35865
 135.00000    4.35206
 135.50000    4.34824
 136.00000    4.34755
 136.50000    4.35060
 137.00000    4.35045
 137.50000    4.35393
 138.00000    4.36454
 138.50000    4.37353
 139.00000    4.36493
 139.50000    4.36287
 140.00000    4.35898
 140.50000    4.35923
 141.00000    4.36254
 141.50000    4.37052
 142.00000    4.37581
 142.50000    4.37958
 143.00000    4.38017
 143.50000    4.37629
 144.00000    4.37714
 144.50000    4.38616
 145.00000    4.39112
 145.50000    4.39285
 146.00000    4.38592
 146.50000    4.38415
 147.00000    4.38705
 147.50000    4.39110
 148.00000    4.39093
 148.50000    4.39352
 149.00000    4.39988
 149.50000    4.40513
 150.00000    4.40050
