   0.00000    1.34092
   0.50000    2.38824
   1.00000    2.90368
   1.50000    3.11414
   2.00000    3.17669
   2.50000    3.13182
   3.00000    3.14645
   3.50000    3.23658
   4.00000    3.30790
   4.50000    3.32267
   5.00000    3.32700
   5.50000    3.33940
   6.00000    3.35517
   6.50000    3.39101
   7.00000    3.41118
   7.50000    3.40419
   8.00000    3.41142
   8.50000    3.43386
   9.00000    3.43437
   9.50000    3.41364
  10.00000    3.40926
  10.50000    3.42123
  11.00000    3.41152
  11.50000    3.40912
  12.00000    3.43374
  12.50000    3.45072
  13.00000    3.44146
  13.50000    3.41804
  14.00000    3.42500
  14.50000    3.42973
  15.00000    3.43899
  15.50000    3.42063
  16.00000    3.42894
  16.50000    3.45298
  17.00000    3.46262
  17.50000    3.44826
  18.00000    3.44516
  18.50000    3.47151
  19.00000    3.48982
  19.50000    3.48268
  20.00000    3.48273
  20.50000    3.48312
  21.00000    3.49237
  21.50000    3.49717
  22.00000    3.52459
  22.50000    3.54229
  23.00000    3.54540
  23.50000    3.57437
  24.00000    3.60879
  24.50000    3.62161
  25.00000    3.60952
  25.50000    3.61713
  26.00000    3.61027
  26.50000    3.60247
  27.00000    3.60428
  27.50000    3.62377
  28.00000    3.62619
  28.50000    3.64659
  29.00000    3.68919
  29.50000    3.75504
  30.00000    3.82628
  30.50000    3.87269
  31.00000    3.95305
  31.50000    4.02749
  32.00000    4.12463
  32.50000    4.16213
  33.00000    4.22110
  33.50000    4.24572
  34.00000    4.27480
  34.50000    4.26532
  35.00000    4.25340
  35.50000    4.24180
  36.00000    4.21647
  36.50000    4.20912
  37.00000    4.19014
  37.50000    4.17487
  38.00000    4.14770
  38.50000    4.13764
  39.00000    4.13865
  39.50000    4.14743
  40.00000    4.14787
  40.50000    4.11181
  41.00000    4.08306
  41.50000    4.09238
  42.00000    4.10815
  42.50000    4.12273
  43.00000    4.11707
  43.50000    4.13970
  44.00000    4.13081
  44.50000    4.13267
  45.00000    4.13392
  45.50000    4.16608
  46.00000    4.16393
  46.50000    4.12719
  47.00000    4.10107
  47.50000    4.09335
  48.00000    4.12627
  48.50000    4.18270
  49.00000    4.23600
  49.50000    4.29718
  50.00000    4.34654
  50.50000    4.39242
  51.00000    4.38793
  51.50000    4.39821
  52.00000    4.42409
  52.50000    4.45498
  53.00000    4.45432
  53.50000    4.43000
  54.00000    4.42526
  54.50000    4.43783
  55.00000    4.44016
  55.50000    4.44356
  56.00000    4.44509
  56.50000    4.46027
  57.00000    4.47087
  57.50000    4.47351
  58.00000    4.48958
  58.50000    4.50945
  59.00000    4.52721
  59.50000    4.50538
  60.00000    4.50609
  60.50000    4.52450
  61.00000    4.55291
  61.50000    4.54446
  62.00000    4.54225
  62.50000    4.54632
  63.00000    4.56260
  63.50000    4.56150
  64.00000    4.55553
  64.50000    4.56143
  65.00000    4.57451
  65.50000    4.59913
  66.00000    4.60698
  66.50000    4.62085
  67.00000    4.62248
  67.50000    4.62463
  68.00000    4.62463
  68.50000    4.62808
  69.00000    4.61592
  69.50000    4.62484
  70.00000    4.64832
  70.50000    4.65918
  71.00000    4.65894
  71.50000    4.65147
  72.00000    4.64180
  72.50000    4.64374
  73.00000    4.67451
  73.50000    4.68552
  74.00000    4.69915
  74.50000    4.70731
  75.00000    4.70771
  75.50000    4.70199
  76.00000    4.72369
  76.50000    4.72922
  77.00000    4.71688
  77.50000    4.71702
  78.00000    4.74672
  78.50000    4.74763
  79.00000    4.73128
  79.50000    4.72392
  80.00000    4.75158
  80.50000    4.75004
  81.00000    4.74869
  81.50000    4.75134
  82.00000    4.76372
  82.50000    4.75618
  83.00000    4.75110
  83.50000    4.75599
  84.00000    4.76593
  84.50000    4.76427
  85.00000    4.75341
  85.50000    4.75163
  86.00000    4.76679
  86.50000    4.78467
  87.00000    4.78842
  87.50000    4.80271
  88.00000    4.79919
  88.50000    4.79741
  89.00000    4.78615
  89.50000    4.79081
  90.00000    4.78115
  90.50000    4.79404
  91.00000    4.79894
  91.50000    4.80662
  92.00000    4.81843
  92.50000    4.82092
  93.00000    4.81301
  93.50000    4.80202
  94.00000    4.80521
  94.50000    4.80364
  95.00000    4.80653
  95.50000    4.80838
  96.00000    4.81022
  96.50000    4.81176
  97.00000    4.81518
  97.50000    4.81965
  98.00000    4.81672
  98.50000    4.81179
  99.00000    4.79601
  99.50000    4.79878
 100.00000    4.80581
 100.50000    4.81982
 101.00000    4.81922
 101.50000    4.83384
 102.00000    4.82497
 102.50000    4.82186
 103.00000    4.80519
 103.50000    4.80904
 104.00000    4.79844
 104.50000    4.81138
 105.00000    4.80871
 105.50000    4.79384
 106.00000    4.76885
 106.50000    4.78493
 107.00000    4.80275
 107.50000    4.79963
 108.00000    4.79245
 108.50000    4.79331
 109.00000    4.78531
 109.50000    4.78731
 110.00000    4.80877
 110.50000    4.80307
 111.00000    4.78982
 111.50000    4.79301
 112.00000    4.79448
 112.50000    4.78031
 113.00000    4.78420
 113.50000    4.77517
 114.00000    4.76912
 114.50000    4.76043
 115.00000    4.77320
 115.50000    4.77922
 116.00000    4.76881
 116.50000    4.75694
 117.00000    4.75225
 117.50000    4.75841
 118.00000    4.74900
 118.50000    4.74284
 119.00000    4.74837
 119.50000    4.74829
 120.00000    4.73675
 120.50000    4.73161
 121.00000    4.73160
 121.50000    4.73066
 122.00000    4.70523
 122.50000    4.70411
 123.00000    4.72205
 123.50000    4.73220
 124.00000    4.72318
 124.50000    4.70685
 125.00000    4.70665
 125.50000    4.70248
 126.00000    4.70362
 126.50000    4.69015
 127.00000    4.68644
 127.50000    4.68970
 128.00000    4.69483
 128.50000    4.67929
 129.00000    4.67722
 129.50000    4.66783
 130.00000    4.67642
 130.50000    4.68448
 131.00000    4.69068
 131.50000    4.66549
 132.00000    4.67054
 132.50000    4.67535
 133.00000    4.66260
 133.50000    4.64831
 134.00000    4.63876
 134.50000    4.62926
 135.00000    4.62810
 135.50000    4.63232
 136.00000    4.63136
 136.50000    4.60869
 137.00000    4.60702
 137.50000    4.60794
 138.00000    4.63564
 138.50000    4.62257
 139.00000    4.62084
 139.50000    4.61350
 140.00000    4.62925
 140.50000    4.61082
 141.00000    4.59685
 141.50000    4.59242
 142.00000    4.60458
 142.50000    4.60852
 143.00000    4.61113
 143.50000    4.60227
 144.00000    4.58954
 144.50000    4.58739
 145.00000    4.58270
 145.50000    4.57313
 146.00000    4.56686
 146.50000    4.57194
 147.00000    4.56099
 147.50000    4.55836
 148.00000    4.56337
 148.50000    4.57372
 149.00000    4.58446
 149.50000    4.59066
 150.00000    4.59908
