   0.00000    1.54860
   0.50000    2.56077
   1.00000    2.99648
   1.50000    3.18414
   2.00000    3.32456
   2.50000    3.44800
   3.00000    3.53624
   3.50000    3.59131
   4.00000    3.60406
   4.50000    3.58877
   5.00000    3.57920
   5.50000    3.59389
   6.00000    3.60304
   6.50000    3.60142
   7.00000    3.58958
   7.50000    3.59413
   8.00000    3.59989
   8.50000    3.60824
   9.00000    3.61073
   9.50000    3.60681
  10.00000    3.60175
  10.50000    3.61271
  11.00000    3.62873
  11.50000    3.63207
  12.00000    3.62327
  12.50000    3.61055
  13.00000    3.61410
  13.50000    3.62433
  14.00000    3.63762
  14.50000    3.63325
  15.00000    3.64414
  15.50000    3.65303
  16.00000    3.65922
  16.50000    3.65120
  17.00000    3.64802
  17.50000    3.65485
  18.00000    3.66553
  18.50000    3.66624
  19.00000    3.66221
  19.50000    3.66424
  20.00000    3.67762
  20.50000    3.67877
  21.00000    3.68576
  21.50000    3.69132
  22.00000    3.69469
  22.50000    3.69737
  23.00000    3.69451
  23.50000    3.69669
  24.00000    3.69518
  24.50000    3.70128
  25.00000    3.69297
  25.50000    3.70449
  26.00000    3.71513
  26.50000    3.73444
  27.00000    3.74605
  27.50000    3.76133
  28.00000    3.77050
  28.50000    3.80011
  29.00000    3.81085
  29.50000    3.81304
  30.00000    3.80977
  30.50000    3.82227
  31.00000    3.82081
  31.50000    3.82762
  32.00000    3.82405
  32.50000    3.81987
  33.00000    3.80377
  33.50000    3.80444
  34.00000    3.81919
  34.50000    3.83047
  35.00000    3.84442
  35.50000    3.86174
  36.00000    3.88437
  36.50000    3.88498
  37.00000    3.89900
  37.50000    3.91455
  38.00000    3.91581
  38.50000    3.90794
  39.00000    3.90959
  39.50000    3.92713
  40.00000    3.93790
  40.50000    3.94363
  41.00000    3.93587
  41.50000    3.92975
  42.00000    3.92989
  42.50000    3.92457
  43.00000    3.92721
  43.50000    3.94097
  44.00000    3.97158
  44.50000    3.98747
  45.00000    4.00633
  45.50000    4.02215
  46.00000    4.03445
  46.50000    4.03820
  47.00000    4.05993
  47.50000    4.10018
  48.00000    4.14887
  48.50000    4.19079
  49.00000    4.22895
  49.50000    4.25492
  50.00000    4.28442
  50.50000    4.30983
  51.00000    4.33209
  51.50000    4.35449
  52.00000    4.37965
  52.50000    4.39990
  53.00000    4.40923
  53.50000    4.42011
  54.00000    4.42915
  54.50000    4.43863
  55.00000    4.44369
  55.50000    4.44590
  56.00000    4.44743
  56.50000    4.45744
  57.00000    4.46643
  57.50000    4.46754
  58.00000    4.47435
  58.50000    4.48075
  59.00000    4.48120
  59.50000    4.47641
  60.00000    4.47735
  60.50000    4.48127
  61.00000    4.49025
  61.50000    4.50192
  62.00000    4.50956
  62.50000    4.51232
  63.00000    4.50288
  63.50000    4.49414
  64.00000    4.49704
  64.50000    4.51658
  65.00000    4.52428
  65.50000    4.52291
  66.00000    4.51986
  66.50000    4.52869
  67.00000    4.53634
  67.50000    4.53524
  68.00000    4.52793
  68.50000    4.53211
  69.00000    4.53974
  69.50000    4.54129
  70.00000    4.53683
  70.50000    4.53682
  71.00000    4.53698
  71.50000    4.54061
  72.00000    4.54978
  72.50000    4.54939
  73.00000    4.54952
  73.50000    4.55904
  74.00000    4.55670
  74.50000    4.55018
  75.00000    4.54967
  75.50000    4.55338
  76.00000    4.55468
  76.50000    4.55904
  77.00000    4.56579
  77.50000    4.55696
  78.00000    4.55309
  78.50000    4.55594
  79.00000    4.55956
  79.50000    4.56130
  80.00000    4.55716
  80.50000    4.56018
  81.00000    4.56059
  81.50000    4.56369
  82.00000    4.56394
  82.50000    4.56124
  83.00000    4.56648
  83.50000    4.56124
  84.00000    4.55838
  84.50000    4.56347
  85.00000    4.57219
  85.50000    4.56423
  86.00000    4.55274
  86.50000    4.55563
  87.00000    4.55406
  87.50000    4.55376
  88.00000    4.54673
  88.50000    4.54829
  89.00000    4.54718
  89.50000    4.55067
  90.00000    4.54864
  90.50000    4.54636
  91.00000    4.53875
  91.50000    4.54282
  92.00000    4.54764
  92.50000    4.55095
  93.00000    4.54996
  93.50000    4.54764
  94.00000    4.54409
  94.50000    4.54192
  95.00000    4.54002
  95.50000    4.53100
  96.00000    4.53041
  96.50000    4.53844
  97.00000    4.54427
  97.50000    4.53915
  98.00000    4.53234
  98.50000    4.52891
  99.00000    4.52268
  99.50000    4.51784
 100.00000    4.52120
 100.50000    4.52437
 101.00000    4.52728
 101.50000    4.52501
 102.00000    4.52209
 102.50000    4.50968
 103.00000    4.51278
 103.50000    4.50831
 104.00000    4.51607
 104.50000    4.51005
 105.00000    4.50410
 105.50000    4.49953
 106.00000    4.50315
 106.50000    4.49782
 107.00000    4.49097
 107.50000    4.50178
 108.00000    4.50225
 108.50000    4.49558
 109.00000    4.48446
 109.50000    4.48650
 110.00000    4.49016
 110.50000    4.49847
 111.00000    4.48945
 111.50000    4.48571
 112.00000    4.48228
 112.50000    4.48303
 113.00000    4.47704
 113.50000    4.48691
 114.00000    4.48790
 114.50000    4.48071
 115.00000    4.47543
 115.50000    4.46529
 116.00000    4.45538
 116.50000    4.45732
 117.00000    4.46440
 117.50000    4.46011
 118.00000    4.45726
 118.50000    4.45739
 119.00000    4.45853
 119.50000    4.45854
 120.00000    4.45796
 120.50000    4.45612
 121.00000    4.45637
 121.50000    4.45464
 122.00000    4.45376
 122.50000    4.45480
 123.00000    4.44772
 123.50000    4.43999
 124.00000    4.43909
 124.50000    4.44548
 125.00000    4.43930
 125.50000    4.43755
 126.00000    4.43414
 126.50000    4.43539
 127.00000    4.43487
 127.50000    4.43514
 128.00000    4.43312
 128.50000    4.43525
 129.00000    4.43429
 129.50000    4.42808
 130.00000    4.42468
 130.50000    4.42543
 131.00000    4.42381
 131.50000    4.42274
 132.00000    4.41521
 132.50000    4.41401
 133.00000    4.41648
 133.50000    4.42377
 134.00000    4.41605
 134.50000    4.40883
 135.00000    4.40242
 135.50000    4.40270
 136.00000    4.40032
 136.50000    4.39491
 137.00000    4.39783
 137.50000    4.40479
 138.00000    4.40910
 138.50000    4.40404
 139.00000    4.39999
 139.50000    4.40517
 140.00000    4.40054
 140.50000    4.39390
 141.00000    4.39599
 141.50000    4.40460
 142.00000    4.40296
 142.50000    4.39539
 143.00000    4.39212
 143.50000    4.38843
 144.00000    4.38992
 144.50000    4.39043
 145.00000    4.39285
 145.50000    4.38366
 146.00000    4.38501
 146.50000    4.39244
 147.00000    4.39924
 147.50000    4.39535
 148.00000    4.39344
 148.50000    4.39292
 149.00000    4.39300
 149.50000    4.39493
 150.00000    4.38150
