   0.00000    1.66399
   0.50000    2.36103
   1.00000    2.86128
   1.50000    3.15910
   2.00000    3.30682
   2.50000    3.36632
   3.00000    3.38113
   3.50000    3.39053
   4.00000    3.44224
   4.50000    3.46868
   5.00000    3.49071
   5.50000    3.51417
   6.00000    3.53161
   6.50000    3.53995
   7.00000    3.53773
   7.50000    3.54686
   8.00000    3.55736
   8.50000    3.57906
   9.00000    3.58000
   9.50000    3.58758
  10.00000    3.60159
  10.50000    3.61925
  11.00000    3.62988
  11.50000    3.64089
  12.00000    3.64624
  12.50000    3.63893
  13.00000    3.65026
  13.50000    3.65968
  14.00000    3.67299
  14.50000    3.67136
  15.00000    3.68919
  15.50000    3.70019
  16.00000    3.71109
  16.50000    3.70857
  17.00000    3.70779
  17.50000    3.71350
  18.00000    3.72464
  18.50000    3.73066
  19.00000    3.73750
  19.50000    3.74133
  20.00000    3.74651
  20.50000    3.73952
  21.00000    3.75487
  21.50000    3.75060
  22.00000    3.74229
  22.50000    3.74097
  23.00000    3.74462
  23.50000    3.74754
  24.00000    3.73900
  24.50000    3.73346
  25.00000    3.71926
  25.50000    3.72720
  26.00000    3.73991
  26.50000    3.75724
  27.00000    3.78392
  27.50000    3.79497
  28.00000    3.80192
  28.50000    3.82183
  29.00000    3.83849
  29.50000    3.83220
  30.00000    3.83290
  30.50000    3.84863
  31.00000    3.85716
  31.50000    3.85827
  32.00000    3.85426
  32.50000    3.85310
  33.00000    3.84214
  33.50000    3.82288
  34.00000    3.80146
  34.50000    3.77757
  35.00000    3.76699
  35.50000    3.76089
  36.00000    3.76610
  36.50000    3.75966
  37.00000    3.76104
  37.50000    3.76897
  38.00000    3.76639
  38.50000    3.77280
  39.00000    3.77705
  39.50000    3.80573
  40.00000    3.82580
  40.50000    3.84858
  41.00000    3.85488
  41.50000    3.86779
  42.00000    3.87489
  42.50000    3.88421
  43.00000    3.91084
  43.50000    3.94137
  44.00000    3.97290
  44.50000    3.99932
  45.00000    4.04256
  45.50000    4.08099
  46.00000    4.09943
  46.50000    4.11235
  47.00000    4.14215
  47.50000    4.16190
  48.00000    4.17471
  48.50000    4.19834
  49.00000    4.22688
  49.50000    4.24105
  50.00000    4.26380
  50.50000    4.28149
  51.00000    4.27839
  51.50000    4.28700
  52.00000    4.30165
  52.50000    4.31220
  53.00000    4.31272
  53.50000    4.31938
  54.00000    4.32255
  54.50000    4.33042
  55.00000    4.32994
  55.50000    4.32927
  56.00000    4.33229
  56.50000    4.34716
  57.00000    4.35852
  57.50000    4.36376
  58.00000    4.37775
  58.50000    4.37970
  59.00000    4.37991
  59.50000    4.37533
  60.00000    4.37199
  60.50000    4.37517
  61.00000    4.38109
  61.50000    4.39373
  62.00000    4.40245
  62.50000    4.41180
  63.00000    4.40678
  63.50000    4.40005
  64.00000    4.40537
  64.50000    4.42335
  65.00000    4.43251
  65.50000    4.43911
  66.00000    4.43128
  66.50000    4.43395
  67.00000    4.43635
  67.50000    4.44322
  68.00000    4.43731
  68.50000    4.44003
  69.00000    4.44237
  69.50000    4.44685
  70.00000    4.44630
  70.50000    4.45317
  71.00000    4.45574
  71.50000    4.46149
  72.00000    4.46410
  72.50000    4.46205
  73.00000    4.45671
  73.50000    4.46625
  74.00000    4.47082
  74.50000    4.47075
  75.00000    4.46787
  75.50000    4.47868
  76.00000    4.48336
  76.50000    4.47838
  77.00000    4.48144
  77.50000    4.48574
  78.00000    4.48793
  78.50000    4.48867
  79.00000    4.49341
  79.50000    4.48999
  80.00000    4.47237
  80.50000    4.46960
  81.00000    4.48297
  81.50000    4.49288
  82.00000    4.48818
  82.50000    4.48483
  83.00000    4.49271
  83.50000    4.49001
  84.00000    4.48515
  84.50000    4.48593
  85.00000    4.50167
  85.50000    4.50714
  86.00000    4.49702
  86.50000    4.48601
  87.00000    4.48470
  87.50000    4.49398
  88.00000    4.48756
  88.50000    4.48777
  89.00000    4.48742
  89.50000    4.49974
  90.00000    4.49882
  90.50000    4.49672
  91.00000    4.48845
  91.50000    4.48809
  92.00000    4.48651
  92.50000    4.49519
  93.00000    4.49443
  93.50000    4.49467
  94.00000    4.48932
  94.50000    4.49401
  95.00000    4.48800
  95.50000    4.48753
  96.00000    4.48648
  96.50000    4.49436
  97.00000    4.48761
  97.50000    4.48812
  98.00000    4.48916
  98.50000    4.49700
  99.00000    4.48751
  99.50000    4.48070
 100.00000    4.48491
 100.50000    4.49258
 101.00000    4.49315
 101.50000    4.49155
 102.00000    4.49230
 102.50000    4.48466
 103.00000    4.48602
 103.50000    4.48326
 104.00000    4.48734
 104.50000    4.47743
 105.00000    4.47380
 105.50000    4.46454
 106.00000    4.46923
 106.50000    4.47054
 107.00000    4.47037
 107.50000    4.47804
 108.00000    4.48311
 108.50000    4.48663
 109.00000    4.47088
 109.50000    4.46235
 110.00000    4.46235
 110.50000    4.47985
 111.00000    4.48009
 111.50000    4.48043
 112.00000    4.47509
 112.50000    4.47422
 113.00000    4.47106
 113.50000    4.47882
 114.00000    4.48206
 114.50000    4.47666
 115.00000    4.47679
 115.50000    4.45884
 116.00000    4.45842
 116.50000    4.46027
 117.00000    4.47061
 117.50000    4.46013
 118.00000    4.45698
 118.50000    4.45294
 119.00000    4.45316
 119.50000    4.46245
 120.00000    4.47406
 120.50000    4.47594
 121.00000    4.46829
 121.50000    4.46335
 122.00000    4.46457
 122.50000    4.46803
 123.00000    4.46170
 123.50000    4.45538
 124.00000    4.45034
 124.50000    4.45179
 125.00000    4.44130
 125.50000    4.44613
 126.00000    4.45107
 126.50000    4.44566
 127.00000    4.44694
 127.50000    4.45221
 128.00000    4.46407
 128.50000    4.45846
 129.00000    4.45554
 129.50000    4.44908
 130.00000    4.44967
 130.50000    4.45153
 131.00000    4.44449
 131.50000    4.44978
 132.00000    4.44555
 132.50000    4.44749
 133.00000    4.44263
 133.50000    4.45109
 134.00000    4.44742
 134.50000    4.43463
 135.00000    4.42465
 135.50000    4.43293
 136.00000    4.44184
 136.50000    4.43310
 137.00000    4.42760
 137.50000    4.42915
 138.00000    4.43175
 138.50000    4.42978
 139.00000    4.43264
 139.50000    4.44145
 140.00000    4.43344
 140.50000    4.43082
 141.00000    4.43545
 141.50000    4.44323
 142.00000    4.43878
 142.50000    4.42926
 143.00000    4.42480
 143.50000    4.42759
 144.00000    4.44113
 144.50000    4.43802
 145.00000    4.43678
 145.50000    4.42341
 146.00000    4.42097
 146.50000    4.42105
 147.00000    4.43383
 147.50000    4.43461
 148.00000    4.43706
 148.50000    4.43254
 149.00000    4.43088
 149.50000    4.42556
 150.00000    4.40804
