   0.00000    1.71551
   0.50000    2.40700
   1.00000    2.93248
   1.50000    3.26719
   2.00000    3.40488
   2.50000    3.45100
   3.00000    3.44982
   3.50000    3.46330
   4.00000    3.47179
   4.50000    3.47875
   5.00000    3.48322
   5.50000    3.51444
   6.00000    3.52982
   6.50000    3.52837
   7.00000    3.52651
   7.50000    3.54242
   8.00000    3.57707
   8.50000    3.59098
   9.00000    3.59973
   9.50000    3.59767
  10.00000    3.61036
  10.50000    3.61864
  11.00000    3.64351
  11.50000    3.65491
  12.00000    3.65333
  12.50000    3.65421
  13.00000    3.67948
  13.50000    3.69372
  14.00000    3.69897
  14.50000    3.70395
  15.00000    3.72683
  15.50000    3.74112
  16.00000    3.75406
  16.50000    3.74667
  17.00000    3.74747
  17.50000    3.75524
  18.00000    3.77169
  18.50000    3.76878
  19.00000    3.76876
  19.50000    3.78076
  20.00000    3.79111
  20.50000    3.79568
  21.00000    3.80535
  21.50000    3.80801
  22.00000    3.80285
  22.50000    3.81266
  23.00000    3.81324
  23.50000    3.81886
  24.00000    3.81983
  24.50000    3.83657
  25.00000    3.83117
  25.50000    3.83431
  26.00000    3.84461
  26.50000    3.87312
  27.00000    3.90996
  27.50000    3.91784
  28.00000    3.92039
  28.50000    3.93256
  29.00000    3.94793
  29.50000    3.94691
  30.00000    3.94789
  30.50000    3.96638
  31.00000    3.97638
  31.50000    3.97782
  32.00000    3.97220
  32.50000    3.96667
  33.00000    3.94814
  33.50000    3.91830
  34.00000    3.90297
  34.50000    3.87994
  35.00000    3.86344
  35.50000    3.86281
  36.00000    3.88524
  36.50000    3.88359
  37.00000    3.88349
  37.50000    3.86998
  38.00000    3.85667
  38.50000    3.85516
  39.00000    3.86120
  39.50000    3.86642
  40.00000    3.87995
  40.50000    3.89990
  41.00000    3.89571
  41.50000    3.88688
  42.00000    3.89279
  42.50000    3.89223
  43.00000    3.90739
  43.50000    3.93714
  44.00000    3.98069
  44.50000    3.99501
  45.00000    4.02838
  45.50000    4.06877
  46.00000    4.10719
  46.50000    4.11679
  47.00000    4.14673
  47.50000    4.16443
  48.00000    4.19493
  48.50000    4.21487
  49.00000    4.24969
  49.50000    4.26340
  50.00000    4.28713
  50.50000    4.30886
  51.00000    4.32029
  51.50000    4.32501
  52.00000    4.33793
  52.50000    4.35777
  53.00000    4.37527
  53.50000    4.38385
  54.00000    4.39495
  54.50000    4.38804
  55.00000    4.38966
  55.50000    4.38626
  56.00000    4.39400
  56.50000    4.40471
  57.00000    4.41811
  57.50000    4.41789
  58.00000    4.42709
  58.50000    4.42828
  59.00000    4.42319
  59.50000    4.41652
  60.00000    4.42519
  60.50000    4.42830
  61.00000    4.43450
  61.50000    4.43909
  62.00000    4.45103
  62.50000    4.46547
  63.00000    4.46868
  63.50000    4.45183
  64.00000    4.44779
  64.50000    4.46944
  65.00000    4.48266
  65.50000    4.48139
  66.00000    4.47938
  66.50000    4.48069
  67.00000    4.48369
  67.50000    4.48001
  68.00000    4.48136
  68.50000    4.48599
  69.00000    4.49749
  69.50000    4.49479
  70.00000    4.50029
  70.50000    4.50369
  71.00000    4.50239
  71.50000    4.50089
  72.00000    4.51002
  72.50000    4.50982
  73.00000    4.50170
  73.50000    4.50711
  74.00000    4.50694
  74.50000    4.52016
  75.00000    4.52752
  75.50000    4.52786
  76.00000    4.52137
  76.50000    4.52978
  77.00000    4.53721
  77.50000    4.53378
  78.00000    4.52072
  78.50000    4.52396
  79.00000    4.54191
  79.50000    4.55046
  80.00000    4.52424
  80.50000    4.51782
  81.00000    4.52668
  81.50000    4.52905
  82.00000    4.52775
  82.50000    4.53749
  83.00000    4.55051
  83.50000    4.54115
  84.00000    4.52995
  84.50000    4.53691
  85.00000    4.55015
  85.50000    4.56011
  86.00000    4.53850
  86.50000    4.53339
  87.00000    4.53167
  87.50000    4.55054
  88.00000    4.54635
  88.50000    4.54498
  89.00000    4.54463
  89.50000    4.54230
  90.00000    4.53791
  90.50000    4.53736
  91.00000    4.54309
  91.50000    4.55065
  92.00000    4.55059
  92.50000    4.56102
  93.00000    4.56451
  93.50000    4.56602
  94.00000    4.55259
  94.50000    4.56551
  95.00000    4.56092
  95.50000    4.55010
  96.00000    4.53275
  96.50000    4.53864
  97.00000    4.54815
  97.50000    4.55617
  98.00000    4.55778
  98.50000    4.55371
  99.00000    4.55113
  99.50000    4.54593
 100.00000    4.54302
 100.50000    4.54305
 101.00000    4.55630
 101.50000    4.56833
 102.00000    4.56917
 102.50000    4.55555
 103.00000    4.55798
 103.50000    4.55193
 104.00000    4.55958
 104.50000    4.55673
 105.00000    4.55787
 105.50000    4.55767
 106.00000    4.57791
 106.50000    4.57719
 107.00000    4.55020
 107.50000    4.55102
 108.00000    4.56059
 108.50000    4.56697
 109.00000    4.55242
 109.50000    4.55467
 110.00000    4.54736
 110.50000    4.55824
 111.00000    4.55496
 111.50000    4.55781
 112.00000    4.55406
 112.50000    4.54539
 113.00000    4.54045
 113.50000    4.55277
 114.00000    4.56787
 114.50000    4.55614
 115.00000    4.55369
 115.50000    4.54314
 116.00000    4.55250
 116.50000    4.55864
 117.00000    4.56433
 117.50000    4.55630
 118.00000    4.55521
 118.50000    4.55604
 119.00000    4.56704
 119.50000    4.56876
 120.00000    4.56324
 120.50000    4.55921
 121.00000    4.57006
 121.50000    4.57240
 122.00000    4.56758
 122.50000    4.57042
 123.00000    4.57167
 123.50000    4.57826
 124.00000    4.57488
 124.50000    4.56744
 125.00000    4.55293
 125.50000    4.55206
 126.00000    4.56123
 126.50000    4.56358
 127.00000    4.56739
 127.50000    4.56757
 128.00000    4.57162
 128.50000    4.58018
 129.00000    4.58170
 129.50000    4.56915
 130.00000    4.56480
 130.50000    4.56220
 131.00000    4.56730
 131.50000    4.57280
 132.00000    4.57954
 132.50000    4.57382
 133.00000    4.57312
 133.50000    4.58593
 134.00000    4.58569
 134.50000    4.57000
 135.00000    4.55702
 135.50000    4.55539
 136.00000    4.56996
 136.50000    4.57484
 137.00000    4.58448
 137.50000    4.57650
 138.00000    4.57877
 138.50000    4.57214
 139.00000    4.57087
 139.50000    4.57546
 140.00000    4.57427
 140.50000    4.57535
 141.00000    4.57716
 141.50000    4.58006
 142.00000    4.57415
 142.50000    4.57900
 143.00000    4.57526
 143.50000    4.57773
 144.00000    4.58981
 144.50000    4.59265
 145.00000    4.58508
 145.50000    4.56659
 146.00000    4.56453
 146.50000    4.57706
 147.00000    4.58640
 147.50000    4.58987
 148.00000    4.57797
 148.50000    4.58077
 149.00000    4.58144
 149.50000    4.59877
 150.00000    4.56905
