   0.00000    1.75651
   0.50000    2.09745
   1.00000    2.51317
   1.50000    2.85053
   2.00000    3.08918
   2.50000    3.20093
   3.00000    3.27962
   3.50000    3.33761
   4.00000    3.39699
   4.50000    3.43644
   5.00000    3.44385
   5.50000    3.45818
   6.00000    3.46673
   6.50000    3.47124
   7.00000    3.47369
   7.50000    3.48946
   8.00000    3.51242
   8.50000    3.52169
   9.00000    3.53807
   9.50000    3.54051
  10.00000    3.54637
  10.50000    3.55366
  11.00000    3.57442
  11.50000    3.58137
  12.00000    3.58446
  12.50000    3.59303
  13.00000    3.60977
  13.50000    3.63133
  14.00000    3.64077
  14.50000    3.64653
  15.00000    3.65778
  15.50000    3.67930
  16.00000    3.68968
  16.50000    3.68852
  17.00000    3.69291
  17.50000    3.70568
  18.00000    3.71837
  18.50000    3.71925
  19.00000    3.72566
  19.50000    3.73995
  20.00000    3.75379
  20.50000    3.75559
  21.00000    3.75543
  21.50000    3.76525
  22.00000    3.77109
  22.50000    3.77655
  23.00000    3.78296
  23.50000    3.79946
  24.00000    3.81546
  24.50000    3.83072
  25.00000    3.82552
  25.50000    3.81923
  26.00000    3.81079
  26.50000    3.82541
  27.00000    3.84252
  27.50000    3.84962
  28.00000    3.83158
  28.50000    3.82150
  29.00000    3.81788
  29.50000    3.81082
  30.00000    3.80086
  30.50000    3.80463
  31.00000    3.81264
  31.50000    3.81720
  32.00000    3.81286
  32.50000    3.80868
  33.00000    3.79327
  33.50000    3.78145
  34.00000    3.77433
  34.50000    3.77485
  35.00000    3.77324
  35.50000    3.77730
  36.00000    3.78601
  36.50000    3.79270
  37.00000    3.80009
  37.50000    3.80730
  38.00000    3.82030
  38.50000    3.84417
  39.00000    3.86476
  39.50000    3.87364
  40.00000    3.88097
  40.50000    3.89046
  41.00000    3.90035
  41.50000    3.91701
  42.00000    3.94050
  42.50000    3.95658
  43.00000    3.97308
  43.50000    3.98312
  44.00000    4.00109
  44.50000    4.02243
  45.00000    4.05037
  45.50000    4.07068
  46.00000    4.09389
  46.50000    4.11784
  47.00000    4.12983
  47.50000    4.14567
  48.00000    4.16730
  48.50000    4.20223
  49.00000    4.23211
  49.50000    4.27059
  50.00000    4.31233
  50.50000    4.34769
  51.00000    4.35745
  51.50000    4.36372
  52.00000    4.37466
  52.50000    4.38500
  53.00000    4.39221
  53.50000    4.40581
  54.00000    4.42631
  54.50000    4.42807
  55.00000    4.42927
  55.50000    4.43770
  56.00000    4.45087
  56.50000    4.45734
  57.00000    4.46091
  57.50000    4.46837
  58.00000    4.47552
  58.50000    4.48291
  59.00000    4.48772
  59.50000    4.49272
  60.00000    4.50164
  60.50000    4.50423
  61.00000    4.51070
  61.50000    4.50819
  62.00000    4.51679
  62.50000    4.52584
  63.00000    4.53048
  63.50000    4.52754
  64.00000    4.52413
  64.50000    4.53846
  65.00000    4.54844
  65.50000    4.56103
  66.00000    4.55278
  66.50000    4.55403
  67.00000    4.55187
  67.50000    4.55948
  68.00000    4.56104
  68.50000    4.56388
  69.00000    4.56439
  69.50000    4.57247
  70.00000    4.57698
  70.50000    4.57315
  71.00000    4.57162
  71.50000    4.57049
  72.00000    4.57767
  72.50000    4.57844
  73.00000    4.58801
  73.50000    4.58379
  74.00000    4.58479
  74.50000    4.57815
  75.00000    4.58468
  75.50000    4.58796
  76.00000    4.59028
  76.50000    4.59019
  77.00000    4.58817
  77.50000    4.58790
  78.00000    4.58127
  78.50000    4.58507
  79.00000    4.58155
  79.50000    4.58364
  80.00000    4.57652
  80.50000    4.58353
  81.00000    4.58818
  81.50000    4.58970
  82.00000    4.58534
  82.50000    4.58608
  83.00000    4.58547
  83.50000    4.57599
  84.00000    4.57325
  84.50000    4.57229
  85.00000    4.57424
  85.50000    4.57235
  86.00000    4.57678
  86.50000    4.57815
  87.00000    4.57508
  87.50000    4.56680
  88.00000    4.56671
  88.50000    4.56223
  89.00000    4.55991
  89.50000    4.55886
  90.00000    4.55811
  90.50000    4.55254
  91.00000    4.55387
  91.50000    4.55649
  92.00000    4.55022
  92.50000    4.55024
  93.00000    4.55298
  93.50000    4.55424
  94.00000    4.54644
  94.50000    4.54250
  95.00000    4.53798
  95.50000    4.54072
  96.00000    4.54452
  96.50000    4.54448
  97.00000    4.54725
  97.50000    4.54228
  98.00000    4.53493
  98.50000    4.52916
  99.00000    4.53515
  99.50000    4.53626
 100.00000    4.52825
 100.50000    4.51185
 101.00000    4.51216
 101.50000    4.52332
 102.00000    4.52194
 102.50000    4.51188
 103.00000    4.50978
 103.50000    4.51144
 104.00000    4.51214
 104.50000    4.51682
 105.00000    4.51362
 105.50000    4.50615
 106.00000    4.50804
 106.50000    4.51631
 107.00000    4.50449
 107.50000    4.49833
 108.00000    4.50022
 108.50000    4.50728
 109.00000    4.50476
 109.50000    4.50408
 110.00000    4.49894
 110.50000    4.49287
 111.00000    4.49344
 111.50000    4.49777
 112.00000    4.49994
 112.50000    4.48683
 113.00000    4.48241
 113.50000    4.48612
 114.00000    4.49646
 114.50000    4.48902
 115.00000    4.48892
 115.50000    4.48545
 116.00000    4.48626
 116.50000    4.48096
 117.00000    4.48590
 117.50000    4.48121
 118.00000    4.48111
 118.50000    4.48014
 119.00000    4.48492
 119.50000    4.48254
 120.00000    4.48338
 120.50000    4.47971
 121.00000    4.47802
 121.50000    4.48015
 122.00000    4.47885
 122.50000    4.47413
 123.00000    4.47535
 123.50000    4.47904
 124.00000    4.47433
 124.50000    4.46394
 125.00000    4.46184
 125.50000    4.47074
 126.00000    4.47563
 126.50000    4.46913
 127.00000    4.46700
 127.50000    4.47330
 128.00000    4.47051
 128.50000    4.47162
 129.00000    4.47114
 129.50000    4.47131
 130.00000    4.47192
 130.50000    4.47159
 131.00000    4.47555
 131.50000    4.47430
 132.00000    4.47861
 132.50000    4.47201
 133.00000    4.47525
 133.50000    4.47376
 134.00000    4.47524
 134.50000    4.46637
 135.00000    4.45746
 135.50000    4.45828
 136.00000    4.46962
 136.50000    4.47030
 137.00000    4.46265
 137.50000    4.45502
 138.00000    4.46536
 138.50000    4.46636
 139.00000    4.46198
 139.50000    4.45559
 140.00000    4.46228
 140.50000    4.46855
 141.00000    4.46720
 141.50000    4.46373
 142.00000    4.45832
 142.50000    4.46655
 143.00000    4.46985
 143.50000    4.46268
 144.00000    4.46724
 144.50000    4.47442
 145.00000    4.47917
 145.50000    4.46660
 146.00000    4.47059
 146.50000    4.46690
 147.00000    4.46541
 147.50000    4.46408
 148.00000    4.46278
 148.50000    4.45637
 149.00000    4.45378
 149.50000    4.46606
 150.00000    4.47909
