   0.00000    1.06062
   0.50000    1.50864
   1.00000    2.03623
   1.50000    2.58979
   2.00000    2.97535
   2.50000    3.15892
   3.00000    3.19711
   3.50000    3.23639
   4.00000    3.28161
   4.50000    3.34912
   5.00000    3.41014
   5.50000    3.43440
   6.00000    3.45377
   6.50000    3.47970
   7.00000    3.50312
   7.50000    3.51301
   8.00000    3.51584
   8.50000    3.53476
   9.00000    3.55128
   9.50000    3.56340
  10.00000    3.57076
  10.50000    3.58418
  11.00000    3.59643
  11.50000    3.60372
  12.00000    3.61124
  12.50000    3.62125
  13.00000    3.63684
  13.50000    3.64930
  14.00000    3.65550
  14.50000    3.66232
  15.00000    3.67383
  15.50000    3.67924
  16.00000    3.68359
  16.50000    3.69054
  17.00000    3.70755
  17.50000    3.72492
  18.00000    3.73063
  18.50000    3.72758
  19.00000    3.72925
  19.50000    3.73962
  20.00000    3.74037
  20.50000    3.74252
  21.00000    3.74587
  21.50000    3.74580
  22.00000    3.75271
  22.50000    3.76281
  23.00000    3.77236
  23.50000    3.78122
  24.00000    3.78265
  24.50000    3.77606
  25.00000    3.77307
  25.50000    3.77175
  26.00000    3.75050
  26.50000    3.73673
  27.00000    3.74487
  27.50000    3.77067
  28.00000    3.81006
  28.50000    3.86317
  29.00000    3.91625
  29.50000    3.97341
  30.00000    4.01652
  30.50000    4.07985
  31.00000    4.14201
  31.50000    4.18290
  32.00000    4.19296
  32.50000    4.21755
  33.00000    4.25216
  33.50000    4.27380
  34.00000    4.29087
  34.50000    4.31080
  35.00000    4.32128
  35.50000    4.32824
  36.00000    4.33020
  36.50000    4.33440
  37.00000    4.33224
  37.50000    4.33034
  38.00000    4.33222
  38.50000    4.34055
  39.00000    4.35127
  39.50000    4.34456
  40.00000    4.33732
  40.50000    4.33864
  41.00000    4.35342
  41.50000    4.37001
  42.00000    4.38633
  42.50000    4.39613
  43.00000    4.40864
  43.50000    4.43672
  44.00000    4.47058
  44.50000    4.49654
  45.00000    4.51917
  45.50000    4.53443
  46.00000    4.54580
  46.50000    4.55068
  47.00000    4.55305
  47.50000    4.56971
  48.00000    4.58348
  48.50000    4.57939
  49.00000    4.57081
  49.50000    4.58170
  50.00000    4.59262
  50.50000    4.58495
  51.00000    4.58294
  51.50000    4.58950
  52.00000    4.59471
  52.50000    4.58747
  53.00000    4.58463
  53.50000    4.58319
  54.00000    4.58282
  54.50000    4.58625
  55.00000    4.58485
  55.50000    4.57597
  56.00000    4.56944
  56.50000    4.57292
  57.00000    4.57674
  57.50000    4.57761
  58.00000    4.57601
  58.50000    4.57139
  59.00000    4.56825
  59.50000    4.56708
  60.00000    4.55908
  60.50000    4.55807
  61.00000    4.55476
  61.50000    4.56377
  62.00000    4.55837
  62.50000    4.55504
  63.00000    4.54183
  63.50000    4.54061
  64.00000    4.54043
  64.50000    4.54755
  65.00000    4.54573
  65.50000    4.54265
  66.00000    4.53859
  66.50000    4.53660
  67.00000    4.52903
  67.50000    4.52438
  68.00000    4.52027
  68.50000    4.51958
  69.00000    4.51894
  69.50000    4.52041
  70.00000    4.52187
  70.50000    4.51710
  71.00000    4.51427
  71.50000    4.50675
  72.00000    4.50928
  72.50000    4.51525
  73.00000    4.51712
  73.50000    4.51195
  74.00000    4.50102
  74.50000    4.50022
  75.00000    4.49632
  75.50000    4.49444
  76.00000    4.48728
  76.50000    4.48643
  77.00000    4.48246
  77.50000    4.48183
  78.00000    4.48238
  78.50000    4.48791
  79.00000    4.48770
  79.50000    4.48959
  80.00000    4.48025
  80.50000    4.48455
  81.00000    4.48210
  81.50000    4.48132
  82.00000    4.47401
  82.50000    4.47789
  83.00000    4.47421
  83.50000    4.47182
  84.00000    4.47134
  84.50000    4.47349
  85.00000    4.47258
  85.50000    4.46186
  86.00000    4.45150
  86.50000    4.45550
  87.00000    4.46236
  87.50000    4.45830
  88.00000    4.45823
  88.50000    4.46070
  89.00000    4.45773
  89.50000    4.45076
  90.00000    4.45156
  90.50000    4.45663
  91.00000    4.45106
  91.50000    4.44584
  92.00000    4.44384
  92.50000    4.45057
  93.00000    4.44902
  93.50000    4.44526
  94.00000    4.44303
  94.50000    4.43712
  95.00000    4.43099
  95.50000    4.43739
  96.00000    4.44218
  96.50000    4.43851
  97.00000    4.43187
  97.50000    4.43664
  98.00000    4.44495
  98.50000    4.44216
  99.00000    4.43544
  99.50000    4.43117
 100.00000    4.43913
 100.50000    4.44380
 101.00000    4.42886
 101.50000    4.43045
 102.00000    4.42750
 102.50000    4.43201
 103.00000    4.42014
 103.50000    4.42581
 104.00000    4.42567
 104.50000    4.42620
 105.00000    4.42244
 105.50000    4.42743
 106.00000    4.43879
 106.50000    4.43971
 107.00000    4.42669
 107.50000    4.42111
 108.00000    4.42908
 108.50000    4.43023
 109.00000    4.42420
 109.50000    4.41915
 110.00000    4.42238
 110.50000    4.42729
 111.00000    4.42291
 111.50000    4.41453
 112.00000    4.41607
 112.50000    4.42152
 113.00000    4.41931
 113.50000    4.41380
 114.00000    4.41956
 114.50000    4.42348
 115.00000    4.42794
 115.50000    4.42430
 116.00000    4.42278
 116.50000    4.42080
 117.00000    4.41209
 117.50000    4.41134
 118.00000    4.41720
 118.50000    4.42287
 119.00000    4.41335
 119.50000    4.41402
 120.00000    4.41866
 120.50000    4.41991
 121.00000    4.41677
 121.50000    4.41814
 122.00000    4.41793
 122.50000    4.42145
 123.00000    4.41544
 123.50000    4.41237
 124.00000    4.40750
 124.50000    4.41340
 125.00000    4.41355
 125.50000    4.41926
 126.00000    4.41921
 126.50000    4.42085
 127.00000    4.41770
 127.50000    4.41763
 128.00000    4.40871
 128.50000    4.41297
 129.00000    4.41740
 129.50000    4.42406
 130.00000    4.42462
 130.50000    4.42483
 131.00000    4.42572
 131.50000    4.42795
 132.00000    4.42965
 132.50000    4.42220
 133.00000    4.42101
 133.50000    4.42285
 134.00000    4.42439
 134.50000    4.42357
 135.00000    4.42600
 135.50000    4.42378
 136.00000    4.42112
 136.50000    4.42680
 137.00000    4.43715
 137.50000    4.43593
 138.00000    4.42984
 138.50000    4.43218
 139.00000    4.43404
 139.50000    4.42989
 140.00000    4.42274
 140.50000    4.42894
 141.00000    4.43751
 141.50000    4.43705
 142.00000    4.43116
 142.50000    4.42948
 143.00000    4.42623
 143.50000    4.42885
 144.00000    4.43491
 144.50000    4.43920
 145.00000    4.43348
 145.50000    4.43928
 146.00000    4.44148
 146.50000    4.44502
 147.00000    4.43994
 147.50000    4.43788
 148.00000    4.43583
 148.50000    4.44131
 149.00000    4.44061
 149.50000    4.43532
 150.00000    4.43321
