   0.00000    1.40811
   0.50000    2.97884
   1.00000    3.33660
   1.50000    3.34612
   2.00000    3.45340
   2.50000    3.45709
   3.00000    3.43345
   3.50000    3.45103
   4.00000    3.48724
   4.50000    3.49581
   5.00000    3.48761
   5.50000    3.48126
   6.00000    3.48667
   6.50000    3.49384
   7.00000    3.50898
   7.50000    3.51542
   8.00000    3.50960
   8.50000    3.52429
   9.00000    3.53680
   9.50000    3.53497
  10.00000    3.51744
  10.50000    3.52502
  11.00000    3.53969
  11.50000    3.55929
  12.00000    3.56591
  12.50000    3.55796
  13.00000    3.55589
  13.50000    3.57056
  14.00000    3.58532
  14.50000    3.59169
  15.00000    3.60519
  15.50000    3.60435
  16.00000    3.60630
  16.50000    3.61738
  17.00000    3.63241
  17.50000    3.65816
  18.00000    3.66787
  18.50000    3.67141
  19.00000    3.66451
  19.50000    3.68230
  20.00000    3.68685
  20.50000    3.70489
  21.00000    3.70655
  21.50000    3.71641
  22.00000    3.72613
  22.50000    3.75096
  23.00000    3.75944
  23.50000    3.77705
  24.00000    3.77736
  24.50000    3.75975
  25.00000    3.74184
  25.50000    3.73226
  26.00000    3.70867
  26.50000    3.68259
  27.00000    3.67798
  27.50000    3.69125
  28.00000    3.72319
  28.50000    3.77082
  29.00000    3.80691
  29.50000    3.83364
  30.00000    3.84999
  30.50000    3.88654
  31.00000    3.91850
  31.50000    3.96268
  32.00000    4.00112
  32.50000    4.04759
  33.00000    4.08837
  33.50000    4.13527
  34.00000    4.17780
  34.50000    4.22484
  35.00000    4.27010
  35.50000    4.30820
  36.00000    4.32754
  36.50000    4.34396
  37.00000    4.35860
  37.50000    4.36853
  38.00000    4.38326
  38.50000    4.39979
  39.00000    4.41640
  39.50000    4.41279
  40.00000    4.40784
  40.50000    4.39806
  41.00000    4.40547
  41.50000    4.41596
  42.00000    4.43487
  42.50000    4.43312
  43.00000    4.44146
  43.50000    4.44871
  44.00000    4.45684
  44.50000    4.44208
  45.00000    4.43412
  45.50000    4.43367
  46.00000    4.43606
  46.50000    4.42795
  47.00000    4.42976
  47.50000    4.43987
  48.00000    4.44748
  48.50000    4.44386
  49.00000    4.45361
  49.50000    4.46371
  50.00000    4.47802
  50.50000    4.47175
  51.00000    4.46501
  51.50000    4.45960
  52.00000    4.47362
  52.50000    4.48420
  53.00000    4.49478
  53.50000    4.49983
  54.00000    4.49661
  54.50000    4.50440
  55.00000    4.51214
  55.50000    4.51444
  56.00000    4.50703
  56.50000    4.50921
  57.00000    4.52604
  57.50000    4.53307
  58.00000    4.53355
  58.50000    4.52300
  59.00000    4.52181
  59.50000    4.51389
  60.00000    4.52253
  60.50000    4.53367
  61.00000    4.53755
  61.50000    4.53990
  62.00000    4.54135
  62.50000    4.54066
  63.00000    4.52593
  63.50000    4.52578
  64.00000    4.52598
  64.50000    4.54742
  65.00000    4.55339
  65.50000    4.55273
  66.00000    4.53941
  66.50000    4.53681
  67.00000    4.53665
  67.50000    4.54039
  68.00000    4.53977
  68.50000    4.53651
  69.00000    4.53393
  69.50000    4.52775
  70.00000    4.53747
  70.50000    4.54171
  71.00000    4.53997
  71.50000    4.53389
  72.00000    4.54057
  72.50000    4.55016
  73.00000    4.55665
  73.50000    4.55281
  74.00000    4.54084
  74.50000    4.53570
  75.00000    4.53434
  75.50000    4.53421
  76.00000    4.53487
  76.50000    4.53953
  77.00000    4.53171
  77.50000    4.52121
  78.00000    4.52157
  78.50000    4.53277
  79.00000    4.53338
  79.50000    4.53111
  80.00000    4.53260
  80.50000    4.53838
  81.00000    4.53894
  81.50000    4.54349
  82.00000    4.53617
  82.50000    4.52972
  83.00000    4.53178
  83.50000    4.52886
  84.00000    4.53117
  84.50000    4.53094
  85.00000    4.54079
  85.50000    4.52700
  86.00000    4.52354
  86.50000    4.52721
  87.00000    4.53138
  87.50000    4.52470
  88.00000    4.52307
  88.50000    4.52501
  89.00000    4.51899
  89.50000    4.52073
  90.00000    4.51875
  90.50000    4.52625
  91.00000    4.51901
  91.50000    4.52633
  92.00000    4.52250
  92.50000    4.52313
  93.00000    4.51768
  93.50000    4.51259
  94.00000    4.51475
  94.50000    4.50988
  95.00000    4.50818
  95.50000    4.50839
  96.00000    4.52329
  96.50000    4.52768
  97.00000    4.52633
  97.50000    4.51286
  98.00000    4.51105
  98.50000    4.51279
  99.00000    4.51987
  99.50000    4.51468
 100.00000    4.50576
 100.50000    4.51321
 101.00000    4.50255
 101.50000    4.51042
 102.00000    4.50683
 102.50000    4.50939
 103.00000    4.49793
 103.50000    4.49626
 104.00000    4.50437
 104.50000    4.51190
 105.00000    4.50651
 105.50000    4.50320
 106.00000    4.50601
 106.50000    4.50669
 107.00000    4.49293
 107.50000    4.49677
 108.00000    4.50265
 108.50000    4.50375
 109.00000    4.50163
 109.50000    4.48995
 110.00000    4.48404
 110.50000    4.48726
 111.00000    4.49418
 111.50000    4.49188
 112.00000    4.49888
 112.50000    4.49981
 113.00000    4.49477
 113.50000    4.48775
 114.00000    4.49222
 114.50000    4.49164
 115.00000    4.49000
 115.50000    4.48763
 116.00000    4.48306
 116.50000    4.48107
 117.00000    4.46983
 117.50000    4.47334
 118.00000    4.47964
 118.50000    4.48676
 119.00000    4.48006
 119.50000    4.48325
 120.00000    4.47613
 120.50000    4.47251
 121.00000    4.47410
 121.50000    4.47970
 122.00000    4.48052
 122.50000    4.48517
 123.00000    4.47691
 123.50000    4.46526
 124.00000    4.46797
 124.50000    4.47986
 125.00000    4.47299
 125.50000    4.46966
 126.00000    4.47185
 126.50000    4.47916
 127.00000    4.48444
 127.50000    4.48299
 128.00000    4.47330
 128.50000    4.46681
 129.00000    4.46885
 129.50000    4.47627
 130.00000    4.48253
 130.50000    4.48732
 131.00000    4.47981
 131.50000    4.48030
 132.00000    4.47828
 132.50000    4.47039
 133.00000    4.46181
 133.50000    4.46329
 134.00000    4.47107
 134.50000    4.47644
 135.00000    4.47634
 135.50000    4.47052
 136.00000    4.46769
 136.50000    4.47261
 137.00000    4.47788
 137.50000    4.47056
 138.00000    4.46442
 138.50000    4.46226
 139.00000    4.46774
 139.50000    4.47601
 140.00000    4.47053
 140.50000    4.47376
 141.00000    4.47963
 141.50000    4.49328
 142.00000    4.48389
 142.50000    4.48104
 143.00000    4.47165
 143.50000    4.46512
 144.00000    4.46383
 144.50000    4.46791
 145.00000    4.46758
 145.50000    4.47594
 146.00000    4.48790
 146.50000    4.49305
 147.00000    4.48703
 147.50000    4.47590
 148.00000    4.47495
 148.50000    4.47383
 149.00000    4.47327
 149.50000    4.46285
 150.00000    4.46414
