   0.00000    1.54832
   0.50000    1.75863
   1.00000    2.38145
   1.50000    2.94052
   2.00000    3.24614
   2.50000    3.34193
   3.00000    3.40812
   3.50000    3.43966
   4.00000    3.44700
   4.50000    3.45167
   5.00000    3.46108
   5.50000    3.48689
   6.00000    3.50127
   6.50000    3.50882
   7.00000    3.50991
   7.50000    3.52875
   8.00000    3.55584
   8.50000    3.56506
   9.00000    3.57833
   9.50000    3.58811
  10.00000    3.59789
  10.50000    3.59892
  11.00000    3.61774
  11.50000    3.63198
  12.00000    3.63691
  12.50000    3.64073
  13.00000    3.65666
  13.50000    3.67626
  14.00000    3.68480
  14.50000    3.68594
  15.00000    3.70531
  15.50000    3.72758
  16.00000    3.74442
  16.50000    3.73937
  17.00000    3.74374
  17.50000    3.74922
  18.00000    3.76317
  18.50000    3.76883
  19.00000    3.77553
  19.50000    3.78421
  20.00000    3.79075
  20.50000    3.80593
  21.00000    3.80850
  21.50000    3.81218
  22.00000    3.80745
  22.50000    3.82312
  23.00000    3.82555
  23.50000    3.83512
  24.00000    3.85043
  24.50000    3.88365
  25.00000    3.89196
  25.50000    3.88199
  26.00000    3.86021
  26.50000    3.86403
  27.00000    3.87204
  27.50000    3.86562
  28.00000    3.84278
  28.50000    3.84420
  29.00000    3.84826
  29.50000    3.83677
  30.00000    3.82042
  30.50000    3.82028
  31.00000    3.82397
  31.50000    3.82738
  32.00000    3.83735
  32.50000    3.84319
  33.00000    3.83808
  33.50000    3.83399
  34.00000    3.83899
  34.50000    3.84448
  35.00000    3.85517
  35.50000    3.87087
  36.00000    3.88475
  36.50000    3.89265
  37.00000    3.90330
  37.50000    3.91530
  38.00000    3.92096
  38.50000    3.93889
  39.00000    3.94644
  39.50000    3.95194
  40.00000    3.95238
  40.50000    3.96072
  41.00000    3.96609
  41.50000    3.98196
  42.00000    4.00017
  42.50000    4.01024
  43.00000    4.02253
  43.50000    4.03882
  44.00000    4.05987
  44.50000    4.08222
  45.00000    4.10575
  45.50000    4.12542
  46.00000    4.14167
  46.50000    4.15657
  47.00000    4.17700
  47.50000    4.19263
  48.00000    4.21343
  48.50000    4.24522
  49.00000    4.27743
  49.50000    4.30250
  50.00000    4.32329
  50.50000    4.35394
  51.00000    4.36204
  51.50000    4.36834
  52.00000    4.36695
  52.50000    4.36859
  53.00000    4.37000
  53.50000    4.38063
  54.00000    4.40074
  54.50000    4.39905
  55.00000    4.40000
  55.50000    4.40251
  56.00000    4.40807
  56.50000    4.41356
  57.00000    4.42085
  57.50000    4.43034
  58.00000    4.43714
  58.50000    4.43904
  59.00000    4.43698
  59.50000    4.44386
  60.00000    4.45810
  60.50000    4.46288
  61.00000    4.46069
  61.50000    4.45748
  62.00000    4.46586
  62.50000    4.47766
  63.00000    4.47551
  63.50000    4.47085
  64.00000    4.47282
  64.50000    4.48069
  65.00000    4.48861
  65.50000    4.50833
  66.00000    4.51130
  66.50000    4.50442
  67.00000    4.49756
  67.50000    4.50111
  68.00000    4.50346
  68.50000    4.50439
  69.00000    4.50931
  69.50000    4.52275
  70.00000    4.53419
  70.50000    4.52903
  71.00000    4.52429
  71.50000    4.52186
  72.00000    4.52397
  72.50000    4.52183
  73.00000    4.53376
  73.50000    4.53301
  74.00000    4.53210
  74.50000    4.53205
  75.00000    4.53857
  75.50000    4.53825
  76.00000    4.53972
  76.50000    4.54015
  77.00000    4.53666
  77.50000    4.53821
  78.00000    4.54079
  78.50000    4.54701
  79.00000    4.54983
  79.50000    4.54990
  80.00000    4.53707
  80.50000    4.53816
  81.00000    4.54294
  81.50000    4.54477
  82.00000    4.54239
  82.50000    4.54956
  83.00000    4.55792
  83.50000    4.54992
  84.00000    4.53784
  84.50000    4.53641
  85.00000    4.54310
  85.50000    4.54615
  86.00000    4.54659
  86.50000    4.55067
  87.00000    4.55206
  87.50000    4.54981
  88.00000    4.54772
  88.50000    4.53862
  89.00000    4.53721
  89.50000    4.53882
  90.00000    4.54686
  90.50000    4.54409
  91.00000    4.54083
  91.50000    4.53947
  92.00000    4.53329
  92.50000    4.54050
  93.00000    4.55101
  93.50000    4.55673
  94.00000    4.54260
  94.50000    4.54191
  95.00000    4.53446
  95.50000    4.53844
  96.00000    4.53776
  96.50000    4.54008
  97.00000    4.53660
  97.50000    4.53337
  98.00000    4.52886
  98.50000    4.52232
  99.00000    4.52787
  99.50000    4.52531
 100.00000    4.52459
 100.50000    4.51452
 101.00000    4.51501
 101.50000    4.52716
 102.00000    4.53220
 102.50000    4.52843
 103.00000    4.52564
 103.50000    4.52327
 104.00000    4.51797
 104.50000    4.52129
 105.00000    4.51858
 105.50000    4.52057
 106.00000    4.52998
 106.50000    4.54736
 107.00000    4.52873
 107.50000    4.52067
 108.00000    4.51976
 108.50000    4.53269
 109.00000    4.52766
 109.50000    4.52488
 110.00000    4.52198
 110.50000    4.52061
 111.00000    4.51950
 111.50000    4.51448
 112.00000    4.52088
 112.50000    4.50672
 113.00000    4.50665
 113.50000    4.50725
 114.00000    4.52025
 114.50000    4.51586
 115.00000    4.51730
 115.50000    4.51285
 116.00000    4.51054
 116.50000    4.51110
 117.00000    4.51861
 117.50000    4.52054
 118.00000    4.52096
 118.50000    4.51426
 119.00000    4.51412
 119.50000    4.51843
 120.00000    4.52113
 120.50000    4.51626
 121.00000    4.51215
 121.50000    4.51888
 122.00000    4.51889
 122.50000    4.51522
 123.00000    4.51458
 123.50000    4.51883
 124.00000    4.51154
 124.50000    4.49707
 125.00000    4.49475
 125.50000    4.50648
 126.00000    4.51155
 126.50000    4.50207
 127.00000    4.50785
 127.50000    4.51921
 128.00000    4.52273
 128.50000    4.51952
 129.00000    4.51808
 129.50000    4.51205
 130.00000    4.50951
 130.50000    4.50495
 131.00000    4.50969
 131.50000    4.51555
 132.00000    4.51936
 132.50000    4.51393
 133.00000    4.51676
 133.50000    4.51807
 134.00000    4.51765
 134.50000    4.50687
 135.00000    4.49770
 135.50000    4.49750
 136.00000    4.51189
 136.50000    4.50916
 137.00000    4.50341
 137.50000    4.49927
 138.00000    4.51185
 138.50000    4.51148
 139.00000    4.51238
 139.50000    4.50670
 140.00000    4.50396
 140.50000    4.50863
 141.00000    4.51515
 141.50000    4.51326
 142.00000    4.50180
 142.50000    4.50949
 143.00000    4.51266
 143.50000    4.51572
 144.00000    4.52134
 144.50000    4.51834
 145.00000    4.51744
 145.50000    4.50756
 146.00000    4.51303
 146.50000    4.51309
 147.00000    4.51978
 147.50000    4.52166
 148.00000    4.51377
 148.50000    4.50792
 149.00000    4.50700
 149.50000    4.52330
 150.00000    4.51685
