   0.00000    1.55387
   0.50000    2.69819
   1.00000    3.11253
   1.50000    3.25001
   2.00000    3.36757
   2.50000    3.35746
   3.00000    3.36553
   3.50000    3.42297
   4.00000    3.48853
   4.50000    3.51451
   5.00000    3.52068
   5.50000    3.51495
   6.00000    3.52677
   6.50000    3.55325
   7.00000    3.58990
   7.50000    3.59114
   8.00000    3.58866
   8.50000    3.60007
   9.00000    3.60979
   9.50000    3.59871
  10.00000    3.58692
  10.50000    3.60101
  11.00000    3.61234
  11.50000    3.61605
  12.00000    3.61537
  12.50000    3.62220
  13.00000    3.62319
  13.50000    3.63295
  14.00000    3.65713
  14.50000    3.67270
  15.00000    3.67430
  15.50000    3.67808
  16.00000    3.70061
  16.50000    3.72744
  17.00000    3.74018
  17.50000    3.77202
  18.00000    3.76935
  18.50000    3.76342
  19.00000    3.75103
  19.50000    3.79476
  20.00000    3.81287
  20.50000    3.82331
  21.00000    3.80377
  21.50000    3.80242
  22.00000    3.83072
  22.50000    3.89312
  23.00000    3.92897
  23.50000    3.94143
  24.00000    3.94384
  24.50000    3.92262
  25.00000    3.90015
  25.50000    3.91691
  26.00000    3.92358
  26.50000    3.92684
  27.00000    3.96424
  27.50000    4.02627
  28.00000    4.06847
  28.50000    4.12410
  29.00000    4.21714
  29.50000    4.28204
  30.00000    4.33005
  30.50000    4.37754
  31.00000    4.43852
  31.50000    4.47590
  32.00000    4.50191
  32.50000    4.53611
  33.00000    4.58004
  33.50000    4.59951
  34.00000    4.61518
  34.50000    4.61874
  35.00000    4.61968
  35.50000    4.59312
  36.00000    4.58077
  36.50000    4.56162
  37.00000    4.54212
  37.50000    4.51745
  38.00000    4.51512
  38.50000    4.51696
  39.00000    4.51833
  39.50000    4.49977
  40.00000    4.47858
  40.50000    4.45928
  41.00000    4.49534
  41.50000    4.51619
  42.00000    4.55256
  42.50000    4.56514
  43.00000    4.60374
  43.50000    4.60545
  44.00000    4.61424
  44.50000    4.61042
  45.00000    4.60783
  45.50000    4.59916
  46.00000    4.58354
  46.50000    4.56883
  47.00000    4.57296
  47.50000    4.58223
  48.00000    4.58461
  48.50000    4.58247
  49.00000    4.58083
  49.50000    4.58138
  50.00000    4.59086
  50.50000    4.59199
  51.00000    4.58618
  51.50000    4.57444
  52.00000    4.57797
  52.50000    4.58042
  53.00000    4.60576
  53.50000    4.61091
  54.00000    4.61148
  54.50000    4.61599
  55.00000    4.62341
  55.50000    4.61244
  56.00000    4.61380
  56.50000    4.62577
  57.00000    4.63475
  57.50000    4.63220
  58.00000    4.62517
  58.50000    4.62837
  59.00000    4.62978
  59.50000    4.63673
  60.00000    4.63330
  60.50000    4.63011
  61.00000    4.63422
  61.50000    4.65388
  62.00000    4.65887
  62.50000    4.64653
  63.00000    4.65768
  63.50000    4.66274
  64.00000    4.66542
  64.50000    4.67571
  65.00000    4.67873
  65.50000    4.68080
  66.00000    4.68504
  66.50000    4.68878
  67.00000    4.67184
  67.50000    4.68663
  68.00000    4.69232
  68.50000    4.69122
  69.00000    4.69281
  69.50000    4.68856
  70.00000    4.69073
  70.50000    4.69709
  71.00000    4.70483
  71.50000    4.68385
  72.00000    4.69192
  72.50000    4.69526
  73.00000    4.70750
  73.50000    4.70842
  74.00000    4.72030
  74.50000    4.72658
  75.00000    4.71835
  75.50000    4.71567
  76.00000    4.69692
  76.50000    4.69860
  77.00000    4.69231
  77.50000    4.70841
  78.00000    4.72389
  78.50000    4.73234
  79.00000    4.73429
  79.50000    4.72212
  80.00000    4.71776
  80.50000    4.72074
  81.00000    4.72771
  81.50000    4.73446
  82.00000    4.72395
  82.50000    4.72104
  83.00000    4.71887
  83.50000    4.73042
  84.00000    4.73773
  84.50000    4.75246
  85.00000    4.74807
  85.50000    4.74547
  86.00000    4.73066
  86.50000    4.73701
  87.00000    4.73880
  87.50000    4.75261
  88.00000    4.76036
  88.50000    4.75873
  89.00000    4.75087
  89.50000    4.74394
  90.00000    4.73279
  90.50000    4.73519
  91.00000    4.73913
  91.50000    4.74347
  92.00000    4.72296
  92.50000    4.73135
  93.00000    4.73685
  93.50000    4.71946
  94.00000    4.70964
  94.50000    4.71327
  95.00000    4.71612
  95.50000    4.71344
  96.00000    4.71288
  96.50000    4.71560
  97.00000    4.71905
  97.50000    4.71992
  98.00000    4.72675
  98.50000    4.71661
  99.00000    4.71014
  99.50000    4.69833
 100.00000    4.70683
 100.50000    4.70748
 101.00000    4.69138
 101.50000    4.69834
 102.00000    4.69921
 102.50000    4.70536
 103.00000    4.69562
 103.50000    4.69065
 104.00000    4.70045
 104.50000    4.70670
 105.00000    4.70043
 105.50000    4.67108
 106.00000    4.66319
 106.50000    4.66363
 107.00000    4.64894
 107.50000    4.64170
 108.00000    4.64675
 108.50000    4.66442
 109.00000    4.66235
 109.50000    4.65655
 110.00000    4.64241
 110.50000    4.64773
 111.00000    4.64459
 111.50000    4.64991
 112.00000    4.66214
 112.50000    4.68119
 113.00000    4.67321
 113.50000    4.66137
 114.00000    4.66223
 114.50000    4.65847
 115.00000    4.64459
 115.50000    4.63268
 116.00000    4.62751
 116.50000    4.62951
 117.00000    4.61819
 117.50000    4.60585
 118.00000    4.60088
 118.50000    4.61405
 119.00000    4.61100
 119.50000    4.61166
 120.00000    4.60643
 120.50000    4.60468
 121.00000    4.60435
 121.50000    4.61361
 122.00000    4.61053
 122.50000    4.60917
 123.00000    4.59893
 123.50000    4.58951
 124.00000    4.58375
 124.50000    4.58272
 125.00000    4.58145
 125.50000    4.57197
 126.00000    4.56761
 126.50000    4.55595
 127.00000    4.56895
 127.50000    4.58005
 128.00000    4.57317
 128.50000    4.55566
 129.00000    4.55081
 129.50000    4.56875
 130.00000    4.55702
 130.50000    4.55316
 131.00000    4.55148
 131.50000    4.55898
 132.00000    4.54875
 132.50000    4.55669
 133.00000    4.56164
 133.50000    4.54338
 134.00000    4.53835
 134.50000    4.54254
 135.00000    4.53451
 135.50000    4.52171
 136.00000    4.52361
 136.50000    4.53324
 137.00000    4.53205
 137.50000    4.53178
 138.00000    4.52978
 138.50000    4.53112
 139.00000    4.52765
 139.50000    4.53419
 140.00000    4.53275
 140.50000    4.52903
 141.00000    4.51854
 141.50000    4.51075
 142.00000    4.50223
 142.50000    4.51706
 143.00000    4.51269
 143.50000    4.48288
 144.00000    4.46769
 144.50000    4.48449
 145.00000    4.48323
 145.50000    4.48788
 146.00000    4.49474
 146.50000    4.50837
 147.00000    4.49857
 147.50000    4.49637
 148.00000    4.50799
 148.50000    4.50569
 149.00000    4.48975
 149.50000    4.46893
 150.00000    4.48448
