   0.00000    1.36110
   0.50000    2.51770
   1.00000    2.91262
   1.50000    3.07203
   2.00000    3.28666
   2.50000    3.35214
   3.00000    3.37270
   3.50000    3.37144
   4.00000    3.37240
   4.50000    3.38946
   5.00000    3.41298
   5.50000    3.43052
   6.00000    3.43808
   6.50000    3.46165
   7.00000    3.48224
   7.50000    3.49898
   8.00000    3.50315
   8.50000    3.50713
   9.00000    3.51458
   9.50000    3.53365
  10.00000    3.54729
  10.50000    3.54852
  11.00000    3.55429
  11.50000    3.56620
  12.00000    3.57282
  12.50000    3.57569
  13.00000    3.59179
  13.50000    3.60404
  14.00000    3.60438
  14.50000    3.59952
  15.00000    3.61450
  15.50000    3.62362
  16.00000    3.62502
  16.50000    3.61920
  17.00000    3.62268
  17.50000    3.62733
  18.00000    3.63216
  18.50000    3.63390
  19.00000    3.63869
  19.50000    3.64389
  20.00000    3.64349
  20.50000    3.64614
  21.00000    3.65034
  21.50000    3.65584
  22.00000    3.65455
  22.50000    3.66195
  23.00000    3.66718
  23.50000    3.67536
  24.00000    3.66802
  24.50000    3.67897
  25.00000    3.68464
  25.50000    3.67305
  26.00000    3.64417
  26.50000    3.63361
  27.00000    3.63860
  27.50000    3.63335
  28.00000    3.63273
  28.50000    3.63675
  29.00000    3.66117
  29.50000    3.69169
  30.00000    3.72029
  30.50000    3.75353
  31.00000    3.80733
  31.50000    3.88244
  32.00000    3.96393
  32.50000    4.01135
  33.00000    4.06358
  33.50000    4.11040
  34.00000    4.18747
  34.50000    4.24668
  35.00000    4.30612
  35.50000    4.35087
  36.00000    4.40656
  36.50000    4.43890
  37.00000    4.45164
  37.50000    4.46353
  38.00000    4.47121
  38.50000    4.47305
  39.00000    4.47715
  39.50000    4.48715
  40.00000    4.48985
  40.50000    4.48438
  41.00000    4.48239
  41.50000    4.50324
  42.00000    4.52598
  42.50000    4.53511
  43.00000    4.54906
  43.50000    4.57425
  44.00000    4.58139
  44.50000    4.58597
  45.00000    4.59899
  45.50000    4.61485
  46.00000    4.61031
  46.50000    4.60672
  47.00000    4.59107
  47.50000    4.59197
  48.00000    4.58018
  48.50000    4.58499
  49.00000    4.57448
  49.50000    4.58344
  50.00000    4.58110
  50.50000    4.58813
  51.00000    4.57572
  51.50000    4.57638
  52.00000    4.57449
  52.50000    4.57385
  53.00000    4.56086
  53.50000    4.56269
  54.00000    4.56633
  54.50000    4.57307
  55.00000    4.56822
  55.50000    4.56627
  56.00000    4.56103
  56.50000    4.55905
  57.00000    4.55826
  57.50000    4.56188
  58.00000    4.56152
  58.50000    4.55221
  59.00000    4.54707
  59.50000    4.55445
  60.00000    4.55812
  60.50000    4.55674
  61.00000    4.54892
  61.50000    4.54608
  62.00000    4.54264
  62.50000    4.54242
  63.00000    4.54029
  63.50000    4.54033
  64.00000    4.53821
  64.50000    4.53258
  65.00000    4.52946
  65.50000    4.53561
  66.00000    4.53901
  66.50000    4.53628
  67.00000    4.52776
  67.50000    4.53139
  68.00000    4.53850
  68.50000    4.53189
  69.00000    4.52249
  69.50000    4.52883
  70.00000    4.53584
  70.50000    4.53454
  71.00000    4.52796
  71.50000    4.52881
  72.00000    4.52769
  72.50000    4.52619
  73.00000    4.52329
  73.50000    4.52075
  74.00000    4.52039
  74.50000    4.51817
  75.00000    4.52531
  75.50000    4.53080
  76.00000    4.53277
  76.50000    4.52736
  77.00000    4.52233
  77.50000    4.51955
  78.00000    4.52432
  78.50000    4.52113
  79.00000    4.52268
  79.50000    4.51800
  80.00000    4.51932
  80.50000    4.51715
  81.00000    4.51493
  81.50000    4.50417
  82.00000    4.51150
  82.50000    4.52324
  83.00000    4.52843
  83.50000    4.52097
  84.00000    4.51689
  84.50000    4.50965
  85.00000    4.51378
  85.50000    4.51865
  86.00000    4.52069
  86.50000    4.51784
  87.00000    4.51701
  87.50000    4.51320
  88.00000    4.51385
  88.50000    4.51340
  89.00000    4.51003
  89.50000    4.51117
  90.00000    4.51229
  90.50000    4.51491
  91.00000    4.50641
  91.50000    4.50404
  92.00000    4.50236
  92.50000    4.51187
  93.00000    4.51439
  93.50000    4.51950
  94.00000    4.51573
  94.50000    4.51125
  95.00000    4.50830
  95.50000    4.51148
  96.00000    4.50960
  96.50000    4.50821
  97.00000    4.50243
  97.50000    4.50426
  98.00000    4.50792
  98.50000    4.51085
  99.00000    4.51138
  99.50000    4.51422
 100.00000    4.51282
 100.50000    4.50964
 101.00000    4.50638
 101.50000    4.50675
 102.00000    4.50287
 102.50000    4.50652
 103.00000    4.50642
 103.50000    4.51130
 104.00000    4.51163
 104.50000    4.51198
 105.00000    4.51326
 105.50000    4.51850
 106.00000    4.51639
 106.50000    4.51223
 107.00000    4.50502
 107.50000    4.50976
 108.00000    4.51716
 108.50000    4.51497
 109.00000    4.50598
 109.50000    4.50372
 110.00000    4.50937
 110.50000    4.50711
 111.00000    4.50155
 111.50000    4.50168
 112.00000    4.51022
 112.50000    4.51326
 113.00000    4.49864
 113.50000    4.49151
 114.00000    4.49668
 114.50000    4.50411
 115.00000    4.50612
 115.50000    4.50668
 116.00000    4.50798
 116.50000    4.50624
 117.00000    4.50479
 117.50000    4.50098
 118.00000    4.50442
 118.50000    4.51354
 119.00000    4.51377
 119.50000    4.50983
 120.00000    4.50232
 120.50000    4.50571
 121.00000    4.50776
 121.50000    4.51542
 122.00000    4.51994
 122.50000    4.51872
 123.00000    4.51295
 123.50000    4.51495
 124.00000    4.51595
 124.50000    4.51115
 125.00000    4.51393
 125.50000    4.52028
 126.00000    4.51556
 126.50000    4.50017
 127.00000    4.50093
 127.50000    4.50388
 128.00000    4.51111
 128.50000    4.50664
 129.00000    4.50934
 129.50000    4.50054
 130.00000    4.49772
 130.50000    4.50127
 131.00000    4.49934
 131.50000    4.49685
 132.00000    4.49883
 132.50000    4.51255
 133.00000    4.51097
 133.50000    4.51155
 134.00000    4.50513
 134.50000    4.50376
 135.00000    4.49920
 135.50000    4.50721
 136.00000    4.50470
 136.50000    4.50460
 137.00000    4.50000
 137.50000    4.50479
 138.00000    4.50271
 138.50000    4.50061
 139.00000    4.50636
 139.50000    4.51312
 140.00000    4.51747
 140.50000    4.51641
 141.00000    4.51490
 141.50000    4.50926
 142.00000    4.50495
 142.50000    4.49990
 143.00000    4.49934
 143.50000    4.49943
 144.00000    4.49665
 144.50000    4.49243
 145.00000    4.50170
 145.50000    4.50700
 146.00000    4.50440
 146.50000    4.50037
 147.00000    4.50168
 147.50000    4.50310
 148.00000    4.50069
 148.50000    4.50655
 149.00000    4.50751
 149.50000    4.50884
 150.00000    4.50469
