   0.00000    1.32833
   0.50000    3.38985
   1.00000    3.82431
   1.50000    3.79732
   2.00000    3.88727
   2.50000    3.83759
   3.00000    3.73354
   3.50000    3.68099
   4.00000    3.67203
   4.50000    3.68252
   5.00000    3.69560
   5.50000    3.69533
   6.00000    3.69517
   6.50000    3.69353
   7.00000    3.70520
   7.50000    3.71718
   8.00000    3.70919
   8.50000    3.69927
   9.00000    3.69117
   9.50000    3.69654
  10.00000    3.70458
  10.50000    3.71897
  11.00000    3.72166
  11.50000    3.73753
  12.00000    3.75313
  12.50000    3.75260
  13.00000    3.72746
  13.50000    3.72353
  14.00000    3.72531
  14.50000    3.72767
  15.00000    3.75299
  15.50000    3.76878
  16.00000    3.77377
  16.50000    3.74956
  17.00000    3.75326
  17.50000    3.78325
  18.00000    3.82770
  18.50000    3.81274
  19.00000    3.78544
  19.50000    3.76289
  20.00000    3.77749
  20.50000    3.77563
  21.00000    3.78606
  21.50000    3.81551
  22.00000    3.82486
  22.50000    3.80700
  23.00000    3.80023
  23.50000    3.82341
  24.00000    3.82210
  24.50000    3.81518
  25.00000    3.83180
  25.50000    3.86458
  26.00000    3.85885
  26.50000    3.85358
  27.00000    3.83865
  27.50000    3.86045
  28.00000    3.90529
  28.50000    3.99034
  29.00000    4.04241
  29.50000    4.08111
  30.00000    4.10218
  30.50000    4.12451
  31.00000    4.15315
  31.50000    4.19930
  32.00000    4.21008
  32.50000    4.21488
  33.00000    4.24650
  33.50000    4.32205
  34.00000    4.42166
  34.50000    4.53890
  35.00000    4.61688
  35.50000    4.66029
  36.00000    4.68451
  36.50000    4.71308
  37.00000    4.75764
  37.50000    4.77716
  38.00000    4.79712
  38.50000    4.79641
  39.00000    4.81569
  39.50000    4.81342
  40.00000    4.81096
  40.50000    4.79092
  41.00000    4.78147
  41.50000    4.79385
  42.00000    4.77309
  42.50000    4.76363
  43.00000    4.76811
  43.50000    4.77497
  44.00000    4.75710
  44.50000    4.73086
  45.00000    4.69739
  45.50000    4.68153
  46.00000    4.67575
  46.50000    4.66754
  47.00000    4.64860
  47.50000    4.66704
  48.00000    4.68219
  48.50000    4.65787
  49.00000    4.64289
  49.50000    4.63495
  50.00000    4.66180
  50.50000    4.62891
  51.00000    4.61895
  51.50000    4.61811
  52.00000    4.63065
  52.50000    4.61325
  53.00000    4.61758
  53.50000    4.62926
  54.00000    4.61279
  54.50000    4.63035
  55.00000    4.65017
  55.50000    4.65172
  56.00000    4.62455
  56.50000    4.62533
  57.00000    4.61950
  57.50000    4.60099
  58.00000    4.60924
  58.50000    4.61319
  59.00000    4.60140
  59.50000    4.58835
  60.00000    4.61128
  60.50000    4.64625
  61.00000    4.64815
  61.50000    4.64269
  62.00000    4.63060
  62.50000    4.63736
  63.00000    4.65741
  63.50000    4.67706
  64.00000    4.67261
  64.50000    4.64855
  65.00000    4.64602
  65.50000    4.66096
  66.00000    4.65600
  66.50000    4.65596
  67.00000    4.65056
  67.50000    4.63934
  68.00000    4.62993
  68.50000    4.64167
  69.00000    4.64035
  69.50000    4.62562
  70.00000    4.64165
  70.50000    4.64105
  71.00000    4.64620
  71.50000    4.64686
  72.00000    4.67502
  72.50000    4.67320
  73.00000    4.65643
  73.50000    4.64186
  74.00000    4.63518
  74.50000    4.64684
  75.00000    4.64425
  75.50000    4.64639
  76.00000    4.63377
  76.50000    4.62031
  77.00000    4.61671
  77.50000    4.64826
  78.00000    4.66608
  78.50000    4.66922
  79.00000    4.66296
  79.50000    4.68877
  80.00000    4.68255
  80.50000    4.67246
  81.00000    4.66619
  81.50000    4.65719
  82.00000    4.66055
  82.50000    4.66096
  83.00000    4.67709
  83.50000    4.69532
  84.00000    4.70383
  84.50000    4.67392
  85.00000    4.65709
  85.50000    4.66550
  86.00000    4.69779
  86.50000    4.71447
  87.00000    4.71570
  87.50000    4.69760
  88.00000    4.69087
  88.50000    4.69914
  89.00000    4.68204
  89.50000    4.67954
  90.00000    4.68486
  90.50000    4.71080
  91.00000    4.70703
  91.50000    4.70924
  92.00000    4.72319
  92.50000    4.73610
  93.00000    4.72822
  93.50000    4.71142
  94.00000    4.69883
  94.50000    4.72005
  95.00000    4.71723
  95.50000    4.71729
  96.00000    4.69981
  96.50000    4.73929
  97.00000    4.73927
  97.50000    4.74834
  98.00000    4.73308
  98.50000    4.73832
  99.00000    4.74241
  99.50000    4.74745
 100.00000    4.77411
 100.50000    4.78103
 101.00000    4.77040
 101.50000    4.73771
 102.00000    4.73907
 102.50000    4.74057
 103.00000    4.73906
 103.50000    4.73451
 104.00000    4.73399
 104.50000    4.74238
 105.00000    4.73771
 105.50000    4.74168
 106.00000    4.75214
 106.50000    4.74873
 107.00000    4.72854
 107.50000    4.73616
 108.00000    4.76674
 108.50000    4.78200
 109.00000    4.76927
 109.50000    4.76998
 110.00000    4.76819
 110.50000    4.75353
 111.00000    4.73817
 111.50000    4.76699
 112.00000    4.78765
 112.50000    4.80253
 113.00000    4.81711
 113.50000    4.81603
 114.00000    4.80861
 114.50000    4.79605
 115.00000    4.79549
 115.50000    4.78194
 116.00000    4.80982
 116.50000    4.80519
 117.00000    4.79608
 117.50000    4.79037
 118.00000    4.81322
 118.50000    4.81089
 119.00000    4.80928
 119.50000    4.80679
 120.00000    4.83765
 120.50000    4.83377
 121.00000    4.83334
 121.50000    4.81741
 122.00000    4.82899
 122.50000    4.82938
 123.00000    4.84487
 123.50000    4.83640
 124.00000    4.83302
 124.50000    4.84141
 125.00000    4.83054
 125.50000    4.81352
 126.00000    4.80890
 126.50000    4.82141
 127.00000    4.83009
 127.50000    4.83093
 128.00000    4.84244
 128.50000    4.84237
 129.00000    4.84919
 129.50000    4.82362
 130.00000    4.82285
 130.50000    4.82044
 131.00000    4.85207
 131.50000    4.88441
 132.00000    4.89926
 132.50000    4.86977
 133.00000    4.85884
 133.50000    4.86107
 134.00000    4.86358
 134.50000    4.86013
 135.00000    4.84271
 135.50000    4.85442
 136.00000    4.86904
 136.50000    4.87532
 137.00000    4.86049
 137.50000    4.86845
 138.00000    4.87295
 138.50000    4.88745
 139.00000    4.89767
 139.50000    4.88994
 140.00000    4.86999
 140.50000    4.90102
 141.00000    4.91339
 141.50000    4.89872
 142.00000    4.87922
 142.50000    4.88600
 143.00000    4.89911
 143.50000    4.90974
 144.00000    4.93417
 144.50000    4.90043
 145.00000    4.88128
 145.50000    4.87291
 146.00000    4.88632
 146.50000    4.87968
 147.00000    4.88243
 147.50000    4.90702
 148.00000    4.90839
 148.50000    4.91717
 149.00000    4.88788
 149.50000    4.88904
 150.00000    4.93273
